4.7571e-01
5.7421e-03
2.5162e+00
3.6828e+05
    1    2    6.462898e-20   -1.341244e-20
    1    3    8.685970e-21   -2.130161e-21
    2    3    1.053797e-16   -1.462665e-17
    3    6    4.842370e-26   -1.263014e-26
    3    7    5.792249e-27   -2.248972e-27
    4    7    1.632142e-23   -3.869379e-24
    4    8    8.438656e-09    1.390155e-11
    4   10    2.493575e-23    2.491378e-23
    5   10    3.203712e-20   -6.678967e-21
    5   11    8.952106e-16   -1.733047e-16
    5   12    9.271497e-27   -2.984538e-27
    6   11    7.433396e-11   -5.011874e-12
    6   12    1.583785e-04   -2.743236e-06
    6   13    7.962336e-12   -7.616249e-13
    6   14    1.566593e-11   -3.213790e-12
    6   15    2.592548e-26   -1.034126e-26
    7   12    1.022811e-21   -1.311038e-22
    7   13    2.816009e-12   -1.287224e-13
    7   14    5.208898e-07   -3.417408e-08
    7   15    9.799610e-06    1.365796e-08
    7   16    6.389931e-18   -8.156483e-19
    7   17    4.562121e-24   -8.395969e-25
    8   13    1.653163e-30   -2.811905e-31
    8   14    2.933232e-15   -4.914340e-17
    8   15    3.561281e-07    9.931161e-09
    8   16    4.589961e-02   -2.921007e-07
    8   17    1.976219e-08   -2.722524e-09
    8   18    2.446520e-12   -4.681809e-13
    8   19    4.195887e-21   -1.402286e-21
    8   20    2.652105e-26   -1.278048e-26
    9   15    6.060121e-30   -7.460237e-31
    9   16    5.347206e-20   -3.040523e-21
    9   17    4.981290e-12   -2.857380e-13
    9   18    6.959032e-10   -8.137032e-11
    9   19    1.826069e-07   -2.702451e-08
    9   20    4.985211e-14   -1.266536e-14
    9   21    5.288664e-21   -1.814543e-21
   10   17    3.236211e-29   -2.981057e-30
   10   18    7.299099e-17   -3.681493e-18
   10   19    7.419550e-11   -8.951376e-12
   10   20    8.168281e-03   -1.473750e-07
   10   21    3.414751e-06   -1.273643e-07
   10   22    4.022323e-07   -3.098542e-08
   10   23    3.512051e-15   -6.302867e-16
   10   24    5.786275e-21   -1.463845e-21
   10   25    6.273764e-30   -2.304671e-30
   11   19    1.303722e-28   -1.756417e-29
   11   20    2.414966e-18   -3.462009e-19
   11   21    3.480414e-09   -6.687429e-11
   11   22    2.162370e-07   -5.274847e-09
   11   23    1.484874e-04    2.413268e-09
   11   24    5.435777e-11   -4.912436e-12
   11   25    1.732552e-16   -3.375983e-17
   11   26    6.598006e-24   -1.967724e-24
   12   21    5.996003e-24   -8.653292e-25
   12   22    7.827449e-14   -2.016229e-15
   12   23    2.536946e-07    1.410652e-08
   12   24    2.540816e-03    8.795196e-07
   12   25    2.413905e-05   -4.719769e-07
   12   26    3.566573e-04    1.562928e-08
   12   27    8.329047e-12   -7.426671e-13
   12   28    2.244697e-18   -4.411842e-19
   12   29    6.751549e-28   -2.153548e-28
   13   23    2.825716e-27   -3.389943e-28
   13   24    3.020310e-15    8.561283e-17
   13   25    6.001843e-10   -1.247269e-11
   13   26    3.126874e-10   -1.998031e-11
   13   27    2.446694e-04   -3.161157e-08
   13   28    2.819841e-10   -2.491506e-11
   13   29    2.736977e-14   -2.585533e-15
   13   30    3.704228e-21   -6.922564e-22
   13   31    8.137271e-28   -2.365515e-28
   14   25    6.830976e-21    5.644809e-22
   14   26    1.326008e-12    7.045153e-14
   14   27    1.261704e-07    3.399532e-09
   14   28    3.342481e-04    3.754142e-07
   14   29    1.385490e-04    3.447567e-07
   14   30    1.014442e-04    2.987221e-07
   14   31    3.026875e-10   -2.507190e-11
   14   32    2.197316e-16   -4.081161e-17
   14   33    2.263995e-24   -6.448495e-25
   15   27    2.347201e-22    5.748777e-25
   15   28    2.875058e-15    4.311016e-18
   15   29    2.274417e-10   -2.199909e-12
   15   30    9.066214e-09   -1.315795e-10
   15   31    6.235725e-07   -4.909168e-08
   15   32    1.281511e-11   -1.382247e-12
   15   33    7.511126e-12   -7.460966e-13
   15   34    8.071579e-18   -1.543826e-18
   15   35    8.960255e-24   -2.620496e-24
   16   28    8.017717e-30   -7.075124e-32
   16   29    7.611564e-21    2.277890e-23
   16   30    6.941761e-14    1.382886e-15
   16   31    9.774753e-09    4.372874e-10
   16   32    3.303326e-05    2.077079e-07
   16   33    5.792314e-07   -4.552223e-10
   16   34    2.423437e-09   -1.482941e-10
   16   35    1.555918e-13   -2.088699e-14
   16   36    1.890307e-15   -3.556973e-16
   16   37    1.621462e-23   -4.744132e-24
   16   38    6.354344e-29   -2.252075e-29
   17   31    1.260497e-24   -5.469552e-26
   17   32    3.318704e-17    1.190937e-18
   17   33    4.065631e-14   -5.663747e-16
   17   34    1.364805e-08    5.004870e-10
   17   35    3.617908e-09   -1.218956e-10
   17   36    1.302291e-12   -1.272830e-13
   17   37    1.155378e-12   -9.306433e-14
   17   38    2.510459e-18   -3.979884e-19
   17   39    2.740147e-23   -6.942773e-24
   17   40    3.374278e-29   -1.122391e-29
   18   33    1.332640e-26    1.351479e-27
   18   34    2.314533e-17    3.493474e-19
   18   35    5.771906e-09    5.379738e-10
   18   36    7.667339e-08    9.068008e-10
   18   37    7.833367e-10    2.913183e-12
   18   38    3.940260e-11   -4.255139e-12
   18   39    6.303091e-15   -1.137656e-15
   18   40    5.274390e-17   -1.240112e-17
   18   41    6.307440e-22   -1.830545e-22
   18   42    5.973727e-24   -1.779049e-24
   18   43    1.138361e-29   -4.341073e-30
   19   35    1.528438e-28   -8.065225e-30
   19   36    2.040849e-17    1.249792e-18
   19   37    1.686415e-15   -2.987217e-17
   19   38    2.631588e-11    1.233127e-12
   19   39    4.761537e-10   -3.218309e-11
   19   40    1.448203e-13   -1.983353e-14
   19   41    1.402760e-13   -1.249223e-14
   19   42    1.407777e-17   -2.496121e-18
   19   43    2.742319e-21   -8.002047e-22
   19   44    1.246984e-25   -4.869573e-26
   19   45    9.149638e-30   -4.498515e-30
   20   38    5.647068e-19    5.090824e-21
   20   39    4.107700e-12    4.029467e-13
   20   40    3.619364e-08    3.148945e-11
   20   41    1.016090e-09    5.548922e-13
   20   42    2.797166e-11   -2.624719e-12
   20   43    1.537126e-13   -2.434656e-14
   20   44    9.241201e-15   -1.946928e-15
   20   45    7.427277e-18   -1.646447e-18
   20   46    1.658891e-19   -4.752589e-20
   20   47    7.614229e-24   -2.938724e-24
   20   48    1.364505e-27   -5.873757e-28
   21   40    1.298683e-22    5.769464e-24
   21   41    4.506911e-17   -2.049236e-18
   21   42    9.912860e-14    1.435060e-15
   21   43    2.097090e-12   -1.269261e-13
   21   44    2.139715e-13   -2.524822e-14
   21   45    3.065057e-13   -3.252124e-14
   21   46    3.933185e-16   -7.558831e-17
   21   47    4.329598e-18   -9.123161e-19
   21   48    1.188322e-21   -3.584125e-22
   21   49    9.773215e-24   -3.328388e-24
   21   50    4.618914e-29   -1.917824e-29
   22   42    1.924706e-22   -6.778129e-24
   22   43    3.972155e-16    1.819686e-17
   22   44    4.235103e-11   -3.213678e-13
   22   45    4.643669e-12   -7.890652e-14
   22   46    1.654586e-11   -7.898810e-13
   22   47    8.506143e-13   -7.971672e-14
   22   48    1.801427e-13   -2.776404e-14
   22   49    1.075898e-15   -1.936348e-16
   22   50    8.453554e-18   -2.225033e-18
   22   51    2.840302e-22   -9.468087e-23
   22   52    2.118191e-26   -8.979592e-27
   23   44    7.472245e-24    1.527019e-25
   23   45    3.167688e-21    2.205319e-22
   23   46    1.879512e-14    4.573387e-16
   23   47    4.419908e-12   -2.624308e-14
   23   48    1.414233e-12   -9.595260e-14
   23   49    1.447688e-12   -1.249951e-13
   23   50    3.005022e-15   -4.925807e-16
   23   51    1.043620e-14   -1.783406e-15
   23   52    9.708247e-18   -2.322273e-18
   23   53    2.195785e-21   -7.133105e-22
   23   54    8.129317e-27   -3.182048e-27
   24   46    1.184874e-24    1.201730e-25
   24   47    2.931131e-16    1.736050e-17
   24   48    1.565718e-12    5.146049e-14
   24   49    3.237110e-12    3.385248e-14
   24   50    2.541348e-11   -1.279205e-12
   24   51    3.869095e-12   -3.342542e-13
   24   52    2.143323e-12   -2.949379e-13
   24   53    5.731931e-15   -1.049268e-15
   24   54    3.638154e-16   -8.484831e-17
   24   55    1.221177e-20   -3.607131e-21
   24   56    2.252368e-24   -8.579343e-25
   24   57    1.296392e-30   -6.119958e-31
   25   48    7.221783e-24    2.577917e-25
   25   49    1.768166e-19    1.618927e-21
   25   50    3.246555e-15    1.167390e-16
   25   51    5.288859e-12    2.558484e-15
   25   52    5.648723e-12   -2.911369e-13
   25   53    8.330084e-12   -7.410014e-13
   25   54    2.088841e-13   -3.198838e-14
   25   55    3.676793e-13   -6.247273e-14
   25   56    3.230518e-16   -7.388570e-17
   25   57    1.857573e-19   -5.739092e-20
   25   58    3.195600e-24   -1.174161e-24
   25   59    1.323129e-27   -5.984216e-28
   26   49    2.142947e-30    5.263577e-32
   26   50    4.756937e-24    1.376032e-25
   26   51    2.816149e-17    2.082074e-18
   26   52    4.937470e-13    2.635901e-14
   26   53    3.566219e-12    8.085786e-14
   26   54    2.997206e-09   -1.209259e-10
   26   55    6.041313e-10   -4.696415e-11
   26   56    2.946879e-09   -2.811208e-10
   26   57    2.183841e-11   -3.547595e-12
   26   58    8.131487e-12   -1.417261e-12
   26   59    1.249985e-15   -2.835889e-16
   26   60    1.374000e-17   -3.226205e-18
   26   61    2.242876e-23   -6.903423e-24
   26   62    5.272777e-27   -2.060991e-27
   27   52    1.901828e-27    5.175310e-29
   27   53    6.371164e-21    1.394462e-22
   27   54    1.575519e-15    6.824717e-17
   27   55    2.577115e-10    1.294645e-12
   27   56    2.833120e-10   -7.372278e-12
   27   57    4.165671e-09   -3.391252e-10
   27   58    2.991555e-10   -3.200645e-11
   27   59    4.260642e-09   -3.038494e-10
   27   60    8.591434e-12   -1.109825e-12
   27   61    5.011160e-14   -9.107568e-15
   27   62    4.219905e-18   -9.685554e-19
   27   63    9.909020e-21   -2.985360e-21
   27   64    2.901674e-26   -1.078051e-26
   28   54    4.294236e-26    1.446155e-27
   28   55    2.934496e-18    2.241148e-19
   28   56    2.080392e-11    7.001624e-13
   28   57    1.687822e-10    6.335694e-12
   28   58    6.843964e-07   -1.588665e-09
   28   59    3.807291e-07   -8.900253e-11
   28   60    3.834992e-06   -1.725633e-08
   28   61    1.400253e-07   -6.417012e-09
   28   62    7.614811e-08   -6.465710e-09
   28   63    6.424625e-11   -8.263740e-12
   28   64    1.427924e-11   -2.386344e-12
   28   65    4.904212e-16   -1.101548e-16
   28   66    1.691094e-17   -3.505967e-18
   28   67    4.104287e-23   -1.127421e-23
   28   68    1.837942e-26   -6.355810e-27
   29   57    2.071238e-21   -4.028265e-23
   29   58    1.021667e-16    2.824542e-18
   29   59    2.131753e-11    1.581009e-15
   29   60    7.599374e-10    1.769923e-11
   29   61    6.783453e-08    1.752043e-09
   29   62    6.365727e-08   -1.782832e-10
   29   63    1.170957e-07   -6.456063e-09
   29   64    1.468437e-09   -1.532019e-10
   29   65    6.967475e-09   -5.051903e-10
   29   66    4.462544e-12   -4.950864e-13
   29   67    6.522970e-14   -1.151167e-14
   29   68    1.334365e-18   -3.077696e-19
   29   69    5.499250e-21   -1.619701e-21
   29   70    2.475491e-27   -9.585856e-28
   30   58    1.963050e-29   -7.944894e-31
   30   59    5.258982e-23    1.047126e-24
   30   60    5.419448e-14    2.802069e-15
   30   61    2.057812e-11    1.400607e-12
   30   62    5.221506e-08    3.358413e-09
   30   63    4.143242e-08    2.372165e-09
   30   64    5.948889e-06    3.323171e-08
   30   65    7.673850e-07   -4.176287e-09
   30   66    2.011916e-06   -8.653560e-08
   30   67    6.177110e-09   -4.879275e-10
   30   68    2.351010e-09   -2.750521e-10
   30   69    2.267979e-13   -3.810057e-14
   30   70    7.855185e-14   -1.163900e-14
   30   71    8.649913e-19   -1.839974e-19
   30   72    5.102513e-21   -1.395769e-21
   30   73    8.421728e-27   -2.974756e-27
   30   74    1.173754e-30   -8.578731e-31
   31   61    2.668066e-26   -5.097334e-28
   31   62    1.281820e-17    7.390893e-19
   31   63    7.177771e-14    3.667641e-15
   31   64    5.473230e-12    3.716788e-13
   31   65    3.856923e-09    6.987994e-11
   31   66    1.797672e-08    5.276767e-10
   31   67    3.866546e-07   -3.410889e-09
   31   68    1.453423e-08   -7.554337e-10
   31   69    4.283816e-08   -1.989587e-09
   31   70    1.711206e-10   -1.247734e-11
   31   71    1.702616e-11   -2.075582e-12
   31   72    2.548707e-15   -4.252200e-16
   31   73    7.665820e-17   -1.777481e-17
   31   74    4.417130e-21   -1.247374e-21
   31   75    7.010446e-23   -2.400807e-23
   31   76    9.186912e-29   -3.772360e-29
   32   63    2.212241e-25    8.712049e-27
   32   64    1.033331e-16    1.028425e-17
   32   65    1.992909e-14    2.110220e-15
   32   66    8.954133e-10    6.230906e-11
   32   67    5.140635e-09    4.348928e-10
   32   68    1.671811e-06    5.466003e-08
   32   69    2.866540e-07    6.731849e-09
   32   70    3.594061e-06    1.126129e-08
   32   71    5.778586e-08   -1.561054e-09
   32   72    4.006048e-08   -3.044034e-09
   32   73    9.153735e-11   -1.037706e-11
   32   74    7.405861e-11   -1.052919e-11
   32   75    2.519638e-14   -4.741559e-15
   32   76    1.275342e-15   -2.820974e-16
   32   77    4.689409e-20   -1.307423e-20
   32   78    8.047587e-22   -2.643852e-22
   32   79    3.971814e-27   -1.605548e-27
   32   80    1.302793e-29   -6.121110e-30
   33   65    4.403788e-28    1.457798e-29
   33   66    1.854427e-20    1.754636e-21
   33   67    1.910788e-16    9.595585e-18
   33   68    8.285440e-14    7.283331e-15
   33   69    1.286145e-10    4.291046e-12
   33   70    6.846398e-10    3.160248e-11
   33   71    6.253061e-08    1.775002e-09
   33   72    1.396178e-08    1.735878e-10
   33   73    5.144404e-08   -2.103793e-09
   33   74    1.859531e-09   -1.356620e-10
   33   75    7.963344e-10   -8.477695e-11
   33   76    3.627469e-12   -4.763934e-13
   33   77    4.891918e-13   -9.440595e-14
   33   78    7.573397e-17   -1.718511e-17
   33   79    3.017902e-17   -8.596024e-18
   33   80    1.877243e-21   -6.313474e-22
   33   81    2.114668e-22   -7.134507e-23
   33   82    1.534906e-28   -6.415524e-29
   33   83    2.906754e-30   -9.274314e-31
   34   67    4.761933e-29    3.278065e-30
   34   68    1.801533e-19    1.565831e-20
   34   69    1.234927e-16    1.458612e-17
   34   70    1.215708e-11    1.065075e-12
   34   71    1.448158e-10    1.461016e-11
   34   72    1.287010e-07    7.694599e-09
   34   73    3.482228e-08    1.709911e-09
   34   74    5.690974e-07    5.648109e-09
   34   75    1.199083e-07   -1.172658e-09
   34   76    3.357749e-07   -1.326464e-08
   34   77    7.261400e-09   -4.655376e-10
   34   78    6.293900e-09   -5.819258e-10
   34   79    2.034120e-11   -2.548601e-12
   34   80    1.687154e-11   -2.422381e-12
   34   81    1.020505e-14   -1.887789e-15
   34   82    3.619434e-15   -7.017990e-16
   34   83    4.038326e-20   -1.036607e-20
   34   84    2.644122e-21   -6.405894e-22
   34   85    6.607730e-29   -2.296180e-29
   35   70    2.339848e-23    2.330769e-24
   35   71    7.119386e-19    4.250110e-20
   35   72    5.816348e-16    5.764417e-17
   35   73    2.765777e-12    1.477324e-13
   35   74    2.851891e-11    1.952673e-12
   35   75    2.446088e-09    6.779763e-11
   35   76    1.102584e-08    3.432070e-10
   35   77    1.509798e-07   -1.486162e-09
   35   78    1.315368e-08   -3.391962e-10
   35   79    2.916811e-08   -1.797610e-09
   35   80    1.371429e-09   -1.058595e-10
   35   81    1.347629e-09   -1.624573e-10
   35   82    1.850710e-11   -2.554594e-12
   35   83    3.851594e-11   -5.975873e-12
   35   84    1.103782e-14   -2.158964e-15
   35   85    1.185052e-14   -2.015793e-15
   35   86    1.486151e-21   -3.797573e-22
   35   87    7.196033e-27   -2.188838e-27
   36   72    1.969650e-22    1.845437e-23
   36   73    1.445599e-18    1.862343e-19
   36   74    1.135241e-13    1.234109e-14
   36   75    2.523659e-12    3.145738e-13
   36   76    4.311746e-09    2.935508e-10
   36   77    5.015978e-09    3.414579e-10
   36   78    3.131545e-07    1.057590e-08
   36   79    1.550022e-07    3.131462e-09
   36   80    4.646733e-07    2.200558e-09
   36   81    6.425266e-08   -8.737370e-10
   36   82    9.383409e-08   -4.174253e-09
   36   83    3.500891e-09   -2.274658e-10
   36   84    7.444443e-09   -5.766255e-10
   36   85    3.191435e-11   -3.333294e-12
   36   86    7.705257e-11   -7.253405e-12
   36   87    1.325714e-16   -2.129688e-17
   36   88    8.263295e-21   -1.601443e-21
   36   89    9.980006e-28   -2.800130e-28
   37   74    4.266573e-25    4.904041e-26
   37   75    1.475937e-20    1.315154e-21
   37   76    1.605353e-17    2.026801e-18
   37   77    6.800293e-14    4.432038e-15
   37   78    3.563480e-13    2.859523e-14
   37   79    3.995709e-10    1.904114e-11
   37   80    1.193450e-09    6.194462e-11
   37   81    3.369372e-08    1.145295e-09
   37   82    1.940476e-08    5.305117e-10
   37   83    1.041232e-07   -8.195634e-10
   37   84    2.099867e-08   -3.671727e-10
   37   85    6.001097e-08   -2.226164e-09
   37   86    1.430547e-08   -6.333369e-10
   37   87    3.710891e-08   -2.145968e-09
   37   88    5.737963e-13   -6.384834e-14
   37   89    1.510564e-16   -2.087373e-17
   37   90    1.910483e-22   -3.909797e-23
   37   91    3.357434e-27   -8.399055e-28
   38   76    2.171246e-24    2.411376e-25
   38   77    2.488400e-20    3.842111e-21
   38   78    1.324813e-15    1.489873e-16
   38   79    1.719432e-14    2.281536e-15
   38   80    1.204960e-10    1.080730e-11
   38   81    1.962494e-10    1.862441e-11
   38   82    2.053549e-08    1.427897e-09
   38   83    1.679209e-08    9.204322e-10
   38   84    1.355957e-07    5.092733e-09
   38   85    6.689767e-08    1.307446e-09
   38   86    1.433350e-07    6.413564e-10
   38   87    7.841148e-08   -7.560261e-10
   38   88    1.995621e-07   -4.419934e-09
   38   89    1.633711e-11   -1.063932e-12
   38   90    3.378327e-14   -2.637260e-15
   38   91    2.627711e-19   -3.600032e-20
   38   92    3.076679e-23   -4.991040e-24
   38   93    2.079378e-29   -4.969296e-30
   39   78    5.362691e-28    6.997447e-29
   39   79    4.969477e-22    4.915159e-23
   39   80    2.496741e-20    3.180678e-21
   39   81    2.121258e-16    1.702311e-17
   39   82    6.613413e-15    6.716210e-16
   39   83    4.254032e-12    3.178872e-13
   39   84    5.142242e-12    3.490635e-13
   39   85    1.649873e-09    1.030480e-10
   39   86    5.739427e-09    3.538482e-10
   39   87    3.068656e-08    1.443796e-09
   39   88    4.145427e-08    1.427928e-09
   39   89    3.732666e-07    2.253575e-09
   39   90    2.118516e-10   -5.952600e-12
   39   91    1.382371e-12   -5.243468e-14
   39   92    1.000317e-16   -7.489484e-18
   39   93    8.657534e-20   -8.372102e-21
   39   94    2.313520e-24   -3.500776e-25
   39   95    9.556185e-29   -1.708382e-29
   40   80    7.978772e-26    1.029466e-26
   40   81    2.709225e-24    4.167462e-25
   40   82    3.467856e-18    4.549373e-19
   40   83    7.921173e-17    1.145643e-17
   40   84    1.719600e-13    2.024339e-14
   40   85    2.350322e-13    2.766036e-14
   40   86    4.992758e-10    4.819496e-11
   40   87    7.388617e-10    7.417309e-11
   40   88    1.041228e-08    8.342817e-10
   40   89    1.312000e-08    8.534257e-10
   40   90    3.698845e-07    1.103977e-08
   40   91    1.413828e-09    8.514211e-12
   40   92    1.191160e-10    6.957501e-14
   40   93    6.152265e-14   -2.020875e-15
   40   94    6.803633e-16   -2.576048e-17
   40   95    9.155704e-20   -7.286295e-21
   40   96    1.860187e-22   -1.654763e-23
   40   97    1.404930e-28   -2.164495e-29
   40   98    1.073452e-30   -3.621285e-32
   41   83    3.467948e-26    3.459712e-27
   41   84    8.254392e-22    1.163022e-22
   41   85    3.125878e-20    3.085200e-21
   41   86    1.846260e-18    2.122997e-19
   41   87    1.456196e-14    1.388225e-15
   41   88    4.263919e-13    4.881924e-14
   41   89    5.075022e-11    5.261998e-12
   41   90    4.661398e-10    4.638615e-11
   41   91    4.760381e-08    2.427440e-09
   41   92    1.653216e-09    5.968381e-11
   41   93    7.185653e-10    1.697325e-11
   41   94    2.082457e-12   -1.177511e-15
   41   95    1.167946e-13   -2.391586e-16
   41   96    6.083815e-17   -2.096592e-18
   41   97    6.134072e-19   -2.403003e-20
   41   98    2.772837e-24   -2.721378e-25
   41   99    3.038986e-28   -3.909322e-29
   42   85    6.265095e-29    8.603355e-30
   42   86    3.454555e-23    4.788123e-24
   42   87    7.237309e-21    1.112074e-21
   42   88    2.432328e-16    3.516502e-17
   42   89    6.845811e-15    1.113470e-15
   42   90    2.892027e-12    4.001455e-13
   42   91    1.427325e-11    1.987728e-12
   42   92    1.012417e-08    6.748005e-10
   42   93    1.355773e-09    6.831923e-11
   42   94    2.405799e-09    5.720218e-11
   42   95    2.595213e-11    6.413441e-14
   42   96    1.831042e-11   -2.031043e-14
   42   97    1.448745e-14   -5.031412e-16
   42   98    1.139752e-15   -3.679332e-17
   42   99    2.295678e-20   -2.061981e-21
   42  100    3.361512e-21    2.737726e-22
   42  101    1.205945e-26    2.691540e-28
   42  102    3.987494e-28   -7.247357e-30
   43   88    2.876779e-28    3.695283e-29
   43   89    1.763874e-23    2.089162e-24
   43   90    2.467481e-21    3.774956e-22
   43   91    5.423317e-17    7.357243e-18
   43   92    4.286674e-15    6.459910e-16
   43   93    1.630531e-11    1.331571e-12
   43   94    1.568985e-11    1.156111e-12
   43   95    1.536786e-10    6.756613e-12
   43   96    1.244214e-11    3.644465e-13
   43   97    3.643318e-11    3.190592e-13
   43   98    1.236215e-13   -1.836912e-15
   43   99    1.006809e-13   -1.471939e-15
   43  100    1.987547e-17   -1.058777e-18
   43  101    2.176611e-18   -1.118301e-19
   43  102    2.281749e-23   -2.402742e-24
   43  103    1.010151e-24   -1.053013e-25
   43  104    6.847929e-30   -1.115405e-30
   43  105    6.838912e-28   -9.933145e-30
   44   90    7.752708e-27    1.185893e-27
   44   91    7.666771e-24    1.497506e-24
   44   92    2.111545e-19    3.815474e-20
   44   93    2.152521e-17    4.194153e-18
   44   94    6.869429e-13    7.046892e-14
   44   95    1.238633e-12    1.028080e-13
   44   96    1.747387e-11    9.970151e-13
   44   97    4.594827e-12    1.848746e-13
   44   98    5.009219e-11    4.854918e-13
   44   99    1.262380e-12   -1.493092e-14
   44  100    1.440227e-11   -9.885215e-14
   44  101    1.804864e-14   -7.508285e-16
   44  102    1.982992e-14   -5.618366e-16
   44  103    2.950666e-18   -2.213392e-19
   44  104    5.603576e-19   -1.975334e-20
   44  105    1.552932e-23   -1.375909e-24
   44  106    3.102025e-25   -2.808073e-26
   44  108    4.790967e-28   -5.483297e-30
   45   93    1.666874e-26    2.636332e-27
   45   94    4.138302e-23    7.697105e-24
   45   95    9.120311e-18    9.001130e-19
   45   96    6.727207e-17    5.871083e-18
   45   97    9.520838e-15    6.393905e-16
   45   98    5.258405e-15    3.143468e-16
   45   99    1.137394e-12    2.566818e-14
   45  100    1.357531e-13    7.979590e-16
   45  101    8.389773e-12    9.354347e-16
   45  102    5.190915e-14   -1.144620e-15
   45  103    4.737381e-13   -8.009634e-15
   45  104    3.848493e-16   -1.894442e-17
   45  105    3.295426e-16   -1.349047e-17
   45  106    3.701038e-20   -3.095420e-21
   45  107    4.806025e-21   -3.758813e-22
   45  108    1.450906e-25   -1.858418e-26
   45  109    1.297969e-27   -1.725950e-28
   45  110    1.586714e-30   -1.541022e-32
   45  111    2.236561e-28   -2.126026e-30
   46   95    9.545073e-27    2.004760e-27
   46   96    1.275429e-20    1.659269e-21
   46   97    2.572950e-19    3.239637e-20
   46   98    1.675480e-16    1.515982e-17
   46   99    5.188317e-16    2.346062e-17
   46  100    1.446125e-13    3.808019e-15
   46  101    1.610306e-13    2.204142e-15
   46  102    2.238535e-11    1.506448e-13
   46  103    1.311592e-12   -1.774021e-14
   46  104    4.840203e-11   -7.334652e-14
   46  105    2.307669e-13   -7.128212e-15
   46  106    1.445819e-12   -2.404514e-14
   46  107    6.344761e-16   -3.626229e-17
   46  108    5.662932e-16   -2.368186e-17
   46  109    5.812234e-20   -5.310506e-21
   46  110    8.637370e-21   -9.368456e-23
   46  111    9.385081e-26   -6.368940e-27
   46  112    1.118204e-27   -7.947868e-29
   47   97    9.491772e-28    1.009482e-28
   47   98    1.011897e-25    1.135033e-26
   47   99    4.730926e-22    3.702537e-23
   47  100    4.222370e-21    1.968912e-22
   47  101    1.250390e-17    3.748388e-19
   47  102    9.127451e-17    2.696399e-18
   47  103    7.377661e-14    1.173880e-15
   47  104    4.064599e-14   -2.726322e-16
   47  105    6.611463e-12    1.780364e-14
   47  106    2.658636e-13   -3.387392e-15
   47  107    4.298294e-12   -3.554757e-14
   47  108    1.480826e-14   -5.217848e-16
   47  109    3.551116e-14   -9.500475e-16
   47  110    1.499824e-17   -9.596222e-19
   47  111    6.496490e-18   -3.647883e-19
   47  112    6.904060e-22   -6.916897e-23
   47  113    4.757752e-23   -4.639428e-24
   47  114    3.933396e-28   -6.156761e-29
   47  115    1.141929e-27   -6.014996e-30
   48  100    1.368213e-25    1.471378e-26
   48  101    4.866227e-24    3.944332e-25
   48  102    8.107426e-20    4.461734e-21
   48  103    1.723428e-18    4.917518e-20
   48  104    4.057091e-15    1.120130e-16
   48  105    1.029452e-14    1.999579e-16
   48  106    2.067364e-12    2.127714e-14
   48  107    4.450112e-13   -3.522318e-15
   48  108    5.156293e-11    1.611089e-13
   48  109    7.611132e-13   -1.666495e-14
   48  110    2.244762e-11   -1.412586e-13
   48  111    4.691067e-14   -1.942217e-15
   48  112    1.409625e-13   -3.292701e-15
   48  113    4.482415e-17   -3.045077e-18
   48  114    1.980637e-17   -9.588122e-19
   48  115    1.414031e-21   -1.443246e-22
   48  116    4.554486e-22    2.548265e-23
   48  117    7.015171e-27    8.832917e-30
   48  118    1.066649e-27   -4.167712e-30
   49  103    2.817067e-26    9.995157e-28
   49  104    2.660273e-24    5.362209e-26
   49  105    3.057602e-20    6.945244e-22
   49  106    3.092868e-19    8.587098e-21
   49  107    4.899446e-16    9.699507e-18
   49  108    9.569115e-16   -1.859829e-18
   49  109    5.381753e-13    5.036874e-15
   49  110    7.781551e-14   -7.642727e-16
   49  111    6.873629e-12    6.368593e-15
   49  112    1.187433e-13   -2.689165e-15
   49  113    1.105462e-12   -1.211196e-14
   49  114    3.307199e-15   -1.469965e-16
   49  115    3.803641e-15   -1.142114e-16
   49  116    1.648550e-18   -1.200710e-19
   49  117    3.666754e-19   -2.202079e-20
   49  118    3.225291e-23   -3.633639e-24
   49  119    1.623416e-24   -1.655970e-25
   49  120    3.458873e-29   -5.616517e-30
   49  121    1.504375e-27   -3.440474e-30
   49  122    3.859396e-30   -2.035369e-32
   50  105    2.880329e-28    1.318934e-29
   50  106    2.573850e-23    1.401216e-24
   50  107    5.770150e-22    2.529502e-23
   50  108    4.693395e-18    1.605972e-19
   50  109    1.165289e-17    1.833992e-19
   50  110    2.893639e-14    4.606110e-16
   50  111    1.956366e-14   -4.466473e-17
   50  112    1.155552e-11    9.563764e-14
   50  113    9.193257e-13   -1.229443e-14
   50  114    1.446237e-10    4.827016e-13
   50  115    1.661485e-12   -3.390826e-14
   50  116    4.378024e-11   -2.385669e-13
   50  117    6.350145e-14   -2.533499e-15
   50  118    1.975362e-13   -4.469219e-15
   50  119    6.609645e-17   -4.264099e-18
   50  120    2.737801e-17   -1.365197e-18
   50  121    2.772888e-21   -2.749227e-22
   50  122    2.169746e-22   -1.923264e-23
   50  123    7.573058e-27   -1.099148e-27
   50  124    1.536573e-27   -1.083810e-30
   50  125    4.695869e-30   -6.486424e-33
   51  109    2.566957e-26   -7.819163e-29
   51  110    4.305016e-24   -5.703207e-26
   51  111    6.720040e-21   -3.216647e-23
   51  112    8.913082e-20   -1.365911e-21
   51  113    9.831404e-17    1.684237e-19
   51  114    4.860539e-17   -6.666759e-19
   51  115    2.875742e-14    3.022403e-16
   51  116    2.473797e-15   -3.422223e-17
   51  117    2.189442e-13    8.341770e-16
   51  118    4.330296e-15   -9.692916e-17
   51  119    3.223696e-14   -3.847545e-16
   51  120    7.830572e-17   -3.621137e-18
   51  121    1.871123e-16   -5.903713e-18
   51  122    1.009560e-19   -7.274292e-21
   51  123    4.751764e-20   -2.788072e-21
   51  124    1.008635e-23   -1.052273e-24
   51  125    7.036884e-25   -6.795843e-26
   51  126    3.679593e-29   -5.492799e-30
   51  127    3.034848e-27   -4.106723e-30
   51  128    6.512214e-30   -1.039483e-32
   52  111    1.258267e-30   -3.979398e-32
   52  112    2.367323e-26   -7.895965e-28
   52  113    1.260762e-24   -2.947253e-26
   52  114    6.900102e-21   -4.404908e-22
   52  115    2.911799e-20   -5.400781e-21
   52  116    3.746675e-15   -3.415491e-16
   52  117    1.539099e-15   -1.313292e-16
   52  118    3.530685e-12   -7.454858e-14
   52  119    1.578169e-13   -6.943556e-15
   52  120    3.360911e-11   -8.584402e-14
   52  121    2.977585e-13   -9.586655e-15
   52  122    7.743300e-12   -7.473958e-14
   52  123    1.452808e-14   -6.475848e-16
   52  124    3.779772e-14   -1.012240e-15
   52  125    1.879680e-17   -1.267199e-18
   52  126    6.808109e-18   -3.637538e-19
   52  127    1.005835e-21   -1.012662e-22
   52  128    6.993622e-23   -6.206921e-24
   52  129    3.641503e-27   -5.206870e-28
   52  130    1.622706e-27   -2.898574e-33
   52  131    6.599570e-30   -6.220745e-33
   53  115    2.469470e-28   -2.423499e-29
   53  116    2.022417e-26   -4.217634e-27
   53  117    4.992962e-21   -5.427497e-22
   53  118    5.724550e-20   -5.182377e-21
   53  119    3.001179e-16   -6.513207e-18
   53  120    1.455007e-16   -6.617089e-18
   53  121    1.742611e-13   -1.442962e-15
   53  122    1.272328e-14   -3.508987e-16
   53  123    1.951783e-12   -1.236273e-14
   53  124    1.827092e-14   -5.109873e-16
   53  125    1.680581e-13   -2.810533e-15
   53  126    3.744016e-16   -1.737928e-17
   53  127    5.850638e-16   -2.121509e-17
   53  128    3.369006e-19   -2.420645e-20
   53  129    9.599951e-20   -6.144137e-21
   53  130    1.265852e-23   -1.360314e-24
   53  131    7.984805e-25   -8.260973e-26
   53  132    3.676490e-29   -5.592029e-30
   53  133    3.754843e-27   -2.713213e-30
   53  134    1.425671e-29   -1.180423e-32
   54  117    4.495414e-29   -1.040449e-29
   54  118    1.428523e-22   -1.348875e-23
   54  119    7.644378e-21   -4.967462e-22
   54  120    1.872080e-16   -3.356826e-18
   54  121    3.622036e-16   -1.018284e-17
   54  122    6.759551e-13    2.464062e-15
   54  123    1.811038e-13   -2.233448e-15
   54  124    3.549137e-11    2.246048e-13
   54  125    1.360443e-12   -1.884339e-14
   54  126    5.465356e-11   -2.382909e-14
   54  127    4.375158e-13   -1.167441e-14
   54  128    2.414218e-12   -3.161042e-14
   54  129    4.735543e-15   -2.167399e-16
   54  130    3.580341e-15   -1.183685e-16
   54  131    1.784810e-18   -1.293627e-19
   54  132    2.944908e-19   -1.840205e-20
   54  133    4.828312e-23   -5.192500e-24
   54  134    1.931115e-24   -1.969182e-25
   54  135    1.381700e-28   -2.066517e-29
   54  136    1.354375e-27   -6.495371e-31
   55  119    1.859776e-30   -2.493476e-31
   55  120    6.315607e-29   -4.933525e-30
   55  121    3.193621e-23   -1.198505e-24
   55  122    7.073891e-22   -2.680802e-23
   55  123    7.332461e-18   -3.203648e-20
   55  124    9.676519e-18   -1.082423e-19
   55  125    1.118541e-14    3.079018e-17
   55  126    3.878877e-15   -8.488608e-17
   55  127    8.549102e-13   -7.553674e-15
   55  128    3.199870e-14   -7.967905e-16
   55  129    7.757151e-13   -8.584624e-15
   55  130    5.653104e-15   -1.881964e-16
   55  131    1.786181e-14   -4.393115e-16
   55  132    2.965101e-17   -1.590234e-18
   55  133    2.548008e-17   -1.168252e-18
   55  134    2.059754e-20   -1.642652e-21
   55  135    2.494610e-21   -1.873815e-22
   55  136    8.444926e-25   -9.402776e-26
   55  137    2.623548e-26   -3.017922e-27
   56  121    2.588918e-30   -3.161388e-31
   56  122    2.052689e-24   -1.561571e-25
   56  123    1.413169e-22   -1.114310e-23
   56  124    6.046486e-18   -1.881084e-19
   56  125    2.352134e-17   -1.087652e-18
   56  126    1.953818e-13   -1.226523e-15
   56  127    1.185949e-13   -2.192141e-15
   56  128    4.264151e-11    2.109097e-13
   56  129    4.572657e-12   -5.486339e-14
   56  130    3.706251e-10    6.002765e-13
   56  131    6.831571e-12   -1.202262e-13
   56  132    9.015784e-11   -6.348460e-13
   56  133    5.014745e-13   -1.685344e-14
   56  134    1.348420e-12   -2.978725e-14
   56  135    2.493717e-15   -1.350444e-16
   56  136    1.386695e-15   -6.004718e-17
   56  137    1.218428e-18   -9.487092e-20
   56  138    1.255872e-19   -9.299598e-21
   56  139    7.416777e-27   -1.173126e-27
   57  124    2.060950e-30   -2.327505e-31
   57  125    3.052836e-25   -1.785646e-26
   57  126    1.457917e-23   -8.985032e-25
   57  127    1.572891e-19   -3.572339e-21
   57  128    4.629113e-19   -1.137305e-20
   57  129    1.012725e-15    4.022817e-18
   57  130    6.521423e-16   -8.020327e-18
   57  131    2.099654e-13   -2.236453e-16
   57  132    1.458149e-14   -2.970914e-16
   57  133    2.080088e-12   -3.987832e-14
   57  134    6.141911e-14   -2.082145e-15
   57  135    5.274562e-13   -1.361777e-14
   57  136    5.546222e-15   -2.699363e-16
   57  137    6.793410e-15   -2.796731e-16
   57  138    3.744652e-17   -2.369058e-18
   57  139    1.469587e-17   -9.522823e-19
   57  140    5.178780e-24   -7.299165e-25
   57  141    6.191975e-29   -1.118165e-29
   58  126    3.388437e-29   -1.203547e-30
   58  127    1.407403e-26   -1.471786e-27
   58  128    3.089357e-21   -1.651071e-22
   58  129    3.779091e-20   -2.371515e-21
   58  130    3.087998e-16   -6.168489e-18
   58  131    5.569402e-16   -1.931207e-17
   58  132    4.555957e-13   -5.953990e-16
   58  133    1.414333e-13   -2.085963e-15
   58  134    2.605544e-11    1.268579e-13
   58  135    2.240591e-12   -2.339852e-14
   58  136    5.483755e-11    5.500568e-14
   58  137    1.015229e-12   -2.043942e-14
   58  138    1.252083e-11   -1.131332e-13
   58  139    1.197882e-13   -3.400405e-15
   58  140    2.729114e-13   -6.883904e-15
   58  141    4.144224e-19   -3.719916e-20
   58  142    3.676801e-23   -4.409136e-24
   58  143    2.636362e-29   -5.165332e-30
   59  129    2.228458e-29   -2.058932e-30
   59  130    2.588682e-27   -2.299035e-28
   59  131    4.904631e-23   -2.120226e-24
   59  132    4.138202e-22   -1.963946e-23
   59  133    1.672334e-18   -2.282241e-20
   59  134    3.663375e-18   -8.955887e-20
   59  135    2.890124e-15   -3.927071e-17
   59  136    1.435304e-15   -4.939694e-17
   59  137    2.563043e-13   -4.774425e-15
   59  138    2.368466e-14   -8.751213e-16
   59  139    1.409689e-12   -1.597088e-14
   59  140    8.912159e-14   -2.189225e-15
   59  141    5.708819e-13   -9.855096e-15
   59  142    6.327421e-18   -4.754950e-19
   59  143    2.224387e-21   -2.170381e-22
   59  144    4.537065e-27   -7.412311e-28
   59  145    1.548964e-29   -2.303500e-33
   60  132    5.384300e-26   -5.024331e-27
   60  133    2.577985e-24   -2.422578e-25
   60  134    4.841802e-20   -2.238203e-21
   60  135    3.263536e-19   -1.837003e-20
   60  136    7.362772e-16   -1.161542e-17
   60  137    1.011097e-15   -3.019931e-17
   60  138    3.155999e-13   -1.763112e-16
   60  139    1.004500e-13   -1.465656e-15
   60  140    8.903652e-12    4.712314e-14
   60  141    1.173788e-12   -8.260048e-15
   60  142    2.933225e-11    7.388580e-15
   60  143    1.120054e-15   -5.375748e-17
   60  144    1.849991e-18   -1.148093e-19
   60  145    2.174494e-23   -2.621586e-24
   60  146    7.906565e-27   -1.121044e-27
   61  135    1.377869e-27   -1.136385e-28
   61  136    3.225779e-26   -2.621761e-27
   61  137    2.186220e-22   -9.107227e-24
   61  138    1.985847e-21   -8.863016e-23
   61  139    2.064515e-18   -6.115002e-20
   61  140    8.827715e-18   -5.599935e-19
   61  141    1.374835e-14   -3.864303e-16
   61  142    1.929074e-14   -5.816587e-16
   61  143    1.432019e-12   -2.583802e-15
   61  144    3.385604e-16   -1.525630e-17
   61  145    1.438610e-18   -7.517328e-20
   61  146    8.201581e-23   -8.456580e-24
   61  147    8.881570e-26   -9.489739e-27
   61  148    1.405030e-29    1.319593e-29
   61  149    8.594499e-26   -6.847992e-30
   62  137    2.889946e-27   -4.053531e-28
   62  138    2.107755e-22   -1.778756e-23
   62  139    4.333244e-21   -4.072575e-22
   62  140    2.299902e-17   -1.049926e-18
   62  141    9.281836e-17   -5.508334e-18
   62  142    2.841879e-13   -4.270474e-15
   62  143    5.844033e-13   -1.328664e-14
   62  144    2.664249e-10    7.227014e-13
   62  145    1.868883e-13   -5.866419e-15
   62  146    6.662910e-15   -4.454667e-17
   62  147    1.088417e-18   -5.481458e-20
   62  148    3.904056e-20    1.369417e-21
   62  149    9.670448e-25   -1.663759e-26
   62  150    1.515783e-26   -1.655965e-28
   62  151    2.052335e-27    1.245889e-29
   62  152    9.768715e-27    3.440712e-32
   63  140    7.521810e-29   -9.590032e-30
   63  141    9.380300e-25   -7.312960e-26
   63  142    6.273288e-23   -5.759518e-24
   63  143    1.123424e-18   -9.899293e-20
   63  144    8.271329e-17   -7.892055e-18
   63  145    1.826896e-13   -8.277499e-15
   63  146    7.372012e-16   -5.654019e-17
   63  147    4.687084e-17   -5.154690e-18
   63  148    9.255692e-20   -8.213574e-21
   63  149    2.501123e-18   -5.877212e-20
   63  150    1.458641e-22   -1.025624e-23
   63  151    2.947350e-23   -9.326046e-25
   63  152    1.628151e-27   -1.252015e-28
   63  153    3.937495e-26    2.982355e-27
   63  154    3.645938e-30    2.627488e-31
   63  155    9.735461e-26   -3.508351e-30
   64  141    1.194534e-28   -2.095143e-29
   64  142    7.831032e-24   -9.171378e-25
   64  143    1.672894e-21   -1.831106e-22
   64  144    7.855759e-17   -4.208593e-18
   64  145    3.404403e-15   -1.736620e-16
   64  146    4.701322e-11   -3.168870e-13
   64  147    4.825364e-13   -1.441951e-14
   64  148    4.201313e-14   -5.542725e-15
   64  149    1.157927e-15   -6.133274e-17
   64  150    1.691434e-14   -8.869833e-17
   64  151    7.098490e-18   -3.416402e-19
   64  152    9.427274e-18   -6.947934e-21
   64  153    2.796478e-21   -1.244873e-22
   64  154    1.934035e-21   -6.188979e-23
   64  155    4.604832e-25   -3.388886e-26
   64  156    1.966577e-26   -1.406920e-27
   64  157    2.484145e-28    4.662247e-30
   64  158    3.957780e-26    6.464176e-33
   65  144    4.556194e-30   -7.536661e-31
   65  145    1.162007e-24   -1.183585e-25
   65  146    4.991226e-22   -4.243355e-23
   65  147    5.308448e-18   -1.970099e-19
   65  148    3.280880e-19   -2.054064e-20
   65  149    3.529402e-19   -1.090608e-19
   65  150    8.900047e-20   -1.809609e-20
   65  151    2.428597e-17   -4.561954e-18
   65  152    6.096926e-20   -8.005871e-21
   65  153    1.379913e-16   -1.190414e-17
   65  154    1.295824e-19   -1.554060e-20
   65  155    7.031163e-19   -3.748310e-20
   65  156    5.063736e-22   -4.382303e-23
   65  157    1.188458e-22   -9.113329e-24
   65  158    3.162041e-26   -3.602364e-27
   65  159    1.170768e-26    6.242889e-28
   65  160    1.400892e-28    3.149428e-32
   65  161    4.897550e-27   -8.488577e-32
   66  146    5.535811e-27   -1.625384e-27
   66  147    9.708037e-24   -2.650619e-24
   66  148    7.251992e-18   -1.391491e-18
   66  149    8.222872e-19   -1.957418e-19
   66  150    2.091208e-18   -9.859230e-19
   66  151    1.853045e-17   -6.609456e-18
   66  152    7.225562e-15   -1.520859e-15
   66  153    1.582933e-15   -2.130238e-16
   66  154    1.548992e-13   -1.066507e-14
   66  155    6.036109e-16   -6.192520e-17
   66  156    1.332412e-14   -5.031894e-16
   66  157    3.269736e-17   -2.238942e-18
   66  158    1.976088e-17   -1.117534e-18
   66  159    1.671894e-20   -1.541281e-21
   66  160    1.093424e-21   -9.609613e-23
   66  161    2.107539e-25   -2.764981e-26
   66  162    1.658600e-27   -2.234065e-28
   66  163    3.528014e-29    3.566587e-32
   67  149    1.771801e-26   -4.397994e-27
   67  150    4.015401e-28   -1.352476e-28
   67  151    2.182473e-25   -1.346267e-25
   67  152    6.746800e-24   -3.309573e-24
   67  153    8.319037e-20   -2.737254e-20
   67  154    4.712105e-19   -1.300456e-19
   67  155    1.492223e-16   -3.013419e-17
   67  156    8.994418e-19   -1.598654e-19
   67  157    4.761042e-15   -5.196918e-16
   67  158    2.461654e-17   -3.442581e-18
   67  159    3.031446e-16   -2.569543e-17
   67  160    2.742281e-19   -3.156796e-20
   67  161    2.896921e-19   -3.027495e-20
   67  162    5.641559e-23   -7.778047e-24
   67  163    8.030423e-24   -9.783890e-25
   67  164    1.014631e-27   -1.661117e-28
   67  165    4.301720e-27    3.240089e-29
   67  166    2.045399e-29   -1.636213e-34
   68  150    1.183985e-28   -8.810762e-32
   68  151    7.325676e-28   -6.550901e-28
   68  152    2.426796e-25   -2.129784e-25
   68  153    1.471105e-22   -1.014939e-22
   68  154    6.134530e-18   -2.841673e-18
   68  155    1.010582e-16   -3.591589e-17
   68  156    3.586398e-14   -7.828885e-15
   68  157    2.981434e-15   -5.084549e-16
   68  158    2.607078e-12   -2.529746e-13
   68  159    3.034522e-14   -3.532650e-15
   68  160    3.524902e-13   -2.621019e-14
   68  161    2.419102e-15   -2.455022e-16
   68  162    2.402121e-15   -2.068256e-16
   68  163    4.248017e-18   -5.092181e-19
   68  164    6.133323e-19   -6.820823e-20
   68  165    2.961171e-22   -4.487350e-23
   68  166    8.719907e-24   -1.305065e-24
   68  167    7.931607e-28   -1.561905e-28
   68  168    3.759933e-28    9.704070e-32
   69  155    1.913686e-25   -8.968197e-26
   69  156    2.474779e-23   -8.788849e-24
   69  157    8.482857e-20   -2.319620e-20
   69  158    8.824778e-18   -2.188427e-18
   69  159    4.832524e-17   -9.925224e-18
   69  160    1.649686e-17   -3.509008e-18
   69  161    4.313756e-15   -6.085040e-16
   69  162    5.517082e-17   -9.134799e-18
   69  163    2.070440e-15   -2.211547e-16
   69  164    4.786483e-18   -6.498708e-19
   69  165    8.673538e-18   -1.053717e-18
   69  166    7.352954e-21   -1.147485e-21
   69  167    1.933476e-21   -1.869533e-22
   69  168    6.666375e-25   -8.873343e-26
   69  169    7.254513e-27   -1.001328e-27
   69  170    2.883961e-29    3.770312e-31
   69  171    7.118617e-28   -3.377817e-33
   70  155    7.193782e-29   -4.812788e-29
   70  156    3.690461e-26   -3.614325e-26
   70  157    8.030764e-24   -6.436649e-24
   70  158    2.834387e-19   -1.524629e-19
   70  159    2.399921e-18   -1.044106e-18
   70  160    2.884330e-15   -8.376101e-16
   70  161    1.245548e-15   -3.158108e-16
   70  162    2.040234e-13   -3.601898e-14
   70  163    9.674797e-15   -1.848523e-15
   70  164    3.850708e-13   -4.500988e-14
   70  165    5.626683e-15   -8.003800e-16
   70  166    1.157447e-14   -1.413590e-15
   70  167    5.215988e-17   -7.951992e-18
   70  168    1.822884e-17   -2.568743e-18
   70  169    1.904343e-20   -3.368514e-21
   70  170    5.875869e-22   -1.015410e-22
   70  171    1.599091e-25   -3.462782e-26
   70  172    7.970314e-28   -1.778408e-28
   70  173    1.249680e-29    2.125655e-32
   71  159    4.333894e-28   -2.698835e-28
   71  160    1.770130e-26   -8.676659e-27
   71  161    9.214151e-23   -3.126014e-23
   71  162    1.311323e-22   -4.388288e-23
   71  163    1.257240e-19   -3.404348e-20
   71  164    3.732297e-20   -1.109817e-20
   71  165    8.106915e-18   -1.971447e-18
   71  166    3.599326e-19   -9.097462e-20
   71  167    3.402127e-16   -6.078501e-17
   71  168    3.819728e-18   -7.650625e-19
   71  169    2.254828e-17   -3.332004e-18
   71  170    3.086730e-20   -5.407202e-21
   71  171    3.284180e-19   -1.435522e-20
   71  172    1.823996e-22   -1.372202e-23
   71  173    5.442922e-24   -4.275103e-25
   71  174    7.356102e-28   -8.628087e-29
   71  175    5.983193e-27   -7.072253e-33
   72  161    2.930159e-28   -3.175860e-28
   72  162    1.361602e-23   -1.092308e-23
   72  163    3.280705e-22   -2.218931e-22
   72  164    1.220334e-18   -6.070842e-19
   72  165    4.798644e-19   -2.100120e-19
   72  166    8.566214e-16   -2.888044e-16
   72  167    8.414654e-17   -2.779858e-17
   72  168    1.092193e-14   -2.660877e-15
   72  169    3.162136e-16   -8.384786e-17
   72  170    2.913123e-15   -5.671759e-16
   72  171    2.457327e-17   -5.488426e-18
   72  172    1.103945e-17   -2.066531e-18
   72  173    2.608508e-20   -5.758618e-21
   72  174    3.907180e-21   -5.366150e-22
   72  175    1.754457e-24   -3.119263e-25
   72  176    1.935212e-26   -3.235824e-27
   72  177    4.304587e-28    2.879939e-29
   73  165    5.325495e-27   -3.002194e-27
   73  166    4.320062e-27   -2.238492e-27
   73  167    2.906731e-23   -1.139829e-23
   73  168    5.986456e-24   -2.469093e-24
   73  169    2.532017e-21   -7.965481e-22
   73  170    2.737347e-21   -9.067405e-22
   73  171    8.226123e-19   -2.154122e-19
   73  172    3.490823e-21   -8.758983e-22
   73  173    3.734367e-18   -6.835346e-19
   73  174    1.032556e-21   -2.072461e-22
   73  175    1.409055e-17   -1.462082e-18
   73  176    6.042024e-21   -8.393828e-22
   73  177    7.416898e-22   -9.957038e-23
   73  178    1.429863e-27   -2.311275e-28
   73  179    9.909423e-26    2.431798e-28
   73  180    1.192368e-29    4.169290e-34
   74  167    4.788211e-28   -5.100135e-28
   74  168    3.620611e-23   -2.837026e-23
   74  169    2.305478e-22   -1.522250e-22
   74  170    2.032209e-19   -1.089294e-19
   74  171    1.307353e-19   -6.184891e-20
   74  172    3.034631e-17   -1.138002e-17
   74  173    3.671240e-18   -1.319241e-18
   74  174    1.149235e-16   -3.029337e-17
   74  175    2.691446e-18   -7.235669e-19
   74  176    2.288453e-17   -3.567156e-18
   74  177    7.613255e-20   -1.401586e-20
   74  178    1.166652e-19   -5.977380e-21
   74  179    1.337546e-22   -1.123171e-23
   74  180    8.361643e-24   -4.765567e-25
   74  181    2.842384e-27   -2.712604e-28
   74  182    1.521705e-26    4.961918e-30
   75  171    4.919757e-28   -3.019131e-28
   75  172    3.239093e-27   -1.869983e-27
   75  173    2.242377e-23   -1.116868e-23
   75  174    6.439616e-23   -3.037410e-23
   75  175    2.162726e-20   -8.873763e-21
   75  176    1.699505e-21   -6.705268e-22
   75  177    1.394188e-19   -4.562167e-20
   75  178    1.054072e-21   -3.570808e-22
   75  179    2.750037e-20   -6.150575e-21
   75  180    9.772669e-23   -2.442076e-23
   75  181    2.510463e-22   -3.715743e-23
   75  182    1.902663e-25   -3.446522e-26
   75  183    1.506216e-26   -2.290556e-27
   75  184    1.120286e-28    3.766919e-30
   75  185    3.621621e-27    4.845847e-33
   76  173    2.616710e-28   -3.072067e-28
   76  174    8.328152e-24   -7.328033e-24
   76  175    1.893480e-22   -1.383615e-22
   76  176    5.871934e-20   -3.324203e-20
   76  177    9.057153e-20   -4.280243e-20
   76  178    9.907319e-18   -3.656568e-18
   76  179    1.140993e-18   -3.646933e-19
   76  180    4.672771e-17   -1.098408e-17
   76  181    6.193088e-19   -1.449061e-19
   76  182    8.352109e-18   -9.058872e-19
   76  183    3.171725e-20   -4.418910e-21
   76  184    5.550014e-21   -4.521867e-22
   76  185    2.034044e-24   -2.487150e-25
   76  186    2.487111e-26   -2.900591e-27
   76  187    4.498891e-29    1.637326e-30
   77  177    1.185329e-28   -9.875592e-29
   77  178    2.429547e-26   -1.731289e-26
   77  179    3.259800e-23   -1.879723e-23
   77  180    1.118561e-22   -5.506179e-23
   77  181    1.935331e-20   -7.793628e-21
   77  182    1.458998e-21   -5.332423e-22
   77  183    6.951284e-20   -1.995855e-20
   77  184    5.994975e-22   -1.834505e-22
   77  185    3.685278e-21   -7.456833e-22
   77  186    1.180941e-24   -2.877607e-25
   77  187    2.776108e-25   -4.655710e-26
   77  188    5.944602e-29   -1.256168e-29
   77  189    3.063061e-26    1.612382e-29
   77  190    3.097288e-30    7.248716e-34
   78  179    4.170522e-28   -5.057061e-28
   78  180    8.531901e-24   -7.806056e-24
   78  181    1.195221e-22   -8.972689e-23
   78  182    5.898824e-20   -3.320094e-20
   78  183    6.184234e-20   -2.780606e-20
   78  184    6.714289e-18   -2.360463e-18
   78  185    3.414795e-19   -9.897559e-20
   78  186    9.213540e-18   -1.842035e-18
   78  187    1.888102e-20   -4.367984e-21
   78  188    5.677169e-20   -7.368987e-21
   78  189    7.204461e-23   -1.182983e-23
   78  190    7.869677e-24   -1.099677e-24
   78  191    3.262996e-27   -6.055460e-28
   78  192    2.353075e-26    2.459161e-28
   78  193    2.438993e-28    2.419267e-32
   79  183    2.159113e-26   -1.790767e-26
   79  184    1.603798e-25   -1.151569e-25
   79  185    1.212099e-22   -6.574210e-23
   79  186    6.591498e-23   -3.011899e-23
   79  187    6.457183e-21   -2.486522e-21
   79  188    8.690870e-23   -3.387359e-23
   79  189    6.787869e-21   -1.958533e-21
   79  190    5.199313e-23   -1.599739e-23
   79  191    1.598895e-22   -2.828282e-23
   79  192    1.473109e-25   -3.084897e-26
   79  193    7.784623e-26   -1.425625e-26
   79  194    9.002178e-29    4.939172e-29
   79  195    4.806412e-26    1.332285e-29
   79  196    2.710305e-28    5.349170e-34
   80  183    1.488996e-28   -2.563116e-30
   80  184    9.337058e-28   -1.053666e-27
   80  185    5.382044e-26   -5.011267e-26
   80  186    1.127465e-21   -7.581913e-22
   80  187    4.402583e-21   -2.383508e-21
   80  188    2.754748e-18   -1.070817e-18
   80  189    1.070986e-18   -3.435969e-19
   80  190    6.695317e-17   -1.575543e-17
   80  191    1.756346e-18   -4.538535e-19
   80  192    9.562739e-18   -1.421722e-18
   80  193    6.562136e-20   -1.170935e-20
   80  194    5.007074e-20   -7.823485e-21
   80  195    1.107680e-22   -2.154274e-23
   80  196    1.762659e-23   -3.188906e-24
   80  197    1.722528e-26   -3.830454e-27
   80  198    9.313577e-27    3.616369e-28
   80  199    2.179197e-28    5.973911e-32
   81  188    1.300840e-27   -9.036050e-28
   81  189    2.316916e-23   -1.089323e-23
   81  190    1.567484e-22   -6.540996e-23
   81  191    2.386545e-20   -7.595631e-21
   81  192    4.583735e-21   -1.447244e-21
   81  193    4.061413e-20   -9.679697e-21
   81  194    3.879242e-21   -1.063587e-21
   81  195    4.631832e-20   -1.038001e-20
   81  196    4.353226e-22   -1.089012e-22
   81  197    1.186042e-22   -2.656842e-23
   81  198    4.196311e-25   -1.048785e-25
   81  199    5.789580e-26   -1.351860e-26
   81  200    2.227481e-27    9.546346e-28
   81  201    1.394154e-26    9.582319e-30
   81  202    3.678053e-28    1.057452e-33
   82  189    2.671168e-30   -3.181570e-30
   82  190    4.315385e-25   -3.768681e-25
   82  191    9.368144e-24   -6.876174e-24
   82  192    3.251581e-20   -1.688176e-20
   82  193    2.498116e-20   -1.076456e-20
   82  194    1.374020e-17   -4.537028e-18
   82  195    1.296542e-18   -4.024729e-19
   82  196    5.556210e-17   -1.160618e-17
   82  197    1.332992e-18   -3.110499e-19
   82  198    3.102626e-18   -6.354066e-19
   82  199    1.883411e-20   -4.517543e-21
   82  200    1.697313e-20   -3.691609e-21
   82  201    6.684582e-23   -1.689596e-23
   82  202    6.521727e-24   -1.614172e-24
   82  203    1.115633e-26   -3.206508e-27
   83  193    8.201778e-30   -5.337185e-30
   83  194    2.545147e-29   -1.458464e-29
   83  195    2.097842e-27   -9.561826e-28
   83  196    2.364494e-26   -9.612535e-27
   83  197    7.209931e-25   -1.919049e-25
   83  198    5.598504e-26   -1.665845e-26
   83  199    2.509116e-25   -6.585183e-26
   83  200    8.525516e-27   -2.471046e-27
   83  201    5.219772e-26   -1.810861e-27
   83  202    5.568977e-28   -1.565940e-29
   83  203    2.815083e-26   -1.083247e-28
   83  204    4.355930e-28   -5.916932e-39
   83  205    6.771252e-27   -2.877177e-38
    0    1    5.327453e-13   -9.673777e-14
    1    1    2.178032e-07   -1.386340e-08
    2    4    4.384493e-09   -3.916337e-10
