3.4773e-01
2.5074e-04
2.9605e+00
5.6747e+05
    1    2    1.012340e-17   -5.996362e-19
    1    3    1.128089e-17    1.241050e-19
    2    3    3.950817e-15   -2.336072e-16
    3    6    6.072005e-23   -5.208162e-26
    3    7    6.552473e-23    3.496636e-25
    4    7    7.928183e-21   -4.376686e-22
    4    8    4.896890e-08    8.339781e-10
    4    9    2.353458e-27   -8.012456e-29
    4   10    2.579186e-22    1.931482e-23
    5   10    1.126167e-17   -3.685151e-22
    5   11    3.690231e-13    6.059222e-15
    5   12    9.153663e-23    2.647026e-24
    5   13    9.428931e-29    2.095195e-30
    6   11    3.520396e-10   -1.941551e-11
    6   12    1.466384e-04   -3.955475e-06
    6   13    9.496126e-11   -6.380305e-13
    6   14    1.521674e-08    1.039621e-09
    6   15    2.601505e-21    1.922112e-22
    6   16    1.182643e-29    9.012216e-31
    7   12    1.239144e-20   -1.528943e-21
    7   13    2.635367e-12   -2.501815e-13
    7   14    5.336471e-06    6.231272e-08
    7   15    1.678799e-05    1.381549e-07
    7   16    4.475729e-16    5.509751e-18
    7   17    1.701280e-21    2.316866e-23
    8   13    2.727379e-29   -5.378618e-30
    8   14    4.328898e-16   -7.393846e-17
    8   15    1.215454e-07   -7.267054e-09
    8   16    4.615018e-02    8.326013e-06
    8   17    1.002099e-06    3.037295e-09
    8   18    1.175376e-09    7.333862e-11
    8   19    2.781450e-17    2.007795e-18
    8   20    8.462296e-22    6.651888e-23
    8   21    2.819320e-30    2.431789e-31
    9   15    9.994512e-30   -2.435195e-30
    9   16    1.210344e-19   -1.532707e-20
    9   17    1.304838e-11   -8.409388e-13
    9   18    7.367804e-09   -3.907830e-10
    9   19    4.200991e-07   -2.293879e-08
    9   20    3.489454e-12    3.303405e-14
    9   21    1.315558e-17    9.614195e-19
    9   22    9.130922e-26    1.176206e-26
    9   23    1.455356e-30    1.446003e-31
   10   17    8.778669e-29   -1.763841e-29
   10   18    1.289283e-16   -1.656660e-17
   10   19    8.068633e-11   -1.014678e-11
   10   20    7.768666e-03   -1.353007e-05
   10   21    7.215197e-06   -1.208787e-08
   10   22    5.771701e-07   -2.197582e-08
   10   23    1.723707e-13    4.048176e-15
   10   24    1.394051e-17    1.333145e-18
   10   25    2.096355e-25    2.114922e-26
   11   19    1.231146e-27   -2.463284e-28
   11   20    2.059846e-18   -4.135456e-19
   11   21    2.522427e-09   -1.728529e-10
   11   22    6.318027e-08   -4.812903e-09
   11   23    6.457364e-05   -2.519874e-06
   11   24    7.259050e-10    2.117319e-11
   11   25    5.401562e-14    3.267708e-15
   11   26    4.296590e-20    4.348464e-21
   11   27    5.013368e-26    7.982936e-27
   12   21    2.103212e-24   -5.932604e-25
   12   22    1.867212e-14   -2.701750e-15
   12   23    7.243789e-09   -6.005571e-10
   12   24    2.613637e-03    2.814413e-06
   12   25    2.747328e-05   -2.409858e-08
   12   26    3.028581e-04   -2.398043e-06
   12   27    2.115095e-10    1.227229e-11
   12   28    2.647738e-15    3.187065e-16
   12   29    1.461042e-23    1.804743e-24
   12   30    1.443581e-29    2.506075e-30
   13   23    1.351688e-26   -2.373048e-27
   13   24    9.029139e-17   -1.395323e-17
   13   25    5.009800e-10   -3.277433e-11
   13   26    4.416842e-09    1.122451e-10
   13   27    1.868023e-04   -2.093093e-06
   13   28    6.534406e-09    3.706697e-10
   13   29    2.640584e-12    1.889783e-13
   13   30    6.161750e-18    6.460859e-19
   13   31    3.807346e-23    6.182578e-24
   14   25    5.667421e-24   -1.344829e-24
   14   26    4.773641e-14   -6.391232e-15
   14   27    3.894057e-08   -1.688059e-09
   14   28    4.062599e-04    3.409842e-06
   14   29    1.792052e-04    1.076659e-06
   14   30    1.808424e-04    3.429311e-06
   14   31    1.270330e-08    9.312573e-10
   14   32    5.850419e-13    8.559362e-14
   14   33    6.493429e-20    9.743762e-21
   14   34    3.896966e-25    7.725174e-26
   15   27    1.957105e-23   -4.058611e-24
   15   28    8.487078e-16   -9.549753e-17
   15   29    1.598752e-10   -9.298133e-12
   15   30    1.457849e-08   -4.958242e-10
   15   31    1.531256e-05    7.392362e-07
   15   32    2.275806e-09    2.074278e-10
   15   33    7.970640e-10    7.116251e-11
   15   34    1.590768e-14    2.053601e-15
   15   35    4.752256e-19    8.865667e-20
   15   36    7.921333e-28    1.501157e-28
   16   29    7.854803e-22   -1.479636e-22
   16   30    8.677388e-15   -9.132671e-16
   16   31    2.297112e-09   -4.732710e-11
   16   32    5.952377e-05    1.185282e-06
   16   33    1.502464e-06    3.697964e-08
   16   34    1.423541e-07    1.413629e-08
   16   35    1.158355e-10    1.541725e-11
   16   36    5.707190e-12    9.257305e-13
   16   37    5.838748e-19    9.629379e-20
   16   38    1.766470e-23    3.575024e-24
   16   39    1.252322e-30    2.562475e-31
   17   31    5.148235e-25   -9.074689e-26
   17   32    6.576619e-19   -6.162376e-20
   17   33    1.462839e-13   -5.489026e-15
   17   34    3.480672e-09   -1.500344e-10
   17   35    7.014258e-08    5.032947e-09
   17   36    1.738795e-10    1.814474e-11
   17   37    7.081163e-11    6.857093e-12
   17   38    1.265160e-15    1.398425e-16
   17   39    3.219656e-19    5.397098e-20
   17   40    2.254209e-24    3.898715e-25
   17   41    5.400348e-28    1.212157e-28
   18   33    9.401545e-29   -2.431678e-29
   18   34    1.266817e-17   -1.386349e-18
   18   35    6.862700e-11   -8.030035e-12
   18   36    1.404053e-07    4.227862e-09
   18   37    1.870541e-09    6.086766e-11
   18   38    2.957666e-09    2.280803e-10
   18   39    2.098403e-12    1.763426e-13
   18   40    1.539494e-13    1.973562e-14
   18   41    1.341585e-17    2.060795e-18
   18   42    1.295935e-19    2.234250e-20
   18   43    1.463483e-24    2.590263e-25
   18   44    3.427884e-28    7.919543e-29
   19   35    3.133085e-28   -5.653857e-29
   19   36    2.832829e-19   -5.413554e-20
   19   37    3.341617e-15   -1.135711e-16
   19   38    4.700096e-12   -1.648555e-13
   19   39    3.040374e-09    5.600350e-11
   19   40    1.399154e-11    9.500887e-13
   19   41    3.218103e-12    1.935698e-13
   19   42    6.584038e-15    7.442602e-16
   19   43    2.548947e-17    3.674101e-18
   19   44    1.825163e-20    3.376907e-21
   19   45    2.515680e-23    5.899188e-24
   19   46    4.175920e-27    1.107124e-27
   20   38    1.835086e-19   -1.937492e-20
   20   39    4.061713e-14   -4.393409e-15
   20   40    2.667524e-08   -2.074018e-10
   20   41    7.392733e-10   -5.385370e-12
   20   42    3.313624e-10    1.121731e-11
   20   43    1.168545e-11    6.589496e-13
   20   44    4.807365e-12    4.064884e-13
   20   45    1.422826e-14    1.767000e-15
   20   46    2.116122e-15    3.481522e-16
   20   47    1.890434e-18    4.038135e-19
   20   48    1.636018e-21    3.983734e-22
   20   49    2.160848e-27    5.298773e-28
   21   40    3.582399e-24   -6.435963e-25
   21   41    6.074458e-17   -4.465424e-18
   21   42    1.843630e-14   -1.405477e-15
   21   43    3.542787e-12   -1.127515e-13
   21   44    3.887183e-12    6.621405e-14
   21   45    8.872143e-12    4.394007e-13
   21   46    2.318669e-13    2.513794e-14
   21   47    5.135618e-15    6.468914e-16
   21   48    2.655508e-17    4.760847e-18
   21   49    4.456595e-19    7.231556e-20
   21   50    9.471004e-24    1.570809e-24
   21   51    7.579572e-28    1.341986e-28
   22   42    7.554472e-23   -1.108931e-23
   22   43    9.698130e-18   -1.466006e-18
   22   44    1.795121e-11   -8.819663e-13
   22   45    3.073616e-12   -1.171216e-13
   22   46    7.800649e-11    2.011288e-12
   22   47    1.266735e-11    4.491200e-13
   22   48    1.027968e-11    4.944803e-13
   22   49    3.415609e-13    3.197116e-14
   22   50    4.041158e-14    5.577011e-15
   22   51    5.948086e-18    8.568299e-19
   22   52    5.164910e-21    9.363018e-22
   22   53    2.108016e-26    3.851028e-27
   23   44    1.776675e-25   -4.040703e-26
   23   45    7.300422e-22   -7.510388e-23
   23   46    1.191007e-15   -1.317953e-16
   23   47    1.972289e-12   -8.333419e-14
   23   48    2.938017e-12   -7.006255e-14
   23   49    1.534684e-11    4.209470e-13
   23   50    5.072237e-13    4.190335e-14
   23   51    1.240816e-12    8.704262e-14
   23   52    5.059874e-15    4.072045e-16
   23   53    1.784391e-17    2.402067e-18
   23   54    2.443762e-22    3.323394e-23
   23   55    2.048511e-25    3.251726e-26
   24   46    3.464393e-26   -6.225666e-27
   24   47    2.031556e-18   -3.825768e-19
   24   48    1.224070e-13   -1.175071e-14
   24   49    3.290350e-13   -2.587269e-14
   24   50    5.747980e-11   -3.631462e-13
   24   51    2.111073e-11    1.298053e-13
   24   52    3.409779e-11    6.064976e-13
   24   53    6.376095e-13    3.368879e-14
   24   54    2.065459e-13    1.395225e-14
   24   55    2.580392e-17    1.820418e-18
   24   56    5.146685e-20    5.796633e-21
   24   57    1.778296e-25    2.030171e-26
   24   58    4.864282e-29    6.211236e-30
   25   48    4.624997e-26   -1.235677e-26
   25   49    1.233509e-20   -2.082334e-21
   25   50    4.985085e-17   -7.649686e-18
   25   51    8.258693e-13   -6.334196e-14
   25   52    2.690350e-12   -1.610264e-13
   25   53    3.444566e-11   -5.091255e-13
   25   54    6.504360e-12   -6.577375e-15
   25   55    1.483118e-11    1.259647e-13
   25   56    4.402747e-14    6.989256e-16
   25   57    4.247539e-16    3.283776e-17
   25   58    2.271296e-20    1.787763e-21
   25   59    7.060377e-23    7.365730e-24
   25   60    1.908725e-28    2.014920e-29
   26   50    6.771609e-26   -1.688104e-26
   26   51    4.181621e-20   -9.789921e-21
   26   52    7.615901e-15   -1.046419e-15
   26   53    7.019963e-14   -9.211768e-15
   26   54    1.390550e-09   -1.168866e-10
   26   55    8.048976e-10   -5.105112e-11
   26   56    3.253116e-08    3.999756e-10
   26   57    1.259604e-09    3.671222e-11
   26   58    1.365850e-09    7.829112e-11
   26   59    6.510456e-13    3.934394e-14
   26   60    1.300332e-14    1.187492e-15
   26   61    1.022791e-19    9.468049e-21
   26   62    2.455392e-22    3.118092e-23
   26   63    1.806147e-28    2.326008e-29
   27   52    5.965331e-30   -1.874850e-30
   27   53    1.162080e-22   -2.468726e-23
   27   54    5.462272e-18   -1.143688e-18
   27   55    9.646278e-12   -1.537083e-12
   27   56    2.552759e-11   -3.362656e-12
   27   57    1.170359e-08   -4.275800e-10
   27   58    3.474992e-09   -2.406675e-11
   27   59    2.137736e-08    2.067670e-10
   27   60    1.780488e-10    3.852651e-12
   27   61    1.211151e-11    9.025760e-13
   27   62    2.754407e-15    2.079581e-16
   27   63    6.123440e-17    6.947562e-18
   27   64    7.510850e-22    8.595034e-23
   27   65    2.111049e-24    2.565666e-25
   27   66    3.097626e-30    3.812009e-31
   28   54    2.092062e-28   -6.179919e-29
   28   55    1.139512e-21   -3.345607e-22
   28   56    1.618719e-13   -3.439050e-14
   28   57    6.194877e-12   -7.176011e-13
   28   58    1.733649e-07   -1.122782e-08
   28   59    1.025182e-07   -6.163668e-09
   28   60    4.842006e-06    7.139201e-10
   28   61    4.016870e-07    2.009986e-09
   28   62    1.422116e-06    6.922777e-08
   28   63    3.067764e-09    1.531574e-10
   28   64    2.231368e-09    1.638969e-10
   28   65    2.740841e-13    2.044275e-14
   28   66    1.066397e-14    1.028262e-15
   28   67    1.142695e-19    1.114362e-20
   28   68    3.166893e-22    3.733958e-23
   28   69    1.170970e-28    1.404180e-29
   29   57    3.780152e-23   -1.099702e-23
   29   58    2.141460e-18   -4.083938e-19
   29   59    2.021427e-12   -2.769240e-13
   29   60    3.704653e-11   -4.936378e-12
   29   61    1.244486e-08   -8.557564e-10
   29   62    1.596443e-08   -9.803906e-10
   29   63    4.752128e-07    5.782845e-10
   29   64    1.972886e-08    2.230674e-10
   29   65    5.490836e-08    1.658791e-09
   29   66    8.028801e-11    2.515598e-12
   29   67    1.271392e-11    9.773241e-13
   29   68    8.454062e-16    6.554779e-17
   29   69    1.467753e-17    1.379105e-18
   29   70    4.811441e-23    4.603056e-24
   29   71    1.624299e-25    1.620569e-26
   30   59    5.774453e-25   -1.564052e-25
   30   60    3.444832e-16   -7.418540e-17
   30   61    7.955588e-14   -1.686992e-14
   30   62    7.279319e-10   -1.006812e-10
   30   63    9.895006e-10   -1.005391e-10
   30   64    2.540858e-06   -1.018993e-07
   30   65    3.738035e-07   -1.421443e-08
   30   66    6.065150e-06    5.895087e-08
   30   67    3.854057e-08    3.907270e-10
   30   68    5.868635e-08    2.708713e-09
   30   69    1.839614e-11    8.666144e-13
   30   70    5.200164e-12    3.441637e-13
   30   71    2.491892e-16    1.674737e-17
   30   72    9.987692e-18    9.979636e-19
   30   73    8.866075e-23    8.970131e-24
   30   74    6.413390e-25    7.422320e-26
   31   61    1.747238e-27   -4.969187e-28
   31   62    2.927635e-20   -8.588000e-21
   31   63    6.423722e-16   -1.378141e-16
   31   64    3.605812e-14   -6.376273e-15
   31   65    4.305868e-10   -4.791140e-11
   31   66    1.072657e-09   -1.179749e-10
   31   67    1.443283e-07   -8.357983e-09
   31   68    1.372567e-08   -6.709584e-10
   31   69    9.464461e-08    1.120768e-10
   31   70    5.786500e-10    9.553421e-13
   31   71    5.300453e-10    2.732184e-11
   31   72    2.083980e-13    1.080857e-14
   31   73    4.404618e-14    3.895826e-15
   31   74    6.889221e-18    6.119712e-19
   31   75    3.022253e-19    3.092344e-20
   31   76    1.452866e-24    1.496740e-25
   31   77    1.817395e-26    1.920337e-27
   32   63    3.852387e-28   -1.462301e-28
   32   64    6.573291e-20   -1.922034e-20
   32   65    1.296310e-17   -3.284378e-18
   32   66    5.769953e-12   -1.082008e-12
   32   67    2.005868e-11   -3.508837e-12
   32   68    8.362177e-08   -9.467923e-09
   32   69    2.042669e-08   -2.062805e-09
   32   70    2.957601e-06   -1.609924e-08
   32   71    8.424942e-08   -4.207951e-10
   32   72    4.261578e-07    1.628309e-08
   32   73    2.114584e-09    8.127754e-11
   32   74    2.612190e-09    1.447401e-10
   32   75    2.320785e-12    1.295761e-13
   32   76    3.697853e-13    3.178330e-14
   32   77    4.430120e-17    3.834593e-18
   32   78    1.242370e-18    1.198961e-19
   32   79    2.712818e-23    2.643853e-24
   32   80    1.105297e-25    1.105709e-26
   33   65    1.212104e-30   -4.543720e-31
   33   66    7.554419e-24   -2.547861e-24
   33   67    9.789236e-19   -2.610312e-19
   33   68    1.159230e-16   -2.952830e-17
   33   69    2.539702e-12   -4.790640e-13
   33   70    8.955441e-12   -1.583009e-12
   33   71    8.859368e-09   -6.620059e-10
   33   72    2.002204e-09   -1.459076e-10
   33   73    8.165314e-08   -1.508756e-09
   33   74    4.571977e-09   -7.297922e-11
   33   75    1.022494e-08    3.294625e-10
   33   76    6.848168e-11    2.170947e-12
   33   77    4.309150e-11    3.009621e-12
   33   78    1.244615e-14    8.674767e-16
   33   79    6.439315e-15    5.559075e-16
   33   80    1.066773e-18    9.243319e-20
   33   81    5.678272e-20    5.034166e-21
   33   82    2.070084e-25    1.859503e-26
   33   83    6.754060e-28    6.025004e-29
   34   68    9.661458e-23   -3.410277e-23
   34   69    2.182682e-20   -7.454308e-21
   34   70    1.480004e-14   -3.952041e-15
   34   71    1.317897e-13   -3.123527e-14
   34   72    2.118490e-09   -2.919339e-10
   34   73    1.412306e-09   -1.514903e-10
   34   74    1.841494e-07   -9.367812e-09
   34   75    5.181879e-08   -2.467944e-09
   34   76    9.594420e-07    1.012626e-08
   34   77    3.028874e-08    3.113307e-10
   34   78    6.816335e-08    2.886239e-09
   34   79    4.159533e-10    1.766237e-11
   34   80    3.794355e-10    2.247896e-11
   34   81    5.286828e-13    3.141530e-14
   34   82    1.053966e-13    7.467657e-15
   34   83    4.588351e-18    3.288213e-19
   34   84    1.021957e-19    7.435578e-21
   34   85    2.763563e-26    2.074268e-27
   35   70    3.368346e-27   -1.450986e-27
   35   71    9.508433e-22   -3.335174e-22
   35   72    2.287827e-19   -7.335501e-20
   35   73    2.272108e-14   -4.872791e-15
   35   74    2.324075e-13   -4.264600e-14
   35   75    1.717786e-10   -2.111207e-11
   35   76    4.689183e-10   -5.566610e-11
   35   77    6.140261e-08   -3.307760e-09
   35   78    5.817433e-09   -3.052100e-10
   35   79    7.686689e-08    2.977127e-10
   35   80    3.879197e-09    1.267158e-11
   35   81    1.059856e-08    3.886883e-10
   35   82    1.671177e-10    5.998958e-12
   35   83    1.990607e-10    8.654125e-12
   35   84    1.286953e-13    5.601870e-15
   35   85    2.568508e-14    1.078735e-15
   35   86    2.435175e-20    1.067916e-21
   35   87    2.894711e-25    1.272147e-26
   36   72    3.018495e-26   -1.329507e-26
   36   73    7.377896e-23   -3.036358e-23
   36   74    6.525232e-17   -1.893445e-17
   36   75    1.405298e-15   -3.565120e-16
   36   76    2.337812e-11   -4.435993e-12
   36   77    8.935330e-11   -1.216160e-11
   36   78    2.741902e-08   -2.540923e-09
   36   79    1.947845e-08   -1.618816e-09
   36   80    2.608396e-07   -8.529832e-09
   36   81    4.416101e-08   -1.394356e-09
   36   82    3.190066e-07    5.694542e-09
   36   83    1.551842e-08    2.799431e-10
   36   84    4.915330e-08    1.989373e-09
   36   85    3.398675e-10    1.365827e-11
   36   86    3.638254e-10    1.614877e-11
   36   87    3.182600e-15    1.451699e-16
   36   88    3.656799e-19    1.659057e-20
   36   89    3.217270e-25    1.515457e-26
   36   90    3.606915e-30    1.712313e-31
   37   74    1.489100e-29   -7.533367e-30
   37   75    7.025847e-24   -2.642035e-24
   37   76    3.372639e-21   -1.142474e-21
   37   77    1.614808e-16   -4.362367e-17
   37   78    1.636113e-15   -3.499692e-16
   37   79    8.585003e-12   -1.435883e-12
   37   80    2.029726e-11   -3.210341e-12
   37   81    2.724433e-09   -2.801915e-10
   37   82    1.394064e-09   -1.396687e-10
   37   83    5.737213e-08   -2.218844e-09
   37   84    1.151651e-08   -4.324775e-10
   37   85    1.120349e-07    1.321232e-10
   37   86    2.412859e-08    7.599005e-11
   37   87    1.274656e-07    3.838897e-09
   37   88    7.282879e-12    2.250140e-13
   37   89    3.041420e-15    9.248350e-17
   37   90    1.804873e-20    5.690674e-22
   37   91    7.699364e-25    2.437162e-26
   38   76    1.668589e-28   -7.853966e-29
   38   77    6.981390e-25   -3.009988e-25
   38   78    2.354083e-19   -8.377876e-20
   38   79    6.256044e-18   -1.807249e-18
   38   80    2.271712e-13   -5.457495e-14
   38   81    5.014316e-13   -1.047163e-13
   38   82    2.542642e-10   -3.989133e-11
   38   83    5.897121e-10   -7.179691e-11
   38   84    1.219869e-08   -1.107627e-09
   38   85    1.069413e-08   -8.317542e-10
   38   86    6.839609e-08   -3.027904e-09
   38   87    4.554762e-08   -1.699780e-09
   38   88    5.321235e-07    1.142511e-08
   38   89    1.224640e-10    2.675208e-12
   38   90    2.752369e-13    5.749088e-15
   38   91    8.871339e-18    1.936223e-19
   38   92    1.554285e-21    3.300914e-23
   38   93    6.252540e-27    1.422011e-28
   39   79    5.918360e-26   -2.642921e-26
   39   80    4.487282e-24   -1.686103e-24
   39   81    2.243883e-19   -7.260854e-20
   39   82    5.400226e-18   -1.572175e-18
   39   83    1.724354e-14   -4.058917e-15
   39   84    4.740836e-14   -9.408853e-15
   39   85    2.534799e-11   -4.172498e-12
   39   86    8.966387e-11   -1.366653e-11
   39   87    1.574157e-09   -1.775537e-10
   39   88    3.329574e-09   -3.235693e-10
   39   89    5.127556e-07    8.064668e-09
   39   90    6.499035e-10    1.025735e-11
   39   91    4.040420e-12    5.868995e-14
   39   92    6.439955e-16    9.321051e-18
   39   93    8.108244e-19    1.129857e-20
   39   94    7.739033e-23    1.132161e-24
   39   95    4.825440e-27    6.752054e-29
   40   81    6.892134e-29   -3.244027e-29
   40   82    2.673493e-22   -1.102314e-22
   40   83    5.287728e-21   -2.011532e-21
   40   84    1.130711e-16   -3.279965e-17
   40   85    2.098942e-16   -5.688001e-17
   40   86    1.040689e-12   -2.417103e-13
   40   87    1.676827e-12   -3.656516e-13
   40   88    1.220109e-10   -1.787242e-11
   40   89    1.104730e-09   -6.553989e-11
   40   90    5.024078e-07    1.633710e-08
   40   91    3.047673e-09    9.782117e-11
   40   92    1.666797e-10    5.095425e-12
   40   93    1.798639e-13    5.477468e-15
   40   94    1.563380e-15    4.528311e-17
   40   95    5.533663e-19    1.616011e-20
   40   96    1.017611e-21    2.831687e-23
   40   97    3.807921e-27    1.106269e-28
   41   83    3.498643e-30   -1.767646e-30
   41   84    2.604079e-26   -1.233008e-26
   41   85    1.673415e-23   -6.291372e-24
   41   86    7.407833e-22   -2.643302e-22
   41   87    1.261831e-17   -3.983194e-18
   41   88    2.279390e-16   -6.872117e-17
   41   89    1.060392e-13   -2.297362e-14
   41   90    4.597511e-12   -5.887318e-13
   41   91    1.473460e-08   -3.437623e-10
   41   92    5.652626e-10   -1.361691e-11
   41   93    1.638277e-10   -4.032831e-12
   41   94    7.537795e-13   -1.894778e-14
   41   95    2.597154e-14   -7.019806e-16
   41   96    2.778985e-17   -7.542253e-19
   41   97    2.182174e-19   -6.282782e-21
   41   98    4.542608e-24   -1.252546e-25
   41   99    8.661806e-28   -2.423847e-29
   42   86    1.694256e-27   -7.993812e-28
   42   87    2.769418e-25   -1.248190e-25
   42   88    1.556611e-20   -6.304014e-21
   42   89    2.817850e-19   -1.092809e-19
   42   90    1.293440e-15   -3.066596e-16
   42   91    1.056612e-13   -1.015966e-14
   42   92    4.644343e-09    7.770144e-11
   42   93    8.243227e-10    1.625091e-11
   42   94    2.312985e-09    6.656160e-11
   42   95    3.548664e-11    1.001292e-12
   42   96    1.079650e-11    2.874196e-13
   42   97    1.823603e-14    4.845957e-16
   42   98    7.576571e-16    1.857315e-17
   42   99    6.584765e-20    1.680325e-21
   42  100    5.492485e-22    1.292616e-23
   42  101    1.100658e-26    2.740617e-28
   42  102    2.799978e-28   -5.216570e-30
   43   89    1.272032e-27   -6.330771e-28
   43   90    6.233791e-26   -2.996937e-26
   43   91    1.046282e-20   -3.345536e-21
   43   92    8.244657e-18   -1.386760e-18
   43   93    1.837125e-12   -9.118811e-14
   43   94    1.882592e-12   -8.296843e-14
   43   95    2.900217e-11   -9.448948e-13
   43   96    2.484892e-12   -8.240946e-14
   43   97    4.094221e-12   -1.267231e-13
   43   98    2.149128e-14   -6.770953e-16
   43   99    7.496743e-15   -2.513948e-16
   43  100    3.638558e-18   -1.214291e-19
   43  101    2.172973e-19   -7.701033e-21
   43  102    8.669536e-24   -2.995682e-25
   43  103    2.372870e-25   -8.666962e-27
   43  104    6.402639e-30   -2.278467e-31
   43  105    5.745810e-28   -1.026445e-29
   44   91    1.219406e-30   -2.465883e-29
   44   92    4.058418e-24   -1.515148e-24
   44   93    9.519013e-21   -1.522167e-21
   44   94    2.137915e-14   -1.769090e-15
   44   95    8.505031e-14   -3.867930e-15
   44   96    1.010830e-11    6.108014e-14
   44   97    3.486697e-12    1.840807e-14
   44   98    5.366671e-11    1.298457e-13
   44   99    1.743963e-12    2.256144e-15
   44  100    3.193139e-12   -2.719569e-14
   44  101    8.690620e-15   -7.469335e-17
   44  102    2.311183e-15   -3.139188e-17
   44  103    1.057977e-18   -1.386279e-20
   44  104    5.884523e-20   -9.799381e-22
   44  105    6.133665e-24   -9.713293e-26
   44  106    7.652626e-26   -1.385323e-27
   44  107    1.466412e-30    2.822760e-32
   45   94    1.090379e-26   -2.587733e-27
   45   95    1.324309e-19   -2.051732e-20
   45   96    1.612338e-18   -1.851990e-19
   45   97    1.596751e-15   -9.808104e-17
   45   98    9.798667e-16   -6.030463e-17
   45   99    2.823181e-13   -1.712414e-14
   45  100    3.204252e-14   -2.013817e-15
   45  101    6.358791e-13   -4.426251e-14
   45  102    5.727084e-15   -4.027410e-16
   45  103    1.135027e-14   -8.632225e-16
   45  104    1.851054e-17   -1.411033e-18
   45  105    5.546127e-18   -4.426273e-19
   45  106    1.685203e-21   -1.339432e-22
   45  107    1.103901e-22   -9.053756e-24
   45  108    1.068166e-26   -8.695145e-28
   45  109    8.163015e-28    1.286676e-30
   45  110    2.322581e-30   -3.017449e-32
   46   96    2.670237e-23   -5.775771e-24
   46   97    2.636496e-21   -2.212246e-22
   46   98    6.842531e-17    8.464003e-19
   46   99    1.458582e-15    2.505531e-17
   46  100    1.200381e-12    1.870741e-14
   46  101    1.069330e-12    1.197414e-14
   46  102    5.831072e-11    2.386418e-13
   46  103    3.892917e-12    8.825255e-15
   46  104    1.918884e-11   -2.208010e-13
   46  105    1.657007e-13   -1.971508e-15
   46  106    1.579960e-13   -2.935012e-15
   46  107    1.797790e-16   -3.299987e-18
   46  108    4.292868e-17   -9.735792e-19
   46  109    1.446458e-20   -3.195567e-22
   46  110    5.286636e-22   -1.325043e-23
   46  111    2.509105e-26   -6.023162e-28
   46  112    8.767430e-28   -2.607955e-30
   47   97    2.003670e-30   -5.802382e-31
   47   98    7.101286e-28   -1.093903e-28
   47   99    1.239354e-22   -6.639423e-24
   47  100    4.602228e-21   -2.273119e-22
   47  101    3.649787e-17   -1.878989e-18
   47  102    1.518226e-16   -8.652347e-18
   47  103    4.384230e-14   -2.754405e-15
   47  104    1.803334e-14   -1.177635e-15
   47  105    6.832385e-13   -4.788391e-14
   47  106    2.942290e-14   -2.100286e-15
   47  107    1.103412e-13   -8.440643e-15
   47  108    6.515704e-16   -5.012269e-17
   47  109    4.688421e-16   -3.787175e-17
   47  110    4.618234e-19   -3.726577e-20
   47  111    8.055305e-20   -6.736683e-21
   47  112    2.355566e-23   -1.961727e-24
   47  113    9.262076e-25   -7.914757e-26
   47  114    3.108962e-29   -2.625185e-30
   47  115    8.184328e-28   -7.101810e-30
   48  100    6.305951e-27   -7.595930e-28
   48  101    3.459412e-24   -2.210131e-25
   48  102    3.475958e-19    4.804702e-21
   48  103    1.560996e-17    3.164137e-19
   48  104    4.964855e-14    9.831689e-16
   48  105    9.772438e-14    1.574859e-15
   48  106    1.475169e-11    1.512536e-13
   48  107    3.093343e-12    2.378805e-14
   48  108    6.128144e-11   -7.575774e-14
   48  109    1.349218e-12   -2.685816e-15
   48  110    4.472441e-12   -4.463982e-14
   48  111    2.065546e-14   -2.066624e-16
   48  112    1.151992e-14   -1.721138e-16
   48  113    1.068941e-17   -1.552308e-19
   48  114    1.406336e-18   -2.537204e-20
   48  115    3.733937e-22   -6.440959e-24
   48  116    8.718688e-24   -1.754567e-25
   48  117    6.185847e-28   -1.174714e-29
   48  118    6.457416e-28   -3.757443e-30
   48  119    1.207588e-30    4.133231e-38
   49  103    9.592030e-26   -4.965909e-27
   49  104    1.311783e-23   -5.968530e-25
   49  105    1.797369e-19   -8.328119e-21
   49  106    9.104540e-19   -4.645870e-20
   49  107    9.918246e-16   -5.566022e-17
   49  108    1.514685e-15   -8.236545e-17
   49  109    1.551975e-13   -8.512546e-15
   49  110    2.538621e-14   -1.399961e-15
   49  111    4.817045e-13   -2.729732e-14
   49  112    1.274512e-14   -7.300032e-16
   49  113    2.486145e-14   -1.532659e-15
   49  114    1.573667e-16   -9.715002e-18
   49  115    5.095609e-17   -3.328343e-18
   49  116    6.071268e-20   -3.945300e-21
   49  117    5.029599e-21   -3.414992e-22
   49  118    1.573693e-24   -1.056496e-25
   49  119    3.579175e-26   -2.495369e-27
   49  120    1.677808e-29    8.493156e-31
   49  121    1.325018e-27   -5.033981e-30
   49  122    4.468635e-30   -2.038232e-32
   50  105    4.295326e-28   -4.662686e-29
   50  106    8.809836e-23    4.515808e-25
   50  107    2.047301e-20    7.435124e-22
   50  108    2.887283e-16    1.016228e-17
   50  109    9.047835e-16    2.870087e-17
   50  110    1.310943e-12    3.418865e-14
   50  111    7.929869e-13    1.771805e-14
   50  112    8.455688e-11    1.274466e-12
   50  113    7.644618e-12    9.771414e-14
   50  114    1.505950e-10    1.445380e-13
   50  115    2.502724e-12    4.661374e-16
   50  116    6.822514e-12   -6.002133e-14
   50  117    2.162770e-14   -1.911287e-16
   50  118    1.137229e-14   -1.635037e-16
   50  119    1.031825e-17   -1.451994e-19
   50  120    1.264297e-18   -2.259065e-20
   50  121    4.175008e-22   -7.211409e-24
   50  122    1.343471e-23   -2.724051e-25
   50  123    1.792736e-27   -3.484063e-29
   50  124    1.460057e-27   -1.049500e-30
   50  125    7.001650e-30    4.332792e-35
   51  108    1.513508e-29   -4.025292e-31
   51  109    2.270522e-24   -6.384410e-26
   51  110    3.560907e-22   -1.150250e-23
   51  111    2.471928e-19   -9.586096e-21
   51  112    2.290232e-18   -9.882420e-20
   51  113    3.743098e-16   -1.913866e-17
   51  114    1.683534e-16   -8.909933e-18
   51  115    1.264424e-14   -6.761817e-16
   51  116    2.021257e-15   -8.726723e-17
   51  117    6.160674e-14   -1.794840e-15
   51  118    2.053447e-15   -6.015351e-17
   51  119    4.498357e-15   -1.275543e-16
   51  120    2.351669e-17   -6.668362e-19
   51  121    1.548106e-17   -4.586387e-19
   51  122    2.146926e-20   -6.304015e-22
   51  123    3.407773e-21   -1.037526e-22
   51  124    2.112583e-24   -6.335022e-26
   51  125    6.878951e-26   -2.164717e-27
   51  126    2.205873e-28    3.392601e-29
   51  127    3.916579e-27   -9.779099e-30
   51  128    8.601627e-30   -2.537887e-32
   52  111    5.877511e-29   -5.995661e-30
   52  112    7.805353e-25   -7.672994e-26
   52  113    5.970097e-23   -1.567161e-24
   52  114    3.403601e-18   -3.291217e-20
   52  115    1.392057e-17   -1.786143e-19
   52  116    9.407420e-14   -1.661169e-15
   52  117    2.324732e-14   -4.591807e-16
   52  118    4.706695e-12   -1.159585e-13
   52  119    2.707166e-13   -6.710416e-15
   52  120    6.030069e-12   -1.429969e-13
   52  121    9.657872e-14   -2.298970e-15
   52  122    3.308984e-13   -6.456859e-15
   52  123    1.361882e-15   -2.656421e-17
   52  124    7.660767e-16   -1.616372e-17
   52  125    9.770216e-19   -2.039523e-20
   52  126    1.139432e-19   -2.630429e-21
   52  127    5.111538e-23   -1.154794e-24
   52  128    1.526284e-24   -3.808112e-26
   52  129    2.810055e-28   -6.810997e-30
   52  130    1.302408e-27   -1.119008e-30
   52  131    8.966496e-30    3.888132e-36
   53  115    1.417556e-25   -1.079464e-26
   53  116    7.757206e-24   -6.060692e-25
   53  117    9.425050e-20   -6.750750e-21
   53  118    1.673247e-18    2.492467e-20
   53  119    1.491965e-15    4.216886e-17
   53  120    1.713925e-15    6.031245e-17
   53  121    4.114439e-13    1.379511e-14
   53  122    3.471421e-14    1.125858e-15
   53  123    1.071520e-12    3.095601e-14
   53  124    1.430374e-14    4.035710e-16
   53  125    2.848174e-14    6.862162e-16
   53  126    1.172989e-16    2.792449e-18
   53  127    5.512891e-17    1.118995e-18
   53  128    6.867520e-20    1.389814e-21
   53  129    7.381460e-21    1.265996e-22
   53  130    2.616608e-24    4.561677e-26
   53  131    8.355660e-26    1.245337e-27
   53  132    6.231385e-29    5.868442e-30
   53  133    2.578565e-27   -3.690113e-30
   53  134    1.554961e-29   -2.546785e-32
   54  116    2.983821e-27    1.636184e-28
   54  117    7.578581e-24    3.957304e-25
   54  118    1.010613e-18    4.737952e-20
   54  119    1.906714e-17    8.543722e-19
   54  120    4.438282e-14    1.777580e-15
   54  121    5.983035e-14    2.270785e-15
   54  122    1.471369e-11    4.884073e-13
   54  123    3.760969e-12    1.183620e-13
   54  124    1.174887e-10    3.021292e-12
   54  125    5.792674e-12    1.430159e-13
   54  126    3.858683e-11    6.787319e-13
   54  127    5.068624e-13    8.654792e-15
   54  128    5.435074e-13    6.463777e-15
   54  129    2.158718e-15    2.530674e-17
   54  130    4.626484e-16    3.678045e-18
   54  131    5.644072e-19    4.554040e-21
   54  132    3.440372e-20    1.717295e-22
   54  133    1.586500e-23    8.450508e-26
   54  134    3.009692e-25    8.108887e-28
   54  135    6.166076e-29    1.881465e-31
   54  136    9.084788e-28   -8.644667e-31
   55  119    1.736350e-26   -2.744569e-28
   55  120    9.374950e-26   -1.808749e-27
   55  121    5.735635e-21   -1.368275e-22
   55  122    6.800873e-20   -1.717305e-21
   55  123    1.140120e-16   -2.316501e-18
   55  124    2.166520e-16   -1.233672e-18
   55  125    1.070056e-13   -8.355220e-17
   55  126    5.079751e-14   -3.338943e-17
   55  127    3.353385e-12   -9.197529e-15
   55  128    1.369825e-13   -5.375557e-16
   55  129    6.840378e-13   -5.638909e-15
   55  130    7.197811e-15   -6.433046e-17
   55  131    6.414496e-15   -8.085954e-17
   55  132    1.908784e-17   -2.473078e-19
   55  133    5.339841e-18   -8.730606e-20
   55  134    8.732829e-21   -1.443335e-22
   55  135    4.621813e-22   -8.923678e-24
   55  136    3.326856e-25   -6.453663e-27
   55  137    5.944632e-27   -1.300390e-28
   56  120    7.578209e-28    1.990023e-29
   56  121    2.523431e-25    5.607341e-27
   56  122    1.702513e-20    2.830472e-22
   56  123    6.016057e-19    8.681248e-21
   56  124    2.187975e-15    2.011964e-17
   56  125    6.128131e-15    4.443256e-17
   56  126    5.806537e-12    1.401597e-14
   56  127    2.701743e-12    1.042800e-15
   56  128    1.466362e-10   -7.078324e-13
   56  129    1.665820e-11   -1.039853e-13
   56  130    2.522515e-10   -2.966168e-12
   56  131    5.991837e-12   -7.574703e-14
   56  132    1.407284e-11   -2.470584e-13
   56  133    1.313852e-13   -2.366098e-15
   56  134    7.978883e-14   -1.770979e-15
   56  135    2.910191e-16   -6.519964e-18
   56  136    4.702274e-17   -1.223342e-18
   56  137    8.721437e-20   -2.277808e-21
   56  138    3.249899e-21   -9.606983e-23
   56  139    1.699318e-27   -4.644323e-29
   56  140    1.130433e-30   -6.683220e-34
   57  123    1.178527e-28   -5.615690e-30
   57  124    1.009769e-26   -5.108353e-28
   57  125    1.104255e-22   -6.221004e-24
   57  126    2.506505e-21   -1.480715e-22
   57  127    3.285205e-18   -2.095917e-19
   57  128    5.411504e-18   -3.434897e-19
   57  129    1.826429e-15   -1.004164e-16
   57  130    1.528437e-15   -5.063942e-17
   57  131    1.682060e-13   -3.091967e-15
   57  132    1.279625e-14   -2.201215e-16
   57  133    5.046604e-13   -6.318068e-15
   57  134    1.612001e-14   -2.197551e-16
   57  135    3.292592e-14   -5.479891e-16
   57  136    5.042495e-16   -8.735002e-18
   57  137    1.778906e-16   -3.664160e-18
   57  138    1.402297e-18   -2.984156e-20
   57  139    1.939932e-19   -4.751333e-21
   57  140    4.923727e-25   -1.112418e-26
   57  141    1.315093e-29   -2.966682e-31
   58  125    7.480620e-30    1.508751e-31
   58  126    2.592515e-24    3.816510e-26
   58  127    1.978141e-22    2.623916e-24
   58  128    4.802225e-18    4.379902e-20
   58  129    3.766676e-17    2.773769e-19
   58  130    3.309660e-14    8.851829e-17
   58  131    4.759913e-14    4.581416e-17
   58  132    5.289630e-12   -1.903058e-14
   58  133    1.417614e-12   -7.452329e-15
   58  134    4.588982e-11   -4.479822e-13
   58  135    4.206385e-12   -4.604590e-14
   58  136    1.945349e-11   -2.962650e-13
   58  137    4.972170e-13   -7.939103e-15
   58  138    1.010015e-12   -2.095595e-14
   58  139    1.245146e-14   -2.696147e-16
   58  140    6.097296e-15   -1.597158e-16
   58  141    5.077246e-20   -1.255340e-21
   58  142    8.072110e-24   -2.021704e-25
   58  143    3.667867e-29   -8.572268e-31
   59  128    1.361841e-30   -7.028212e-32
   59  129    4.706882e-26   -2.635314e-27
   59  130    2.344781e-24   -1.371700e-25
   59  131    4.594517e-21   -2.903736e-22
   59  132    2.216532e-20   -1.402537e-21
   59  133    1.485445e-17   -6.742442e-19
   59  134    4.845524e-17    4.086315e-19
   59  135    1.300907e-14    3.447584e-16
   59  136    6.329576e-15    1.972226e-16
   59  137    2.879361e-13    9.586623e-15
   59  138    2.813486e-14    9.088380e-16
   59  139    2.144227e-13    6.248933e-15
   59  140    1.365203e-14    3.807594e-16
   59  141    1.908018e-14    4.499113e-16
   59  142    9.637634e-19    2.379912e-20
   59  143    4.799919e-22    1.152833e-23
   59  144    4.857717e-27    1.226183e-28
   59  145    3.971879e-29    8.826446e-31
   60  131    4.583153e-26    2.561457e-27
   60  132    2.858594e-21    1.486880e-22
   60  133    8.292228e-20    4.193659e-21
   60  134    1.606780e-16    7.416393e-18
   60  135    7.066264e-16    3.130046e-17
   60  136    1.913818e-13    7.622836e-15
   60  137    2.128107e-13    8.096527e-15
   60  138    9.793856e-12    3.278486e-13
   60  139    2.955490e-12    9.428548e-14
   60  140    4.036332e-11    1.061722e-12
   60  141    4.953539e-12    1.219876e-13
   60  142    2.622434e-11    4.549372e-13
   60  143    3.495479e-15    6.322148e-17
   60  144    6.367907e-18    1.083549e-19
   60  145    3.177269e-22    5.722101e-24
   60  146    1.545471e-25    2.665013e-27
   60  147    1.240555e-30    2.311885e-32
   61  133    1.465193e-29   -1.469820e-31
   61  134    5.915998e-28   -7.078477e-30
   61  135    5.726087e-24   -9.535257e-26
   61  136    6.209697e-23   -1.180669e-24
   61  137    5.647099e-20   -1.232666e-21
   61  138    3.958120e-19   -5.279809e-21
   61  139    2.030775e-16   -4.119207e-19
   61  140    1.103639e-15    5.222659e-19
   61  141    3.380246e-13   -7.079602e-16
   61  142    2.967285e-13   -1.199046e-15
   61  143    4.178208e-12   -3.214127e-14
   61  144    2.909745e-15   -2.101803e-17
   61  145    1.128370e-17   -9.666122e-20
   61  146    2.157159e-21   -1.718585e-23
   61  147    2.315142e-24   -2.099002e-26
   61  148    7.989580e-29   -6.495374e-31
   61  149    8.035508e-26   -2.538730e-29
   62  135    3.035551e-30    6.077926e-32
   62  136    1.784622e-25    2.538241e-27
   62  137    2.256431e-23    2.908564e-25
   62  138    3.985932e-19    3.811906e-21
   62  139    5.792455e-18    4.737708e-20
   62  140    2.949808e-15    9.989707e-18
   62  141    9.414972e-15    1.675607e-17
   62  142    2.733300e-12   -9.049168e-15
   62  143    3.710779e-12   -2.006642e-14
   62  144    2.512637e-10   -2.575435e-12
   62  145    3.907708e-13   -3.989115e-15
   62  146    7.245090e-15   -8.604754e-17
   62  147    3.497907e-18   -3.982882e-20
   62  148    1.513001e-20   -1.947611e-22
   62  149    1.500161e-24   -1.794121e-26
   62  150    3.284602e-27   -4.399777e-29
   63  139    1.059424e-27   -5.831552e-29
   63  140    1.118461e-25   -6.420875e-27
   63  141    1.261037e-22   -7.986509e-24
   63  142    4.436140e-21   -3.472602e-22
   63  143    8.077478e-18   -1.115599e-18
   63  144    1.711381e-16   -3.184096e-17
   63  145    3.681196e-14   -7.385368e-15
   63  146    2.865918e-16   -5.761429e-17
   63  147    1.017714e-17   -2.073106e-18
   63  148    1.409667e-20   -2.867728e-21
   63  149    2.352374e-22   -4.849416e-23
   63  150    4.251780e-26   -8.739140e-27
   63  151    1.491332e-26    1.051858e-27
   63  152    9.835104e-26   -1.772862e-29
   64  141    1.209251e-26   -2.391884e-27
   64  142    1.341198e-22   -2.737323e-23
   64  143    1.358212e-20   -2.800423e-21
   64  144    5.644843e-17   -1.195565e-17
   64  145    1.100697e-15   -2.362066e-16
   64  146    1.594079e-12   -3.510666e-13
   64  147    2.537438e-14   -5.602338e-15
   64  148    2.813156e-15   -6.247221e-16
   64  149    1.124723e-17   -2.500220e-18
   64  150    4.501233e-19   -1.011999e-19
   64  151    5.137629e-22   -1.152992e-22
   64  152    1.473498e-23   -3.399211e-24
   64  153    1.225053e-26   -2.822667e-27
   64  154    1.667306e-26    6.519702e-28
   64  155    9.166046e-30    3.058589e-31
   65  144    7.730964e-29   -2.200319e-29
   65  145    1.528801e-24   -4.445735e-25
   65  146    1.917730e-22   -5.650548e-23
   65  147    1.946990e-19   -5.858361e-20
   65  148    1.524518e-20   -4.602603e-21
   65  149    2.638774e-21   -8.077835e-22
   65  150    5.409127e-24   -1.868543e-24
   65  151    3.747189e-23   -5.398014e-23
   65  152    2.668824e-26   -3.930097e-26
   65  153    5.734374e-24   -9.138087e-24
   65  154    1.064474e-26   -1.662736e-26
   65  155    1.935736e-26   -3.402128e-25
   65  156    2.826015e-29   -6.168650e-28
   65  157    7.930760e-26    6.154589e-30
   65  158    4.514247e-28   -2.216956e-32
   66  146    1.314889e-30   -5.038180e-31
   66  147    3.696243e-27   -5.634674e-27
   66  148    2.477504e-22   -3.911844e-22
   66  149    6.238565e-23   -9.878369e-23
   66  150    2.805978e-22   -4.462775e-22
   66  151    2.083867e-22   -3.331693e-22
   66  152    3.410440e-21   -5.487095e-21
   66  153    1.305477e-22   -2.101630e-22
   66  154    1.261374e-21   -2.040014e-21
   66  155    1.130826e-23   -1.826785e-23
   66  156    1.121411e-22   -1.806139e-22
   66  157    5.095713e-25   -8.211169e-25
   66  158    1.205269e-25   -1.951714e-25
   66  159    2.169669e-28   -3.515523e-28
   67  149    1.151847e-30   -2.012257e-30
   67  151    5.797299e-28   -9.120732e-28
   67  152    1.283617e-26   -2.019024e-26
   67  153    3.742604e-24   -5.945482e-24
   67  154    1.043129e-23   -1.657340e-23
   67  155    4.260176e-22   -6.802059e-22
   67  156    1.270971e-24   -2.032081e-24
   67  157    5.135026e-22   -8.237982e-22
   67  158    4.698976e-24   -7.542714e-24
   67  159    6.712961e-24   -1.085750e-23
   67  160    1.133338e-26   -1.833580e-26
   67  161    6.404470e-26    8.692996e-27
   67  162    6.879275e-29    2.702326e-30
   68  151    2.281035e-27   -3.492489e-27
   68  152    5.903425e-26   -9.224127e-26
   68  153    1.426041e-24   -2.247248e-24
   68  154    7.314199e-22   -1.163759e-21
   68  155    1.431193e-21   -2.286087e-21
   68  156    2.776022e-20   -4.461455e-20
   68  157    9.687812e-22   -1.557781e-21
   68  158    8.402249e-20   -1.356168e-19
   68  159    1.145773e-21   -1.852847e-21
   68  160    2.677374e-21   -4.360638e-21
   68  161    2.957229e-23   -4.820590e-23
   68  162    1.013642e-23   -1.661531e-23
   68  163    3.498277e-26   -5.737936e-26
   68  164    1.252794e-26    6.101395e-27
   68  165    1.021698e-28    3.957163e-30
   69  155    2.001990e-29   -1.353755e-28
   69  156    7.020243e-27   -1.119689e-26
   69  157    2.465292e-24   -3.956543e-24
   69  158    1.399663e-22   -2.249397e-22
   69  159    9.322804e-23   -1.508621e-22
   69  160    2.485032e-23   -4.029746e-23
   69  161    6.298172e-22   -1.028085e-21
   69  162    1.151237e-23   -1.881210e-23
   69  163    4.746898e-23   -7.808590e-23
   69  164    1.852572e-25   -3.049492e-25
   69  165    1.116439e-25   -1.846602e-25
   69  166    1.871650e-28   -3.096518e-28
   69  167    6.389306e-27    2.650966e-29
   69  168    5.760187e-29    1.529433e-32
   70  155    5.336912e-28   -1.741530e-28
   70  156    1.687303e-26   -2.567547e-26
   70  157    2.400641e-25   -3.823125e-25
   70  158    7.975681e-23   -1.282704e-22
   70  159    1.142981e-22   -1.843726e-22
   70  160    7.611370e-21   -1.234695e-20
   70  161    1.668300e-21   -2.711946e-21
   70  162    2.454861e-20   -4.014922e-20
   70  163    1.283455e-21   -2.102522e-21
   70  164    5.060610e-21   -8.343609e-21
   70  165    1.097439e-22   -1.811149e-22
   70  166    6.958442e-23   -1.151327e-22
   70  167    5.358941e-25   -8.872467e-25
   70  168    7.870812e-26   -1.307524e-25
   70  169    1.630925e-28   -2.710139e-28
   71  160    1.120962e-30   -2.001900e-30
   71  161    6.713392e-27   -1.457647e-26
   71  162    3.751809e-26   -5.011150e-26
   71  163    5.040172e-24   -7.963798e-24
   71  164    7.918686e-25   -1.255247e-24
   71  165    2.149212e-23   -3.426427e-23
   71  166    8.336140e-25   -1.332564e-24
   71  167    6.070366e-23   -9.798771e-23
   71  168    8.887749e-25   -1.436547e-24
   71  169    9.021342e-25   -1.465492e-24
   71  170    2.163970e-27   -3.516712e-27
   71  171    1.149750e-26    4.698170e-28
   71  172    1.352557e-28    3.152716e-31
   72  161    3.370337e-28   -5.235780e-28
   72  162    1.703532e-25   -2.680343e-25
   72  163    8.418372e-25   -1.325991e-24
   72  164    1.393592e-22   -2.209075e-22
   72  165    1.939969e-23   -3.083503e-23
   72  166    3.385258e-21   -5.406159e-21
   72  167    2.403579e-22   -3.848480e-22
   72  168    2.382521e-21   -3.851986e-21
   72  169    8.746034e-23   -1.416005e-22
   72  170    1.001378e-22   -1.632290e-22
   72  171    1.334116e-24   -2.176335e-24
   72  172    1.973857e-25   -3.215583e-25
   72  173    8.436918e-28   -1.375154e-27
   73  165    1.011043e-30   -1.773638e-30
   73  167    1.421189e-28   -2.512725e-28
   73  168    1.638127e-29   -2.903822e-29
   73  169    1.998386e-28   -4.003924e-28
   73  170    4.944532e-29   -3.913016e-28
   73  171    5.556853e-27   -1.332658e-26
   73  172    1.708275e-30   -1.442058e-29
   73  173    1.344262e-26    1.941552e-27
   73  174    3.008860e-29    1.512378e-29
   73  175    6.419585e-26   -4.568864e-34
   74  168    4.311456e-30   -7.384113e-29
   74  169    1.862549e-27   -4.291344e-27
   74  170    5.798236e-26   -1.379753e-25
   74  171    1.218794e-26   -2.941465e-26
   74  172    1.795438e-25   -4.547564e-25
   74  173    1.691152e-26   -4.471346e-26
   74  174    3.644865e-26   -9.067526e-26
   74  175    9.754663e-28   -2.419295e-27
   74  176    9.327320e-26    3.431928e-26
   74  177    7.420635e-28    4.223121e-29
   75  175    9.035102e-30   -1.628260e-28
   75  176    1.998885e-26    1.815435e-26
   75  177    2.397047e-26   -8.905640e-26
   75  178    2.152652e-28   -8.923656e-27
   76  175    4.457606e-28   -1.179309e-29
   76  176    2.179485e-28   -3.055188e-27
   76  177    2.147279e-26   -2.637305e-26
   76  178    4.109897e-26   -1.306035e-25
   76  179    1.799412e-27   -9.453133e-27
   76  180    5.729146e-26   -8.154051e-35
   77  180    5.408065e-27   -1.332679e-28
   77  181    3.514882e-27   -1.194303e-26
   78  181    1.038107e-26   -4.006783e-28
   78  182    1.025941e-28   -1.991784e-27
   78  186    7.841950e-26    7.841950e-26
   78  187    5.958027e-29    5.958027e-29
   79  187    1.573946e-26    7.673823e-36
   79  189    1.135935e-27    1.135935e-27
   79  190    2.744120e-30    2.744120e-30
   80  189    1.024967e-25    1.007750e-25
   80  190    1.037890e-25   -1.175477e-25
   80  191    3.959276e-27   -2.518622e-27
   81  191    6.404009e-29   -7.474929e-28
   81  193    6.414063e-27   -3.700913e-37
   82  193    1.499747e-26   -2.768755e-29
   82  194    3.843430e-26   -5.955118e-26
    0    1    1.002970e-10    6.861223e-13
    1    1    6.995004e-07   -4.499689e-08
    2    4    1.330763e-07    1.124526e-09
