1.4735e-02
1.9219e-03
9.2961e-01
4.5248e+04
    1    2    4.308145e-25   -6.482719e-26
    6   11    1.468764e-28    2.974872e-29
    6   12    7.736613e-04   -1.425943e-15
    6   13    3.406214e-15    4.275116e-16
    6   14    1.037448e-21    2.442270e-22
    7   13    9.381834e-13   -4.383835e-15
    7   14    3.562045e-20    8.217197e-21
    7   15    5.395383e-23    1.258548e-23
    8   14    3.063114e-21    3.093122e-22
    8   15    5.712828e-29    1.665411e-29
    8   16    4.583193e-02   -1.310088e-10
    8   17    5.609140e-13    7.043305e-14
    8   18    6.015350e-17    7.553448e-18
    8   19    1.484638e-28    3.494787e-29
    9   17    8.232571e-18   -5.542638e-20
    9   18    8.400645e-22    1.633679e-22
    9   19    8.915109e-22    1.655143e-22
   10   18    3.193708e-26   -5.283676e-30
   10   20    8.353542e-03    1.215302e-10
   10   21    3.015563e-05   -9.956632e-13
   10   22    3.692473e-06   -1.814410e-13
   10   23    4.443674e-17    5.579115e-18
   10   24    2.664002e-29    6.271030e-30
   11   21    5.364534e-14    4.621428e-15
   11   22    2.228648e-13    1.920643e-14
   11   23    1.457139e-04   -8.371297e-13
   11   24    3.922868e-14    4.925894e-15
   11   25    4.324869e-24    1.017622e-24
   12   22    4.149371e-24    6.897703e-25
   12   23    1.352583e-18    1.763752e-19
   12   24    2.013354e-03    9.489850e-12
   12   25    4.441883e-04    1.685186e-13
   12   26    2.597266e-04    1.475584e-10
   12   27    8.335414e-15    1.046662e-15
   12   28    8.743243e-25    2.058251e-25
   13   24    3.875322e-29    9.131185e-30
   13   25    2.683695e-12    2.301637e-13
   13   26    1.408278e-04   -1.474241e-10
   13   27    2.011964e-04    1.842115e-13
   13   28    1.030034e-13    1.293792e-14
   13   29    5.558277e-21    7.094415e-22
   14   26    2.533593e-22    4.203036e-23
   14   27    1.968511e-13    1.693010e-14
   14   28    2.358143e-04    1.051156e-12
   14   29    6.520005e-05    7.687666e-14
   14   30    2.844541e-05    2.079546e-12
   14   31    2.131402e-15    2.676370e-16
   14   32    3.246378e-25    7.642332e-26
   15   28    5.643957e-24    9.258384e-25
   15   29    6.022130e-15    5.233512e-16
   15   30    2.314157e-07   -2.054446e-12
   15   31    2.104119e-06    1.863495e-13
   15   32    7.587264e-16    9.527238e-17
   15   33    4.582723e-18    5.754501e-19
   15   34    6.194784e-28    1.458123e-28
   16   30    3.403251e-26    5.682874e-27
   16   31    3.503670e-10   -1.816291e-13
   16   32    1.166119e-06    1.829673e-15
   16   33    2.100891e-08    3.204701e-16
   16   34    2.736454e-07    1.527075e-16
   16   35    1.786066e-17    2.242746e-18
   16   36    9.824894e-26    2.312890e-26
   17   32    1.345394e-21    8.926072e-23
   17   33    1.636852e-16    1.405135e-17
   17   34    1.487278e-18    1.275086e-19
   17   35    1.020433e-08    1.165675e-17
   17   36    9.647324e-18    1.211401e-18
   17   37    3.913785e-26    7.668515e-27
   18   34    4.178134e-27    6.919460e-28
   18   35    1.139958e-24    1.441962e-25
   18   36    8.448026e-10    2.062062e-19
   18   37    8.371991e-19    1.051634e-19
   18   38    2.659022e-10    5.291102e-20
   18   39    9.074982e-20    1.139534e-20
   18   40    3.726065e-21    4.678804e-22
   19   37    1.579727e-20    1.333208e-21
   19   38    9.690039e-30    2.255948e-30
   19   39    3.745177e-12    4.311477e-21
   19   40    4.519279e-21    5.674799e-22
   19   41    1.337953e-28    2.519601e-29
   19   43    4.033984e-28    5.065732e-29
   20   40    2.851209e-14    6.025730e-24
   20   41    2.742589e-23    3.443833e-24
   20   42    4.763924e-08   -1.081085e-17
   20   43    1.463411e-08    7.550538e-19
   20   44    7.048443e-08    4.379690e-19
   20   45    7.035429e-17    8.834294e-18
   20   46    2.020422e-10   -1.382883e-20
   20   47    1.005460e-19    1.262543e-20
   20   48    2.292639e-09   -5.236136e-20
   20   49    2.385328e-19    2.995197e-20
   20   50    1.404933e-29    3.307355e-30
   21   41    2.826234e-27   -5.182760e-29
   21   43    3.087527e-18    2.660860e-19
   21   44    1.158914e-18    9.987641e-20
   21   45    6.669494e-09   -5.056855e-18
   21   46    4.341218e-17    5.451209e-18
   21   47    1.429212e-20    1.244663e-21
   21   48    1.271072e-19    1.095434e-20
   21   49    1.329078e-19    1.145450e-20
   21   50    2.315699e-29    4.299293e-30
   22   44    3.567120e-29    5.218329e-30
   22   45    4.028751e-27    3.492135e-28
   22   46    2.020422e-08   -8.594628e-18
   22   47    7.854394e-09    2.748547e-18
   22   48    1.436025e-08    7.223901e-19
   22   49    1.733388e-08   -7.669619e-20
   22   50    5.602375e-08    2.029378e-18
   22   51    2.426298e-17    3.046627e-18
   22   52    1.027869e-26    1.995607e-27
   23   47    2.904304e-19    2.502954e-20
   23   48    1.244757e-19    1.072749e-20
   23   49    2.164409e-19    1.865319e-20
   23   50    1.999109e-15    2.256735e-20
   23   51    4.904040e-09   -2.498439e-18
   23   52    2.042990e-17    2.565298e-18
   23   53    1.738695e-26    4.092972e-27
   24   50    9.383978e-13   -5.211688e-22
   24   51    4.876302e-21    5.836941e-22
   24   52    5.579288e-08   -8.937071e-18
   24   53    1.074040e-08    2.088035e-18
   24   54    1.369099e-07   -8.172253e-18
   24   55    1.189877e-16    1.494078e-17
   24   56    6.924928e-26    1.630183e-26
   25   51    2.649131e-24    2.283051e-25
   25   53    1.720844e-19    1.483049e-20
   25   54    3.980787e-20    3.431222e-21
   25   55    3.456011e-08   -1.594737e-17
   25   56    1.274547e-16    1.600430e-17
   25   57    2.759233e-25    6.495400e-26
   26   54    4.446329e-09   -1.860874e-18
   26   55    1.486225e-17    1.864482e-18
   26   56    1.766820e-06   -3.355964e-16
   26   57    9.986690e-07   -2.794660e-16
   26   58    5.174607e-06   -4.598669e-16
   26   59    8.553102e-15    1.074002e-15
   26   60    9.851873e-24    2.319238e-24
   27   55    2.615873e-21    2.254400e-22
   27   56    1.424933e-29    2.853039e-30
   27   57    1.430613e-18    1.232927e-19
   27   58    1.353761e-18    1.166712e-19
   27   59    2.034761e-06   -5.704890e-16
   27   60    4.548279e-15    5.711207e-16
   27   61    1.990838e-23    4.659636e-24
   28   58    6.192280e-10   -4.028141e-19
   28   59    3.210078e-18    4.029950e-19
   28   60    2.667798e-06   -1.357098e-15
   28   61    1.015184e-06    3.192670e-16
   28   62    2.259022e-06    6.324515e-16
   28   63    3.233009e-15    4.059648e-16
   28   64    1.389652e-06   -1.890810e-16
   28   65    1.518114e-15    1.906275e-16
   28   66    1.514635e-24    3.565614e-25
   29   59    9.233796e-23    7.957019e-24
   29   61    6.247610e-19    5.384299e-20
   29   62    4.311501e-19    3.715677e-20
   29   63    8.717981e-07   -1.282844e-15
   29   64    1.021597e-14    1.282807e-15
   29   65    1.075841e-06   -6.530090e-16
   29   66    5.200618e-15    6.530243e-16
   29   67    1.724792e-22    2.578751e-23
   30   62    3.469477e-30    4.430357e-31
   30   64    8.425447e-07   -7.894593e-16
   30   65    6.282394e-15    7.888722e-16
   30   66    1.302067e-06   -7.480004e-16
   30   67    2.837024e-07    2.158454e-16
   30   68    1.322620e-06    1.767811e-16
   30   69    2.817182e-15    3.537494e-16
   30   70    1.327706e-10   -4.224608e-20
   30   71    3.374203e-19    4.236798e-20
   30   72    8.188147e-28    1.927557e-28
   31   65    1.079954e-19    9.307166e-21
   31   66    8.986295e-28    1.908812e-28
   31   67    2.752144e-19    2.371853e-20
   31   68    6.857365e-20    5.909801e-21
   31   69    1.594879e-07   -3.387706e-16
   31   70    2.698111e-15    3.387970e-16
   31   71    1.407639e-07   -2.355801e-16
   31   72    1.876085e-15    2.355776e-16
   31   73    2.507448e-23    5.902804e-24
   32   68    5.023915e-28    6.384555e-29
   32   69    5.437784e-27    4.686710e-28
   32   70    2.286684e-07   -2.824003e-16
   32   71    2.249016e-15    2.824053e-16
   32   72    2.362112e-07   -2.609991e-16
   32   73    4.522465e-08    1.372625e-16
   32   74    1.757502e-07   -9.916268e-18
   32   75    1.064358e-15    1.336499e-16
   32   76    1.249214e-11   -5.925796e-21
   32   77    4.733810e-20    5.944185e-21
   32   78    1.252783e-28    2.949187e-29
   33   71    1.923375e-20    1.657606e-21
   33   72    6.669541e-28    1.280822e-28
   33   73    2.812629e-20    2.423986e-21
   33   74    3.211048e-21    2.767344e-22
   33   75    2.000848e-08   -1.545966e-16
   33   76    1.231189e-15    1.545988e-16
   33   77    2.759434e-23    6.265171e-24
   34   74    1.487131e-24    2.146210e-30
   34   75    7.502068e-23    6.465581e-24
   34   76    4.988957e-08   -1.356993e-16
   34   77    1.818953e-08    4.261102e-17
   34   78    7.041447e-08    3.210255e-17
   34   79    4.856656e-16    6.098441e-17
   34   80    4.239297e-09   -2.392737e-18
   34   81    1.905546e-17    2.392759e-18
   34   82    3.172076e-12   -3.953511e-22
   34   83    3.169280e-21    3.979609e-22
   34   84    4.606309e-30    1.084374e-30
   35   77    1.839425e-21    1.585258e-22
   35   78    7.064164e-22    6.087910e-23
   35   79    8.345309e-09   -6.723626e-17
   35   80    5.354526e-16    6.723577e-17
   35   81    7.274689e-09   -3.116265e-17
   35   82    2.481723e-16    3.116268e-17
   35   83    6.194229e-24    1.455170e-24
   36   78    1.282740e-30    2.431723e-31
   36   79    4.129183e-26    3.558782e-27
   36   80    2.125901e-08   -8.422722e-17
   36   81    6.707709e-16    8.422783e-17
   36   82    5.111923e-08   -7.214819e-17
   36   83    1.566929e-08    2.894006e-17
   36   84    5.823898e-08    1.795864e-17
   36   85    2.010803e-16    2.524939e-17
   36   86    4.641503e-10   -1.957146e-20
   36   87    1.558609e-19    1.957122e-20
   36   88    1.379729e-28    3.248033e-29
   37   81    1.904220e-22    1.641102e-23
   37   82    1.650011e-29    3.196631e-30
   37   83    5.426315e-22    4.676532e-23
   37   84    1.418890e-22    1.222832e-23
   37   85    8.462411e-09   -2.389951e-17
   37   86    1.903306e-16    2.389956e-17
   37   87    5.853056e-11   -1.353914e-20
   37   88    1.078293e-19    1.353992e-20
   37   89    5.306485e-28    1.249200e-28
   38   84    2.620158e-24   -7.407639e-33
   38   85    5.186146e-25    4.469664e-26
   38   86    1.977583e-08   -1.539727e-17
   38   87    1.264904e-08    2.186371e-18
   38   88    3.410537e-08    1.027879e-17
   38   89    2.335103e-17    2.932157e-18
   38   90    2.327030e-25    3.155520e-26
   39   87    6.275165e-23    5.408098e-24
   39   88    4.378704e-23    3.773679e-24
   39   89    5.047083e-09   -1.271662e-18
   39   90    1.012728e-17    1.271670e-18
   39   91    1.336338e-25    3.145877e-26
   40   90    2.223165e-09   -6.795508e-19
   40   91    5.705716e-10    2.529066e-19
   40   92    6.513631e-10    1.241545e-19
   40   93    1.936305e-10    1.039556e-19
   40   94    4.140053e-10    2.029369e-20
   40   95    1.419090e-18    1.781934e-19
   40   96    7.701181e-13   -7.495517e-23
   40   97    5.969361e-22    7.495642e-23
   41   91    2.009456e-24    1.731803e-25
   41   92    5.069841e-25    4.368570e-26
   41   93    7.196599e-14   -2.136291e-22
   41   94    1.701875e-21    2.137011e-22
   41   95    2.057186e-25    1.795336e-26
   41   96    2.964745e-28    2.567639e-29
   41   97    1.253956e-28    1.924635e-29
   42   92    3.795087e-17   -3.922748e-26
   42   93    3.125196e-25    3.924223e-26
   42   94    1.277137e-13   -1.966416e-22
   42   95    3.569934e-11   -1.268476e-19
   42   96    8.222236e-11    4.674010e-21
   42   97    2.578413e-11    1.981233e-21
   42   98    7.544014e-11    2.118650e-20
   42   99    7.899005e-19    9.918679e-20
   42  100    1.700721e-15   -3.011038e-24
   42  101    2.400133e-23    3.013801e-24
   43   95    3.735256e-29    3.219159e-30
   43   96    9.010246e-27    7.765274e-28
   43   97    2.063327e-26    1.778234e-27
   43   98    1.152419e-27    9.931833e-29
   43   99    2.728429e-13   -2.978707e-21
   43  100    2.371325e-20    2.976674e-21
   43  101    1.571798e-27    3.705761e-28
   44   96    3.532748e-26   -2.590909e-38
   44   98    6.625258e-24   -1.479062e-32
   44   99    8.074129e-12   -6.062148e-20
   44  100    3.391438e-11   -3.606169e-20
   44  101    7.022779e-12   -6.778179e-21
   44  102    1.441870e-14    1.034314e-19
   44  103    2.147291e-22    2.696397e-23
   44  104    4.661168e-25    1.115618e-25
   45  100    4.074170e-28    3.511238e-29
   45  101    1.783093e-27    1.536724e-28
   45  102    1.245257e-28    1.073196e-29
   45  103    7.469185e-12   -9.885825e-20
   45  104    7.871801e-19    9.883344e-20
   45  105    6.746342e-26    1.588099e-26
   46  103    9.238637e-29    7.962188e-30
   46  104    2.116282e-11   -8.253877e-20
   46  105    4.944953e-12   -8.325175e-21
   46  106    2.265111e-11    1.926465e-20
   46  107    5.703955e-19    7.162380e-20
   46  108    2.501060e-11   -6.579303e-20
   46  109    5.239616e-19    6.579316e-20
   46  110    1.000424e-14   -1.769996e-23
   46  111    1.419593e-22    1.782558e-23
   46  112    3.236742e-30    7.619647e-31
   47  105    2.959903e-28    2.550938e-29
   47  106    5.354314e-29    4.614481e-30
   47  107    4.291538e-12   -6.007488e-20
   47  108    4.784035e-19    6.007041e-20
   47  109    6.599127e-12   -9.459462e-20
   47  110    7.531587e-19    9.455384e-20
   47  111    8.223368e-26    1.935965e-26
   48  108    3.603379e-13   -9.803856e-22
   48  109    7.842046e-21    9.847153e-22
   48  110    1.909901e-11   -5.963969e-20
   48  111    4.587530e-12    4.630409e-21
   48  112    2.054442e-11    2.173453e-21
   48  113    4.210961e-19    5.287649e-20
   48  114    3.413728e-11   -6.281347e-20
   48  115    5.002324e-19    6.281352e-20
   48  116    2.673547e-15   -2.977090e-24
   48  117    2.372788e-23    2.979477e-24
   49  109    1.466537e-30    1.263910e-31
   49  111    8.884696e-29    7.657128e-30
   49  112    1.745147e-29    1.504009e-30
   49  113    6.099931e-12   -6.836305e-20
   49  114    5.443849e-19    6.835294e-20
   49  115    8.837939e-26    2.083471e-26
   49  117    1.474875e-29    3.528703e-30
   50  112    1.518501e-24   -4.245644e-33
   50  114    1.053078e-13   -1.799240e-22
   50  115    5.384891e-12   -2.624021e-20
   50  116    3.958575e-11   -2.174493e-20
   50  117    8.542083e-12    9.384710e-21
   50  118    4.908861e-11   -1.549090e-22
   50  119    1.176970e-11    4.987948e-22
   50  120    6.577789e-11    6.793828e-21
   50  121    2.520762e-19    3.165287e-20
   50  122    5.075922e-13   -1.374819e-22
   50  123    1.094912e-21    1.374866e-22
   50  124    5.881526e-14   -7.553097e-24
   50  125    6.015118e-23    7.553100e-24
   51  116    7.143403e-30    6.156373e-31
   51  117    5.146903e-29    4.435774e-30
   51  118    1.210683e-29    1.043367e-30
   51  119    7.833360e-29    6.751063e-30
   51  120    1.210636e-29    1.043357e-30
   51  121    3.464278e-12   -2.708121e-20
   51  122    2.156684e-19    2.708121e-20
   51  123    8.946882e-14   -3.564830e-22
   51  124    2.838970e-21    3.564860e-22
   51  125    1.177721e-28    2.772087e-29
   52  120    1.000424e-30   -1.401298e-45
   52  122    9.020217e-12   -3.809588e-20
   52  123    3.001272e-12   -1.083064e-20
   52  124    1.532908e-11    1.513125e-20
   52  125    5.674405e-12   -1.619409e-20
   52  126    2.620158e-11    2.070327e-20
   52  127    2.332260e-19    2.928587e-20
   52  128    5.697728e-13   -3.828615e-22
   52  129    3.049146e-21    3.828769e-22
   52  130    1.846937e-12   -3.887256e-22
   52  131    3.095709e-21    3.887229e-22
   52  132    8.076523e-30    1.901301e-30
   53  123    6.569570e-30    5.661893e-31
   53  124    1.860112e-30    1.603109e-31
   53  125    1.813871e-29    1.563260e-30
   53  126    1.413988e-30    1.218622e-31
   53  127    3.615706e-12   -3.089200e-20
   53  128    2.460158e-19    3.089179e-20
   53  129    1.660678e-26    3.925256e-27
   53  130    1.598042e-30    1.429477e-31
   53  131    1.148697e-26    2.749406e-27
   54  126    1.587975e-27    0.000000e+00
   54  128    9.378976e-12   -3.588592e-20
   54  129    4.878037e-12   -1.706425e-20
   54  130    1.462158e-11    2.324067e-20
   54  131    6.636401e-12   -1.458087e-21
   54  132    4.009275e-11   -4.915140e-21
   54  133    2.873560e-19    3.608291e-20
   54  134    1.269195e-13   -3.544207e-23
   54  135    2.822586e-22    3.544284e-23
   54  136    8.091666e-12   -7.614424e-23
   54  137    6.063860e-22    7.614139e-23
   55  129    3.258450e-30    2.808257e-31
   55  131    6.504180e-30    5.605551e-31
   55  133    4.580889e-12   -2.807644e-20
   55  134    2.235941e-19    2.807643e-20
   55  135    1.062814e-26    2.502156e-27
   55  136    3.013543e-30    2.780970e-31
   55  137    1.473839e-26    3.527634e-27
   56  132    1.667374e-27    0.000000e+00
   56  134    1.045219e-11   -2.614759e-20
   56  135    5.105868e-12   -1.012303e-20
   56  136    3.449992e-11    7.536585e-21
   56  137    4.228070e-11   -1.562140e-20
   56  138    3.979948e-10    2.397997e-20
   56  139    1.622654e-19    2.037543e-20
   56  140    2.410173e-28    5.673812e-29
   57  135    1.596868e-30    1.376243e-31
   57  137    4.115760e-30    3.547122e-31
   57  138    5.008376e-28    6.273148e-29
   57  139    3.735396e-11   -1.358154e-20
   57  140    1.081606e-19    1.358158e-20
   57  141    9.856253e-28    2.320268e-28
   58  138    2.102340e-25   -5.636038e-34
   58  139    7.672832e-27    9.634237e-28
   58  140    9.289652e-11   -1.404568e-20
   58  141    1.118854e-19    1.404931e-20
   58  142    9.158812e-14   -3.962813e-23
   58  143    3.162714e-22    3.971380e-23
   58  144    1.687453e-30    3.972397e-31
   59  141    7.804727e-12   -9.528064e-21
   59  142    7.587931e-20    9.528063e-21
   59  143    1.659696e-27    3.907691e-28
   60  142    1.831762e-11   -8.341073e-21
   60  143    3.281111e-12   -2.752674e-21
   60  144    6.940442e-12    3.236256e-21
   60  145    1.586880e-12   -2.032996e-21
   60  146    4.721180e-12    2.262458e-21
   60  147    6.072890e-20    7.625656e-21
   60  148    1.554713e-15   -5.844469e-24
   60  149    4.654925e-23    5.845136e-24
   60  150    2.527738e-21   -7.728204e-30
   60  151    6.331699e-29    7.950645e-30
   61  147    3.880603e-28    8.940737e-29
   61  148    1.478792e-26    1.856899e-27
   61  149    4.187351e-29    1.002165e-29
   62  144    3.536221e-20   -4.581597e-29
   62  145    3.648665e-28    4.581580e-29
   62  147    7.486166e-13   -1.555920e-20
   62  148    2.697089e-12    2.321243e-21
   62  149    4.961832e-13   -3.735896e-20
   62  150    1.600679e-12    2.988129e-20
   62  151    1.649634e-19    2.071429e-20
   62  152    2.626113e-13   -3.096655e-21
   62  153    2.466108e-20    3.096666e-21
   62  154    1.429177e-15   -6.300751e-24
   62  155    5.018424e-23    6.301554e-24
   63  151    1.722580e-13   -5.792763e-20
   63  152    4.613190e-19    5.792756e-20
   63  153    2.282012e-13   -1.678620e-20
   63  154    1.336812e-19    1.678625e-20
   63  155    4.958230e-26    1.167310e-26
   64  152    5.982798e-13   -1.730532e-20
   64  153    1.378152e-19    1.730530e-20
   64  154    7.795511e-13   -2.138956e-20
   64  155    2.575285e-13   -2.826040e-21
   64  156    1.090206e-12    4.903742e-21
   64  157    4.772724e-13    2.310753e-22
   64  158    2.906295e-12   -6.678922e-21
   64  159    2.051440e-19    2.575972e-20
   64  160    8.753711e-17   -2.982003e-25
   64  161    2.385421e-24    2.995278e-25
   65  159    3.705971e-13   -3.444828e-20
   65  160    2.743368e-19    3.444826e-20
   65  161    1.047847e-25    2.466786e-26
   66  156    1.026076e-30   -5.079707e-45
   66  158    8.864516e-14   -2.428456e-21
   66  159    1.933962e-20    2.428455e-21
   66  160    8.753709e-13   -2.928339e-20
   66  161    3.287109e-13    1.495140e-20
   66  162    1.358601e-12   -3.044793e-21
   66  163    2.448892e-13    7.833902e-21
   66  164    6.033046e-13    5.691140e-21
   66  165    3.067429e-20    3.851738e-21
   66  166    5.958567e-28    1.402712e-28
   67  165    4.844473e-13   -6.160494e-20
   67  166    4.906046e-19    6.160492e-20
   67  167    8.572786e-26    2.018127e-26
   68  164    6.710160e-13   -2.505734e-20
   68  165    1.995503e-19    2.505733e-20
   68  166    1.024531e-12   -1.977778e-20
   68  167    4.067591e-13   -1.833127e-20
   68  168    1.667374e-12    1.455462e-20
   68  169    1.875816e-19    2.355444e-20
   68  170    3.289630e-15   -1.838396e-23
   68  171    1.464367e-22    1.838790e-23
   68  172    2.105870e-30    4.957461e-31
   69  169    5.321776e-13   -8.294963e-20
   69  170    6.605883e-19    8.294955e-20
   69  171    3.326135e-25    7.830131e-26
   69  172    1.341490e-28    1.685710e-29
   69  173    2.598093e-30    3.262773e-31
   70  168    1.012334e-30   -5.430032e-45
   70  170    8.238785e-13   -1.790450e-20
   70  171    4.206462e-13    1.918765e-22
   70  172    1.395941e-12    5.817300e-21
   70  173    6.939358e-13   -4.422909e-21
   70  174    3.156511e-12    4.171021e-21
   70  175    9.673736e-20    1.214721e-20
   70  176    1.591584e-15   -6.455531e-24
   70  177    5.143606e-23    6.458771e-24
   71  175    4.567649e-13   -2.652601e-20
   71  176    8.528449e-16    2.646062e-20
   71  177    5.206908e-22    6.539044e-23
   71  178    2.786208e-29    5.882286e-30
   72  176    1.193688e-12   -3.886147e-20
   72  177    3.950826e-13   -1.481499e-20
   72  178    1.686108e-12    3.259995e-20
   72  179    4.800918e-13    4.773312e-22
   72  180    2.773398e-12    7.969604e-21
   72  181    1.016463e-19    1.276362e-20
   72  182    2.248965e-26    5.294339e-27
   73  180    3.440345e-15   -2.563506e-22
   73  181    7.185364e-13   -2.645162e-20
   73  182    2.114533e-19    2.655207e-20
   73  183    4.886304e-26    1.150295e-26
   74  180    5.385616e-14   -9.892631e-22
   74  181    8.052048e-21    1.011087e-21
   74  182    1.813956e-12   -1.592231e-20
   74  183    9.293557e-13   -7.431413e-21
   74  184    2.060656e-12   -1.919179e-21
   74  185    2.012669e-19    2.527290e-20
   74  186    8.067936e-14   -1.023606e-21
   74  187    8.151790e-21    1.023613e-21
   74  188    1.321225e-28    3.110310e-29
   75  185    3.076965e-13   -1.889292e-19
   75  186    1.504580e-18    1.889289e-19
   75  187    6.954804e-15   -2.061046e-21
   75  188    1.641614e-20    2.061370e-21
   75  189    2.315759e-27    5.451555e-28
   76  186    1.075725e-12   -1.165413e-20
   76  187    5.077017e-13   -1.956180e-20
   76  188    1.117495e-12    1.046614e-20
   76  189    3.858778e-13   -6.703214e-21
   76  190    1.474309e-12    1.369455e-20
   76  191    1.095687e-19    1.375844e-20
   76  192    3.121114e-14   -6.244818e-22
   76  193    4.973315e-21    6.244951e-22
   76  194    5.271108e-29    1.240878e-29
   77  191    3.294585e-13   -6.904629e-20
   77  192    5.498627e-19    6.904578e-20
   77  193    3.208610e-13   -4.975166e-20
   77  194    3.962120e-19    4.975216e-20
   77  195    1.541415e-26    3.628665e-27
   78  190    1.000424e-30   -2.101948e-45
   78  192    1.094214e-12   -2.409160e-20
   78  193    1.918590e-19    2.409150e-20
   78  194    1.340774e-12   -1.517306e-20
   78  195    3.996566e-13   -2.044405e-21
   78  196    2.342830e-12    8.013918e-21
   78  197    7.329568e-20    9.203656e-21
   78  198    4.390750e-15   -6.339351e-24
   78  199    5.048664e-23    6.339532e-24
   79  197    7.109612e-13   -1.006592e-20
   79  198    8.016245e-20    1.006592e-20
   79  199    3.991180e-27    9.401677e-28
   80  196    1.378135e-17   -2.296986e-25
   80  197    1.829263e-24    2.296986e-25
   80  198    2.319165e-12   -6.418556e-21
   80  199    1.055724e-12    5.344952e-22
   80  200    3.396440e-12   -2.194359e-22
   80  201    1.493170e-12    1.715939e-21
   80  202    5.447854e-12   -1.609602e-21
   80  203    4.775999e-20    5.997161e-21
   80  204    8.827272e-14   -5.439042e-23
   80  205    4.331452e-22    5.438858e-23
   81  203    3.296964e-12   -3.883669e-21
   81  204    3.092866e-20    3.883668e-21
   81  205    2.532781e-13   -1.166611e-22
   81  206    9.290590e-22    1.166582e-22
   81  207    1.694155e-30    3.988172e-31
   82  204    4.899136e-12   -5.381543e-21
   82  205    9.272223e-12   -6.743661e-21
   82  206    4.705878e-11    8.370163e-22
   82  207    6.282857e-11    3.900157e-21
   82  208    1.298627e-10    6.478194e-21
   82  209    7.245768e-21    9.098426e-22
   82  210    1.247678e-30    2.937171e-31
   83  209    3.106580e-12   -1.052603e-22
   83  210    8.382759e-22    1.052612e-22
   84  210    1.077532e-29    2.579097e-30
    0    1    1.168336e-18   -8.511479e-21
    1    1    6.036879e-15   -4.059190e-17
    2    4    1.956078e-08   -1.429460e-10
