5.9611e-02
7.7753e-03
1.0233e+00
5.8775e+04
    1    2    2.647344e-26   -5.502734e-27
    5   10    1.985403e-30    1.099877e-31
    5   11    3.561687e-29    8.573734e-30
    6   11    1.041919e-26    1.506979e-27
    6   12    7.736613e-04   -4.094771e-14
    6   13    6.013191e-14    5.295732e-15
    6   14    3.405207e-19    5.720109e-20
    7   13    1.759573e-13   -1.655173e-14
    7   14    1.178684e-17    2.026758e-18
    7   15    2.582546e-20    4.441625e-21
    8   14    1.345460e-20    7.628488e-22
    8   15    2.017698e-25    4.875443e-26
    8   16    4.583192e-02   -8.925092e-10
    8   17    1.007647e-11    8.921180e-13
    8   18    1.464210e-15    1.296328e-16
    8   19    6.826462e-26    1.146107e-26
    9   17    7.259052e-18   -6.826949e-19
    9   18    1.879129e-19    3.137613e-20
    9   19    1.341514e-19    2.215363e-20
    9   20    4.141672e-28    9.654433e-29
   10   18    2.452477e-26    1.696043e-28
   10   19    3.331474e-28    7.901191e-29
   10   20    8.353551e-03    8.218000e-10
   10   21    3.015551e-05   -1.170279e-11
   10   22    3.692452e-06   -2.030118e-12
   10   23    7.621691e-16    6.741707e-17
   10   24    7.604375e-27    1.277014e-27
   11   21    7.834657e-13    6.950297e-14
   11   22    2.391720e-12    2.126168e-13
   11   23    1.457138e-04   -1.091414e-11
   11   24    6.377209e-13    5.646424e-14
   11   25    1.107030e-21    1.857819e-22
   12   22    7.228568e-22    1.216915e-22
   12   23    2.264165e-16    2.948025e-17
   12   24    2.013354e-03    7.528428e-11
   12   25    4.441883e-04    1.785419e-12
   12   26    2.597315e-04    7.784910e-10
   12   27    1.472874e-13    1.304024e-14
   12   28    2.443798e-22    4.105185e-23
   13   24    2.032278e-26    1.481628e-27
   13   25    2.076939e-11    1.340772e-12
   13   26    1.408229e-04   -7.772058e-10
   13   27    2.011964e-04    1.929215e-12
   13   28    1.748374e-12    1.547673e-13
   13   29    8.473454e-19    7.565634e-20
   13   30    6.960945e-28    1.168747e-28
   14   26    2.332947e-20    3.635814e-21
   14   27    2.356847e-12    2.077168e-13
   14   28    2.358144e-04    1.066646e-11
   14   29    6.520007e-05    1.079258e-12
   14   30    2.844546e-05    8.622451e-12
   14   31    3.282776e-14    2.906594e-15
   14   32    8.354725e-23    1.403477e-23
   15   28    5.235998e-22    6.486458e-23
   15   29    6.484889e-14    5.713865e-15
   15   30    2.313678e-07   -8.308247e-12
   15   31    2.104124e-06    7.896106e-13
   15   32    1.260524e-14    1.116079e-15
   15   33    9.248086e-17    8.188295e-18
   15   34    1.983890e-25    3.329020e-26
   16   30    4.636393e-24    7.738285e-25
   16   31    3.461534e-10   -7.260408e-13
   16   32    1.166120e-06    2.754181e-14
   16   33    2.100895e-08    4.212338e-15
   16   34    2.736454e-07    2.193543e-15
   16   35    3.214249e-16    2.845914e-17
   16   36    2.624640e-23    4.409028e-24
   17   32    1.277340e-21   -1.232567e-22
   17   33    2.099222e-15    1.726672e-16
   17   34    2.002572e-17    1.738940e-18
   17   35    1.020433e-08    1.899592e-16
   17   36    1.541644e-16    1.364985e-17
   17   37    1.015662e-23    1.410888e-24
   18   34    7.964086e-25    1.298128e-25
   18   35    2.420707e-23    2.086679e-24
   18   36    8.448026e-10    3.342170e-18
   18   37    1.365354e-17    1.209166e-18
   18   38    2.659022e-10    1.046243e-18
   18   39    1.473993e-18    1.305085e-19
   18   40    7.785044e-20    6.892890e-21
   18   41    2.277906e-28    3.826558e-29
   19   37    1.081458e-19    2.482531e-21
   19   38    3.198074e-27    5.495959e-28
   19   39    3.745178e-12    7.533387e-20
   19   40    7.256380e-20    6.424864e-21
   19   41    3.280097e-26    5.423158e-27
   19   43    5.440879e-26    4.817100e-27
   20   38    2.530864e-29    3.469970e-30
   20   40    2.851209e-14    1.131822e-22
   20   41    4.496088e-22    3.980873e-23
   20   42    4.763924e-08   -1.253649e-16
   20   43    1.463411e-08    8.927421e-18
   20   44    7.048443e-08    1.466439e-18
   20   45    1.131633e-15    1.001958e-16
   20   46    2.020422e-10   -1.651467e-19
   20   47    1.598556e-18    1.415376e-19
   20   48    2.292639e-09   -8.450022e-19
   20   49    3.883433e-18    3.438187e-19
   20   50    3.594745e-27    6.038565e-28
   21   41    1.401782e-27   -1.318705e-28
   21   43    5.471582e-17    4.864003e-18
   21   44    2.115874e-17    1.880920e-18
   21   45    6.669493e-09   -5.412896e-17
   21   46    6.968527e-16    6.169994e-17
   21   47    2.759925e-19    2.453328e-20
   21   48    3.199162e-18    2.843901e-19
   21   49    2.438276e-18    2.167744e-19
   21   50    5.359876e-27    8.850587e-28
   22   44    6.621431e-27    1.068454e-27
   22   45    8.341626e-25    7.484091e-26
   22   46    2.020422e-08   -9.823272e-17
   22   47    7.854394e-09    3.197368e-17
   22   48    1.436025e-08    8.731121e-18
   22   49    1.733388e-08   -2.711740e-18
   22   50    5.602375e-08    2.270096e-17
   22   51    3.944507e-16    3.492135e-17
   22   52    1.765461e-24    2.862617e-25
   23   47    5.624379e-18    4.999738e-19
   23   48    2.478456e-18    2.203239e-19
   23   49    4.588560e-18    4.079027e-19
   23   50    2.004011e-15    4.590529e-19
   23   51    4.904039e-09   -2.766007e-17
   23   52    3.283346e-16    2.906636e-17
   23   53    4.281077e-24    7.190269e-25
   24   48    2.226457e-28    3.763013e-29
   24   49    2.479858e-28    3.828560e-29
   24   50    9.383978e-13   -5.883092e-21
   24   51    1.012804e-19    8.979747e-21
   24   52    5.579288e-08   -1.049402e-16
   24   53    1.074040e-08    2.793184e-17
   24   54    1.369099e-07   -9.766864e-17
   24   55    1.952444e-15    1.728412e-16
   24   56    1.766485e-23    2.967204e-24
   25   51    5.520732e-23    4.907613e-24
   25   52    6.672821e-30    1.124781e-30
   25   53    3.729971e-18    3.315778e-19
   25   54    8.432211e-19    7.495845e-20
   25   55    3.456010e-08   -1.789542e-16
   25   56    2.035562e-15    1.802297e-16
   25   57    6.685241e-23    1.122850e-23
   26   54    4.446329e-09   -2.134289e-17
   26   55    2.423640e-16    2.145959e-17
   26   56    1.766820e-06   -3.888819e-15
   26   57    9.986689e-07   -3.128234e-15
   26   58    5.174607e-06   -5.492000e-15
   26   59    1.410174e-13    1.248579e-14
   26   60    2.536025e-21    4.260172e-22
   26   61    9.146778e-30    2.189490e-30
   27   55    5.807857e-20    5.162909e-21
   27   56    5.081924e-27    8.548750e-28
   27   57    3.369952e-17    2.995729e-18
   27   58    3.062086e-17    2.722054e-18
   27   59    2.034761e-06   -6.222204e-15
   27   60    7.044663e-14    6.237412e-15
   27   61    4.792681e-21    8.031917e-22
   27   62    7.725948e-29    1.845316e-29
   28   58    6.192280e-10   -4.637808e-18
   28   59    5.254371e-17    4.652322e-18
   28   60    2.667797e-06   -1.568773e-14
   28   61    1.015185e-06    3.887454e-15
   28   62    2.259022e-06    7.147547e-15
   28   63    5.264296e-14    4.661051e-15
   28   64    1.389652e-06   -2.157519e-15
   28   65    2.455799e-14    2.174377e-15
   28   66    3.822040e-22    6.420493e-23
   28   67    1.049943e-30    2.512470e-31
   29   59    2.180381e-21    1.937402e-22
   29   60    1.692290e-28    2.894370e-29
   29   61    1.531621e-17    1.361532e-18
   29   62    1.076190e-17    9.566212e-19
   29   63    8.717980e-07   -1.484632e-14
   29   64    1.676742e-13    1.484599e-14
   29   65    1.075841e-06   -7.570359e-15
   29   66    8.550548e-14    7.569832e-15
   29   67    1.508404e-20    2.115639e-21
   29   68    3.525863e-28    7.269809e-29
   29   69    2.669139e-29    4.483395e-30
   30   62    2.699585e-28    2.666590e-29
   30   63    9.089697e-29    1.074706e-29
   30   64    8.425446e-07   -9.100771e-15
   30   65    1.026948e-13    9.092675e-15
   30   66    1.302067e-06   -8.636946e-15
   30   67    2.837024e-07    2.578706e-15
   30   68    1.322620e-06    1.965975e-15
   30   69    4.601505e-14    4.074167e-15
   30   70    1.327706e-10   -4.834050e-19
   30   71    5.488786e-18    4.858621e-19
   30   72    2.075898e-25    3.486998e-26
   31   65    2.812492e-18    2.500063e-19
   31   66    4.392535e-25    7.462377e-26
   31   67    7.337642e-18    6.522794e-19
   31   68    1.792003e-18    1.592988e-19
   31   69    1.594879e-07   -3.885205e-15
   31   70    4.388916e-14    3.885870e-15
   31   71    1.407639e-07   -2.701446e-15
   31   72    3.050985e-14    2.701365e-15
   31   73    6.352191e-21    1.067079e-21
   31   74    2.086400e-28    4.994300e-29
   32   66    2.744570e-30    4.638617e-31
   32   68    4.089717e-26    3.624608e-27
   32   69    1.341673e-24    1.192605e-25
   32   70    2.286683e-07   -3.250447e-15
   32   71    3.671422e-14    3.250706e-15
   32   72    2.362112e-07   -2.993427e-15
   32   73    4.522467e-08    1.589881e-15
   32   74    1.757502e-07   -1.433926e-16
   32   75    1.747029e-14    1.546822e-15
   32   76    1.249214e-11   -6.737687e-20
   32   77    7.757737e-19    6.868756e-20
   32   78    3.191423e-26    5.361150e-27
   33   71    5.373481e-19    4.776745e-20
   33   72    2.639009e-25    4.397660e-26
   33   73    8.120378e-19    7.218590e-20
   33   74    8.224785e-20    7.311447e-21
   33   75    2.000846e-08   -1.765980e-15
   33   76    1.994620e-14    1.766051e-15
   33   77    6.397608e-21    1.070873e-21
   33   78    4.637190e-28    1.106317e-28
   34   74    1.488471e-24    1.776829e-28
   34   75    4.168924e-21    3.705886e-22
   34   76    4.988955e-08   -1.564843e-15
   34   77    1.818953e-08    5.001096e-16
   34   78    7.041447e-08    3.634655e-16
   34   79    7.920046e-15    7.012472e-16
   34   80    4.239297e-09   -2.736682e-17
   34   81    3.091202e-16    2.736887e-17
   34   82    3.172076e-12   -4.388727e-21
   34   83    5.154017e-20    4.563286e-21
   34   84    1.187487e-27    1.994799e-28
   35   77    5.453458e-20    4.847832e-21
   35   78    2.002455e-20    1.779915e-21
   35   79    8.345301e-09   -7.707840e-16
   35   80    8.705270e-15    7.707447e-16
   35   81    7.274685e-09   -3.578463e-16
   35   82    4.041622e-15    3.578481e-16
   35   83    1.584241e-21    2.661345e-22
   35   84    9.265390e-29    2.217738e-29
   36   78    1.295215e-28    2.788974e-29
   36   79    5.235627e-24    4.653998e-25
   36   80    2.125900e-08   -9.663693e-16
   36   81    1.091485e-14    9.664091e-16
   36   82    5.111922e-08   -8.328786e-16
   36   83    1.566930e-08    3.400149e-16
   36   84    5.823898e-08    2.052005e-16
   36   85    3.248906e-15    2.876609e-16
   36   86    4.641503e-10   -2.213741e-19
   36   87    2.500391e-18    2.213850e-19
   36   88    3.533898e-26    5.936438e-27
   37   81    6.088363e-21    5.412203e-22
   37   82    7.569429e-27    1.263678e-27
   37   83    1.740176e-20    1.546920e-21
   37   84    4.191904e-21    3.726386e-22
   37   85    8.462408e-09   -2.714271e-16
   37   86    3.065576e-15    2.714286e-16
   37   87    5.853056e-11   -1.570880e-19
   37   88    1.775454e-18    1.571948e-19
   37   89    1.357499e-25    2.280357e-26
   38   84    2.620159e-24    2.187718e-31
   38   85    3.822434e-23    3.397852e-24
   38   86    1.977582e-08   -1.739964e-16
   38   87    1.264904e-08    2.528957e-17
   38   88    3.410537e-08    1.155585e-16
   38   89    3.743887e-16    3.314870e-17
   38   90    9.435370e-24    1.262552e-24
   39   87    2.085001e-21    1.853448e-22
   39   88    1.446162e-21    1.285558e-22
   39   89    5.047083e-09   -1.448207e-17
   39   90    1.635666e-16    1.448232e-17
   39   91    3.441356e-23    5.780998e-24
   39   92    1.890268e-30    4.525835e-31
   40   89    9.012609e-30    8.011110e-31
   40   90    2.223165e-09   -7.816450e-18
   40   91    5.705716e-10    2.931475e-18
   40   92    6.513631e-10    1.380031e-18
   40   93    1.936305e-10    1.278710e-18
   40   94    4.140053e-10    1.342399e-19
   40   95    2.362095e-17    2.091417e-18
   40   96    7.701181e-13   -8.357171e-22
   40   97    9.441581e-21    8.359655e-22
   40   98    1.367509e-28    2.297223e-29
   41   91    6.933061e-23    6.163095e-24
   41   92    1.682901e-23    1.494921e-24
   41   93    7.196597e-14   -2.444010e-21
   41   94    2.763030e-20    2.446409e-21
   41   95    6.612779e-24    6.021844e-25
   41   96    1.131948e-26    1.006344e-27
   41   97    5.986115e-27    1.031754e-27
   42   92    3.795087e-17   -4.485477e-25
   42   93    5.087382e-24    4.504410e-25
   42   94    1.277137e-13   -2.276498e-21
   42   95    3.569933e-11   -1.445905e-18
   42   96    8.222236e-11    4.200590e-20
   42   97    2.578413e-11    1.282219e-20
   42   98    7.544015e-11    2.505318e-19
   42   99    1.290530e-17    1.142645e-18
   42  100    1.700721e-15   -3.488354e-23
   42  101    3.999200e-22    3.540776e-23
   42  102    4.093869e-29    6.877064e-30
   43   95    1.666519e-27    1.481422e-28
   43   96    3.151303e-25    2.801325e-26
   43   97    7.696416e-25    6.841658e-26
   43   98    3.756156e-26    3.339056e-27
   43   99    2.728425e-13   -3.459847e-20
   43  100    3.901439e-19    3.446309e-20
   43  101    3.684332e-25    6.241702e-26
   44   96    3.532748e-26    2.225631e-34
   44   98    6.625256e-24   -1.673852e-31
   44   99    8.074122e-12   -6.835608e-19
   44  100    3.391437e-11   -4.205854e-19
   44  101    7.022778e-12   -9.782218e-20
   44  102    1.443145e-14    1.201744e-18
   44  103    3.453999e-21    3.059560e-22
   44  104    3.422533e-23    7.456549e-24
   44  105    2.701429e-30    7.349515e-31
   45   99    4.900035e-30    4.355628e-31
   45  100    1.541594e-26    1.370384e-27
   45  101    7.235302e-26    6.431740e-27
   45  102    4.403001e-27    3.914006e-28
   45  103    7.469173e-12   -1.152149e-18
   45  104    1.300502e-17    1.150489e-18
   45  105    1.748514e-23    2.936601e-24
   45  106    7.660773e-30    1.808203e-30
   46  103    4.498247e-27    3.998641e-28
   46  104    2.116281e-11   -9.438335e-19
   46  105    4.944952e-12   -1.177935e-19
   46  106    2.265111e-11    2.472924e-19
   46  107    9.215870e-18    8.159797e-19
   46  108    2.501059e-11   -7.500274e-19
   46  109    8.471096e-18    7.500370e-19
   46  110    1.000424e-14   -1.934379e-22
   46  111    2.284862e-21    2.022983e-22
   46  112    8.112211e-28    1.362730e-28
   47  105    1.251581e-26    1.112577e-27
   47  106    2.117825e-27    1.882568e-28
   47  107    4.291531e-12   -6.995203e-19
   47  108    7.899169e-18    6.992202e-19
   47  109    6.599115e-12   -1.114998e-18
   47  110    1.258042e-17    1.112241e-18
   47  111    2.266827e-23    3.808500e-24
   47  112    1.126656e-29    2.697951e-30
   48  107    3.073526e-29    2.732099e-30
   48  108    3.603378e-13   -1.091542e-20
   48  109    1.265476e-19    1.120462e-20
   48  110    1.909900e-11   -6.757689e-19
   48  111    4.587531e-12    3.872053e-20
   48  112    2.054442e-11    3.743358e-20
   48  113    6.803212e-18    6.023617e-19
   48  114    3.413727e-11   -7.160285e-19
   48  115    8.087032e-18    7.160322e-19
   48  116    2.673547e-15   -3.360950e-23
   48  117    3.847247e-22    3.406370e-23
   48  118    1.060380e-28    1.781289e-29
   49  109    6.529955e-29    5.804699e-30
   49  111    4.047858e-27    3.598283e-28
   49  112    7.382237e-28    6.562075e-29
   49  113    6.099922e-12   -7.970905e-19
   49  114    8.999414e-18    7.964126e-19
   49  115    2.078960e-23    3.543309e-24
   49  116    1.476967e-29    3.447240e-30
   49  117    1.062331e-27    2.314431e-28
   50  112    1.518500e-24   -4.653159e-32
   50  113    4.238283e-29    3.767300e-30
   50  114    1.053078e-13   -1.495010e-21
   50  115    5.384888e-12   -3.026629e-19
   50  116    3.958574e-11   -2.448646e-19
   50  117    8.542084e-12    1.044759e-19
   50  118    4.908861e-11   -2.958812e-21
   50  119    1.176970e-11    2.509976e-23
   50  120    6.577789e-11    8.667023e-20
   50  121    4.082672e-18    3.614830e-19
   50  122    5.075922e-13   -1.557729e-21
   50  123    1.759507e-20    1.557883e-21
   50  124    5.881526e-14   -8.480816e-23
   50  125    9.578457e-22    8.480849e-23
   50  126    4.233782e-29    7.112167e-30
   51  115    6.088282e-30    5.411987e-31
   51  116    3.329482e-28    2.959581e-29
   51  117    2.430220e-27    2.160300e-28
   51  118    5.587389e-28    4.966010e-29
   51  119    3.791681e-27    3.370554e-28
   51  120    5.350310e-28    4.755902e-29
   51  121    3.464275e-12   -3.180350e-19
   51  122    3.591962e-18    3.180345e-19
   51  123    8.946878e-14   -4.162781e-21
   51  124    4.702197e-20    4.163358e-21
   51  125    3.028198e-26    5.088252e-27
   52  120    1.000424e-30    1.529868e-42
   52  121    1.114791e-29    9.909576e-31
   52  122    9.020212e-12   -4.350186e-19
   52  123    3.001271e-12   -1.446520e-19
   52  124    1.532908e-11    1.936173e-19
   52  125    5.674403e-12   -2.050584e-19
   52  126    2.620159e-11    2.571656e-19
   52  127    3.771636e-18    3.339434e-19
   52  128    5.697727e-13   -4.443797e-21
   52  129    5.020260e-20    4.444939e-21
   52  130    1.846937e-12   -4.473175e-21
   52  131    5.052023e-20    4.472995e-21
   52  132    2.120647e-27    3.562369e-28
   53  123    3.381614e-28    3.006023e-29
   53  124    8.826713e-29    7.846369e-30
   53  125    9.154912e-28    8.138104e-29
   53  126    6.452098e-29    5.735489e-30
   53  127    3.615702e-12   -3.613104e-19
   53  128    4.080662e-18    3.612958e-19
   53  129    3.542599e-24    6.099280e-25
   53  130    7.985868e-29    7.230454e-30
   53  131    8.330070e-25    1.815188e-25
   54  126    1.587975e-27   -1.793662e-43
   54  127    3.945538e-29    3.507283e-30
   54  128    9.378971e-12   -4.122297e-19
   54  129    4.878035e-12   -2.127238e-19
   54  130    1.462159e-11    2.867272e-19
   54  131    6.636401e-12   -2.580366e-20
   54  132    4.009275e-11   -4.668156e-20
   54  133    4.638820e-18    4.107249e-19
   54  134    1.269195e-13   -4.037636e-22
   54  135    4.561370e-21    4.038670e-22
   54  136    8.091666e-12   -8.573759e-22
   54  137    9.682353e-21    8.571485e-22
   54  138    4.791928e-29    8.049441e-30
   55  129    1.808379e-28    1.607522e-29
   55  130    4.502674e-29    4.002500e-30
   55  131    3.561657e-28    3.166067e-29
   55  132    2.060914e-29    1.832017e-30
   55  133    4.580886e-12   -3.267991e-19
   55  134    3.690943e-18    3.267986e-19
   55  135    2.864281e-24    4.813296e-25
   55  136    1.431559e-28    1.276495e-29
   55  137    1.045763e-24    2.278736e-25
   56  132    1.667374e-27   -3.587324e-43
   56  133    3.983272e-29    3.540834e-30
   56  134    1.045219e-11   -3.001574e-19
   56  135    5.105867e-12   -1.266846e-19
   56  136    3.449992e-11    9.870633e-20
   56  137    4.228070e-11   -1.847094e-19
   56  138    3.979948e-10    2.793493e-19
   56  139    2.637140e-18    2.334928e-19
   56  140    6.354992e-26    1.067548e-26
   57  135    9.168016e-29    8.149713e-30
   57  136    7.165127e-30    6.368987e-31
   57  137    2.350524e-28    2.089450e-29
   57  138    9.545520e-27    8.450950e-28
   57  139    3.735396e-11   -1.539177e-19
   57  140    1.738413e-18    1.539205e-19
   57  141    2.445256e-25    4.107690e-26
   58  138    2.102340e-25   -6.483837e-33
   58  139    1.407317e-25    1.246051e-26
   58  140    9.289652e-11   -1.593786e-19
   58  141    1.800547e-18    1.594219e-19
   58  142    9.158812e-14   -4.554988e-22
   58  143    5.155854e-21    4.565034e-22
   58  144    4.452405e-28    7.479353e-29
   59  141    7.804726e-12   -1.078817e-19
   59  142    1.218439e-18    1.078815e-19
   59  143    4.293623e-25    7.218034e-26
   60  142    1.831762e-11   -9.574494e-20
   60  143    3.281111e-12   -3.412361e-20
   60  144    6.940443e-12    3.872454e-20
   60  145    1.586879e-12   -3.003874e-20
   60  146    4.721180e-12    3.065760e-20
   60  147    1.022093e-18    9.049680e-20
   60  148    1.554712e-15   -7.160357e-23
   60  149    8.105148e-22    7.176306e-23
   60  150    2.527737e-21   -5.417218e-29
   60  151    1.091557e-27    9.664716e-29
   61  143    3.477391e-30    3.091159e-31
   61  145    3.444852e-30    3.062239e-31
   61  146    1.258546e-30    1.118737e-31
   61  147    3.771242e-26    7.248778e-27
   61  148    2.497176e-25    2.210920e-26
   61  149    3.297534e-27    7.149592e-28
   61  150    1.133609e-29    1.003692e-30
   62  144    3.536221e-20   -5.237022e-28
   62  145    5.914787e-27    5.237001e-28
   62  146    2.906301e-28    3.790089e-29
   62  147    7.486145e-13   -1.915303e-19
   62  148    2.697090e-12    3.356915e-20
   62  149    4.961765e-13   -6.171631e-19
   62  150    1.600684e-12    5.186299e-19
   62  151    2.896710e-18    2.564757e-19
   62  152    2.626109e-13   -3.794919e-20
   62  153    4.286382e-19    3.795178e-20
   62  154    1.429176e-15   -7.516771e-23
   62  155    8.511856e-22    7.536252e-23
   62  156    1.686772e-28    2.833523e-29
   63  151    1.722488e-13   -8.591919e-19
   63  152    9.704130e-18    8.591741e-19
   63  153    2.281988e-13   -2.257839e-19
   63  154    2.550262e-18    2.257987e-19
   63  155    1.814272e-23    3.048479e-24
   63  156    3.877970e-29    6.922353e-30
   64  152    5.982775e-13   -2.136518e-19
   64  153    2.413014e-18    2.136472e-19
   64  154    7.795483e-13   -2.632737e-19
   64  155    2.575279e-13   -5.163961e-20
   64  156    1.090207e-12    7.747231e-20
   64  157    4.772722e-13   -1.445828e-20
   64  158    2.906295e-12   -6.558283e-20
   64  159    3.585770e-18    3.174861e-19
   64  160    8.753707e-17   -3.382011e-24
   64  161    4.118535e-23    3.645978e-24
   64  162    9.926536e-30    1.667458e-30
   65  159    3.705920e-13   -4.702909e-19
   65  160    5.311598e-18    4.702845e-19
   65  161    3.968032e-23    6.665905e-24
   65  162    3.064060e-29    5.975433e-30
   66  156    1.026076e-30   -6.691200e-44
   66  158    8.864484e-14   -2.974313e-20
   66  159    3.359261e-19    2.974301e-20
   66  160    8.753670e-13   -3.657347e-19
   66  161    3.287128e-13    1.759004e-19
   66  162    1.358600e-12   -2.432834e-20
   66  163    2.448900e-13    8.276504e-20
   66  164    6.033055e-13    8.361481e-20
   66  165    5.396708e-19    4.778260e-20
   66  166    1.634644e-25    2.745972e-26
   67  165    4.844379e-13   -8.731775e-19
   67  166    9.861999e-18    8.731734e-19
   67  167    2.643684e-23    4.440997e-24
   67  168    1.136527e-29    2.721345e-30
   68  164    6.710126e-13   -3.121065e-19
   68  165    3.525010e-18    3.121049e-19
   68  166    1.024528e-12   -2.461821e-19
   68  167    4.067561e-13   -2.836484e-19
   68  168    1.667376e-12    2.345602e-19
   68  169    3.334869e-18    2.952711e-19
   68  170    3.289627e-15   -2.291121e-22
   68  171    2.597985e-21    2.300267e-22
   68  172    5.943431e-28    9.984129e-29
   69  169    5.321655e-13   -1.132806e-18
   69  170    1.279426e-17    1.132786e-18
   69  171    1.190630e-22    2.000080e-23
   69  172    2.689664e-27    2.922746e-28
   69  173    4.542340e-29    4.031569e-30
   70  168    1.012334e-30   -6.988976e-44
   70  170    8.238762e-13   -2.216902e-19
   70  171    4.206461e-13   -3.960790e-21
   70  172    1.395942e-12    7.949188e-20
   70  173    6.939350e-13   -6.766319e-20
   70  174    3.156511e-12    6.407510e-20
   70  175    1.691278e-18    1.497465e-19
   70  176    1.591583e-15   -8.031009e-23
   70  177    9.157384e-22    8.107955e-23
   70  178    2.001503e-28    3.362242e-29
   71  175    4.567607e-13   -3.892844e-19
   71  176    8.570202e-16    3.883371e-19
   71  177    1.067259e-20    9.472465e-22
   71  178    7.195940e-27    1.200648e-27
   72  176    1.193682e-12   -5.029295e-19
   72  177    3.950795e-13   -2.894906e-19
   72  178    1.686114e-12    5.250090e-19
   72  179    4.800915e-13   -2.957266e-20
   72  180    2.773400e-12    1.377883e-19
   72  181    1.804110e-18    1.597364e-19
   72  182    7.928931e-24    1.331941e-24
   72  183    2.133838e-30    5.090860e-31
   73  179    1.359681e-29    1.773026e-30
   73  180    3.440329e-15   -1.803501e-21
   73  181    7.185324e-13   -3.747352e-19
   73  182    4.245609e-18    3.759049e-19
   73  183    1.856059e-23    3.117898e-24
   73  184    6.579502e-30    1.562314e-30
   74  180    5.385603e-14   -1.232324e-20
   74  181    1.401788e-19    1.241149e-20
   74  182    1.813954e-12   -1.981411e-19
   74  183    9.293545e-13   -1.073453e-19
   74  184    2.060656e-12   -1.584664e-20
   74  185    3.629209e-18    3.213313e-19
   74  186    8.067921e-14   -1.327752e-20
   74  187    1.499803e-19    1.327931e-20
   74  188    3.910372e-26    6.568873e-27
   75  185    3.076674e-13   -2.711565e-18
   75  186    3.062614e-17    2.711478e-18
   75  187    6.954453e-15   -3.242404e-20
   75  188    3.671993e-19    3.251094e-20
   75  189    8.138478e-25    1.367137e-25
   76  186    1.075723e-12   -1.422380e-19
   76  187    5.076987e-13   -2.770648e-19
   76  188    1.117497e-12    1.542081e-19
   76  189    3.858762e-13   -1.466155e-19
   76  190    1.474312e-12    2.356301e-19
   76  191    1.988674e-18    1.760766e-19
   76  192    3.121106e-14   -8.178834e-21
   76  193    9.241735e-20    8.182662e-21
   76  194    1.564116e-26    2.627494e-27
   77  191    3.294475e-13   -1.025583e-18
   77  192    1.158257e-17    1.025436e-18
   77  193    3.208531e-13   -7.356008e-19
   77  194    8.309847e-18    7.357455e-19
   77  195    5.241474e-24    8.804879e-25
   77  196    1.579330e-30    3.793707e-31
   78  190    1.000424e-30   -2.837629e-44
   78  192    1.094210e-12   -3.045166e-19
   78  193    3.439142e-18    3.044911e-19
   78  194    1.340772e-12   -1.899831e-19
   78  195    3.996561e-13   -4.630996e-20
   78  196    2.342831e-12    1.254193e-19
   78  197    1.252530e-18    1.108998e-19
   78  198    4.390749e-15   -7.575631e-23
   78  199    8.560788e-22    7.579633e-23
   78  200    6.637676e-29    1.115032e-29
   79  197    7.109599e-13   -1.271770e-19
   79  198    1.436371e-18    1.271769e-19
   79  199    1.170546e-24    1.972063e-25
   80  196    1.378132e-17   -2.795501e-24
   80  197    3.157307e-23    2.795495e-24
   80  198    2.319164e-12   -7.548253e-20
   80  199    1.055724e-12    5.144675e-21
   80  200    3.396440e-12   -2.199476e-22
   80  201    1.493171e-12    1.982915e-20
   80  202    5.447854e-12   -1.855609e-20
   80  203    7.825180e-19    6.928477e-20
   80  204    8.827271e-14   -6.219028e-22
   80  205    7.023427e-21    6.217871e-22
   80  206    7.106452e-29    1.193717e-29
   81  203    3.296964e-12   -4.313215e-20
   81  204    4.871437e-19    4.313213e-20
   81  205    2.532781e-13   -1.276605e-21
   81  206    1.441837e-20    1.276433e-21
   81  207    4.044689e-28    6.793948e-29
   82  204    4.899135e-12   -6.113137e-20
   82  205    9.272223e-12   -7.414162e-20
   82  206    4.705878e-11    5.370774e-21
   82  207    6.282857e-11    4.693941e-20
   82  208    1.298627e-10    7.199397e-20
   82  209    1.238881e-19    1.096910e-20
   82  210    3.362826e-28    5.649076e-29
   83  209    3.106580e-12   -1.211445e-21
   83  210    1.368297e-20    1.211501e-21
   83  211    6.594080e-29    1.107714e-29
   84  210    7.815599e-28    1.703097e-28
    0    1    2.558985e-18   -2.664334e-19
    1    1    9.395513e-15   -8.836691e-16
    2    4    9.509699e-09   -9.900257e-10
