9.8065e+00
2.0664e-01
5.0897e-01
4.6480e+03
    1    3    3.732167e-22   -4.644756e-31
    2    3    2.260072e-21    9.130902e-32
    3    6    1.473296e-26   -1.720704e-36
    3    7    2.054974e-28    3.312851e-31
    4    7    5.736429e-30    3.954306e-32
    4   10    7.247691e-27   -1.678868e-40
    5   10    8.670768e-25   -1.506984e-35
    5   11    3.422991e-16    4.059646e-24
    6   11    3.460688e-20   -4.063050e-24
    6   12    7.662372e-04    0.000000e+00
    6   13    1.931649e-10    8.589107e-21
    6   14    3.978573e-11   -3.170428e-23
    7   13    3.741305e-17   -8.916285e-21
    7   14    1.942997e-09    6.079778e-23
    7   15    2.847853e-10    6.640316e-15
    7   16    3.177784e-26   -6.383851e-28
    7   17    9.924410e-26   -3.408924e-27
    8   14    1.707537e-20   -3.464309e-23
    8   15    5.655835e-12   -6.640316e-15
    8   16    4.587489e-02    0.000000e+00
    8   17    2.494919e-10    2.119650e-23
    8   18    9.788598e-11    2.992052e-16
    8   19    1.398103e-19   -7.444503e-22
    8   20    6.433256e-24   -6.825717e-26
    9   17    4.133523e-25    3.101569e-27
    9   18    1.376586e-11   -2.992052e-16
    9   19    2.464873e-10    2.970766e-18
    9   20    5.131045e-14   -6.621129e-16
    9   21    1.909288e-18   -6.573977e-20
    9   22    2.121517e-25   -7.183809e-27
   10   18    1.435041e-26   -1.230828e-27
   10   19    3.566462e-16   -2.970021e-18
   10   20    8.317902e-03    6.626644e-16
   10   21    1.291736e-05    6.679990e-16
   10   22    2.046302e-06    2.372006e-16
   10   23    2.509834e-11   -9.663895e-14
   10   24    3.783939e-16   -2.669911e-19
   10   25    9.392130e-29   -2.234696e-29
   11   21    1.049220e-13   -6.679336e-16
   11   22    1.359645e-07   -2.190592e-16
   11   23    1.078503e-04    5.941034e-10
   11   24    5.576737e-08   -1.479153e-13
   11   25    1.080021e-11   -2.617551e-14
   11   26    1.011036e-18   -1.353420e-19
   11   27    1.584777e-28   -7.531584e-29
   12   22    4.914167e-16   -1.814127e-17
   12   23    4.686211e-08   -5.940067e-10
   12   24    2.046886e-03    1.479155e-13
   12   25    4.376217e-04    2.630134e-14
   12   26    2.826933e-04    1.238299e-09
   12   27    3.532978e-08   -8.924977e-12
   12   28    7.307340e-12   -1.390064e-17
   12   29    6.805169e-24   -7.497998e-25
   13   24    1.435148e-22   -1.002748e-23
   13   25    6.307114e-15   -1.258219e-16
   13   26    1.149012e-04   -1.238299e-09
   13   27    2.073054e-04    2.149923e-09
   13   28    1.239185e-06   -1.324592e-09
   13   29    2.331456e-09   -8.475817e-13
   13   30    2.585158e-14   -1.022888e-15
   13   31    2.019037e-21   -4.490658e-22
   14   26    4.751831e-16   -3.052167e-17
   14   27    6.203161e-08   -2.140998e-09
   14   28    2.475520e-04    1.324592e-09
   14   29    7.225805e-05    8.478485e-13
   14   30    3.050412e-05    1.492268e-10
   14   31    5.080148e-09   -7.708253e-14
   14   32    5.172956e-12   -1.534089e-22
   14   33    1.224561e-19   -2.870716e-21
   14   34    1.026887e-23   -5.309986e-25
   15   28    8.502715e-27   -4.442486e-27
   15   29    7.713475e-15   -2.668701e-16
   15   30    1.562738e-07   -1.492257e-10
   15   31    2.360327e-06    9.522619e-13
   15   32    3.584746e-09   -4.174647e-16
   15   33    1.292128e-10   -8.448388e-18
   15   34    2.328614e-14   -2.689832e-16
   15   35    7.738270e-18   -2.343329e-20
   15   36    2.038257e-29   -5.213386e-31
   16   30    1.675592e-17   -2.033931e-18
   16   31    1.570292e-11   -8.751793e-13
   16   32    1.462729e-06    4.174648e-16
   16   33    4.226933e-08    8.493682e-18
   16   34    2.922341e-07    1.337617e-14
   16   35    1.401170e-10   -2.634726e-18
   16   36    1.055792e-12    8.077936e-27
   16   37    3.073252e-20   -1.452795e-23
   16   38    1.685023e-23   -2.366214e-28
   17   33    7.434263e-19   -4.242404e-20
   17   34    1.400076e-13   -1.310719e-14
   17   35    1.217677e-08    2.235340e-17
   17   36    2.790906e-11   -4.200527e-25
   17   37    5.424607e-13    1.584453e-19
   17   38    7.644666e-17   -4.910243e-21
   17   39    5.901128e-20   -2.508162e-24
   17   40    5.908665e-24   -1.044853e-26
   17   41    2.734922e-27   -1.020148e-29
   18   34    3.652058e-24   -6.190576e-25
   18   35    2.447547e-16   -1.969524e-17
   18   36    8.861842e-10    4.135903e-25
   18   37    3.351498e-12   -1.584307e-19
   18   38    2.937559e-10    1.025436e-19
   18   39    2.796442e-13   -2.209568e-24
   18   40    1.190367e-13    1.045083e-26
   18   41    6.414368e-17   -1.396303e-21
   18   42    2.786879e-20   -3.838258e-30
   18   43    3.308916e-24   -1.471911e-27
   18   44    8.525560e-28   -1.715114e-31
   19   37    6.546333e-25   -7.623242e-26
   19   38    3.121867e-16   -9.763336e-20
   19   39    4.967527e-12    1.888864e-23
   19   40    4.025361e-14    0.000000e+00
   19   41    1.814447e-14    1.396304e-21
   19   42    5.358517e-17   -1.728676e-22
   19   43    6.531892e-16   -1.165170e-21
   19   44    1.190234e-18   -1.281827e-22
   19   45    2.009797e-21   -2.690400e-25
   19   46    4.634327e-25   -6.321911e-28
   19   47    9.086448e-27   -7.437175e-29
   20   39    8.508266e-23   -1.417073e-23
   20   40    1.104417e-13    0.000000e+00
   20   41    4.399766e-15   -1.956375e-28
   20   42    4.730554e-08    1.720536e-22
   20   43    1.465168e-08    7.080361e-16
   20   44    7.021443e-08    4.313666e-16
   20   45    1.887930e-10   -1.931522e-18
   20   46    2.015298e-10    2.165536e-18
   20   47    2.486983e-13   -9.087632e-20
   20   48    2.257664e-09    0.000000e+00
   20   49    1.893266e-14   -5.185135e-18
   20   50    5.011484e-18   -5.164190e-20
   20   51    7.160924e-26   -1.025695e-27
   21   42    7.921463e-25   -1.666132e-25
   21   43    6.920456e-11   -7.080349e-16
   21   44    4.306592e-11   -4.313664e-16
   21   45    6.823652e-09    4.070773e-18
   21   46    1.094548e-10   -4.331072e-18
   21   47    1.695603e-12   -7.495002e-19
   21   48    2.884639e-11   -2.631768e-17
   21   49    5.972464e-12   -2.442213e-16
   21   50    1.512268e-15   -2.071976e-18
   21   51    2.564392e-19   -2.962183e-21
   21   52    4.982061e-25   -8.710327e-27
   22   43    9.228783e-30   -2.597023e-30
   22   44    6.362162e-14   -4.821404e-24
   22   45    1.657805e-13   -2.139251e-18
   22   46    2.001100e-08    2.165539e-18
   22   47    7.919322e-09    9.904758e-16
   22   48    1.436656e-08    2.721411e-17
   22   49    1.725366e-08    2.497129e-16
   22   50    5.597847e-08    2.123617e-18
   22   51    6.488107e-11   -2.685917e-14
   22   52    4.143274e-14   -5.818236e-17
   22   53    1.765355e-18   -7.732728e-21
   22   54    8.858284e-24   -8.458786e-25
   23   46    9.184283e-24   -3.109967e-24
   23   47    1.354190e-11   -9.896354e-16
   23   48    8.636603e-12   -8.941239e-19
   23   49    6.096644e-11   -1.396151e-19
   23   50    1.956456e-11    0.000000e+00
   23   51    4.942381e-09    2.685958e-14
   23   52    4.943373e-11   -3.141144e-14
   23   53    7.702165e-14   -1.191308e-16
   23   54    2.313839e-17   -6.654994e-20
   23   55    1.069052e-20   -2.341379e-22
   24   47    4.163655e-27   -1.192760e-27
   24   48    1.249613e-15   -2.306637e-21
   24   49    2.957835e-15   -1.667980e-19
   24   50    9.682052e-13    0.000000e+00
   24   51    6.680000e-12   -3.907149e-19
   24   52    5.552880e-08    3.146962e-14
   24   53    1.083666e-08    1.191385e-16
   24   54    1.365610e-07    2.806855e-19
   24   55    3.091576e-10   -2.108678e-13
   24   56    3.824190e-13   -1.538654e-16
   24   57    7.874588e-18   -5.345556e-20
   24   58    3.253426e-21   -6.657235e-23
   25   50    1.217687e-28   -6.163089e-29
   25   51    1.862699e-16   -9.631855e-21
   25   52    1.748246e-15   -5.184230e-22
   25   53    3.708750e-11    4.371133e-23
   25   54    4.036456e-11   -2.141265e-19
   25   55    3.432228e-08    2.108680e-13
   25   56    3.145695e-10   -4.701462e-15
   25   57    1.044158e-12   -1.751235e-15
   25   58    1.248573e-16   -5.961277e-18
   25   59    5.208193e-19   -1.625271e-20
   25   61    1.622250e-29   -3.468116e-30
   26   52    3.912362e-21   -1.880451e-26
   26   53    1.561107e-19   -4.375866e-23
   26   54    4.400083e-09    8.271806e-25
   26   55    9.344199e-11    5.867484e-19
   26   56    1.758124e-06    4.855328e-15
   26   57    9.933818e-07    1.756517e-15
   26   58    5.158791e-06    1.362029e-17
   26   59    2.572998e-08   -9.597279e-16
   26   60    6.208791e-11   -1.033976e-25
   26   61    7.589834e-15   -3.028203e-18
   26   62    7.368544e-18   -1.552104e-20
   26   63    3.428635e-24   -8.050864e-26
   26   64    9.451162e-28    0.000000e+00
   27   55    3.265726e-13   -7.413038e-19
   27   56    9.789587e-15   -2.097296e-22
   27   57    8.578707e-10   -5.228936e-18
   27   58    3.272502e-10   -7.749618e-18
   27   59    2.026482e-06    9.597442e-16
   27   60    1.015487e-08   -8.762356e-18
   27   61    8.948459e-11   -2.154766e-15
   27   62    2.033595e-13   -3.236322e-16
   27   63    7.208131e-16   -3.768075e-18
   27   64    3.890063e-27   -1.857313e-27
   27   65    3.949202e-24   -4.876423e-25
   28   56    1.859277e-18   -5.072492e-25
   28   57    4.233449e-18   -4.737325e-24
   28   58    6.096766e-10    9.059861e-20
   28   59    3.085095e-10    5.413385e-20
   28   60    2.634541e-06    9.403336e-18
   28   61    1.026845e-06    4.422823e-15
   28   62    2.270749e-06    4.048807e-14
   28   63    1.014118e-08    3.312721e-18
   28   64    1.386017e-06    5.895606e-14
   28   65    3.515544e-09   -5.557929e-14
   28   66    8.326463e-12   -6.053863e-18
   28   67    1.263254e-15   -8.616279e-18
   28   68    9.994879e-19   -4.936611e-21
   28   69    2.003302e-25   -2.561984e-27
   28   70    9.084104e-29   -2.168615e-30
   29   58    8.606303e-29   -3.852277e-30
   29   59    3.081244e-17   -5.415226e-20
   29   60    6.356377e-15   -6.411626e-19
   29   61    1.897611e-10   -2.265029e-15
   29   62    1.626373e-10   -4.016439e-14
   29   63    8.404666e-07    1.755158e-18
   29   64    3.058583e-08   -9.586277e-14
   29   65    1.060106e-06    5.570888e-14
   29   66    1.601570e-08   -7.472350e-12
   29   67    2.841740e-10   -1.739191e-16
   29   68    5.017869e-13   -2.325995e-15
   29   69    2.835346e-15   -2.374971e-18
   29   70    2.897255e-20   -9.325630e-23
   29   71    1.459054e-22   -1.077253e-24
   29   72    1.577267e-28   -3.407542e-30
   30   60    6.494453e-22   -6.505119e-25
   30   61    1.031266e-19   -1.657845e-22
   30   62    9.120165e-15   -3.946612e-20
   30   63    2.096237e-14   -1.299798e-18
   30   64    8.227911e-07    3.690671e-14
   30   65    1.908961e-08    7.908083e-16
   30   66    1.285569e-06    7.472361e-12
   30   67    2.892063e-07    3.105823e-16
   30   68    1.325770e-06    3.984995e-15
   30   69    7.988826e-09   -3.385438e-13
   30   70    2.340834e-10    3.346717e-15
   30   71    2.521920e-13   -2.457323e-16
   30   72    2.459436e-15   -2.109371e-21
   30   73    1.948460e-19   -1.187612e-21
   30   74    6.173784e-22   -9.249993e-25
   30   75    6.540550e-28   -9.184678e-30
   31   63    1.014883e-24   -4.486651e-27
   31   64    1.939309e-20   -1.758082e-23
   31   65    5.860281e-12   -9.203959e-16
   31   66    1.157297e-12   -4.841662e-18
   31   67    2.521034e-10   -1.280422e-16
   31   68    4.702416e-11   -1.658995e-15
   31   69    1.521546e-07    3.385468e-13
   31   70    7.237117e-09   -8.162323e-13
   31   71    1.374023e-07    1.237315e-15
   31   72    3.583546e-09   -1.010374e-14
   31   73    1.085551e-10   -8.884810e-16
   31   74    4.190575e-13   -1.232521e-16
   31   75    2.627125e-15   -2.986468e-18
   31   76    3.606289e-19   -1.584496e-21
   31   77    1.400585e-21   -1.519794e-23
   31   78    4.920894e-26   -1.384763e-27
   31   79    9.900581e-30   -4.971360e-31
   32   64    3.251956e-29   -7.312296e-32
   32   65    2.369612e-25   -1.098420e-27
   32   66    2.984544e-16   -5.251729e-21
   32   67    3.695671e-17   -4.684496e-21
   32   68    1.891498e-14   -1.157761e-22
   32   69    5.590827e-13   -5.679617e-19
   32   70    2.216493e-07    8.128856e-13
   32   71    6.839336e-09   -9.814830e-16
   32   72    2.313184e-07    1.010574e-14
   32   73    4.770012e-08    8.892818e-16
   32   74    1.752603e-07    1.234351e-16
   32   75    3.083872e-09   -8.887395e-14
   32   76    3.488112e-11    4.349177e-15
   32   77    1.377641e-13   -4.848160e-19
   32   78    7.012465e-16   -1.902335e-20
   32   79    1.800769e-19   -1.357548e-21
   32   80    2.671018e-22   -1.296899e-24
   32   81    2.281357e-28   -4.299620e-30
   33   67    1.403529e-27   -4.730218e-30
   33   68    1.089320e-24   -1.026509e-27
   33   69    2.762152e-21   -4.338141e-25
   33   70    1.380673e-17   -6.258250e-22
   33   71    1.657008e-11   -1.010020e-17
   33   72    1.308124e-12   -2.001670e-18
   33   73    3.874284e-11   -7.992771e-19
   33   74    2.980681e-12   -2.772380e-19
   33   75    1.710954e-08    8.887695e-14
   33   76    2.827605e-09   -8.634889e-15
   33   77    9.946046e-11   -1.012750e-16
   33   78    8.275839e-13   -2.177113e-17
   33   79    2.143619e-14   -5.674121e-18
   33   80    3.681099e-17   -3.468816e-19
   33   81    3.626568e-19   -1.559914e-21
   33   82    1.608307e-23   -1.206108e-25
   33   83    4.832507e-26   -5.165552e-28
   34   69    2.869320e-29   -1.499950e-31
   34   70    1.149570e-24   -6.666321e-29
   34   71    2.915374e-22   -1.470361e-25
   34   72    6.997640e-16   -1.380615e-22
   34   73    6.449842e-17   -3.594526e-22
   34   74    2.155492e-15    9.426074e-20
   34   75    1.532144e-12   -2.130425e-20
   34   76    4.673881e-08    4.285714e-15
   34   77    1.925361e-08    1.041372e-16
   34   78    7.095271e-08    3.109991e-16
   34   79    1.488726e-09    5.675456e-18
   34   80    4.235858e-09    1.428804e-14
   34   81    5.564622e-11   -7.180618e-15
   34   82    3.746886e-12    7.286276e-16
   34   83    4.876253e-15   -5.212312e-19
   34   84    2.199585e-17   -1.607437e-20
   34   85    1.979951e-24   -8.619978e-27
   34   86    8.877088e-28   -8.891703e-30
   35   73    7.499804e-24   -5.265879e-27
   35   74    4.396014e-22   -4.142509e-26
   35   75    6.252387e-20   -1.544069e-24
   35   76    4.099943e-17   -1.007270e-22
   35   77    3.402544e-12   -2.377330e-18
   35   78    7.814811e-13   -2.892379e-16
   35   79    6.958899e-09    8.763069e-20
   35   80    1.273913e-09   -1.721400e-13
   35   81    6.700851e-09    7.180619e-15
   35   82    6.464561e-10   -1.457692e-15
   35   83    3.555899e-11   -5.889813e-16
   35   84    3.131849e-13   -2.347042e-17
   35   85    3.688129e-15   -3.036031e-18
   35   86    8.229893e-21   -2.139401e-23
   35   87    8.769139e-24   -2.255019e-26
   35   88    1.887221e-30   -1.549268e-32
   36   74    4.759427e-28   -9.880052e-32
   36   75    3.341490e-27   -1.862331e-30
   36   76    1.486540e-22   -3.994859e-28
   36   77    7.332817e-20   -2.354970e-24
   36   78    8.980257e-17    2.892332e-20
   36   79    7.706259e-14   -8.760806e-20
   36   80    1.925736e-08    1.578523e-13
   36   81    1.831654e-09    4.284223e-18
   36   82    4.946995e-08    8.782760e-16
   36   83    1.644527e-08    5.895367e-16
   36   84    5.864593e-08    2.350262e-17
   36   85    6.342351e-10    2.768046e-18
   36   86    4.693818e-10    2.402856e-21
   36   87    7.205938e-14   -2.253587e-18
   36   88    3.321089e-16   -4.663681e-21
   36   89    6.279667e-22   -4.759091e-25
   36   90    9.796804e-25   -4.344426e-27
   37   77    2.087746e-30   -1.323179e-33
   37   78    4.413306e-26   -5.963580e-30
   37   79    5.420936e-22   -5.667648e-26
   37   80    6.607087e-19   -2.833435e-21
   37   81    4.935120e-13   -4.284260e-18
   37   82    7.865046e-14   -1.492115e-16
   37   83    1.778762e-12   -3.419841e-20
   37   84    3.325625e-13   -1.677290e-20
   37   85    7.929929e-09    2.697171e-19
   37   86    5.147534e-10   -4.579141e-17
   37   87    7.773217e-11    2.253587e-18
   37   88    1.689976e-13   -2.261808e-17
   37   89    2.069440e-15   -3.260897e-19
   37   90    2.027401e-19   -1.837898e-22
   37   91    9.924362e-22   -2.434095e-24
   37   92    1.273671e-28   -4.062714e-30
   38   80    3.431568e-25   -7.704044e-30
   38   81    1.622184e-22   -1.733981e-26
   38   82    5.330405e-18   -3.486388e-25
   38   83    1.377369e-18   -1.684530e-24
   38   84    2.290707e-17    6.541527e-22
   38   85    6.769549e-14   -1.731474e-21
   38   86    1.940732e-08    4.578903e-17
   38   87    1.270522e-08    1.085542e-19
   38   88    3.434902e-08    2.262551e-17
   38   89    6.774536e-11   -1.894368e-18
   38   90    1.790304e-13    1.556773e-22
   38   91    1.371409e-16   -5.636633e-22
   38   92    4.973820e-19   -7.436568e-24
   38   93    1.278819e-23   -4.106991e-27
   38   94    3.163057e-26   -6.016767e-29
   39   82    1.609641e-29   -2.777795e-31
   39   83    5.231219e-24   -1.763053e-27
   39   84    2.926650e-24   -1.768759e-28
   39   85    3.155289e-22   -4.683381e-27
   39   86    4.565130e-19   -1.231358e-24
   39   87    2.175200e-13   -1.085540e-19
   39   88    1.783517e-13   -2.773765e-21
   39   89    5.015062e-09    2.220529e-18
   39   90    3.135308e-11   -1.944071e-17
   39   91    1.063913e-12   -2.955010e-20
   39   92    9.432807e-15   -1.063792e-19
   39   93    2.588862e-16   -1.013174e-21
   39   94    9.154218e-19   -1.170717e-22
   39   95    7.732672e-21   -1.792223e-24
   39   96    2.282873e-26   -6.123374e-28
   40   84    1.511184e-29   -1.396486e-33
   40   85    7.682606e-30   -2.331410e-33
   40   86    3.668486e-25   -8.845731e-31
   40   87    2.620525e-22   -6.204115e-27
   40   88    1.220237e-18   -2.424125e-26
   40   89    1.384854e-16   -7.033868e-23
   40   90    2.206744e-09    1.944074e-17
   40   91    5.757861e-10    3.011630e-20
   40   92    6.641472e-10    1.063866e-19
   40   93    1.880583e-10    1.012650e-21
   40   94    4.131950e-10    1.170461e-22
   40   95    4.772137e-12   -1.236046e-19
   40   96    8.235411e-13    6.058452e-28
   40   97    5.043026e-17   -1.197911e-22
   40   98    1.351357e-19   -6.304924e-22
   40   99    2.690485e-28   -1.835105e-29
   41   88    3.636214e-28   -5.966016e-32
   41   89    1.715554e-24   -3.361534e-29
   41   90    4.433205e-22   -1.207189e-27
   41   91    1.103216e-14   -7.348713e-26
   41   92    2.003470e-15   -5.845854e-18
   41   93    7.018395e-14    5.302660e-25
   41   94    5.941397e-15   -1.327653e-27
   41   95    7.182150e-16    1.235723e-19
   41   96    2.869169e-17   -4.886511e-23
   41   97    1.709653e-18    6.323632e-23
   41   98    1.193073e-20    3.297726e-23
   41   99    1.391389e-23   -1.328461e-25
   41  100    5.317047e-30   -5.077254e-31
   42   90    2.660079e-30   -1.905087e-35
   42   91    8.191516e-26   -1.262988e-29
   42   92    3.090449e-16    5.845854e-18
   42   93    1.299163e-18    8.742193e-28
   42   94    2.588044e-13    1.615587e-27
   42   95    3.271522e-11    6.201916e-23
   42   96    8.429463e-11    6.339564e-23
   42   97    2.376677e-11    5.655524e-23
   42   98    7.803797e-11    5.975087e-22
   42   99    1.825767e-13   -1.098842e-19
   42  100    1.857159e-14    2.780844e-21
   42  101    2.755536e-18   -4.500450e-22
   42  102    6.983157e-20   -1.475270e-23
   42  103    5.509898e-24   -1.169208e-26
   42  104    8.157788e-26   -1.947462e-28
   43   93    6.052534e-23   -8.756960e-28
   43   94    3.443247e-23   -2.802121e-28
   43   95    1.405285e-17   -2.795736e-23
   43   96    3.753999e-17   -1.523782e-23
   43   97    1.642103e-16    4.797507e-28
   43   98    5.557574e-17   -6.162976e-32
   43   99    2.530533e-13    1.098843e-19
   43  100    1.157323e-14   -1.069480e-16
   43  101    2.513126e-15   -4.275719e-19
   43  102    1.329976e-18   -3.606471e-20
   43  103    2.811471e-19   -7.429808e-22
   43  104    2.679950e-22   -3.470187e-26
   43  105    1.142691e-23   -3.589310e-27
   43  106    4.171603e-28   -1.678426e-30
   44   94    4.827254e-29   -2.223258e-33
   44   95    2.070995e-25   -5.019290e-30
   44   96    5.322267e-23    7.056502e-25
   44   97    8.208929e-22   -4.799342e-28
   44   98    1.547471e-14    9.466331e-30
   44   99    6.883173e-12    1.050132e-25
   44  100    3.351527e-11    1.069453e-16
   44  101    6.289551e-12    4.280220e-19
   44  102    2.291618e-12    3.607976e-20
   44  103    3.482471e-14   -7.283649e-22
   44  104    2.211547e-15    1.685608e-17
   44  105    4.745233e-18   -4.247483e-23
   44  106    7.305584e-20   -3.243011e-28
   44  107    1.703328e-23   -1.084342e-26
   44  108    3.289461e-25   -1.725878e-28
   44  109    2.593974e-30   -1.076956e-32
   45   97    7.068601e-30   -5.502592e-34
   45   98    3.346166e-26   -9.164227e-30
   45   99    9.673623e-19   -9.968642e-26
   45  100    2.831661e-18   -5.415256e-24
   45  101    2.881688e-17   -3.967974e-26
   45  102    4.810417e-17   -3.849276e-25
   45  103    5.915418e-12    1.472499e-21
   45  104    1.106205e-12   -3.745799e-15
   45  105    2.641237e-13   -2.978327e-19
   45  106    5.166176e-15   -2.458395e-17
   45  107    6.286053e-16   -6.926043e-20
   45  108    2.474642e-18   -2.109859e-20
   45  109    2.109101e-19   -3.776219e-22
   45  110    2.217011e-23   -1.058509e-24
   45  111    2.671434e-24   -3.478572e-26
   45  112    5.511534e-29   -1.716185e-30
   46   99    7.243935e-28   -8.106127e-32
   46  100    7.236567e-25   -3.300928e-31
   46  101    1.959806e-24   -9.203644e-30
   46  102    1.193653e-20    8.468856e-26
   46  103    1.172264e-17   -1.142210e-24
   46  104    1.945942e-11    3.728943e-15
   46  105    4.562888e-12    2.978754e-19
   46  106    2.344597e-11    2.458521e-17
   46  107    1.077581e-12    6.926044e-20
   46  108    2.488914e-11    2.540935e-17
   46  109    4.748868e-13   -1.379341e-18
   46  110    4.792314e-14    1.028809e-17
   46  111    4.882985e-17   -4.995788e-21
   46  112    2.974891e-18   -5.628615e-24
   46  113    1.946468e-22   -2.997885e-25
   46  114    8.225318e-24   -8.125182e-27
   46  115    4.767628e-29   -2.731560e-31
   47  103    4.273042e-25   -1.553430e-29
   47  104    1.474143e-21   -5.087920e-26
   47  105    6.777411e-18   -2.719192e-25
   47  106    1.269767e-17   -1.269342e-21
   47  107    3.071739e-12    2.111168e-24
   47  108    8.893511e-13   -8.908143e-16
   47  109    5.772654e-12    1.379792e-18
   47  110    5.889756e-13   -3.429366e-15
   47  111    3.481336e-13   -7.243173e-20
   47  112    8.587710e-15   -1.088495e-19
   47  113    8.165987e-16   -6.059936e-21
   47  114    2.137172e-19   -6.654730e-21
   47  115    4.038001e-20   -4.819861e-24
   47  116    2.198087e-24   -1.328457e-27
   47  117    1.241377e-25   -2.442427e-28
   48  104    5.961714e-29   -2.467992e-33
   48  105    2.051935e-26   -8.826093e-31
   48  106    6.208383e-22    1.262999e-23
   48  107    3.447676e-19   -2.110388e-24
   48  108    3.743020e-13    8.654261e-16
   48  109    2.035325e-14   -7.270051e-23
   48  110    1.817388e-11    3.419077e-15
   48  111    4.337827e-12    7.742956e-20
   48  112    2.090839e-11    1.109589e-19
   48  113    8.165155e-13    6.060236e-21
   48  114    3.388795e-11    9.445151e-18
   48  115    3.771320e-13   -2.813318e-19
   48  116    4.403862e-14    3.495715e-20
   48  117    6.022250e-17   -9.627189e-22
   48  118    2.499762e-18   -1.185604e-22
   48  119    1.750148e-22   -1.557032e-25
   48  120    4.655339e-24   -1.312612e-26
   48  121    6.162573e-29   -6.538521e-31
   49  107    1.306560e-28   -9.646633e-33
   49  108    3.166720e-25   -1.303406e-29
   49  109    3.819028e-20   -3.646787e-25
   49  110    1.711442e-20   -1.392786e-25
   49  111    3.400781e-18   -2.012869e-24
   49  112    2.355257e-17   -3.756756e-21
   49  113    4.657034e-12    4.038968e-27
   49  114    9.475745e-13   -1.887709e-15
   49  115    3.785589e-13    2.813366e-19
   49  116    1.720614e-14   -1.747885e-16
   49  117    3.738398e-15   -2.057815e-19
   49  118    1.457562e-17   -4.174315e-19
   49  119    3.256904e-18   -3.239436e-21
   49  120    1.153078e-21   -5.361074e-23
   49  121    2.741686e-22   -1.700016e-24
   49  122    2.212588e-27   -2.112803e-28
   49  123    3.655401e-28   -8.485970e-30
   50  110    2.630417e-27   -2.545745e-32
   50  111    8.161070e-27   -5.513958e-31
   50  112    7.273351e-20    1.652974e-21
   50  113    2.577424e-19   -3.714025e-27
   50  114    2.085991e-13    1.878271e-15
   50  115    4.705216e-12    7.302454e-25
   50  116    3.935178e-11    1.747536e-16
   50  117    8.471755e-12    2.067783e-19
   50  118    5.117918e-11    4.183533e-19
   50  119    9.669025e-12    3.257339e-21
   50  120    6.609593e-11    7.778845e-21
   50  121    6.475453e-13   -9.532177e-19
   50  122    5.259928e-13    5.229081e-21
   50  123    2.091073e-15   -2.674340e-23
   50  124    5.874364e-14    1.681575e-22
   50  125    7.995438e-17   -1.374826e-23
   50  126    8.688557e-19   -1.714078e-32
   50  127    2.863805e-22   -5.425894e-27
   50  128    6.780742e-25   -2.743629e-29
   50  129    5.468018e-29   -5.844883e-32
   51  113    1.421992e-29   -5.091962e-33
   51  114    7.458290e-27   -5.111413e-30
   51  115    9.835565e-21   -7.299466e-25
   51  116    2.195561e-19   -3.317308e-23
   51  117    2.402250e-18   -3.406813e-23
   51  118    1.211192e-18   -8.031745e-22
   51  119    1.697466e-17   -1.774631e-23
   51  120    5.139909e-17   -7.766392e-21
   51  121    3.029329e-12    9.532204e-19
   51  122    3.559819e-13   -2.169642e-19
   51  123    1.617549e-13    2.674342e-23
   51  124    6.106128e-15   -3.363490e-22
   51  125    5.444531e-16    1.285293e-23
   51  126    4.700571e-18   -6.292297e-25
   51  127    1.462046e-19   -5.746247e-26
   51  128    1.810813e-22   -7.731165e-28
   51  129    2.278456e-24   -2.059648e-29
   51  130    4.794592e-28   -2.897696e-32
   52  116    2.284900e-27   -3.652650e-32
   52  117    6.946530e-27   -2.674700e-31
   52  118    1.043695e-25   -2.886107e-32
   52  119    6.086228e-26   -1.508181e-31
   52  120    2.515179e-19    4.116453e-23
   52  121    1.175830e-17   -1.014604e-24
   52  122    8.394884e-12    2.117352e-19
   52  123    2.410941e-12    1.641840e-24
   52  124    1.718723e-11    1.682989e-22
   52  125    3.885154e-12    1.358709e-24
   52  126    2.680752e-11    6.113382e-24
   52  127    5.111280e-13   -2.172379e-18
   52  128    5.955785e-13    2.989522e-18
   52  129    5.253826e-15   -1.800321e-19
   52  130    1.841277e-12    4.508819e-21
   52  131    4.261474e-15   -4.069305e-19
   52  132    4.334778e-17   -2.241458e-23
   52  133    2.723094e-20   -5.200556e-24
   52  134    3.079603e-23   -1.757406e-27
   53  121    9.612359e-25   -1.804486e-29
   53  122    1.680784e-22   -1.104344e-25
   53  123    5.455784e-19   -1.641722e-24
   53  124    2.681489e-19   -1.076449e-25
   53  125    1.658718e-17   -4.631439e-25
   53  126    8.134776e-17   -1.040356e-23
   53  127    3.101620e-12    2.172381e-18
   53  128    4.537346e-13   -4.332710e-17
   53  129    5.700705e-14    1.800321e-19
   53  130    1.400713e-15   -9.017204e-21
   53  131    7.060991e-17    4.069159e-19
   53  132    3.311487e-19    1.667217e-23
   53  133    3.950299e-21    5.193012e-24
   53  134    8.131028e-24    1.387675e-27
   53  135    1.196265e-26   -7.230161e-32
   54  122    3.459971e-30   -6.844985e-36
   54  123    7.097512e-28   -1.357290e-32
   54  124    7.011872e-26    1.245824e-27
   54  125    3.172423e-25   -7.473436e-31
   54  126    8.122901e-19    4.920901e-24
   54  127    5.148407e-17   -2.348342e-24
   54  128    8.882329e-12    4.033758e-17
   54  129    4.014009e-12    5.622243e-25
   54  130    1.677403e-11    4.522313e-21
   54  131    5.105612e-12    2.413606e-23
   54  132    4.010420e-11    7.313440e-23
   54  133    7.100399e-13   -2.245011e-19
   54  134    1.463970e-13    3.660315e-27
   54  135    5.698612e-15   -2.481084e-20
   54  136    8.085728e-12    0.000000e+00
   54  137    1.696943e-20   -1.061412e-23
   54  138    4.288151e-25   -7.268803e-29
   55  126    1.170918e-30   -1.704443e-33
   55  127    7.670188e-24   -4.882763e-29
   55  128    7.178528e-22   -4.673720e-25
   55  129    4.510593e-19   -5.618053e-25
   55  130    1.729212e-19   -1.415341e-23
   55  131    5.575817e-17   -9.541788e-24
   55  132    2.685054e-16   -6.867613e-23
   55  133    4.000545e-12    2.245011e-19
   55  134    4.999161e-13   -1.098229e-21
   55  135    7.871621e-14    2.481084e-20
   55  136    1.378246e-15   -1.747093e-22
   55  137    2.235870e-17    1.061074e-23
   55  138    3.584611e-25    4.701580e-29
   55  139    9.515310e-29   -2.451313e-32
   56  128    5.609444e-30   -3.825954e-36
   56  129    9.993144e-28   -1.782535e-32
   56  130    9.934673e-24    2.264428e-25
   56  131    4.006247e-24   -5.773025e-31
   56  132    3.762753e-18    1.284317e-24
   56  133    1.423321e-16   -6.110243e-26
   56  134    1.007302e-11    1.098562e-21
   56  135    4.527189e-12    5.735334e-25
   56  136    3.669488e-11    2.085077e-22
   56  137    3.992869e-11    6.462349e-27
   56  138    3.991095e-10    0.000000e+00
   56  139    2.111194e-16   -6.072228e-21
   56  140    5.542826e-19   -7.217769e-26
   56  141    1.061249e-25   -1.381891e-29
   56  142    4.913187e-29   -1.106518e-32
   57  132    6.183964e-30   -5.119879e-35
   57  133    1.157245e-23   -1.175594e-28
   57  134    9.111986e-22   -3.372485e-25
   57  135    2.810309e-19   -5.734212e-25
   57  136    1.396863e-19   -3.380618e-23
   57  137    2.339705e-18    9.804139e-30
   57  138    5.455433e-17    0.000000e+00
   57  139    3.735363e-11    6.080191e-21
   57  140    2.894504e-16   -2.858557e-22
   57  141    3.635714e-18   -3.693357e-23
   57  142    9.395623e-24   -2.460190e-28
   57  143    2.363132e-26   -3.972814e-30
   58  134    1.217025e-29   -6.385627e-36
   58  135    6.503853e-28   -1.462527e-33
   58  136    3.936201e-25    8.786842e-27
   58  137    2.257778e-24   -9.981539e-30
   58  138    2.686090e-18    1.120541e-28
   58  139    6.615138e-16   -6.568086e-24
   58  140    9.306637e-11    3.346192e-20
   58  141    9.329048e-15   -4.386023e-22
   58  142    5.917847e-14    3.930547e-24
   58  143    1.256426e-18   -1.512290e-24
   58  144    2.598003e-20   -1.512662e-28
   58  145    1.295865e-26   -1.025489e-29
   58  146    3.331310e-28    0.000000e+00
   59  138    6.806060e-26   -1.120539e-28
   59  139    1.547422e-19   -1.393978e-24
   59  140    4.701877e-17   -3.317599e-20
   59  141    7.794027e-12    7.364686e-22
   59  142    9.439524e-15   -1.965163e-20
   59  143    1.208694e-15   -1.464641e-22
   59  144    1.718149e-19   -2.366324e-23
   59  145    1.208871e-20   -8.052772e-26
   59  146    2.024566e-26   -1.999927e-30
   59  147    2.196193e-30   -3.912596e-34
   60  139    1.017434e-27   -8.187223e-32
   60  140    1.224476e-20   -6.027032e-27
   60  141    1.632252e-17   -2.609324e-22
   60  142    2.092786e-11    1.964773e-20
   60  143    9.166455e-13    1.480159e-22
   60  144    1.003102e-11    2.366997e-23
   60  145    5.437958e-14    1.093551e-25
   60  146    2.866161e-12    1.615587e-27
   60  147    1.621910e-16   -2.447939e-23
   60  148    4.330437e-17    0.000000e+00
   60  149    3.741981e-22   -8.617063e-27
   60  150    2.368003e-21    0.000000e+00
   60  151    1.037248e-25   -1.991560e-29
   60  152    1.110596e-26    0.000000e+00
   61  141    1.351079e-27   -1.548181e-31
   61  142    6.893404e-24   -2.437979e-26
   61  143    6.302395e-18   -3.905176e-26
   61  144    1.456881e-18   -1.989177e-25
   61  145    1.124514e-16    1.322052e-23
   61  146    3.067173e-18   -2.510496e-27
   61  147    2.722067e-16    2.400848e-23
   61  148    2.195826e-19   -6.778116e-26
   61  149    1.321730e-19   -9.050649e-26
   61  150    2.666281e-23   -3.957550e-28
   61  151    4.460815e-23   -4.272873e-29
   61  152    1.493781e-26   -8.662450e-30
   61  153    6.771354e-27   -3.079026e-30
   62  142    3.759921e-29   -1.238060e-33
   62  143    1.344924e-24   -3.669343e-28
   62  144    1.609210e-16    1.922717e-25
   62  145    2.719462e-15   -1.324901e-23
   62  146    7.042581e-13    5.452607e-27
   62  147    6.408421e-14    1.186257e-24
   62  148    4.309606e-12    2.407225e-25
   62  149    1.697296e-14    5.491389e-23
   62  150    4.300441e-13    8.734268e-27
   62  151    4.774809e-16   -2.401657e-26
   62  152    1.838357e-13    7.028056e-25
   62  153    4.134509e-16   -3.546021e-22
   62  154    1.990607e-15    5.032933e-28
   62  155    1.451572e-18   -1.551611e-22
   62  156    8.423221e-20   -3.569634e-25
   62  157    1.858002e-24   -5.521380e-28
   62  158    1.467061e-26   -6.608047e-30
   63  144    1.606258e-30   -2.255615e-32
   63  145    1.157371e-21   -3.237787e-28
   63  146    1.279201e-20   -4.603771e-27
   63  147    1.038798e-17   -7.153471e-25
   63  148    5.696251e-18   -1.740462e-25
   63  149    3.076979e-15   -5.466593e-23
   63  150    6.770957e-17   -8.784542e-23
   63  151    1.511302e-13    4.871904e-24
   63  152    2.905751e-15   -9.747177e-25
   63  153    2.185010e-13    4.907601e-22
   63  154    4.759605e-15   -2.515765e-24
   63  155    1.944263e-14    1.365961e-22
   63  156    1.403833e-16   -1.499178e-23
   63  157    2.028600e-17   -5.321684e-23
   63  158    4.055335e-21   -2.112173e-25
   63  159    2.444983e-22   -3.212901e-26
   63  160    1.328043e-27   -5.005852e-30
   64  146    1.054125e-25   -3.620956e-33
   64  147    1.062300e-23   -1.110591e-29
   64  148    7.091798e-20    8.158871e-28
   64  149    8.333024e-19   -1.488229e-25
   64  150    1.158403e-15    8.783706e-23
   64  151    3.621548e-16   -4.847815e-24
   64  152    3.974298e-13    2.719235e-25
   64  153    1.977274e-14   -1.361577e-22
   64  154    9.255788e-13    2.515469e-24
   64  155    5.744825e-14    1.901200e-23
   64  156    2.308262e-12    1.584810e-23
   64  157    6.628319e-14    5.357077e-23
   64  158    2.325063e-12    2.427420e-25
   64  159    4.110489e-15   -8.853379e-21
   64  160    7.320614e-16    5.028988e-30
   64  161    8.705184e-20   -5.667679e-23
   64  162    2.210181e-21   -6.281257e-25
   64  163    1.649708e-26   -3.474931e-29
   65  150    2.087925e-29   -2.392509e-34
   65  151    7.861897e-25   -1.776067e-30
   65  152    2.928949e-25   -6.659225e-31
   65  153    4.332876e-22   -3.072474e-28
   65  154    1.650535e-22   -3.054320e-28
   65  155    1.435432e-18   -4.465475e-25
   65  156    1.610348e-18   -5.835342e-25
   65  157    5.525844e-15    5.385852e-23
   65  158    1.491513e-15   -3.761387e-26
   65  159    3.450791e-13    9.083631e-21
   65  160    6.078830e-15   -1.393130e-22
   65  161    1.237552e-14   -2.922594e-21
   65  162    3.986337e-17   -1.252087e-20
   65  163    3.321815e-18   -4.066684e-22
   65  164    2.560275e-22   -2.037343e-25
   65  165    2.952409e-24   -3.329833e-27
   65  166    2.231541e-29   -1.273446e-31
   66  153    1.662155e-28   -1.034985e-33
   66  154    1.982389e-23    3.054485e-31
   66  155    1.031995e-22   -4.152250e-28
   66  156    5.414733e-18    8.425605e-26
   66  157    1.109002e-17   -5.421188e-23
   66  158    5.957408e-14    6.247778e-27
   66  159    2.009208e-14   -2.301620e-22
   66  160    1.146709e-12    1.394375e-22
   66  161    7.400833e-14    3.366751e-21
   66  162    1.961253e-12    1.367688e-20
   66  163    2.244396e-14    4.066857e-22
   66  164    2.153547e-13    5.836479e-20
   66  165    7.055219e-17   -1.203039e-21
   66  166    5.132571e-18   -2.500430e-24
   66  167    9.381958e-23   -3.612421e-26
   66  168    1.081767e-24   -2.968339e-28
   66  169    4.274262e-30   -1.569798e-32
   67  157    2.701573e-27   -5.118544e-31
   67  158    3.375378e-26   -7.130864e-30
   67  159    8.076315e-22   -5.842440e-26
   67  160    1.338591e-21   -1.233652e-25
   67  161    2.415759e-17   -3.873436e-22
   67  162    7.259704e-18   -1.181690e-21
   67  163    1.734889e-14    8.396379e-21
   67  164    1.181675e-15   -9.727456e-20
   67  165    4.637227e-13    3.907464e-19
   67  166    1.647462e-15   -2.440415e-21
   67  167    5.290172e-16   -7.016099e-21
   67  168    1.410897e-19   -1.128992e-22
   67  169    5.702512e-21   -2.886217e-24
   67  170    1.482869e-25   -1.279514e-28
   67  171    4.676753e-28   -1.263921e-30
   68  159    3.922142e-27   -2.600863e-31
   68  160    8.177266e-22   -1.137154e-27
   68  161    1.108805e-20   -1.369140e-25
   68  162    2.185783e-16    2.630865e-23
   68  163    2.637896e-16   -8.396396e-21
   68  164    5.235053e-13    3.891003e-20
   68  165    1.014453e-13   -3.895407e-19
   68  166    2.491865e-12    2.458074e-21
   68  167    7.872000e-14    9.112595e-21
   68  168    5.755715e-13    1.966972e-22
   68  169    1.117979e-15   -1.945734e-22
   68  170    2.665466e-16    2.746281e-25
   68  171    4.830901e-20   -2.553329e-25
   68  172    1.790201e-21   -1.448723e-27
   68  173    1.406272e-26   -2.397948e-29
   68  174    5.888551e-29   -4.392956e-32
   69  162    3.291877e-29   -3.627027e-33
   69  163    9.543716e-24   -2.096622e-28
   69  164    4.767001e-23   -5.689943e-26
   69  165    2.011390e-18   -2.667451e-24
   69  166    2.931549e-18   -1.512630e-23
   69  167    1.169421e-14   -2.037389e-21
   69  168    4.704375e-15   -8.380607e-23
   69  169    4.815547e-13    3.460373e-22
   69  170    1.636402e-14   -2.111561e-22
   69  171    1.780818e-14   -4.183723e-23
   69  172    4.575273e-17   -2.861571e-23
   69  173    3.249936e-18   -1.567383e-23
   69  174    5.299221e-22   -2.342697e-25
   69  175    9.215724e-25   -1.447391e-28
   69  176    5.722200e-30   -7.189668e-33
   70  164    1.640913e-26   -5.165603e-31
   70  165    6.599170e-25   -1.591310e-28
   70  166    4.644587e-20   -3.261081e-26
   70  167    4.330262e-19   -5.907094e-23
   70  168    3.395114e-15    8.403735e-27
   70  169    2.873405e-15   -1.485716e-22
   70  170    1.283254e-12    2.108955e-22
   70  171    1.574252e-13    6.683338e-23
   70  172    4.119715e-12    6.263227e-23
   70  173    8.796249e-14    1.878098e-22
   70  174    8.380058e-13    1.013751e-23
   70  175    3.665937e-16   -1.450541e-22
   70  176    1.193162e-17    9.244464e-33
   70  177    1.277647e-21   -2.659940e-26
   70  178    2.151824e-23   -6.941858e-28
   70  179    4.380184e-30   -1.307079e-33
   71  167    1.766081e-30   -8.186551e-35
   71  168    5.284373e-26   -2.293655e-29
   71  169    5.257547e-21   -6.122567e-27
   71  170    1.699788e-20   -1.379192e-26
   71  171    1.229893e-16   -2.473450e-23
   71  172    1.375019e-16   -3.396216e-23
   71  173    5.191837e-14    1.987188e-23
   71  174    7.190434e-15   -5.141447e-23
   71  175    3.956853e-13    7.011515e-22
   71  176    2.192726e-15    2.366583e-30
   71  177    3.726153e-16   -9.295507e-23
   71  178    2.797272e-19   -2.356791e-23
   71  179    9.344363e-21   -8.111997e-26
   71  180    7.743682e-25   -3.243188e-28
   71  181    4.548265e-28   -3.102246e-31
   72  169    3.300060e-28   -2.436524e-31
   72  170    8.079788e-23   -2.009202e-28
   72  171    1.920475e-21   -6.309336e-27
   72  172    2.165597e-17   -5.257249e-26
   72  173    1.139409e-16   -1.920078e-22
   72  174    8.815180e-14    4.151122e-23
   72  175    2.348892e-14   -5.559565e-22
   72  176    6.090479e-12    1.373249e-25
   72  177    1.066910e-13    1.447518e-22
   72  178    2.172979e-13    2.060331e-22
   72  179    8.509659e-16    3.155239e-22
   72  180    7.612521e-16    1.942945e-20
   72  181    1.806972e-19   -7.071236e-27
   72  182    2.200039e-21    0.000000e+00
   72  183    2.431569e-26   -9.516044e-31
   72  184    9.650027e-29   -9.339396e-34
   73  173    4.326740e-26   -5.484442e-31
   73  174    9.898787e-26   -3.458177e-30
   73  175    3.712536e-20   -1.406372e-25
   73  176    2.782876e-20    4.056644e-26
   73  177    7.373335e-17   -5.051445e-23
   73  178    7.115923e-19   -1.677884e-22
   73  179    1.264139e-13    2.293861e-20
   73  180    4.637317e-15   -2.259236e-20
   73  181    5.899602e-13    6.258252e-22
   73  182    8.405226e-16   -1.214819e-23
   73  183    5.073039e-17   -1.647723e-23
   73  184    1.631716e-21   -7.466972e-27
   73  185    2.237897e-23   -1.082923e-27
   73  186    2.224072e-28   -5.056625e-32
   74  174    9.618423e-27    0.000000e+00
   74  175    5.657242e-25   -3.840353e-29
   74  176    1.115578e-20   -1.775450e-25
   74  177    6.942615e-20   -1.255589e-24
   74  178    1.916109e-16   -1.467613e-23
   74  179    3.604157e-16   -2.325386e-20
   74  180    1.605584e-13    3.173839e-21
   74  181    4.587624e-14   -4.998517e-22
   74  182    4.549654e-12    6.102961e-23
   74  183    2.907933e-14    1.208797e-21
   74  184    1.530185e-13    7.820595e-23
   74  185    8.152713e-17   -1.798209e-24
   74  186    1.018588e-17    5.481023e-23
   74  187    5.313692e-22   -8.808726e-28
   74  188    8.675007e-23   -2.060573e-30
   74  189    5.614613e-29   -1.252666e-32
   75  178    6.623814e-26   -1.197939e-29
   75  179    1.582865e-21   -1.937800e-25
   75  180    1.114129e-20   -1.092975e-23
   75  181    6.297009e-17   -1.259635e-22
   75  182    7.848802e-17   -4.463487e-23
   75  183    5.036226e-14   -1.129352e-21
   75  184    1.670529e-15   -7.843776e-23
   75  185    2.601253e-13    1.562465e-22
   75  186    1.644383e-15   -7.337129e-22
   75  187    7.068393e-16    8.809604e-28
   75  188    4.577735e-19   -1.071407e-24
   75  189    3.625625e-20   -5.935096e-26
   75  190    1.982430e-24   -1.526634e-27
   75  191    1.229721e-25   -2.995563e-29
   75  192    1.281715e-30   -1.147420e-32
   76  179    4.599667e-29   -1.689318e-32
   76  180    5.044157e-24   -5.600788e-28
   76  181    1.338869e-22   -3.044010e-27
   76  182    2.330358e-18   -4.246854e-24
   76  183    2.057285e-17   -6.296812e-23
   76  184    2.622916e-14    2.394288e-25
   76  185    8.722801e-15   -1.541599e-22
   76  186    2.319990e-12    6.790115e-22
   76  187    6.725877e-14    4.042253e-22
   76  188    2.130784e-12    2.751385e-23
   76  189    5.350719e-15    3.972590e-21
   76  190    3.357649e-14    1.710389e-22
   76  191    2.763102e-17   -2.975715e-24
   76  192    2.259089e-17    3.591631e-24
   76  193    3.381739e-21   -4.485039e-27
   76  194    7.875085e-21   -5.968028e-30
   76  195    2.902126e-25   -7.697926e-29
   76  196    1.034639e-27   -7.090766e-32
   77  182    6.332277e-30   -1.007781e-33
   77  183    5.567215e-25   -2.331634e-29
   77  184    1.204630e-23   -1.554469e-28
   77  185    1.038953e-19   -2.872758e-25
   77  186    4.548117e-20   -1.082127e-25
   77  187    1.066782e-16   -4.042230e-22
   77  188    2.750632e-17   -2.609144e-23
   77  189    3.161861e-14   -3.958972e-21
   77  190    1.217951e-15   -3.647125e-22
   77  191    5.936131e-13    9.491912e-22
   77  192    3.360850e-15   -7.545036e-23
   77  193    2.033399e-14    4.972935e-24
   77  194    2.746741e-17   -5.668765e-23
   77  195    1.090204e-17   -1.735067e-22
   77  196    1.569927e-21   -4.324383e-24
   77  197    1.225644e-22   -5.044662e-26
   77  198    3.099525e-27   -5.549540e-29
   78  185    8.145398e-28   -2.745187e-32
   78  186    2.870382e-23   -5.489172e-28
   78  187    1.323767e-22   -2.241248e-27
   78  188    2.159115e-18   -3.510438e-25
   78  189    3.701059e-18   -1.355799e-23
   78  190    7.385855e-15    1.936751e-22
   78  191    1.618432e-15   -9.461904e-22
   78  192    1.583298e-12    7.188616e-23
   78  193    5.480574e-14    4.420554e-23
   78  194    2.475784e-12    7.651017e-23
   78  195    2.914266e-14    3.334843e-22
   78  196    1.024188e-12    1.045181e-21
   78  197    1.851647e-15   -3.704017e-21
   78  198    3.774040e-15    5.522026e-29
   78  199    1.500153e-18   -1.161491e-22
   78  200    4.849531e-20   -1.529982e-25
   78  201    5.849309e-25   -5.585500e-28
   78  202    1.031176e-26   -9.347814e-33
   79  189    1.016270e-27   -8.463152e-32
   79  190    1.023302e-25   -5.703242e-30
   79  191    1.994434e-21   -2.505910e-26
   79  192    3.417373e-21   -2.749411e-26
   79  193    2.179995e-17   -4.917386e-23
   79  194    1.896040e-17   -1.982232e-23
   79  195    1.798109e-14   -1.564289e-22
   79  196    4.164894e-15   -1.119208e-21
   79  197    6.640901e-13    6.573361e-21
   79  198    1.887883e-14   -1.160571e-20
   79  199    5.786448e-15   -2.942205e-21
   79  200    1.778011e-17   -8.780315e-22
   79  201    9.542013e-19   -8.761214e-23
   79  202    5.778418e-22   -2.914343e-24
   79  203    1.198377e-23   -2.860818e-26
   79  204    8.885141e-28   -3.197659e-30
   80  191    6.287930e-30   -3.063441e-34
   80  192    5.301284e-25   -4.338900e-30
   80  193    1.115786e-23   -1.166573e-28
   80  194    1.885485e-19   -1.929132e-30
   80  195    9.389268e-19   -3.548549e-24
   80  196    3.590539e-15    7.835131e-23
   80  197    4.627459e-15   -2.869293e-21
   80  198    2.644411e-12    1.160572e-20
   80  199    6.339861e-13    3.071883e-21
   80  200    4.969891e-12    9.111984e-22
   80  201    3.476598e-13    6.920062e-21
   80  202    5.091778e-12    7.734227e-21
   80  203    2.106208e-14   -7.485568e-22
   80  204    8.362455e-14    2.622767e-24
   80  205    8.605722e-18   -4.002090e-21
   80  206    3.310856e-20   -9.503613e-24
   81  196    2.921572e-27   -6.321328e-32
   81  197    3.793218e-23   -5.326675e-28
   81  198    6.140403e-22   -4.604633e-27
   81  199    2.521908e-18   -1.352950e-23
   81  200    2.166659e-17   -3.301224e-23
   81  201    1.254505e-14   -6.832297e-21
   81  202    5.721539e-14   -7.731312e-21
   81  203    3.160258e-12    4.836276e-21
   81  204    7.462063e-14   -8.981616e-23
   81  205    2.442937e-13    4.002092e-21
   81  206    1.250524e-15   -7.107818e-19
   81  207    4.879251e-18   -2.443647e-21
   81  208    1.894313e-28   -1.482691e-31
   82  199    1.741802e-26   -4.620115e-31
   82  200    8.758492e-22   -1.620760e-27
   82  201    3.553881e-20   -1.514997e-25
   82  202    2.465922e-16   -2.124994e-29
   82  203    5.336792e-15   -4.087691e-21
   82  204    5.536573e-12    8.719405e-23
   82  205    8.515044e-12    6.947025e-26
   82  206    5.192774e-11    7.107937e-19
   82  207    5.847820e-11    2.444784e-21
   82  208    1.294584e-10    0.000000e+00
   82  209    1.659720e-19   -2.031878e-24
   82  210    5.013192e-26   -1.024376e-35
   83  202    6.552064e-28   -1.523505e-32
   83  203    8.911264e-24   -3.017371e-29
   83  204    2.378014e-22   -8.431070e-28
   83  205    6.682638e-19   -7.251109e-26
   83  206    8.781575e-18   -2.333607e-24
   83  207    7.948718e-15   -1.143075e-24
   83  208    4.025391e-14   -4.985601e-28
   83  209    3.058366e-12    2.032005e-24
   83  210    6.368892e-20   -2.106819e-26
   83  211    7.702783e-28    0.000000e+00
   84  208    6.439123e-29   -4.035740e-42
   84  209    4.522367e-28   -9.658870e-41
   84  210    1.086665e-24    2.106823e-26
    0    1    6.329055e-29   -9.227802e-30
    1    1    2.448403e-24   -2.706071e-25
    2    4    2.219733e-14   -2.753036e-19
