6.7596e-06
8.8178e-07
1.0233e+00
5.8776e+04
    1    2    1.450336e-24    6.943357e-27
    6   12    7.736613e-04   -3.901610e-14
    6   13    5.255306e-17    1.321460e-18
    6   14    2.575997e-25    1.226221e-26
    7   13    6.912390e-13    3.900445e-14
    7   14    3.810061e-22    2.514378e-23
    7   15    8.302387e-25    5.450731e-26
    8   14    3.864708e-22    4.265457e-23
    8   16    4.583193e-02   -2.199629e-13
    8   17    8.756900e-15    2.200891e-16
    8   18    1.272460e-18    3.198098e-20
    9   17    9.119407e-16   -1.920294e-16
    9   18    2.329731e-24    2.326370e-25
    9   19    7.366940e-25    1.262016e-25
   10   18    2.017781e-26    4.192010e-28
   10   20    8.353541e-03    3.013961e-13
   10   21    3.015564e-05   -5.820787e-15
   10   22    3.692474e-06   -7.597390e-16
   10   23    6.627549e-19    1.665716e-20
   11   21    1.696600e-14    9.796754e-16
   11   22    5.171746e-14    2.986347e-15
   11   23    1.457139e-04   -1.092557e-13
   11   24    5.541631e-16    1.392803e-17
   11   25    1.134147e-27    7.864613e-29
   12   22    3.406616e-25    3.777266e-26
   12   23    2.573385e-20    3.356720e-21
   12   24    2.013354e-03   -2.525757e-15
   12   25    4.441883e-04   -2.116661e-14
   12   26    2.597255e-04    5.758696e-14
   12   27    1.279942e-16    3.216907e-18
   12   28    1.848627e-28    8.799794e-30
   13   25    5.458133e-13    3.151525e-14
   13   26    1.408289e-04   -7.070036e-14
   13   27    2.011964e-04    2.792628e-14
   13   28    1.440618e-15    3.819383e-17
   13   29    1.407384e-22    1.835833e-23
   14   26    1.244065e-23    1.379405e-24
   14   27    5.127219e-14    2.960630e-15
   14   28    2.358143e-04    4.355782e-15
   14   29    6.520005e-05   -1.478567e-15
   14   30    2.844539e-05    2.256733e-16
   14   31    2.852672e-17    7.169684e-19
   14   32    6.319818e-29    3.008350e-30
   15   28    3.651170e-25    4.048137e-26
   15   29    1.335796e-15    7.717599e-17
   15   30    2.314315e-07    8.019112e-16
   15   31    2.104118e-06    8.475772e-16
   15   32    1.095353e-17    2.753017e-19
   15   33    8.036366e-20    2.019808e-21
   16   30    2.099404e-27    2.328081e-28
   16   31    3.517614e-10   -8.268866e-17
   16   32    1.166119e-06    1.717889e-17
   16   33    2.100891e-08    1.013051e-18
   16   34    2.736454e-07   -2.450731e-18
   16   35    2.793123e-19    7.020019e-21
   16   36    1.985041e-29    9.450732e-31
   17   32    5.049252e-22    2.908721e-23
   17   33    4.784930e-17    2.762941e-18
   17   34    4.396429e-19    2.538668e-20
   17   35    1.020433e-08    2.988254e-18
   17   36    1.339649e-19    3.366995e-21
   17   37    6.396746e-28    8.306320e-29
   18   34    3.942232e-28    4.371133e-29
   18   35    4.158317e-27    5.419733e-28
   18   36    8.448026e-10    3.631809e-20
   18   37    1.150150e-20    2.981500e-22
   18   38    2.659022e-10   -8.443963e-22
   18   39    1.280871e-21    3.219242e-23
   18   40    6.765068e-23    1.700279e-24
   19   37    4.036662e-21    2.330486e-22
   19   39    3.745177e-12    1.119339e-21
   19   40    6.305692e-23    1.584837e-24
   19   43    4.728105e-29    1.188325e-30
   20   40    2.851209e-14    1.758870e-24
   20   41    3.907014e-25    9.819593e-27
   20   42    4.763924e-08   -9.802421e-20
   20   43    1.463411e-08   -2.375332e-20
   20   44    7.048443e-08   -1.117951e-19
   20   45    9.833674e-19    2.471519e-20
   20   46    2.020422e-10   -3.665703e-22
   20   47    1.389114e-21    3.491292e-23
   20   48    2.292639e-09   -7.123679e-21
   20   49    3.374789e-21    8.481931e-23
   21   41    6.189935e-27    3.482649e-28
   21   43    1.183153e-18    6.831939e-20
   21   44    4.575283e-19    2.641928e-20
   21   45    6.669494e-09    9.254414e-20
   21   46    6.055517e-19    1.521947e-20
   21   47    5.752616e-21    3.318830e-22
   21   48    6.917740e-20    3.994544e-21
   21   49    5.272056e-20    3.044269e-21
   22   44    2.913074e-30    3.250681e-31
   22   45    1.785505e-26    1.031228e-27
   22   46    2.020422e-08   -2.489483e-20
   22   47    7.854394e-09    4.847278e-21
   22   48    1.436025e-08   -2.914984e-21
   22   49    1.733388e-08   -7.563740e-21
   22   50    5.602375e-08   -1.476352e-20
   22   51    3.427945e-19    8.615532e-21
   22   52    2.290417e-29    2.885200e-30
   23   47    1.216209e-19    7.022815e-21
   23   48    5.359254e-20    3.094620e-21
   23   49    9.922077e-20    5.729353e-21
   23   50    1.998959e-15    6.448022e-21
   23   51    4.904040e-09    1.260458e-20
   23   52    2.853478e-19    7.171709e-21
   23   53    3.239248e-30    1.541940e-31
   24   50    9.383978e-13   -1.518854e-24
   24   51    8.112272e-22    4.496072e-23
   24   52    5.579288e-08   -2.948733e-20
   24   53    1.074040e-08    5.777029e-21
   24   54    1.369099e-07   -4.415159e-20
   24   55    1.696836e-18    4.264696e-20
   24   56    1.336407e-29    6.361538e-31
   25   51    1.193794e-24    6.893382e-26
   25   53    8.065529e-20    4.657318e-21
   25   54    1.822064e-20    1.052106e-21
   25   55    3.456011e-08   -2.723079e-20
   25   56    1.768869e-18    4.445737e-20
   25   57    5.059318e-29    2.408050e-30
   26   54    4.446329e-09   -5.336142e-21
   26   55    2.390664e-19    6.975343e-21
   26   56    1.766820e-06   -9.973813e-19
   26   57    9.986690e-07   -8.108223e-19
   26   58    5.174607e-06   -1.611057e-18
   26   59    1.225414e-16    3.079860e-18
   26   60    1.918352e-27    9.131702e-29
   27   55    1.255870e-21    7.251829e-23
   27   57    7.287045e-19    4.207794e-20
   27   58    6.620973e-19    3.823176e-20
   27   59    2.034761e-06   -1.324760e-18
   27   60    6.121675e-17    1.538574e-18
   27   61    2.453082e-26    6.983351e-28
   28   58    6.192280e-10   -1.146679e-21
   28   59    4.913890e-20    1.353234e-21
   28   60    2.667798e-06   -3.841718e-18
   28   61    1.015184e-06    9.457123e-19
   28   62    2.259022e-06    1.735147e-18
   28   63    4.574572e-17    1.149737e-18
   28   64    1.389652e-06   -5.594653e-19
   28   65    2.134048e-17    5.363551e-19
   28   66    2.891151e-28    1.376240e-29
   29   59    4.716234e-23    2.723318e-24
   29   61    3.311928e-19    1.912422e-20
   29   62    2.327215e-19    1.343815e-20
   29   63    8.717982e-07   -3.640759e-18
   29   64    1.457058e-16    3.662059e-18
   29   65    1.075841e-06   -1.854155e-18
   29   66    7.430863e-17    1.867615e-18
   29   67    4.582048e-24    1.153353e-25
   30   63    1.261222e-30    7.365641e-32
   30   64    8.425447e-07   -2.241143e-18
   30   65    8.924040e-17    2.242919e-18
   30   66    1.302067e-06   -2.126476e-18
   30   67    2.837024e-07    6.337924e-19
   30   68    1.322620e-06    4.732797e-19
   30   69    3.998650e-17    1.004989e-18
   30   70    1.327706e-10   -1.206391e-22
   30   71    4.770452e-21    1.198968e-22
   31   65    6.081805e-20    3.511846e-21
   31   66    1.038445e-29    7.611461e-31
   31   67    1.586664e-19    9.161948e-21
   31   68    3.874979e-20    2.237548e-21
   31   69    1.594879e-07   -9.475916e-19
   31   70    3.813960e-17    9.585712e-19
   31   71    1.407639e-07   -6.674620e-19
   31   72    2.651250e-17    6.663444e-19
   31   73    4.806672e-27    2.287700e-28
   32   68    6.856999e-30    8.943263e-31
   32   69    2.901232e-26    1.675273e-27
   32   70    2.286684e-07   -8.015314e-19
   32   71    3.191667e-17    8.026005e-19
   32   72    2.362112e-07   -7.389304e-19
   32   73    4.522465e-08    3.919777e-19
   32   74    1.757502e-07   -3.615772e-20
   32   75    1.518143e-17    3.815582e-19
   32   76    1.249214e-11   -1.698951e-23
   32   77    6.741329e-22    1.694313e-23
   33   71    1.161942e-20    6.709458e-22
   33   72    2.773894e-30    3.034657e-31
   33   73    1.755920e-20    1.013930e-21
   33   74    1.778491e-21    1.026963e-22
   33   75    2.000848e-08   -4.348621e-19
   33   76    1.733289e-17    4.356313e-19
   33   77    7.605809e-25    4.346250e-26
   34   74    1.487117e-24    1.993989e-32
   34   75    9.014779e-23    5.205447e-24
   34   76    4.988957e-08   -3.860286e-19
   34   77    1.818953e-08    1.233359e-19
   34   78    7.041447e-08    8.956050e-20
   34   79    6.882369e-18    1.729761e-19
   34   80    4.239297e-09   -6.757238e-21
   34   81    2.686255e-19    6.751425e-21
   34   82    3.172076e-12   -1.129295e-24
   34   83    4.478824e-23    1.125673e-24
   35   77    1.179236e-21    6.809322e-23
   35   78    4.330322e-22    2.500473e-23
   35   79    8.345310e-09   -1.900398e-19
   35   80    7.564898e-18    1.901302e-19
   35   81    7.274689e-09   -8.827010e-20
   35   82    3.512096e-18    8.827028e-20
   35   83    1.166381e-26    6.596370e-28
   36   79    1.132148e-25    6.537415e-27
   36   80    2.125901e-08   -2.383835e-19
   36   81    9.484865e-18    2.383873e-19
   36   82    5.111923e-08   -2.054650e-19
   36   83    1.566929e-08    8.386619e-20
   36   84    5.823898e-08    5.059037e-20
   36   85    2.823237e-18    7.095704e-20
   36   86    4.641503e-10   -5.474902e-23
   36   87    2.172803e-21    5.460954e-23
   37   81    1.316530e-22    7.602101e-24
   37   83    3.762897e-22    2.172828e-23
   37   84    9.064404e-23    5.234103e-24
   37   85    8.462411e-09   -6.693049e-20
   37   86    2.663929e-18    6.695315e-20
   37   87    5.853056e-11   -3.870947e-23
   37   88    1.542871e-21    3.877732e-23
   38   84    2.620158e-24   -2.178007e-35
   38   85    8.265558e-25    4.772821e-26
   38   86    1.977583e-08   -4.292075e-20
   38   87    1.264904e-08    6.236942e-21
   38   88    3.410537e-08    2.850134e-20
   38   89    3.253365e-19    8.176755e-21
   38   90    3.531146e-27    8.884046e-29
   39   87    4.508538e-23    2.603387e-24
   39   88    3.127129e-23    1.805713e-24
   39   89    5.047083e-09   -3.568457e-21
   39   90    1.421362e-19    3.572342e-21
   39   91    2.660791e-29    1.272412e-30
   40   90    2.223165e-09   -1.927744e-21
   40   91    5.705716e-10    7.230593e-22
   40   92    6.513631e-10    3.403848e-22
   40   93    1.936305e-10    3.154143e-22
   40   94    4.140053e-10    3.308722e-23
   40   95    2.052616e-20    5.158885e-22
   40   96    7.701181e-13   -2.061893e-25
   40   97    8.204554e-24    2.062069e-25
   41   91    1.499182e-24    8.656798e-26
   41   92    3.640898e-25    2.102381e-26
   41   93    7.196599e-14   -5.716780e-25
   41   94    2.403873e-23    6.051396e-25
   41   95    1.405117e-25    8.113633e-27
   41   96    2.433114e-28    1.404771e-29
   41   97    4.570211e-29    2.639048e-30
   42   92    3.795087e-17   -1.110938e-28
   42   93    4.431594e-27    1.117456e-28
   42   94    1.277137e-13   -5.615427e-25
   42   95    3.569934e-11   -3.566635e-22
   42   96    8.222236e-11    1.036561e-23
   42   97    2.578413e-11    3.163320e-24
   42   98    7.544014e-11    6.179298e-23
   42   99    1.121446e-20    2.818555e-22
   42  100    1.700721e-15   -8.734465e-27
   42  101    3.475328e-25    8.734618e-27
   43   95    3.603639e-29    2.080867e-30
   43   96    6.814278e-27    3.934802e-28
   43   97    1.664248e-26    9.609948e-28
   43   98    8.122066e-28    4.689964e-29
   43   99    2.728429e-13   -8.533935e-24
   43  100    3.395693e-22    8.534459e-24
   44   96    3.532748e-26    0.000000e+00
   44   98    6.625258e-24   -4.137005e-35
   44   99    8.074130e-12   -1.686140e-22
   44  100    3.391438e-11   -1.037789e-22
   44  101    7.022779e-12   -2.412960e-23
   44  102    1.441789e-14    2.964334e-22
   44  103    2.999972e-24    7.539899e-26
   44  104    5.131235e-30    7.352860e-31
   45  100    3.333494e-28    1.924876e-29
   45  101    1.564539e-27    9.034194e-29
   45  102    9.520924e-29    5.497713e-30
   45  103    7.469186e-12   -2.841995e-22
   45  104    1.130775e-20    2.842000e-22
   45  105    1.324064e-29    6.300677e-31
   46  103    9.726897e-29    5.616649e-30
   46  104    2.116282e-11   -2.332229e-22
   46  105    4.944953e-12   -2.905633e-23
   46  106    2.265111e-11    6.099811e-23
   46  107    8.008426e-21    2.012776e-22
   46  108    2.501060e-11   -1.850106e-22
   46  109    7.361228e-21    1.850114e-22
   46  110    1.000424e-14   -4.990176e-26
   46  111    1.985537e-24    4.990295e-26
   47  105    2.706381e-28    1.562758e-29
   47  106    4.579609e-29    2.644426e-30
   47  107    4.291539e-12   -1.725504e-22
   47  108    6.865434e-21    1.725504e-22
   47  109    6.599128e-12   -2.750367e-22
   47  110    1.094317e-20    2.750368e-22
   47  111    1.721847e-29    8.210699e-31
   48  108    3.603379e-13   -2.763815e-24
   48  109    1.099676e-22    2.763842e-24
   48  110    1.909901e-11   -1.673684e-22
   48  111    4.587530e-12    9.551351e-24
   48  112    2.054442e-11    9.234696e-24
   48  113    5.911866e-21    1.485842e-22
   48  114    3.413728e-11   -1.766224e-22
   48  115    7.027480e-21    1.766232e-22
   48  116    2.673547e-15   -8.402552e-27
   48  117    3.343194e-25    8.402524e-27
   49  109    1.412021e-30    8.153500e-32
   49  111    8.752971e-29    5.054271e-30
   49  112    1.596361e-29    9.217943e-31
   49  113    6.099931e-12   -1.966178e-22
   49  114    7.823032e-21    1.966179e-22
   49  115    1.842436e-28    1.050058e-29
   50  112    1.518501e-24   -1.195404e-35
   50  114    1.053078e-13   -5.342671e-25
   50  115    5.384892e-12   -7.465790e-23
   50  116    3.958575e-11   -6.040357e-23
   50  117    8.542083e-12    2.577023e-23
   50  118    4.908861e-11   -7.302454e-25
   50  119    1.176970e-11    6.462349e-27
   50  120    6.577789e-11    2.137745e-23
   50  121    3.547765e-21    8.916677e-23
   50  122    5.075922e-13   -3.843078e-25
   50  123    1.528978e-23    3.842814e-25
   50  124    5.881526e-14   -2.091428e-26
   50  125    8.323494e-25    2.091962e-26
   51  116    7.199768e-30    4.157397e-31
   51  117    5.255052e-29    3.034450e-30
   51  118    1.208341e-29    6.977380e-31
   51  119    8.199025e-29    4.734403e-30
   51  120    1.156967e-29    6.680733e-31
   51  121    3.464279e-12   -7.844968e-23
   51  122    3.121351e-21    7.844961e-23
   51  123    8.946882e-14   -1.026971e-24
   51  124    4.086123e-23    1.026974e-24
   52  120    1.000424e-30    3.503246e-46
   52  122    9.020217e-12   -1.073057e-22
   52  123    3.001272e-12   -3.568145e-23
   52  124    1.532908e-11    4.775999e-23
   52  125    5.674406e-12   -5.058161e-23
   52  126    2.620158e-11    6.343441e-23
   52  127    3.277482e-21    8.237368e-23
   52  128    5.697728e-13   -1.096479e-24
   52  129    4.362537e-23    1.096446e-24
   52  130    1.846937e-12   -1.103446e-24
   52  131    4.390184e-23    1.103395e-24
   53  123    7.312317e-30    4.222387e-31
   53  124    1.908664e-30    1.102129e-31
   53  125    1.979633e-29    1.143109e-30
   53  126    1.395185e-30    8.056286e-32
   53  127    3.615706e-12   -8.912427e-23
   53  128    3.546081e-21    8.912444e-23
   53  129    2.762031e-30    1.367523e-31
   53  130    1.631371e-30    9.409612e-32
   54  126    1.587975e-27    0.000000e+00
   54  128    9.378976e-12   -1.016883e-22
   54  129    4.878037e-12   -5.247265e-23
   54  130    1.462158e-11    7.072717e-23
   54  131    6.636401e-12   -6.365413e-24
   54  132    4.009275e-11   -1.151591e-23
   54  133    4.031046e-21    1.013132e-22
   54  134    1.269195e-13   -9.961104e-26
   54  135    3.963746e-24    9.962169e-26
   54  136    8.091666e-12   -2.116419e-25
   54  137    8.414687e-24    2.114882e-25
   55  129    3.910395e-30    2.257998e-31
   55  131    7.701634e-30    4.447192e-31
   55  133    4.580889e-12   -8.061134e-23
   55  134    3.207363e-21    8.061136e-23
   55  135    2.192684e-30    1.045161e-31
   55  136    2.863521e-30    1.650412e-31
   56  132    1.667374e-27    0.000000e+00
   56  134    1.045219e-11   -7.403913e-23
   56  135    5.105868e-12   -3.124949e-23
   56  136    3.449992e-11    2.435013e-23
   56  137    4.228070e-11   -4.555956e-23
   56  138    3.979948e-10    6.891448e-23
   56  139    2.291635e-21    5.759617e-23
   57  135    1.982470e-30    1.144747e-31
   57  137    5.082714e-30    2.934936e-31
   57  138    1.055631e-29    2.821866e-31
   57  139    3.735397e-11   -3.796630e-23
   57  140    1.510648e-21    3.796744e-23
   58  138    2.102341e-25   -1.596560e-36
   58  139    1.237674e-28    3.160794e-30
   58  140    9.289652e-11   -3.931693e-23
   58  141    1.564641e-21    3.932446e-23
   58  142    9.158812e-14   -1.123590e-25
   58  143    4.480340e-24    1.126054e-25
   59  141    7.804727e-12   -2.661034e-23
   59  142    1.058801e-21    2.661107e-23
   60  142    1.831762e-11   -2.361665e-23
   60  143    3.281111e-12   -8.417209e-24
   60  144    6.940442e-12    9.552159e-24
   60  145    1.586880e-12   -7.409688e-24
   60  146    4.721180e-12    7.562563e-24
   60  147    8.881804e-22    2.232283e-23
   60  148    1.554713e-15   -1.770184e-26
   60  149    7.043254e-25    1.770197e-26
   60  150    2.527738e-21   -2.383075e-32
   61  147    1.297138e-30    1.665431e-31
   61  148    2.170093e-28    5.454145e-30
   62  144    3.536221e-20   -1.291818e-31
   62  145    5.139837e-30    1.291807e-31
   62  147    7.486167e-13   -4.724482e-23
   62  148    2.697089e-12    8.280692e-24
   62  149    4.961835e-13   -1.522398e-22
   62  150    1.600679e-12    1.279347e-22
   62  151    2.517197e-21    6.326526e-23
   62  152    2.626113e-13   -9.361621e-24
   62  153    3.724800e-22    9.361623e-24
   62  154    1.429177e-15   -1.859030e-26
   62  155    7.396783e-25    1.859050e-26
   63  151    1.722584e-13   -2.119500e-22
   63  152    8.433063e-21    2.119500e-22
   63  153    2.282013e-13   -5.569923e-23
   63  154    2.216161e-21    5.569926e-23
   63  155    1.371456e-29    6.530627e-31
   64  152    5.982799e-13   -5.270166e-23
   64  153    2.096891e-21    5.270164e-23
   64  154    7.795513e-13   -6.494307e-23
   64  155    2.575285e-13   -1.273800e-23
   64  156    1.090206e-12    1.911038e-23
   64  157    4.772724e-13   -3.566611e-24
   64  158    2.906295e-12   -1.617728e-23
   64  159    3.115971e-21    7.831438e-23
   64  160    8.753711e-17   -8.995356e-28
   64  161    3.579334e-26    8.996019e-28
   65  159    3.705974e-13   -1.160087e-22
   65  160    4.615752e-21    1.160087e-22
   65  161    3.001275e-29    1.428661e-30
   66  156    1.026076e-30    0.000000e+00
   66  158    8.864517e-14   -7.336760e-24
   66  159    2.919147e-22    7.336758e-24
   66  160    8.753711e-13   -9.021620e-23
   66  161    3.287108e-13    4.338992e-23
   66  162    1.358601e-12   -6.001300e-24
   66  163    2.448891e-13    2.041562e-23
   66  164    6.033045e-13    2.062529e-23
   66  165    4.689650e-22    1.178660e-23
   67  165    4.844478e-13   -2.153922e-22
   67  166    8.570020e-21    2.153922e-22
   67  167    1.999814e-29    9.519473e-31
   68  164    6.710162e-13   -7.698767e-23
   68  165    3.063184e-21    7.698769e-23
   68  166    1.024531e-12   -6.072629e-23
   68  167    4.067593e-13   -6.996891e-23
   68  168    1.667374e-12    5.786064e-23
   68  169    2.897942e-21    7.283462e-23
   68  170    3.289630e-15   -5.674040e-26
   68  171    2.257604e-24    5.674087e-26
   69  169    5.321783e-13   -2.794368e-22
   69  170    1.111822e-20    2.794367e-22
   69  171    9.006458e-29    4.287272e-30
   69  172    2.025436e-30    5.090573e-32
   70  168    1.012334e-30    0.000000e+00
   70  170    8.238787e-13   -5.468449e-23
   70  171    4.206462e-13   -9.769253e-25
   70  172    1.395941e-12    1.960838e-23
   70  173    6.939358e-13   -1.669063e-23
   70  174    3.156511e-12    1.580569e-23
   70  175    1.469693e-21    3.693812e-23
   70  176    1.591584e-15   -1.999960e-26
   70  177    7.957629e-25    2.000009e-26
   71  175    4.567651e-13   -9.602626e-23
   71  176    8.526380e-16    9.579378e-23
   71  177    9.249246e-24    2.324638e-25
   72  176    1.193688e-12   -1.240583e-22
   72  177    3.950827e-13   -7.141067e-23
   72  178    1.686108e-12    1.295069e-22
   72  179    4.800918e-13   -7.295285e-24
   72  180    2.773398e-12    3.391642e-23
   72  181    1.567745e-21    3.940248e-23
   72  182    5.997806e-30    2.855063e-31
   73  180    3.440347e-15   -3.608281e-25
   73  181    7.185367e-13   -9.243683e-23
   73  182    3.689387e-21    9.272617e-23
   73  183    1.404011e-29    6.683344e-31
   74  180    5.385616e-14   -3.051547e-24
   74  181    1.218132e-22    3.061558e-24
   74  182    1.813956e-12   -4.887555e-23
   74  183    9.293557e-13   -2.647907e-23
   74  184    2.060656e-12   -3.908913e-24
   74  185    3.153725e-21    7.926326e-23
   74  186    8.067936e-14   -3.275616e-24
   74  187    1.303303e-22    3.275620e-24
   75  185    3.076980e-13   -6.689314e-22
   75  186    2.661543e-20    6.689314e-22
   75  187    6.954820e-15   -8.019985e-24
   75  188    3.190997e-22    8.020004e-24
   76  186    1.075725e-12   -3.508591e-23
   76  187    5.077019e-13   -6.834449e-23
   76  188    1.117495e-12    3.803940e-23
   76  189    3.858779e-13   -3.616679e-23
   76  190    1.474309e-12    5.812398e-23
   76  191    1.728140e-21    4.343372e-23
   76  192    3.121115e-14   -2.018430e-24
   76  193    8.030915e-23    2.018428e-24
   77  191    3.294590e-13   -2.529909e-22
   77  192    1.006600e-20    2.529909e-22
   77  193    3.208614e-13   -1.814924e-22
   77  194    7.221218e-21    1.814925e-22
   77  195    3.964918e-30    1.887372e-31
   78  190    1.000424e-30    0.000000e+00
   78  192    1.094214e-12   -7.511531e-23
   78  193    2.988688e-21    7.511536e-23
   78  194    1.340775e-12   -4.686960e-23
   78  195    3.996566e-13   -1.142346e-23
   78  196    2.342830e-12    3.093769e-23
   78  197    1.088425e-21    2.735562e-23
   78  198    4.390750e-15   -1.869758e-26
   78  199    7.439264e-25    1.869727e-26
   79  197    7.109613e-13   -3.137087e-23
   79  198    1.248182e-21    3.137084e-23
   80  196    1.378135e-17   -6.895661e-28
   80  197    2.743647e-26    6.895668e-28
   80  198    2.319165e-12   -1.861924e-23
   80  199    1.055724e-12    1.269044e-24
   80  200    3.396440e-12   -5.412217e-26
   80  201    1.493170e-12    4.891190e-24
   80  202    5.447854e-12   -4.576958e-24
   80  203    6.799932e-22    1.709042e-23
   80  204    8.827272e-14   -1.534050e-25
   80  205    6.103713e-24    1.534060e-25
   81  203    3.296964e-12   -1.063945e-23
   81  204    4.233185e-22    1.063936e-23
   81  205    2.532781e-13   -3.149385e-25
   81  206    1.253051e-23    3.149320e-25
   82  204    4.899136e-12   -1.507908e-23
   82  205    9.272223e-12   -1.828845e-23
   82  206    4.705878e-11    1.324781e-24
   82  207    6.282857e-11    1.158053e-23
   82  208    1.298627e-10    1.775853e-23
   82  209    1.076567e-22    2.705759e-24
   83  209    3.106580e-12   -2.988836e-25
   83  210    1.189024e-23    2.988399e-25
    0    1    5.565935e-18   -4.093302e-23
    1    1    1.163616e-12   -2.449531e-13
    2    4    2.068371e-08   -1.416316e-13
