2.1402e+00
4.8267e-02
1.1184e+00
4.2054e+04
    1    3    3.732168e-22   -9.007666e-30
    2    3    2.260072e-21    2.581527e-30
    3    6    1.473299e-26   -6.657188e-33
    3    7    6.020704e-29    6.405746e-30
    4   10    7.247697e-27   -1.798121e-33
    5   10    8.670814e-25   -1.343149e-30
    5   11    3.423032e-16   -1.280098e-21
    6   11    3.475795e-20   -9.577183e-25
    6   12    7.662372e-04   -8.442636e-13
    6   13    1.931651e-10   -7.550234e-17
    6   14    3.978573e-11   -5.088826e-20
    7   13    4.539337e-17   -1.663941e-18
    7   14    1.942997e-09    2.833970e-19
    7   15    2.845338e-10    1.558298e-15
    7   16    9.304244e-26   -8.671963e-27
    7   17    3.491361e-25   -2.801154e-27
    8   14    1.840910e-20   -8.720365e-24
    8   15    5.907510e-12   -1.619971e-15
    8   16    4.587489e-02   -3.965647e-13
    8   17    2.494905e-10    5.128511e-16
    8   18    9.787489e-11    6.374672e-17
    8   19    1.702757e-19   -2.114568e-22
    8   20    9.521102e-24   -2.359598e-26
    9   17    6.963127e-21   -1.852509e-21
    9   18    1.377696e-11   -6.962476e-17
    9   19    2.464871e-10   -1.354021e-18
    9   20    8.262158e-14   -2.490295e-16
    9   21    6.736891e-18   -5.418089e-20
    9   22    7.333063e-25   -5.799941e-27
   10   18    3.130318e-25   -6.271253e-27
   10   19    4.852705e-16   -9.436637e-19
   10   20    8.317902e-03    6.934158e-13
   10   21    1.291736e-05   -4.830434e-15
   10   22    2.046302e-06   -8.814034e-16
   10   23    2.894614e-11   -2.603328e-14
   10   24    3.884269e-16   -6.401829e-20
   10   25    3.159073e-25   -1.755511e-26
   11   20    3.303553e-28   -4.489614e-30
   11   21    1.317591e-13    4.221321e-17
   11   22    1.359645e-07    1.356934e-15
   11   23    1.078223e-04    2.216444e-10
   11   24    5.577286e-08   -3.463296e-14
   11   25    1.181529e-11   -6.688646e-15
   11   26    1.145837e-16   -3.582766e-18
   11   27    5.808239e-22   -6.455905e-23
   12   22    1.896756e-15   -1.635530e-17
   12   23    7.482809e-08   -2.215434e-10
   12   24    2.046886e-03    8.295621e-14
   12   25    4.376217e-04   -1.724657e-14
   12   26    2.824794e-04    4.841699e-09
   12   27    3.566241e-08   -2.104313e-12
   12   28    7.307856e-12   -3.252405e-18
   12   29    3.445757e-22   -8.752013e-24
   12   30    3.876674e-26   -3.871717e-27
   13   24    2.036673e-21   -1.040029e-22
   13   25    1.015939e-14    1.099906e-16
   13   26    1.151151e-04   -4.841715e-09
   13   27    2.071475e-04    1.771993e-09
   13   28    1.289292e-06   -3.219050e-10
   13   29    2.363108e-09   -2.006645e-13
   13   30    1.097891e-13   -1.014681e-15
   13   31    4.154881e-18   -2.158509e-19
   14   25    5.855706e-30   -8.880268e-31
   14   26    4.866679e-15   -7.301458e-17
   14   27    2.195358e-07   -1.769854e-09
   14   28    2.475019e-04    3.219144e-10
   14   29    7.225802e-05    1.997347e-13
   14   30    3.049848e-05    3.611224e-11
   14   31    5.083009e-09   -1.801393e-14
   14   32    5.172956e-12    1.932832e-22
   14   33    2.899624e-19   -1.587557e-21
   14   34    6.739935e-23   -8.140592e-25
   15   28    2.729012e-20   -9.895480e-22
   15   29    2.718779e-14   -1.725875e-16
   15   30    1.619070e-07   -3.610989e-11
   15   31    2.360221e-06    1.567734e-12
   15   32    3.584762e-09   -9.710284e-17
   15   33    1.292131e-10   -1.980565e-18
   15   34    3.567717e-14   -9.626034e-17
   15   35    8.657202e-18   -6.123446e-21
   15   36    5.196901e-29   -2.540910e-31
   16   29    2.279515e-29   -4.012466e-30
   16   30    1.244825e-15   -3.529440e-17
   16   31    1.189606e-10   -1.548635e-12
   16   32    1.462729e-06    1.437381e-16
   16   33    4.226933e-08    5.614128e-18
   16   34    2.922302e-07    8.780833e-14
   16   35    1.401171e-10   -6.059969e-19
   16   36    1.055792e-12    5.732939e-22
   16   37    3.127609e-20   -3.436315e-24
   16   38    1.685901e-23   -5.529662e-29
   17   32    1.594556e-25   -1.805039e-26
   17   33    4.935777e-18    3.163856e-20
   17   34    4.011295e-12   -8.771459e-14
   17   35    1.217676e-08    8.887703e-17
   17   36    2.790906e-11    1.152451e-20
   17   37    5.424548e-13    3.720019e-20
   17   38    7.662904e-17   -1.149579e-21
   17   39    5.910440e-20   -5.866973e-25
   17   40    6.309008e-24   -2.605875e-27
   17   41    3.140201e-27   -2.735926e-30
   18   34    1.356572e-21   -5.371132e-23
   18   35    4.437284e-15   -8.340210e-17
   18   36    8.861842e-10    6.118138e-20
   18   37    3.351504e-12   -3.621856e-20
   18   38    2.937559e-10    2.362381e-20
   18   39    2.796442e-13    9.474641e-23
   18   40    1.190367e-13    4.778781e-24
   18   41    6.419550e-17   -3.263675e-22
   18   42    2.786879e-20    3.215424e-29
   18   43    3.363966e-24   -3.495170e-28
   18   44    8.589421e-28   -4.035981e-32
   19   36    8.562014e-30   -9.128970e-31
   19   37    3.944212e-23   -2.001150e-24
   19   38    3.158294e-16   -2.306832e-20
   19   39    4.967527e-12    3.109972e-21
   19   40    4.025361e-14    1.146486e-23
   19   41    1.814442e-14    3.351929e-22
   19   42    5.359158e-17   -4.033497e-23
   19   43    6.532324e-16   -2.721818e-22
   19   44    1.194999e-18   -3.005952e-23
   19   45    2.019803e-21   -6.315174e-26
   19   46    4.874768e-25   -1.553257e-28
   19   47    1.229861e-26   -2.351253e-29
   20   38    9.435341e-27   -7.174404e-28
   20   39    2.867098e-20   -1.115381e-21
   20   40    1.104417e-13    6.956316e-23
   20   41    4.399766e-15    1.089872e-24
   20   42    4.730554e-08   -2.017262e-19
   20   43    1.465165e-08    1.654160e-16
   20   44    7.021442e-08    1.006009e-16
   20   45    1.887931e-10   -3.834931e-19
   20   46    2.015297e-10    5.055508e-19
   20   47    2.487017e-13   -2.113133e-20
   20   48    2.257664e-09   -1.476600e-20
   20   49    1.912598e-14   -1.223261e-18
   20   50    7.334023e-18   -1.765256e-20
   20   51    1.218242e-25   -4.132090e-28
   21   41    3.242241e-30   -5.764226e-31
   21   42    1.108134e-21   -5.444001e-23
   21   43    6.923083e-11   -1.653374e-16
   21   44    4.308193e-11   -1.007551e-16
   21   45    6.823652e-09    1.104788e-18
   21   46    1.094550e-10   -9.689950e-19
   21   47    1.695631e-12   -1.739299e-19
   21   48    2.884737e-11   -6.138360e-18
   21   49    5.981530e-12   -5.711506e-17
   21   50    1.590716e-15   -5.041048e-19
   21   51    3.928956e-19   -1.060069e-21
   21   52    9.489228e-25   -3.875047e-27
   21   53    4.536489e-30   -7.272088e-32
   22   43    1.199656e-25   -7.885287e-27
   22   44    6.362162e-14    4.007946e-23
   22   45    1.658599e-13   -4.998706e-19
   22   46    2.001100e-08    4.905446e-19
   22   47    7.919285e-09    2.319993e-16
   22   48    1.436656e-08    6.355508e-18
   22   49    1.725365e-08    5.839905e-17
   22   50    5.597847e-08    4.972414e-19
   22   51    6.588504e-11   -6.370732e-15
   22   52    4.364722e-14   -1.431637e-17
   22   53    2.076288e-18   -2.124299e-21
   22   54    2.707925e-22   -6.039829e-24
   23   45    8.634661e-28   -7.756889e-29
   23   46    6.711675e-19   -5.308487e-20
   23   47    1.357866e-11   -2.317742e-16
   23   48    8.636636e-12   -2.045549e-19
   23   49    6.096644e-11   -2.081548e-20
   23   50    1.956456e-11    1.260155e-20
   23   51    4.941377e-09    6.370870e-15
   23   52    5.061257e-11   -7.511523e-15
   23   53    8.156772e-14   -2.946828e-17
   23   54    2.574058e-17   -1.728681e-20
   23   55    2.393036e-20   -1.224197e-22
   23   56    4.202188e-28   -6.511973e-29
   24   47    6.321115e-23   -4.229623e-24
   24   48    1.249698e-15   -5.364920e-22
   24   49    2.964029e-15   -3.903946e-20
   24   50    9.682052e-13    1.419639e-22
   24   51    6.680015e-12   -9.116668e-20
   24   52    5.552762e-08    7.525777e-15
   24   53    1.083665e-08    2.948936e-17
   24   54    1.365610e-07   -4.399277e-20
   24   55    3.170782e-10   -5.051558e-14
   24   56    3.881691e-13   -3.647944e-17
   24   57    1.012318e-17   -1.605120e-20
   24   58    6.909902e-21   -3.302587e-23
   24   59    1.341752e-29   -4.266932e-31
   25   49    7.211669e-28   -5.391127e-29
   25   50    1.027254e-21   -1.214422e-22
   25   51    1.866276e-16   -2.254027e-21
   25   52    1.748265e-15   -1.200054e-22
   25   53    3.708750e-11    9.535305e-21
   25   54    4.036457e-11   -4.801353e-20
   25   55    3.431436e-08    5.051564e-14
   25   56    3.147439e-10   -1.098119e-15
   25   57    1.111145e-12   -4.352860e-16
   25   58    7.112101e-16   -7.931511e-18
   25   59    1.635215e-18   -1.191908e-20
   25   60    3.734188e-24   -4.461870e-25
   25   61    2.537461e-26   -1.267842e-27
   26   51    2.719829e-26   -2.983461e-27
   26   52    3.913060e-21   -4.388125e-27
   26   53    1.577424e-19   -1.032776e-23
   26   54    4.400083e-09   -1.492896e-20
   26   55    9.344196e-11    1.559120e-19
   26   56    1.758124e-06    1.131910e-15
   26   57    9.933817e-07    4.343200e-16
   26   58    5.158791e-06    5.177912e-18
   26   59    2.573002e-08   -2.154180e-16
   26   60    6.208791e-11    5.269049e-20
   26   61    7.702994e-15   -7.178261e-19
   26   62    7.966947e-18   -3.919763e-21
   26   63    8.130012e-24   -4.458805e-26
   26   64    7.333134e-27   -1.226703e-28
   27   54    5.221858e-27   -9.052020e-28
   27   55    3.266001e-13   -1.731046e-19
   27   56    9.789595e-15   -4.526018e-23
   27   57    8.578709e-10   -1.134423e-18
   27   58    3.272505e-10   -1.729106e-18
   27   59    2.026482e-06    2.205013e-16
   27   60    1.015487e-08    2.035160e-18
   27   61    8.956456e-11   -5.036648e-16
   27   62    2.157195e-13   -8.018713e-17
   27   63    8.747406e-16   -1.068083e-18
   27   64    1.496530e-20   -1.668949e-21
   27   65    3.150066e-22   -9.085340e-24
   27   66    1.005594e-28   -1.682156e-29
   28   56    1.859296e-18   -1.166805e-25
   28   57    4.233624e-18   -1.107235e-24
   28   58    6.096766e-10    1.798942e-20
   28   59    3.085095e-10    1.364305e-20
   28   60    2.634541e-06   -8.646512e-18
   28   61    1.026844e-06    1.036396e-15
   28   62    2.270747e-06    9.553091e-15
   28   63    1.014118e-08    4.220984e-18
   28   64    1.386015e-06    1.377114e-14
   28   65    3.517607e-09   -1.298814e-14
   28   66    8.326687e-12   -1.407838e-18
   28   67    1.625916e-15   -2.590337e-18
   28   68    1.200067e-18   -1.384478e-21
   28   69    3.212142e-25   -9.593829e-28
   28   70    2.184974e-28   -1.218362e-30
   29   58    4.404945e-28   -4.598422e-30
   29   59    3.288690e-17   -1.349492e-20
   29   60    6.380207e-15   -1.503203e-19
   29   61    1.898451e-10   -5.292826e-16
   29   62    1.641341e-10   -9.467803e-15
   29   63    8.404666e-07   -9.626424e-18
   29   64    3.058938e-08   -2.238466e-14
   29   65    1.060104e-06    1.301532e-14
   29   66    1.629527e-08   -1.775830e-12
   29   67    2.841804e-10   -3.983067e-17
   29   68    5.957607e-13   -6.450454e-16
   29   69    2.924808e-15   -5.722377e-19
   29   70    3.264246e-20   -2.453652e-23
   29   71    1.917314e-22   -3.306504e-25
   29   72    3.492545e-28   -1.762160e-30
   30   60    6.740228e-22   -1.576948e-25
   30   61    1.094600e-19   -4.110155e-23
   30   62    9.121629e-15   -9.218046e-21
   30   63    2.101065e-14   -3.043047e-19
   30   64    8.227898e-07    8.615313e-15
   30   65    1.908958e-08    1.916954e-16
   30   66    1.285290e-06    1.775832e-12
   30   67    2.892062e-07    7.425827e-17
   30   68    1.325770e-06    1.034435e-15
   30   69    8.001395e-09   -7.919754e-14
   30   70    2.339590e-10    7.850614e-16
   30   71    2.614715e-13   -5.950871e-17
   30   72    2.459515e-15   -4.915905e-22
   30   73    2.441554e-19   -3.475966e-22
   30   74    6.526455e-22   -2.283999e-25
   30   75    1.098145e-27   -3.601763e-30
   31   63    1.195137e-24   -1.138099e-27
   31   64    2.005617e-20   -4.246710e-24
   31   65    5.894524e-12   -2.162330e-16
   31   66    1.157477e-12   -1.131039e-18
   31   67    2.521082e-10   -2.989271e-17
   31   68    4.708575e-11   -3.880021e-16
   31   69    1.521420e-07    7.919849e-14
   31   70    7.267460e-09   -1.914499e-13
   31   71    1.374022e-07    2.895602e-16
   31   72    3.583921e-09   -2.358488e-15
   31   73    1.085881e-10   -2.075071e-16
   31   74    4.236545e-13   -2.910406e-17
   31   75    2.740238e-15   -7.275996e-19
   31   76    4.243576e-19   -4.355008e-22
   31   77    2.091311e-21   -5.300579e-24
   31   78    1.382397e-25   -9.086426e-28
   31   79    6.162449e-29   -7.234162e-31
   32   64    3.534615e-29   -1.856441e-32
   32   65    2.813391e-25   -3.046148e-28
   32   66    2.986493e-16   -1.227503e-21
   32   67    3.713090e-17   -1.099345e-21
   32   68    1.891498e-14   -2.426206e-23
   32   69    5.591038e-13   -1.327303e-19
   32   70    2.216191e-07    1.906650e-13
   32   71    6.839373e-09   -2.272439e-16
   32   72    2.313180e-07    2.358865e-15
   32   73    4.770008e-08    2.088045e-16
   32   74    1.752602e-07    2.908092e-17
   32   75    3.087171e-09   -2.077999e-14
   32   76    3.471976e-11    1.016000e-15
   32   77    1.377821e-13   -1.131210e-19
   32   78    7.019526e-16   -4.447242e-21
   32   79    2.379966e-19   -4.190798e-22
   32   80    3.197139e-22   -3.625934e-25
   32   81    4.567523e-28   -2.010585e-30
   33   67    1.590350e-27   -1.344943e-30
   33   68    1.128061e-24   -2.481331e-28
   33   69    2.778292e-21   -1.018442e-25
   33   70    1.382997e-17   -1.464253e-22
   33   71    1.657046e-11   -2.359119e-18
   33   72    1.308198e-12   -4.670603e-19
   33   73    3.874287e-11   -1.851961e-19
   33   74    2.980691e-12   -6.352560e-20
   33   75    1.710624e-08    2.078075e-14
   33   76    2.827926e-09   -2.016187e-15
   33   77    9.946422e-11   -2.355808e-17
   33   78    8.283920e-13   -5.089071e-18
   33   79    2.164770e-14   -1.338288e-18
   33   80    5.215055e-17   -1.147868e-19
   33   81    4.252891e-19   -4.272851e-22
   33   82    2.122508e-23   -3.717816e-26
   33   83    7.172878e-26   -1.790881e-28
   34   69    3.482056e-29   -4.251705e-32
   34   70    1.152046e-24   -1.560478e-29
   34   71    2.970425e-22   -3.499281e-26
   34   72    6.997691e-16   -3.218505e-23
   34   73    6.451176e-17   -8.395713e-23
   34   74    2.151995e-15    2.201740e-20
   34   75    1.532145e-12   -5.034394e-21
   34   76    4.673865e-08    1.000126e-15
   34   77    1.925361e-08    2.456982e-17
   34   78    7.095270e-08    7.386984e-17
   34   79    1.488726e-09    1.798476e-18
   34   80    4.235326e-09    3.354177e-15
   34   81    5.591324e-11   -1.685254e-15
   34   82    3.719854e-12    1.702051e-16
   34   83    4.895627e-15   -1.222275e-19
   34   84    2.260017e-17   -3.857740e-21
   34   85    2.326372e-24   -2.359089e-27
   34   86    1.285399e-27   -3.007336e-30
   35   73    7.697671e-24   -1.261533e-27
   35   74    4.411409e-22   -9.709821e-27
   35   75    6.258117e-20   -3.609993e-25
   35   76    4.100317e-17   -2.353767e-23
   35   77    3.402632e-12   -5.553463e-19
   35   78    7.922839e-13   -6.849301e-17
   35   79    6.958899e-09   -4.281570e-19
   35   80    1.280314e-09   -4.040960e-14
   35   81    6.700583e-09    1.685136e-15
   35   82    6.465102e-10   -3.403099e-16
   35   83    3.558084e-11   -1.376277e-16
   35   84    3.140568e-13   -5.496974e-18
   35   85    3.802462e-15   -7.311238e-19
   35   86    9.062233e-21   -5.497715e-24
   35   87    9.646020e-24   -5.793888e-27
   35   88    2.570032e-30   -5.261007e-33
   36   74    4.796219e-28   -2.325609e-32
   36   75    3.411284e-27   -4.440841e-31
   36   76    1.486689e-22   -9.333348e-29
   36   77    7.341559e-20   -5.507435e-25
   36   78    8.872230e-17    6.849208e-21
   36   79    7.706584e-14   -2.047243e-20
   36   80    1.925149e-08    3.705530e-14
   36   81    1.831654e-09    1.497441e-18
   36   82    4.946991e-08    2.072478e-16
   36   83    1.644525e-08    1.379936e-16
   36   84    5.864593e-08    5.663315e-18
   36   85    6.342350e-10    8.671816e-19
   36   86    4.693818e-10    3.751884e-21
   36   87    7.214303e-14   -5.268427e-19
   36   88    3.322819e-16   -1.089776e-21
   36   89    6.458668e-22   -1.140494e-25
   36   90    1.154547e-24   -1.195883e-27
   37   77    2.137403e-30   -3.163365e-34
   37   78    4.435484e-26   -1.399919e-30
   37   79    5.442003e-22   -1.328984e-26
   37   80    7.744470e-19   -7.757549e-22
   37   81    4.936709e-13   -1.001067e-18
   37   82    8.438115e-14   -3.739174e-17
   37   83    1.778764e-12   -8.034816e-21
   37   84    3.325632e-13   -3.828214e-21
   37   85    7.929929e-09   -1.133949e-19
   37   86    5.147551e-10   -1.053161e-17
   37   87    7.773209e-11    5.391254e-19
   37   88    1.698388e-13   -5.309210e-18
   37   89    2.081573e-15   -7.661202e-20
   37   90    2.096719e-19   -4.438256e-23
   37   91    1.086881e-21   -6.226514e-25
   37   92    4.100438e-28   -3.052235e-30
   38   80    3.434428e-25   -1.801028e-30
   38   81    1.628629e-22   -4.066322e-27
   38   82    5.330418e-18   -8.146558e-26
   38   83    1.377431e-18   -3.932444e-25
   38   84    2.288280e-17    1.527962e-22
   38   85    6.769556e-14   -4.105694e-22
   38   86    1.940732e-08    1.057715e-17
   38   87    1.270522e-08    4.047891e-20
   38   88    3.434902e-08    5.391001e-18
   38   89    6.774543e-11   -4.190506e-19
   38   90    1.790303e-13    1.501300e-22
   38   91    1.371618e-16   -1.311929e-22
   38   92    4.976580e-19   -1.737466e-24
   38   93    1.294145e-23   -9.699037e-28
   38   94    3.394161e-26   -1.508055e-29
   39   82    3.040570e-29   -1.225619e-31
   39   83    5.297028e-24   -4.169894e-28
   39   84    2.933219e-24   -4.140769e-29
   39   85    3.157027e-22   -1.094597e-27
   39   86    4.565587e-19   -2.877643e-25
   39   87    2.175240e-13   -2.537346e-20
   39   88    1.783518e-13   -6.428701e-22
   39   89    5.015062e-09    5.086689e-19
   39   90    3.135380e-11   -4.531739e-18
   39   91    1.063914e-12   -6.143639e-21
   39   92    9.436754e-15   -2.484836e-20
   39   93    2.589238e-16   -2.363699e-22
   39   94    9.197751e-19   -2.747133e-23
   39   95    7.799441e-21   -4.222178e-25
   39   96    6.113368e-26   -3.829781e-28
   39   97    2.788114e-30   -2.487469e-32
   40   84    1.516373e-29   -3.273077e-34
   40   85    7.769577e-30   -5.507309e-34
   40   86    3.668814e-25   -2.066693e-31
   40   87    2.622828e-22   -1.450473e-27
   40   88    1.220238e-18   -5.667908e-27
   40   89    1.384880e-16   -1.644272e-23
   40   90    2.206743e-09    4.535559e-18
   40   91    5.757861e-10    9.031055e-21
   40   92    6.641472e-10    2.578301e-20
   40   93    1.880583e-10    1.281406e-21
   40   94    4.131950e-10    1.628512e-23
   40   95    4.772142e-12   -2.741073e-20
   40   96    8.235411e-13    3.461961e-23
   40   97    5.043471e-17   -2.737257e-23
   40   98    1.606229e-19   -1.750437e-22
   40   99    3.170424e-27   -5.030339e-29
   41   88    3.658413e-28   -1.402053e-32
   41   89    1.716802e-24   -7.857870e-30
   41   90    4.433653e-22   -2.820754e-28
   41   91    1.103216e-14   -1.493203e-25
   41   92    2.232247e-15   -1.521377e-18
   41   93    7.018395e-14   -1.313270e-24
   41   94    5.941397e-15    1.448763e-24
   41   95    7.136306e-16    2.886392e-20
   41   96    2.869350e-17   -1.139429e-23
   41   97    1.707305e-18    1.479291e-23
   41   98    4.413948e-21    1.234095e-22
   41   99    1.980022e-23   -4.411245e-26
   41  100    1.625382e-28   -3.625007e-30
   42   90    2.660786e-30   -4.450886e-36
   42   91    8.238502e-26   -2.966992e-30
   42   92    8.026778e-17    1.521377e-18
   42   93    1.299163e-18    8.198389e-28
   42   94    2.588044e-13   -3.260356e-24
   42   95    3.271522e-11   -9.062281e-22
   42   96    8.429463e-11   -7.408436e-23
   42   97    2.376677e-11    1.207296e-22
   42   98    7.803797e-11    1.261580e-22
   42   99    1.825808e-13   -2.484154e-20
   42  100    1.857147e-14    9.190161e-22
   42  101    2.772281e-18   -1.054844e-22
   42  102    7.038098e-20   -3.472967e-24
   42  103    5.960807e-24   -2.954212e-27
   42  104    8.912507e-26   -4.969646e-29
   43   93    6.055784e-23   -2.046540e-28
   43   94    3.444286e-23   -6.547040e-29
   43   95    1.405388e-17   -6.532017e-24
   43   96    3.754055e-17   -3.560731e-24
   43   97    1.642103e-16   -6.556889e-27
   43   98    5.557574e-17    5.899373e-27
   43   99    2.530493e-13    2.564434e-20
   43  100    1.628618e-14   -3.515333e-17
   43  101    2.529038e-15   -1.005016e-19
   43  102    3.600334e-18   -2.280979e-20
   43  103    3.100764e-19   -1.913999e-22
   43  104    2.692851e-22   -8.133892e-27
   43  105    1.156083e-23   -8.481845e-28
   43  106    4.842035e-28   -4.549273e-31
   44   94    4.835509e-29   -5.201891e-34
   44   95    2.072858e-25   -1.173465e-30
   44   96    2.704383e-23    1.648259e-25
   44   97    8.209107e-22   -1.121745e-28
   44   98    1.547471e-14   -2.725767e-25
   44   99    6.883173e-12   -4.009193e-22
   44  100    3.351056e-11    3.515208e-17
   44  101    6.289536e-12    1.006103e-19
   44  102    2.291616e-12    2.354001e-20
   44  103    3.482474e-14   -1.198064e-22
   44  104    1.546151e-15    4.463471e-18
   44  105    4.746809e-18   -9.901463e-24
   44  106    7.305586e-20    3.406002e-29
   44  107    1.744024e-23   -2.592813e-27
   44  108    3.354103e-25   -4.110418e-29
   44  109    3.025179e-30   -2.932260e-33
   45   97    7.089044e-30   -1.288993e-34
   45   98    3.380333e-26   -2.162420e-30
   45   99    9.673660e-19   -2.340078e-26
   45  100    2.831862e-18   -1.265373e-24
   45  101    2.881688e-17   -1.117262e-26
   45  102    4.810418e-17   -1.009702e-25
   45  103    5.915418e-12   -3.028305e-22
   45  104    1.254071e-12   -9.918827e-16
   45  105    2.641348e-13   -6.939555e-20
   45  106    6.161690e-15   -6.848740e-18
   45  107    6.311800e-16   -1.624306e-20
   45  108    3.391826e-18   -6.754637e-21
   45  109    2.253848e-19   -9.425666e-23
   45  110    1.262847e-22   -1.408326e-24
   45  111    4.320198e-24   -1.313982e-26
   45  112    1.726193e-28   -1.255371e-30
   46   99    7.274068e-28   -1.901291e-32
   46  100    7.236690e-25   -7.712816e-32
   46  101    1.960148e-24   -2.150307e-30
   46  102    1.193339e-20    1.978082e-26
   46  103    1.172268e-17   -2.679393e-25
   46  104    1.931222e-11    9.874191e-16
   46  105    4.562877e-12    6.948576e-20
   46  106    2.344498e-11    6.849162e-18
   46  107    1.077579e-12    1.661473e-20
   46  108    2.488818e-11    6.160975e-18
   46  109    4.749380e-13   -3.217132e-19
   46  110    4.749816e-14    2.981063e-18
   46  111    4.901552e-17   -1.170668e-21
   46  112    2.975100e-18   -1.312850e-24
   46  113    2.060854e-22   -7.411585e-26
   46  114    8.532224e-24   -1.968661e-27
   46  115    5.893999e-29   -7.882806e-32
   47  103    4.278809e-25   -3.633412e-30
   47  104    1.476032e-21   -1.189982e-26
   47  105    6.777421e-18   -6.448016e-26
   47  106    1.274485e-17   -2.975931e-22
   47  107    3.071739e-12   -3.543180e-22
   47  108    9.230076e-13   -2.159476e-16
   47  109    5.772603e-12    3.218210e-19
   47  110    7.306358e-13   -9.936805e-16
   47  111    3.481362e-13   -1.678459e-20
   47  112    8.591749e-15   -2.540902e-20
   47  113    8.168235e-16   -1.414858e-21
   47  114    6.693553e-19   -4.868267e-21
   47  115    4.055921e-20   -1.130749e-24
   47  116    2.247913e-24   -3.161666e-28
   47  117    1.335303e-25   -6.136573e-29
   47  118    2.320992e-30   -2.064932e-32
   48  104    5.970877e-29   -5.773513e-34
   48  105    2.055212e-26   -2.064895e-31
   48  106    1.514310e-22    2.961033e-24
   48  107    3.448459e-19   -4.930999e-25
   48  108    3.416047e-13    2.097933e-16
   48  109    2.035326e-14   -1.232197e-23
   48  110    1.803265e-11    9.906996e-16
   48  111    4.337824e-12    1.810384e-20
   48  112    2.090839e-11    2.593287e-20
   48  113    8.165152e-13    1.754614e-21
   48  114    3.388758e-11    2.378047e-18
   48  115    3.771425e-13   -6.523428e-20
   48  116    4.403705e-14    1.189990e-20
   48  117    6.025822e-17   -2.246128e-22
   48  118    2.504164e-18   -2.773982e-23
   48  119    1.808854e-22   -3.757180e-26
   48  120    5.168098e-24   -3.403651e-27
   48  121    9.120492e-29   -2.260146e-31
   49  107    1.310143e-28   -2.259440e-33
   49  108    3.171559e-25   -3.049222e-30
   49  109    3.820381e-20   -8.521895e-26
   49  110    1.711959e-20   -3.253935e-26
   49  111    3.400856e-18   -4.708743e-25
   49  112    2.369234e-17   -8.827045e-22
   49  113    4.657034e-12   -4.320549e-22
   49  114    1.020201e-12   -4.747195e-16
   49  115    3.785484e-13    6.593449e-20
   49  116    2.504505e-14   -5.942656e-17
   49  117    3.746040e-15   -4.815986e-20
   49  118    4.169905e-17   -2.789932e-19
   49  119    3.379280e-18   -7.850823e-22
   49  120    6.281545e-21   -6.822960e-23
   49  121    3.448929e-22   -4.995148e-25
   49  122    6.763749e-26   -1.508595e-27
   49  123    8.583982e-28   -4.654627e-30
   50  110    2.631362e-27   -5.948380e-33
   50  111    8.181551e-27   -1.291178e-31
   50  112    1.123241e-20    3.883876e-22
   50  113    2.577425e-19   -9.036298e-28
   50  114    1.363354e-13    4.723460e-16
   50  115    4.705216e-12   -1.855049e-22
   50  116    3.934394e-11    5.941453e-17
   50  117    8.471748e-12    4.846982e-20
   50  118    5.117916e-11    2.791936e-19
   50  119    9.669025e-12    8.568137e-22
   50  120    6.609592e-11    1.890392e-21
   50  121    6.475807e-13   -2.224193e-19
   50  122    5.259926e-13    1.232376e-21
   50  123    2.091073e-15   -5.150149e-24
   50  124    5.874364e-14    3.924425e-23
   50  125    7.995489e-17   -3.153427e-24
   50  126    8.688557e-19    4.112508e-28
   50  127    2.865819e-22   -1.267429e-27
   50  128    6.790928e-25   -6.417465e-30
   50  129    5.689119e-29   -1.420376e-32
   51  113    1.441006e-29   -1.205264e-33
   51  114    7.650296e-27   -1.224646e-30
   51  115    9.862681e-21   -1.709713e-25
   51  116    2.207901e-19   -7.792086e-24
   51  117    2.403514e-18   -7.962140e-24
   51  118    1.241351e-18   -1.922740e-22
   51  119    1.697532e-17   -4.147512e-24
   51  120    5.168800e-17   -1.824253e-21
   51  121    3.029294e-12    2.224635e-19
   51  122    3.559899e-13   -5.052114e-20
   51  123    1.617549e-13    4.184921e-23
   51  124    6.106140e-15   -7.365316e-23
   51  125    5.444526e-16    3.432137e-24
   51  126    4.700594e-18   -1.304022e-25
   51  127    1.462068e-19   -1.323942e-26
   51  128    1.811100e-22   -1.788778e-28
   51  129    2.279220e-24   -4.808459e-30
   51  130    4.805354e-28   -6.775252e-33
   52  116    2.286256e-27   -8.536843e-33
   52  117    6.956459e-27   -6.256608e-32
   52  118    1.043706e-25   -6.749509e-33
   52  119    6.086788e-26   -3.523415e-32
   52  120    2.499865e-19    9.669108e-24
   52  121    1.175833e-17   -2.389212e-25
   52  122    8.394876e-12    4.917457e-20
   52  123    2.410941e-12   -5.163053e-23
   52  124    1.718723e-11    7.161898e-23
   52  125    3.885154e-12    1.223080e-23
   52  126    2.680752e-11    5.362457e-23
   52  127    5.112086e-13   -5.072768e-19
   52  128    5.954674e-13    7.007757e-19
   52  129    5.260509e-15   -4.210159e-20
   52  130    1.841277e-12    1.050353e-21
   52  131    4.276597e-15   -9.538367e-20
   52  132    4.334861e-17   -5.214569e-24
   52  133    2.742455e-20   -1.223321e-24
   52  134    3.086130e-23   -4.113263e-28
   53  121    9.619055e-25   -4.218074e-30
   53  122    1.722246e-22   -2.643130e-26
   53  123    5.456393e-19   -3.836391e-25
   53  124    2.681529e-19   -2.509154e-26
   53  125    1.658720e-17   -1.106468e-25
   53  126    8.134815e-17   -2.441927e-24
   53  127    3.101539e-12    5.072769e-19
   53  128    4.553448e-13   -1.015593e-17
   53  129    5.700037e-14    4.214371e-20
   53  130    1.401047e-15   -2.104396e-21
   53  131    5.548761e-17    9.538417e-20
   53  132    3.305299e-19    3.897806e-24
   53  133    3.756968e-21    1.221696e-24
   53  134    8.079436e-24    3.255688e-28
   53  135    1.196533e-26   -1.686222e-32
   54  122    3.460224e-30   -1.598939e-36
   54  123    7.102549e-28   -3.172564e-33
   54  124    2.390004e-26    2.909998e-28
   54  125    3.172700e-25   -1.746559e-31
   54  126    8.121075e-19    1.149378e-24
   54  127    5.148416e-17   -5.559494e-25
   54  128    8.880830e-12    9.455080e-18
   54  129    4.014009e-12   -9.479377e-23
   54  130    1.677403e-11    1.155549e-21
   54  131    5.105612e-12    7.576942e-23
   54  132    4.010420e-11   -6.981921e-23
   54  133    7.100483e-13   -5.216349e-20
   54  134    1.463970e-13    1.058414e-23
   54  135    5.699532e-15   -5.795870e-21
   54  136    8.085728e-12   -4.071280e-25
   54  137    1.736649e-20   -2.104996e-24
   54  138    4.315200e-25   -1.707532e-29
   55  126    1.235851e-30   -4.201965e-34
   55  127    7.672000e-24   -1.141000e-29
   55  128    7.353983e-22   -1.118357e-25
   55  129    4.510802e-19   -1.313179e-25
   55  130    1.734471e-19   -3.315941e-24
   55  131    5.575852e-17   -2.235679e-24
   55  132    2.685080e-16   -1.609091e-23
   55  133    4.000537e-12    5.223641e-20
   55  134    4.999161e-13   -1.002403e-22
   55  135    7.871529e-14    5.841070e-21
   55  136    1.378253e-15   -3.952589e-23
   55  137    2.235831e-17    2.570121e-24
   55  138    3.566497e-25    3.231012e-29
   55  139    9.606677e-29   -5.779345e-33
   56  128    5.609586e-30   -8.936690e-37
   56  129    9.999760e-28   -4.166708e-33
   56  130    1.521455e-24    5.305260e-26
   56  131    4.006268e-24   -1.356526e-31
   56  132    3.762705e-18    2.998021e-25
   56  133    1.423321e-16   -3.279536e-26
   56  134    1.007302e-11    5.346301e-23
   56  135    4.527189e-12   -6.775045e-23
   56  136    3.669488e-11    7.566118e-23
   56  137    3.992869e-11   -9.765255e-23
   56  138    3.991095e-10    1.855470e-22
   56  139    2.113444e-16   -1.263355e-21
   56  140    5.542852e-19   -1.625509e-26
   56  141    1.066369e-25   -2.528402e-30
   56  142    4.954415e-29   -2.608368e-33
   57  132    6.185864e-30   -1.196634e-35
   57  133    1.157681e-23   -2.747337e-29
   57  134    9.237946e-22   -7.986266e-26
   57  135    2.810521e-19   -1.340007e-25
   57  136    1.409460e-19   -7.967520e-24
   57  137    2.339705e-18   -1.645653e-28
   57  138    5.455433e-17    1.662586e-28
   57  139    3.735363e-11    1.316393e-21
   57  140    2.894608e-16    3.861756e-23
   57  141    3.637084e-18   -8.625525e-24
   57  142    9.404641e-24   -1.393037e-29
   57  143    2.377916e-26   -9.335364e-31
   58  134    1.217048e-29   -1.491539e-36
   58  135    6.504395e-28   -3.416407e-34
   58  136    6.620299e-26    2.070910e-27
   58  137    2.258148e-24   -2.332175e-30
   58  138    2.686090e-18   -3.047437e-29
   58  139    6.615140e-16   -1.550646e-24
   58  140    9.306636e-11    8.205257e-21
   58  141    9.329064e-15    7.963641e-24
   58  142    5.917847e-14    6.293974e-25
   58  143    1.256481e-18   -1.486352e-25
   58  144    2.598004e-20   -2.255959e-29
   58  145    1.334434e-26   -2.358461e-30
   58  146    3.331310e-28    2.447003e-40
   59  138    7.234445e-26   -2.782060e-29
   59  139    1.547939e-19   -3.257449e-25
   59  140    4.826546e-17   -7.954614e-21
   59  141    7.794027e-12    9.744252e-23
   59  142    9.440253e-15   -4.516243e-21
   59  143    1.208700e-15   -3.395467e-23
   59  144    1.726949e-19   -5.502798e-24
   59  145    1.209170e-20   -1.879950e-26
   59  146    2.031897e-26   -7.514844e-32
   59  147    2.210755e-30   -9.199430e-35
   60  139    1.020476e-27   -1.918104e-32
   60  140    1.224498e-20   -1.408862e-27
   60  141    1.633220e-17   -6.098589e-23
   60  142    2.092785e-11    5.573546e-21
   60  143    9.166455e-13    9.420489e-23
   60  144    1.003102e-11   -3.231287e-22
   60  145    5.437958e-14    8.974126e-23
   60  146    2.866161e-12   -3.632648e-23
   60  147    1.621918e-16    3.363629e-23
   60  148    4.330437e-17    1.972428e-26
   60  149    3.745142e-22   -5.574146e-28
   60  150    2.368003e-21   -5.322450e-32
   60  151    1.044661e-25   -4.618673e-30
   60  152    1.110596e-26    2.036989e-36
   61  141    1.356835e-27   -3.631657e-32
   61  142    7.858485e-24   -6.491794e-27
   61  143    6.302396e-18    3.999030e-25
   61  144    1.456888e-18   -1.785740e-26
   61  145    1.124509e-16    3.580535e-24
   61  146    3.067173e-18    2.611410e-26
   61  147    2.722058e-16    5.823972e-24
   61  148    2.195848e-19    1.200320e-25
   61  149    1.321764e-19   -2.073489e-26
   61  150    2.667720e-23    3.580313e-29
   61  151    4.460973e-23   -9.934958e-30
   61  152    1.526258e-26   -2.064464e-30
   61  153    6.886531e-27   -7.314208e-31
   62  142    3.764517e-29   -2.895440e-34
   62  143    1.358605e-24   -8.657949e-29
   62  144    1.609210e-16    5.962102e-26
   62  145    2.719462e-15   -3.435546e-24
   62  146    7.042582e-13   -1.090101e-21
   62  147    6.408421e-14    1.271352e-23
   62  148    4.309606e-12   -1.976218e-22
   62  149    1.697295e-14    1.720270e-22
   62  150    4.300441e-13   -2.771545e-23
   62  151    4.774807e-16    5.099728e-23
   62  152    1.838357e-13   -1.913963e-23
   62  153    4.134640e-16   -6.326626e-23
   62  154    1.990607e-15    7.970098e-26
   62  155    1.457340e-18   -3.630977e-23
   62  156    8.424545e-20   -8.335920e-26
   62  157    1.878594e-24   -1.291546e-28
   62  158    1.491777e-26   -1.569406e-30
   63  144    2.696876e-30   -8.845865e-33
   63  145    1.157383e-21   -7.590146e-29
   63  146    1.279218e-20   -1.081291e-27
   63  147    1.038801e-17   -5.799885e-25
   63  148    5.696258e-18   -7.002225e-26
   63  149    3.076981e-15   -1.419643e-23
   63  150    6.771283e-17   -1.967807e-23
   63  151    1.511302e-13   -6.538391e-22
   63  152    2.905750e-15    6.499225e-22
   63  153    2.185010e-13   -5.420502e-23
   63  154    4.759605e-15    1.681191e-22
   63  155    1.944262e-14    3.195487e-23
   63  156    1.403839e-16    1.207535e-24
   63  157    2.028798e-17   -1.241370e-23
   63  158    4.063176e-21   -4.823773e-26
   63  159    2.456931e-22   -7.540461e-27
   63  160    1.527016e-27   -1.328207e-30
   64  146    1.054126e-25   -8.536771e-34
   64  147    1.062341e-23   -2.597220e-30
   64  148    7.091799e-20   -1.619604e-26
   64  149    8.333081e-19   -7.323556e-26
   64  150    1.158400e-15    1.713956e-23
   64  151    3.621550e-16   -1.459607e-24
   64  152    3.974298e-13   -1.114594e-22
   64  153    1.977275e-14    4.434223e-23
   64  154    9.255788e-13   -2.026508e-22
   64  155    5.744825e-14    1.828590e-22
   64  156    2.308262e-12   -3.161336e-22
   64  157    6.628319e-14    3.594346e-22
   64  158    2.325063e-12   -1.617570e-22
   64  159    4.110817e-15   -1.878893e-21
   64  160    7.320614e-16    1.878601e-25
   64  161    8.917948e-20   -1.353944e-23
   64  162    2.233605e-21   -1.482679e-25
   64  163    1.783676e-26   -8.755013e-30
   65  150    2.088816e-29   -6.937815e-35
   65  151    7.862561e-25   -6.406562e-31
   65  152    2.929197e-25   -1.835925e-31
   65  153    4.332990e-22   -7.211218e-29
   65  154    1.650649e-22   -7.130328e-29
   65  155    1.435449e-18   -1.047911e-25
   65  156    1.610370e-18   -1.367935e-25
   65  157    5.525842e-15    1.123521e-23
   65  158    1.491513e-15    7.263320e-25
   65  159    3.450788e-13    1.767538e-21
   65  160    6.078834e-15    3.161189e-22
   65  161    1.237563e-14   -6.771569e-22
   65  162    4.033054e-17   -2.957732e-21
   65  163    3.336935e-18   -9.541603e-23
   65  164    2.636957e-22   -4.886041e-26
   65  165    3.078506e-24   -8.109526e-28
   65  166    2.756390e-29   -3.657267e-32
   66  153    1.662542e-28   -3.579138e-34
   66  154    1.982388e-23    2.532656e-32
   66  155    1.032149e-22   -9.705274e-29
   66  156    5.414730e-18    1.757018e-26
   66  157    1.109204e-17   -1.266719e-23
   66  158    5.957408e-14   -1.485332e-23
   66  159    2.009209e-14   -4.392429e-23
   66  160    1.146709e-12   -3.238978e-22
   66  161    7.400820e-14    1.114079e-21
   66  162    1.961253e-12    3.033560e-21
   66  163    2.244394e-14    3.163861e-22
   66  164    2.153525e-13    1.367142e-20
   66  165    7.059680e-17   -2.683995e-22
   66  166    5.132664e-18   -5.816936e-25
   66  167    9.516894e-23   -8.476443e-27
   66  168    1.092834e-24   -7.003658e-29
   66  169    4.897210e-30   -4.189696e-33
   67  157    2.720627e-27   -1.204005e-31
   67  158    3.401934e-26   -1.678735e-30
   67  159    8.098018e-22   -1.368364e-26
   67  160    1.343176e-21   -2.891539e-26
   67  161    2.417196e-17   -9.053646e-23
   67  162    7.303673e-18   -2.776829e-22
   67  163    1.734858e-14    1.933278e-21
   67  164    1.185289e-15   -2.276072e-20
   67  165    4.637082e-13    9.058405e-20
   67  166    1.647551e-15    1.282023e-22
   67  167    5.292776e-16   -1.639146e-21
   67  168    1.453395e-19   -2.712681e-23
   67  169    5.810577e-21   -6.869105e-25
   67  170    1.531083e-25   -3.063022e-29
   67  171    5.169427e-28   -3.263100e-31
   68  159    3.931803e-27   -6.090207e-32
   68  160    8.177688e-22   -2.658517e-28
   68  161    1.109313e-20   -3.199912e-26
   68  162    2.185773e-16    6.037570e-24
   68  163    2.641012e-16   -1.963456e-21
   68  164    5.235039e-13    8.932903e-21
   68  165    1.014598e-13   -9.083884e-20
   68  166    2.491865e-12    1.451003e-22
   68  167    7.871966e-14    2.495567e-21
   68  168    5.755715e-13    5.417286e-23
   68  169    1.117986e-15    3.139621e-23
   68  170    2.665465e-16    2.949578e-25
   68  171    4.831845e-20   -4.559341e-26
   68  172    1.790255e-21   -3.371271e-28
   68  173    1.498041e-26   -5.951045e-30
   68  174    6.053752e-29   -1.054879e-32
   69  162    3.305360e-29   -8.506778e-34
   69  163    9.551497e-24   -4.901623e-29
   69  164    4.982733e-23   -1.389188e-26
   69  165    2.011489e-18   -6.237022e-25
   69  166    2.932111e-18   -3.534579e-24
   69  167    1.169428e-14   -4.782217e-22
   69  168    4.704378e-15   -1.872512e-23
   69  169    4.815547e-13   -7.476381e-22
   69  170    1.636403e-14    7.605889e-22
   69  171    1.780818e-14   -1.421843e-25
   69  172    4.575377e-17    3.787475e-24
   69  173    3.250518e-18   -3.655622e-24
   69  174    5.386829e-22   -5.546798e-26
   69  175    9.269573e-25   -3.395420e-29
   69  176    5.995057e-30   -1.739717e-33
   70  164    1.642831e-26   -1.208034e-31
   70  165    6.658465e-25   -3.750359e-29
   70  166    4.644708e-20   -7.628803e-27
   70  167    4.352231e-19   -1.386774e-23
   70  168    3.395114e-15   -1.493739e-24
   70  169    2.873410e-15   -3.390432e-23
   70  170    1.283254e-12   -2.089526e-22
   70  171    1.574252e-13    2.098496e-22
   70  172    4.119715e-12   -2.420990e-22
   70  173    8.796249e-14    3.440800e-22
   70  174    8.380058e-13   -6.048859e-24
   70  175    3.665990e-16   -4.330449e-24
   70  176    1.193162e-17    1.388928e-25
   70  177    1.278633e-21   -5.758342e-27
   70  178    2.154401e-23   -1.623075e-28
   70  179    4.428630e-30   -1.886694e-34
   71  167    1.769120e-30   -1.915480e-35
   71  168    5.370139e-26   -5.444427e-30
   71  169    5.257775e-21   -1.432071e-27
   71  170    1.699839e-20   -3.227020e-27
   71  171    1.229903e-16   -5.811375e-24
   71  172    1.375031e-16   -7.945791e-24
   71  173    5.191837e-14   -5.872173e-24
   71  174    7.190436e-15   -3.200743e-24
   71  175    3.956853e-13   -1.258766e-22
   71  176    2.192725e-15    2.893463e-22
   71  177    3.726187e-16   -1.968129e-23
   71  178    2.806028e-19   -5.493405e-24
   71  179    9.347373e-21   -1.891941e-26
   71  180    7.864907e-25   -7.643404e-29
   71  181    4.664790e-28   -7.423248e-32
   72  169    3.391675e-28   -5.849166e-32
   72  170    8.080534e-23   -4.696006e-29
   72  171    1.920709e-21   -1.474630e-27
   72  172    2.165597e-17   -1.704590e-26
   72  173    1.139480e-16   -4.487701e-23
   72  174    8.815180e-14   -3.047930e-23
   72  175    2.348894e-14   -9.420512e-23
   72  176    6.090479e-12   -1.991034e-21
   72  177    1.066910e-13    1.843694e-21
   72  178    2.172979e-13    2.078154e-22
   72  179    8.509541e-16    9.960694e-23
   72  180    7.605312e-16    4.539503e-21
   72  181    1.806974e-19    3.133660e-26
   72  182    2.200039e-21    1.113160e-28
   72  183    2.435075e-26   -1.160907e-31
   72  184    9.653493e-29   -2.182249e-34
   73  173    4.328775e-26   -1.281696e-31
   73  174    9.911624e-26   -8.088497e-31
   73  175    3.713058e-20   -3.286528e-26
   73  176    2.782725e-20    9.495301e-27
   73  177    7.373523e-17   -1.180495e-23
   73  178    7.178461e-19   -3.956042e-23
   73  179    1.264130e-13    5.199288e-21
   73  180    4.638155e-15   -5.107472e-21
   73  181    5.899602e-13   -1.113193e-22
   73  182    8.405224e-16    2.552850e-22
   73  183    5.073100e-17   -3.355914e-24
   73  184    1.631985e-21    1.219858e-27
   73  185    2.241918e-23   -2.531690e-28
   73  186    2.242880e-28   -1.076918e-32
   74  174    9.618423e-27   -1.112678e-35
   74  175    5.671507e-25   -8.993131e-30
   74  176    1.116237e-20   -4.149869e-26
   74  177    6.947275e-20   -2.935124e-25
   74  178    1.916114e-16   -3.463820e-24
   74  179    3.612794e-16   -5.444647e-21
   74  180    1.605583e-13    7.141565e-22
   74  181    4.587625e-14   -9.956095e-23
   74  182    4.549654e-12   -3.496543e-22
   74  183    2.907928e-14    6.492538e-22
   74  184    1.530185e-13    7.508845e-24
   74  185    8.152715e-17    1.779650e-23
   74  186    1.018384e-17    1.283464e-23
   74  187    5.313987e-22    1.093620e-27
   74  188    8.675015e-23   -4.655822e-31
   74  189    5.661124e-29   -2.359071e-33
   75  178    6.668402e-26   -2.816989e-30
   75  179    1.590070e-21   -4.546953e-26
   75  180    1.155408e-20   -2.647532e-24
   75  181    6.297476e-17   -2.944324e-23
   75  182    7.848968e-17   -1.044624e-23
   75  183    5.036230e-14   -2.732413e-22
   75  184    1.670532e-15   -9.176717e-24
   75  185    2.601253e-13   -1.893751e-21
   75  186    1.644405e-15    1.755597e-21
   75  187    7.068393e-16    6.397740e-25
   75  188    4.578062e-19    2.769703e-24
   75  189    3.625845e-20   -1.374967e-26
   75  190    2.039860e-24   -3.649562e-28
   75  191    1.240884e-25   -7.060206e-30
   75  192    1.784567e-30   -3.727200e-33
   76  179    4.662759e-29   -4.001114e-33
   76  180    5.064977e-24   -1.313700e-28
   76  181    1.339999e-22   -7.117466e-28
   76  182    2.330516e-18   -9.925515e-25
   76  183    2.057519e-17   -1.471625e-23
   76  184    2.622916e-14   -4.645826e-24
   76  185    8.722807e-15   -3.297516e-23
   76  186    2.319990e-12   -6.717611e-23
   76  187    6.725876e-14    2.772143e-22
   76  188    2.130784e-12   -3.379655e-22
   76  189    5.350571e-15    1.311781e-21
   76  190    3.357648e-14    4.189378e-23
   76  191    2.763112e-17    2.346364e-24
   76  192    2.259076e-17    8.832595e-25
   76  193    3.381894e-21    3.593022e-27
   76  194    7.875085e-21   -1.392010e-30
   76  195    2.930821e-25   -1.809331e-29
   76  196    1.037273e-27   -1.659526e-32
   77  182    6.369773e-30   -2.367928e-34
   77  183    5.575871e-25   -5.455440e-30
   77  184    1.205207e-23   -3.633834e-29
   77  185    1.039060e-19   -6.715249e-26
   77  186    4.548519e-20   -2.531198e-26
   77  187    1.066932e-16   -9.450051e-23
   77  188    2.750729e-17   -6.076487e-24
   77  189    3.161876e-14   -9.306115e-22
   77  190    1.217965e-15   -7.971425e-23
   77  191    5.936130e-13   -1.387385e-21
   77  192    3.360849e-15    1.558002e-21
   77  193    2.033399e-14   -5.386680e-24
   77  194    2.746942e-17    2.719438e-23
   77  195    1.090848e-17   -4.054956e-23
   77  196    1.738651e-21   -1.118074e-24
   77  197    1.244499e-22   -1.196413e-26
   77  198    5.995294e-27   -2.506829e-29
   78  185    8.155589e-28   -6.450898e-33
   78  186    2.872419e-23   -1.288260e-28
   78  187    1.324598e-22   -5.323214e-28
   78  188    2.159128e-18   -8.529591e-26
   78  189    3.701562e-18   -3.168767e-24
   78  190    7.385848e-15    4.333528e-23
   78  191    1.618467e-15   -2.195668e-22
   78  192    1.583298e-12   -3.190875e-22
   78  193    5.480574e-14    1.506214e-23
   78  194    2.475784e-12    8.386109e-23
   78  195    2.914264e-14    3.294595e-22
   78  196    1.024188e-12    2.228121e-22
   78  197    1.851784e-15   -8.297867e-22
   78  198    3.774040e-15   -3.386580e-27
   78  199    1.504468e-18   -2.716046e-23
   78  200    4.850099e-20   -3.572759e-26
   78  201    6.060156e-25   -1.350544e-28
   78  202    1.031211e-26   -2.179518e-33
   79  189    1.019414e-27   -1.983776e-32
   79  190    1.025420e-25   -1.334969e-30
   79  191    1.995364e-21   -5.856621e-27
   79  192    3.418393e-21   -6.424809e-27
   79  193    2.180177e-17   -1.149203e-23
   79  194    1.896113e-17   -4.631999e-24
   79  195    1.798109e-14   -3.893318e-23
   79  196    4.164935e-15   -2.599415e-22
   79  197    6.640898e-13    1.445961e-21
   79  198    1.887926e-14   -2.622331e-21
   79  199    5.786557e-15   -6.854153e-22
   79  200    1.781271e-17   -2.053470e-22
   79  201    9.574570e-19   -2.053331e-23
   79  202    6.964854e-22   -8.204824e-25
   79  203    1.309246e-23   -7.300395e-27
   79  204    1.015240e-27   -8.534115e-31
   80  191    6.299305e-30   -7.168827e-35
   80  192    5.302894e-25   -1.013890e-30
   80  193    1.116219e-23   -2.726336e-29
   80  194    1.885485e-19   -2.799587e-29
   80  195    9.390585e-19   -8.291527e-25
   80  196    3.590536e-15    1.776351e-23
   80  197    4.627565e-15   -6.701849e-22
   80  198    2.644411e-12    2.649536e-21
   80  199    6.339860e-13    7.486362e-22
   80  200    4.969891e-12    1.710196e-22
   80  201    3.476596e-13    1.681071e-21
   80  202    5.091778e-12    1.769305e-21
   80  203    2.106210e-14   -1.292560e-22
   80  204    8.362455e-14    3.344265e-25
   80  205    8.755454e-18   -9.506487e-22
   80  206    3.346297e-20   -2.243575e-24
   81  196    2.923918e-27   -1.477811e-32
   81  197    3.795195e-23   -1.244899e-28
   81  198    6.142112e-22   -1.075984e-27
   81  199    2.522410e-18   -3.161003e-24
   81  200    2.166782e-17   -7.713672e-24
   81  201    1.254531e-14   -1.596264e-21
   81  202    5.721567e-14   -1.808579e-21
   81  203    3.160258e-12    1.104593e-21
   81  204    7.462063e-14    5.852553e-24
   81  205    2.442936e-13    9.515612e-22
   81  206    1.277167e-15   -1.695585e-19
   81  207    4.970737e-18   -5.814771e-22
   81  208    1.934855e-28    4.550165e-31
   82  199    1.743516e-26   -1.080243e-31
   82  200    8.759093e-22   -3.786362e-28
   82  201    3.554444e-20   -3.539465e-26
   82  202    2.465922e-16   -4.791147e-27
   82  203    5.336944e-15   -9.549477e-22
   82  204    5.536573e-12   -2.756757e-23
   82  205    8.515044e-12   -3.687901e-23
   82  206    5.192771e-11    1.695462e-19
   82  207    5.847820e-11    6.294198e-22
   82  208    1.294584e-10    4.771798e-23
   82  209    1.660323e-19    4.947901e-24
   82  210    5.013179e-26    5.107613e-32
   83  202    6.557719e-28   -3.561817e-33
   83  203    8.912383e-24   -7.049951e-30
   83  204    2.378327e-22   -1.969830e-28
   83  205    6.682665e-19   -1.697310e-26
   83  206    8.781662e-18   -5.453995e-25
   83  207    7.948718e-15   -4.248758e-25
   83  208    4.025391e-14   -1.645943e-25
   83  209    3.058366e-12    3.271564e-26
   83  210    6.368769e-20    7.597995e-25
   83  211    7.702182e-28    1.724371e-32
   84  208    6.439123e-29   -7.653690e-39
   84  209    4.522367e-28   -2.172761e-38
   84  210    3.050585e-25    4.920952e-27
    0    1    4.037433e-22   -2.254335e-22
    1    1    2.561821e-17   -9.167949e-18
    2    4    4.178175e-13   -1.070987e-13
