5.7476e-01
3.0514e-02
1.0220e+00
5.8572e+04
    5   10    2.471363e-30   -5.474946e-35
    5   11    2.215497e-28    2.938718e-31
    6   11    2.773590e-26    1.498543e-29
    6   12    7.736613e-04   -7.207451e-14
    6   13    1.107200e-13    4.045438e-17
    6   14    1.138551e-18    8.142448e-22
    7   13    2.867331e-15   -4.650559e-16
    7   14    4.784680e-17    2.315210e-19
    7   15    1.048480e-19    5.070684e-22
    8   14    1.739988e-20   -4.444339e-24
    8   15    1.551828e-24    1.062371e-26
    8   16    4.583191e-02   -6.920770e-12
    8   17    1.864111e-11    6.865012e-15
    8   18    2.708529e-15    9.929702e-19
    8   19    2.256744e-25   -1.420681e-29
    9   17    1.162983e-19   -1.940115e-20
    9   18    6.670838e-19    1.365484e-21
    9   19    4.512254e-19    3.500945e-22
    9   20    2.325018e-27   -1.767526e-30
   10   18    2.089800e-26   -2.644260e-28
   10   19    2.072659e-27    2.205281e-30
   10   20    8.353559e-03    6.780177e-12
   10   21    3.015540e-05   -1.000987e-13
   10   22    3.692432e-06   -1.665055e-14
   10   23    1.397923e-15   -2.747896e-19
   10   24    2.536077e-26    1.540270e-29
   11   21    1.579353e-12    2.376912e-15
   11   22    4.909194e-12    1.316903e-14
   11   23    1.457137e-04   -4.851843e-13
   11   24    1.179852e-12    4.347041e-16
   11   25    3.680254e-21    1.332998e-24
   11   26    1.863627e-30   -3.427156e-32
   12   22    2.753073e-21    2.870062e-25
   12   23    2.121403e-15    1.065551e-16
   12   24    2.013355e-03    1.290629e-12
   12   25    4.441883e-04   -5.662034e-14
   12   26    2.597824e-04    3.002020e-09
   12   27    2.723445e-13    9.025729e-17
   12   28    8.171252e-22    5.849083e-25
   13   24    3.449561e-27   -3.619899e-28
   13   25    4.941237e-12   -6.730256e-13
   13   26    1.407720e-04   -3.002063e-09
   13   27    2.011964e-04    1.457720e-13
   13   28    3.226949e-12    6.829600e-16
   13   29    1.577211e-18    4.899882e-22
   13   30    2.152494e-27   -1.088428e-29
   14   26    5.925464e-20   -5.076074e-22
   14   27    4.491406e-12   -9.858020e-15
   14   28    2.358145e-04    8.953691e-14
   14   29    6.520008e-05    2.058493e-15
   14   30    2.844601e-05    3.254544e-11
   14   31    6.073408e-14    2.228136e-17
   14   32    2.793704e-22    2.000574e-25
   15   28    5.287611e-23   -9.932792e-24
   15   29    1.228194e-13   -2.904476e-16
   15   30    2.308180e-07   -3.253928e-11
   15   31    2.104170e-06    2.483317e-12
   15   32    2.332113e-14    8.598946e-18
   15   33    1.710918e-16    6.291700e-20
   15   34    6.473961e-25   -6.283042e-28
   16   30    1.481562e-23   -1.724885e-25
   16   31    3.013310e-10   -2.479891e-12
   16   32    1.166120e-06    3.321191e-16
   16   33    2.100899e-08    5.156749e-17
   16   34    2.736455e-07    5.593435e-18
   16   35    5.946594e-16    2.190180e-19
   16   36    8.776398e-23    6.283833e-26
   17   32    1.751105e-23   -3.048691e-24
   17   33    2.293885e-15   -8.745865e-17
   17   34    3.364388e-17   -3.534748e-19
   17   35    1.020433e-08    1.296291e-17
   17   36    2.852237e-16    1.052233e-19
   17   37    3.082044e-23    1.938574e-25
   18   34    2.080651e-24   -4.298647e-26
   18   35    3.695444e-23   -4.238744e-25
   18   36    8.448027e-10    1.662523e-19
   18   37    2.526879e-17    9.372517e-21
   18   38    2.659022e-10    3.685813e-21
   18   39    2.727063e-18    1.005835e-21
   18   40    1.440236e-19    5.293617e-23
   18   41    7.616692e-28    5.430415e-31
   19   37    3.400132e-21   -6.567025e-22
   19   38    1.295306e-26    6.196023e-29
   19   39    3.745179e-12    4.879486e-21
   19   40    1.342522e-19    4.952496e-23
   19   41    1.104673e-25    8.954581e-29
   19   43    1.006125e-25    3.607347e-29
   20   38    5.355240e-29    6.723690e-33
   20   40    2.851209e-14    7.639001e-24
   20   41    8.318285e-22    3.067739e-25
   20   42    4.763924e-08   -1.227920e-18
   20   43    1.463411e-08   -3.232126e-20
   20   44    7.048443e-08   -4.256605e-19
   20   45    2.093662e-15    7.723200e-19
   20   46    2.020422e-10   -2.538669e-21
   20   47    2.957533e-18    1.091004e-21
   20   48    2.292639e-09   -3.339700e-20
   20   49    7.180390e-18    2.359698e-21
   20   50    1.201959e-26    8.607574e-30
   21   41    2.255905e-29   -3.726869e-30
   21   43    1.122800e-16    2.990872e-19
   21   44    4.341836e-17    1.156116e-19
   21   45    6.669493e-09   -4.561901e-21
   21   46    1.289265e-15    4.755990e-19
   21   47    5.642948e-19    1.458486e-21
   21   48    6.563972e-18    1.741749e-20
   21   49    5.007454e-18    1.358800e-20
   21   50    1.797849e-26    1.030299e-29
   22   44    2.577076e-26    1.281232e-28
   22   45    1.727621e-24    4.553939e-27
   22   46    2.020422e-08   -7.596893e-19
   22   47    7.854394e-09    2.346563e-19
   22   48    1.436025e-08    4.749837e-20
   22   49    1.733388e-08   -4.752318e-20
   22   50    5.602375e-08    9.571472e-20
   22   51    7.291020e-16    2.246197e-19
   22   52    5.692819e-24    2.823814e-27
   23   47    1.153949e-17    3.059998e-20
   23   48    5.085756e-18    1.353351e-20
   23   49    9.415332e-18    2.502949e-20
   23   50    2.009444e-15    2.820331e-20
   23   51    4.904039e-09   -9.308512e-20
   23   52    6.065910e-16    1.670910e-19
   23   53    1.426634e-23    6.989530e-27
   24   48    9.142968e-28    4.743216e-30
   24   49    9.164272e-28    4.341767e-30
   24   50    9.383977e-13   -4.561368e-23
   24   51    1.943876e-19    2.334834e-22
   24   52    5.579288e-08   -7.655656e-19
   24   53    1.074040e-08    2.105224e-19
   24   54    1.369099e-07   -8.303570e-19
   24   55    3.606710e-15    9.690447e-19
   24   56    5.900807e-23    3.876181e-26
   25   51    1.132696e-22    3.004172e-25
   25   52    2.523810e-29    8.619217e-32
   25   53    7.653545e-18    2.034328e-20
   25   54    1.730106e-18    4.597540e-21
   25   55    3.456010e-08   -9.508276e-19
   25   56    3.765918e-15    1.380793e-18
   25   57    2.227610e-22    1.051199e-25
   25   58    2.653726e-30   -1.565203e-32
   26   54    4.446329e-09   -1.647628e-19
   26   55    4.486784e-16    1.718911e-19
   26   56    1.766820e-06   -3.010630e-17
   26   57    9.986689e-07   -2.427025e-17
   26   58    5.174607e-06   -4.330032e-17
   26   59    2.608980e-13    9.620825e-17
   26   60    8.480309e-21    6.076993e-24
   26   61    5.401567e-29    5.325084e-32
   27   55    1.191698e-19    3.166369e-22
   27   56    1.868472e-26    5.195549e-29
   27   57    6.914528e-17    1.835746e-19
   27   58    6.282964e-17    1.669139e-19
   27   59    2.034761e-06   -4.716915e-17
   27   60    1.303362e-13    4.810258e-17
   27   61    1.598968e-20    1.138584e-23
   27   62    4.537351e-28    3.680235e-31
   28   58    6.192279e-10   -3.575188e-20
   28   59    9.724569e-17    3.663980e-20
   28   60    2.667797e-06   -1.207827e-16
   28   61    1.015185e-06    2.988438e-17
   28   62    2.259022e-06    5.498938e-17
   28   63    9.739570e-14    3.592139e-17
   28   64    1.389652e-06   -1.664653e-17
   28   65    4.543366e-14    1.665303e-17
   28   66    1.278059e-21    9.156948e-25
   28   67    6.120434e-30    3.179293e-34
   29   59    4.456834e-21    1.072580e-23
   29   60    6.704165e-28    2.894570e-30
   29   61    3.142478e-17    8.334339e-20
   29   62    2.206918e-17    5.778314e-20
   29   63    8.717978e-07   -1.143220e-16
   29   64    3.102142e-13    1.142590e-16
   29   65    1.075841e-06   -5.817761e-17
   29   66    1.580290e-13    4.745512e-17
   29   67    4.256957e-20    2.704521e-23
   29   68    1.656936e-27    4.402465e-31
   29   69    8.908370e-29    5.266069e-32
   30   62    5.765109e-28    8.829684e-31
   30   63    2.546436e-28    1.003261e-30
   30   64    8.425445e-07   -7.006349e-17
   30   65    1.899972e-13    7.007128e-17
   30   66    1.302067e-06   -5.566425e-17
   30   67    2.837024e-07    1.985355e-17
   30   68    1.322620e-06    1.511319e-17
   30   69    8.512510e-14    3.086479e-17
   30   70    1.327706e-10    1.811551e-21
   30   71    1.013268e-17    2.288120e-21
   30   72    6.939663e-25    4.962442e-28
   31   65    5.768510e-18    1.516858e-20
   31   66    1.688865e-24    6.277497e-27
   31   67    1.505465e-17    3.990631e-20
   31   68    3.676422e-18    9.730292e-21
   31   69    1.594878e-07   -2.936907e-17
   31   70    8.117954e-14    2.859751e-17
   31   71    1.407638e-07   -2.082123e-17
   31   72    5.644649e-14    2.079578e-17
   31   73    2.124097e-20    1.519628e-23
   31   74    1.232386e-27    1.234154e-30
   32   66    1.126661e-29    5.817848e-32
   32   68    7.569214e-26    2.761191e-29
   32   69    2.749967e-24    7.089813e-27
   32   70    2.286683e-07   -2.370329e-17
   32   71    6.792569e-14    2.505286e-17
   32   72    2.362112e-07   -2.304864e-17
   32   73    4.522468e-08    1.225054e-17
   32   74    1.757502e-07   -1.104954e-18
   32   75    3.231995e-14    1.178228e-17
   32   76    1.249214e-11    7.854190e-21
   32   77    1.435260e-18    5.285686e-22
   32   78    1.067152e-25    7.605149e-29
   33   71    1.102454e-18    2.920637e-21
   33   72    9.277341e-25    1.660933e-27
   33   73    1.665999e-18    4.411732e-21
   33   74    1.687523e-19    4.476083e-22
   33   75    2.000845e-08   -1.347084e-17
   33   76    3.690261e-14    1.359507e-17
   33   77    2.133820e-20    1.615877e-23
   33   78    2.731883e-27    3.262331e-30
   34   72    1.774323e-30    9.159400e-33
   34   74    1.501221e-24    7.886390e-28
   34   75    8.550647e-21    2.246543e-23
   34   76    4.988954e-08   -1.205108e-17
   34   77    1.818954e-08    3.852935e-18
   34   78    7.041447e-08    2.801456e-18
   34   79    1.465301e-14    5.404201e-18
   34   80    4.239297e-09   -1.843016e-19
   34   81    5.717435e-16    2.000519e-19
   34   82    3.172076e-12    1.209358e-21
   34   83    9.533251e-20    3.366532e-23
   34   84    3.970728e-27    2.844187e-30
   35   77    1.118830e-19    2.961629e-22
   35   78    4.105061e-20    1.065898e-22
   35   79    8.345294e-09   -5.940065e-18
   35   80    1.610088e-14    5.619172e-18
   35   81    7.274681e-09   -2.746960e-18
   35   82    7.477438e-15    2.755374e-18
   35   83    5.318173e-21    5.286522e-24
   35   84    5.477304e-28    5.677741e-31
   36   78    3.542423e-27    2.243483e-28
   36   79    1.073446e-23    2.790961e-26
   36   80    2.125899e-08   -7.153299e-18
   36   81    2.019375e-14    7.447896e-18
   36   82    5.111921e-08   -6.417128e-18
   36   83    1.566930e-08    2.619595e-18
   36   84    5.823898e-08    1.581457e-18
   36   85    6.010870e-15    2.217119e-18
   36   86    4.641503e-10   -1.706835e-21
   36   87    4.625710e-18    1.685167e-21
   36   88    1.181656e-25    8.440208e-29
   37   81    1.249021e-20    3.301578e-23
   37   82    2.676098e-26    4.633131e-29
   37   83    3.570009e-20    9.440433e-23
   37   84    8.600161e-21    2.276870e-23
   37   85    8.462405e-09   -2.092032e-18
   37   86    5.671690e-15    2.092055e-18
   37   87    5.853056e-11   -1.188180e-21
   37   88    3.283801e-18    1.146426e-21
   37   89    4.537707e-25    3.146588e-28
   38   84    2.620196e-24    2.497292e-30
   38   85    7.838951e-23    2.052046e-25
   38   86    1.977582e-08   -1.341144e-18
   38   87    1.264904e-08    1.948738e-19
   38   88    3.410537e-08    8.908669e-19
   38   89    6.926657e-16    2.555160e-19
   38   90    2.548767e-23    1.564401e-26
   39   87    4.277355e-21    1.130578e-23
   39   88    2.966799e-21    7.842667e-24
   39   89    5.047083e-09   -1.116024e-19
   39   90    3.026175e-16    1.115941e-19
   39   91    1.150757e-22    8.243838e-26
   39   92    1.117333e-29    1.164055e-32
   40   89    1.846648e-29    4.717179e-32
   40   90    2.223165e-09   -6.020882e-20
   40   91    5.705716e-10    2.258937e-20
   40   92    6.513631e-10    1.063992e-20
   40   93    1.936305e-10    9.845466e-21
   40   94    4.140053e-10    1.044988e-21
   40   95    4.370131e-17    1.611269e-20
   40   96    7.701181e-13   -6.441447e-24
   40   97    1.746806e-20    6.438806e-24
   40   98    4.572735e-28    3.273901e-31
   41   91    1.422286e-22    3.757589e-25
   41   92    3.430823e-23    7.652780e-26
   41   93    7.196594e-14   -1.863513e-23
   41   94    5.111962e-20    1.886097e-23
   41   95    1.610242e-23    2.024278e-25
   41   96    2.320890e-26    6.093392e-29
   41   97    1.048115e-25    6.138006e-27
   42   92    3.795086e-17    1.131104e-26
   42   93    9.412360e-24    3.473858e-27
   42   94    1.277137e-13   -1.754220e-23
   42   95    3.569931e-11   -1.114427e-20
   42   96    8.222236e-11    3.250820e-22
   42   97    2.578413e-11    9.960741e-23
   42   98    7.544015e-11    1.930187e-21
   42   99    2.387627e-17    8.803447e-21
   42  100    1.700720e-15   -2.402699e-25
   42  101    7.396235e-22    2.549743e-25
   42  102    1.368907e-28    9.808529e-32
   43   95    3.418182e-27    8.986715e-30
   43   96    6.464720e-25    1.707708e-27
   43   97    1.578829e-24    4.167077e-27
   43   98    7.705857e-26    2.037277e-28
   43   99    2.728422e-13   -2.644830e-22
   43  100    7.069725e-19   -6.980965e-22
   43  101    1.483137e-24    1.863818e-26
   44   96    3.532750e-26    1.794391e-33
   44   98    6.625254e-24    8.402492e-34
   44   99    8.074116e-12   -5.269349e-21
   44  100    3.391437e-11   -2.276905e-21
   44  101    7.022777e-12   -7.520421e-22
   44  102    1.444299e-14    9.260198e-21
   44  103    6.392881e-21    2.360146e-24
   44  104    8.845336e-22    5.372736e-23
   44  105    3.413783e-29    1.463588e-31
   45   99    1.004409e-29    2.594691e-32
   45  100    3.162358e-26    8.344108e-29
   45  101    1.484175e-25    3.912716e-28
   45  102    9.032539e-27    2.385693e-29
   45  103    7.469162e-12   -8.877596e-21
   45  104    2.387821e-17   -3.061870e-21
   45  105    5.841019e-23    4.155984e-26
   45  106    4.415196e-29    1.530137e-32
   46  103    9.226546e-27    2.427417e-29
   46  104    2.116280e-11    4.598953e-21
   46  105    4.944951e-12   -9.056424e-22
   46  106    2.265112e-11    1.903239e-21
   46  107    1.705045e-17    6.289098e-21
   46  108    2.501059e-11   -5.719343e-21
   46  109    1.567244e-17    5.774113e-21
   46  110    1.000424e-14    5.770302e-23
   46  111    4.226302e-21    1.495503e-24
   46  112    2.712595e-27    1.943528e-30
   47  105    2.567310e-26    6.764270e-29
   47  106    4.343415e-27    1.139416e-29
   47  107    4.291524e-12   -5.390026e-21
   47  108    1.458144e-17    3.233305e-21
   47  109    6.599105e-12   -8.583286e-21
   47  110    2.297239e-17   -1.116130e-20
   47  111    7.658091e-23    1.172991e-25
   47  112    6.667127e-29    7.012902e-32
   48  107    6.302123e-29    1.642678e-31
   48  108    3.603377e-13    2.008861e-21
   48  109    2.341282e-19    8.635953e-23
   48  110    1.909899e-11    1.446228e-20
   48  111    4.587531e-12    2.997835e-22
   48  112    2.054442e-11    2.873031e-22
   48  113    1.258676e-17    4.642654e-21
   48  114    3.413726e-11   -5.494353e-21
   48  115    1.496196e-17    5.517091e-21
   48  116    2.673546e-15   -2.560568e-25
   48  117    7.117610e-22    2.608537e-25
   48  118    3.545806e-28    2.540370e-31
   49  109    1.339400e-28    3.524891e-31
   49  111    8.302876e-27    2.185383e-29
   49  112    1.513766e-27    3.954596e-30
   49  113    6.099914e-12   -6.141692e-21
   49  114    1.657546e-17    1.265685e-21
   49  115    9.301396e-23    1.695243e-24
   49  116    8.693824e-29   -9.731886e-33
   49  117    2.755273e-26    1.679926e-27
   50  112    1.518500e-24    1.531404e-32
   50  113    8.680243e-29    2.245672e-31
   50  114    1.053078e-13    4.834885e-21
   50  115    5.384885e-12   -2.332371e-21
   50  116    3.958574e-11   -1.887523e-21
   50  117    8.542085e-12    8.054154e-22
   50  118    4.908861e-11   -2.259237e-23
   50  119    1.176970e-11    7.237830e-25
   50  120    6.577789e-11    6.670824e-22
   50  121    7.553407e-18    2.784331e-21
   50  122    5.075922e-13   -1.199170e-23
   50  123    3.255305e-20    1.200793e-23
   50  124    5.881525e-14   -6.534166e-25
   50  125    1.772136e-21    6.537305e-25
   50  126    1.415739e-28    1.014236e-31
   51  115    1.248605e-29    3.272518e-32
   51  116    6.827082e-28    1.781956e-30
   51  117    4.984590e-27    1.310450e-29
   51  118    1.144433e-27    2.904645e-30
   51  119    7.777201e-27    2.045471e-29
   51  120    1.097109e-27    2.865889e-30
   51  121    3.464272e-12   -2.448624e-21
   51  122    6.645501e-18    2.449660e-21
   51  123    8.946874e-14   -3.207000e-23
   51  124    8.699577e-20    3.207758e-23
   51  125    1.019019e-25    1.174985e-28
   52  120    1.000424e-30    1.121039e-44
   52  121    2.285974e-29    5.968881e-32
   52  122    9.020208e-12   -3.352172e-21
   52  123    3.001269e-12   -1.112762e-21
   52  124    1.532908e-11    1.490166e-21
   52  125    5.674401e-12   -1.578408e-21
   52  126    2.620159e-11    1.979944e-21
   52  127    6.977913e-18    2.569421e-21
   52  128    5.697727e-13   -2.690447e-23
   52  129    9.287331e-20    3.378084e-23
   52  130    1.846937e-12   -3.447219e-23
   52  131    9.344826e-20    3.315436e-23
   52  132    7.091014e-27    5.078308e-30
   53  123    6.935850e-28    1.822375e-30
   53  124    1.810488e-28    4.763338e-31
   53  125    1.877755e-27    4.936472e-30
   53  126    1.323435e-28    3.483154e-31
   53  127    3.615698e-12   -2.779448e-21
   53  128    7.548045e-18    2.677390e-21
   53  129    1.855948e-23    4.777107e-25
   53  130    1.668323e-28    4.167577e-31
   53  131    2.161124e-23    1.317662e-24
   54  126    1.587975e-27    0.000000e+00
   54  127    8.091520e-29    2.119020e-31
   54  128    9.378967e-12   -3.077883e-21
   54  129    4.878033e-12   -1.637693e-21
   54  130    1.462159e-11    2.207668e-21
   54  131    6.636401e-12   -1.979296e-22
   54  132    4.009275e-11   -3.607412e-22
   54  133    8.582373e-18    3.165263e-21
   54  134    1.269195e-13   -3.111293e-24
   54  135    8.439003e-21    3.107338e-24
   54  136    8.091666e-12   -6.607751e-24
   54  137    1.788837e-20    4.955204e-24
   54  138    1.602075e-28    1.146158e-31
   55  129    3.708950e-28    9.736244e-31
   55  130    9.233987e-29    2.418515e-31
   55  131    7.304990e-28    1.918321e-30
   55  132    4.227309e-29    1.112753e-31
   55  133    4.580883e-12   -2.517674e-21
   55  134    6.828651e-18    2.518066e-21
   55  135    9.655263e-24    1.227622e-26
   55  136    2.925393e-28    7.205825e-31
   55  137    2.711436e-23    1.652191e-24
   56  132    1.667374e-27    0.000000e+00
   56  133    8.169179e-29    2.141326e-31
   56  134    1.045219e-11   -2.313191e-21
   56  135    5.105866e-12   -9.752653e-22
   56  136    3.449992e-11    7.594810e-22
   56  137    4.228069e-11   -1.422977e-21
   56  138    3.979948e-10    2.152479e-21
   56  139    4.878705e-18    1.778770e-21
   56  140    2.125013e-25    1.521816e-28
   57  135    1.880311e-28    4.933690e-31
   57  136    1.469056e-29    3.825662e-32
   57  137    4.820827e-28    1.265108e-30
   57  138    1.767079e-26    6.777754e-30
   57  139    3.735396e-11   -1.165691e-21
   57  140    3.216271e-18    1.185942e-21
   57  141    8.176646e-25    5.848048e-28
   58  138    2.102339e-25   -4.994290e-35
   58  139    2.603835e-25    9.665051e-29
   58  140    9.289652e-11   -1.225119e-21
   58  141    3.331232e-18    1.228765e-21
   58  142    9.158811e-14   -3.516830e-24
   58  143    9.538908e-21    3.516336e-24
   58  144    1.488939e-27    1.074772e-30
   59  141    7.804725e-12   -8.315282e-22
   59  142    2.254251e-18    8.308593e-22
   59  143    1.459956e-24    2.721110e-27
   60  142    1.831762e-11   -7.371633e-22
   60  143    3.281111e-12   -2.610724e-22
   60  144    6.940443e-12    2.957534e-22
   60  145    1.586879e-12   -2.308496e-22
   60  146    4.721180e-12    2.357869e-22
   60  147    1.890976e-18    6.970720e-22
   60  148    1.554712e-15   -5.502877e-25
   60  149    1.499446e-21    5.474669e-25
   60  150    2.527737e-21   -1.382818e-31
   60  151    2.019481e-27    7.442570e-31
   61  143    7.132121e-30    1.872655e-32
   61  145    7.065567e-30    1.856524e-32
   61  146    2.580426e-30    6.713950e-33
   61  147    7.963335e-25    4.748864e-26
   61  148    4.619852e-25    1.702693e-28
   61  149    8.387007e-26    5.098893e-27
   61  150    2.097129e-29    7.667925e-33
   62  144    3.536220e-20   -4.036141e-30
   62  145    1.094306e-26    4.036126e-30
   62  146    2.734619e-27    1.349523e-28
   62  147    7.486127e-13   -1.476376e-21
   62  148    2.697090e-12    2.578340e-22
   62  149    4.961706e-13   -4.734249e-21
   62  150    1.600689e-12    3.976209e-21
   62  151    5.359144e-18    1.974579e-21
   62  152    2.626105e-13   -2.921866e-22
   62  153    7.930152e-19    2.921237e-22
   62  154    1.429176e-15   -5.776815e-25
   62  155    1.574399e-21    5.556492e-25
   62  156    5.640233e-28    4.040022e-31
   63  149    1.551692e-30    4.073853e-33
   63  151    1.722405e-13   -6.599064e-21
   63  152    1.795213e-17    6.598804e-21
   63  153    2.281966e-13   -1.736184e-21
   63  154    4.718063e-18    1.736498e-21
   63  155    6.101692e-23    6.816350e-26
   63  156    1.657243e-28    1.538334e-31
   64  152    5.982755e-13   -1.645065e-21
   64  153    4.464236e-18    1.644874e-21
   64  154    7.795458e-13   -2.027031e-21
   64  155    2.575275e-13   -3.959094e-22
   64  156    1.090207e-12    5.947736e-22
   64  157    4.772721e-13   -1.095456e-22
   64  158    2.906294e-12   -5.066651e-22
   64  159    6.633952e-18    2.442328e-21
   64  160    8.753704e-17   -2.430522e-26
   64  161    7.608518e-23    2.076898e-26
   64  162    3.318713e-29    2.374532e-32
   65  159    3.705875e-13   -3.614020e-21
   65  160    9.826568e-18    3.616003e-21
   65  161    1.327783e-22    1.020912e-25
   65  162    1.444202e-28    1.329555e-31
   66  156    1.026076e-30   -5.254869e-46
   66  158    8.864455e-14   -2.290188e-22
   66  159    6.214913e-19    2.290160e-22
   66  160    8.753635e-13   -2.815390e-21
   66  161    3.287145e-13    1.355186e-21
   66  162    1.358600e-12   -1.886691e-22
   66  163    2.448908e-13    6.386866e-22
   66  164    6.033063e-13    6.423551e-22
   66  165    9.983983e-19    3.653519e-22
   66  166    5.466098e-25    3.916408e-28
   67  165    4.844296e-13   -6.704455e-21
   67  166    1.824471e-17    6.706608e-21
   67  167    8.839986e-23    6.318739e-26
   67  168    6.707919e-29    6.221021e-32
   68  164    6.710097e-13   -2.402665e-21
   68  165    6.521478e-18    2.398952e-21
   68  166    1.024526e-12   -1.891189e-21
   68  167    4.067533e-13   -2.177763e-21
   68  168    1.667378e-12    1.800053e-21
   68  169    6.169768e-18    2.272736e-21
   68  170    3.289625e-15   -1.757643e-24
   68  171    4.806422e-21    1.766963e-24
   68  172    1.987418e-27    1.423752e-30
   69  169    5.321546e-13   -8.710113e-21
   69  170    2.366951e-17    8.709944e-21
   69  171    3.981561e-22    2.883899e-25
   69  172    6.432899e-27    3.796994e-30
   69  173    8.421978e-29    3.111575e-32
   70  168    1.012334e-30   -5.254869e-46
   70  170    8.238740e-13   -1.706708e-21
   70  171    4.206461e-13   -2.988483e-23
   70  172    1.395942e-12    6.112731e-22
   70  173    6.939344e-13   -5.196205e-22
   70  174    3.156512e-12    4.920444e-22
   70  175    3.129002e-18    1.152748e-21
   70  176    1.591582e-15   -6.131755e-25
   70  177    1.694108e-21    6.189076e-25
   70  178    6.692789e-28    4.794768e-31
   71  175    4.567569e-13   -2.990181e-21
   71  176    8.607483e-16    2.983053e-21
   71  177    1.978767e-20    7.314446e-24
   71  178    2.392112e-26    1.679400e-29
   72  176    1.193677e-12   -3.869733e-21
   72  177    3.950767e-13   -2.216982e-21
   72  178    1.686119e-12    4.028612e-21
   72  179    4.800912e-13   -2.237812e-22
   72  180    2.773401e-12    3.180696e-21
   72  181    3.337737e-18    1.229582e-21
   72  182    2.651102e-23    1.893862e-26
   72  183    1.255824e-29    1.300243e-32
   73  179    1.277555e-28    6.279917e-30
   73  180    3.440276e-15   -2.483955e-21
   73  181    7.185288e-13   -2.879927e-21
   73  182    7.854445e-18    2.888922e-21
   73  183    6.205957e-23    4.435617e-26
   73  184    3.853900e-29    4.009077e-32
   74  180    5.385591e-14    2.509204e-22
   74  181    2.593426e-19    9.556467e-23
   74  182    1.813952e-12   -1.525323e-21
   74  183    9.293535e-13   -8.248895e-22
   74  184    2.060656e-12   -1.228198e-22
   74  185    6.714286e-18    2.473003e-21
   74  186    8.067909e-14   -1.018700e-22
   74  187    2.774719e-19    1.021059e-22
   74  188    1.307578e-25    9.365740e-29
   75  185    3.076414e-13   -2.083490e-20
   75  186    5.665584e-17    2.082995e-20
   75  187    6.954142e-15   -2.481936e-22
   75  188    6.792920e-19    2.492638e-22
   75  189    2.721358e-24    1.949174e-27
   75  190    1.564118e-30    1.457321e-33
   76  186    1.075722e-12   -1.091820e-21
   76  187    5.076961e-13   -2.129464e-21
   76  188    1.117498e-12    1.184914e-21
   76  189    3.858748e-13   -1.121654e-21
   76  190    1.474314e-12    1.806689e-21
   76  191    3.679155e-18    1.354910e-21
   76  192    3.121098e-14   -6.289296e-23
   76  193    1.709770e-19    6.291727e-23
   76  194    5.230212e-26    3.746566e-29
   77  191    3.294376e-13   -7.876853e-21
   77  192    2.142622e-17    7.874760e-21
   77  193    3.208460e-13   -5.649117e-21
   77  194    1.537304e-17    5.646533e-21
   77  195    1.752593e-23    1.251078e-26
   77  196    9.309977e-30    5.992247e-33
   78  190    1.000424e-30   -7.882304e-45
   78  192    1.094208e-12   -2.343707e-21
   78  193    6.362438e-18    2.343411e-21
   78  194    1.340771e-12   -1.457573e-21
   78  195    3.996556e-13   -3.543310e-22
   78  196    2.342833e-12    9.628467e-22
   78  197    2.317290e-18    8.534206e-22
   78  198    4.390749e-15   -5.832246e-25
   78  199    1.583555e-21    5.657263e-25
   78  200    2.219528e-28    1.589930e-31
   79  197    7.109586e-13   -9.781848e-22
   79  198    2.657388e-18    9.786253e-22
   79  199    4.172736e-24    2.087864e-26
   79  200    1.374249e-30    1.116865e-33
   80  196    1.378129e-17   -2.152704e-26
   80  197    5.841291e-23    2.152163e-26
   80  198    2.319163e-12   -5.812761e-22
   80  199    1.055724e-12    3.974768e-23
   80  200    3.396440e-12   -1.938301e-24
   80  201    1.493171e-12    1.527984e-22
   80  202    5.447854e-12   -1.429940e-22
   80  203    1.447748e-18    5.338958e-22
   80  204    8.827270e-14   -4.793005e-24
   80  205    1.298060e-20    3.901728e-24
   80  206    2.374584e-28    1.600461e-31
   81  203    3.296963e-12   -3.325460e-22
   81  204    9.012802e-19    3.325531e-22
   81  205    2.532781e-13   -8.953887e-24
   81  206    2.664191e-20    7.609728e-24
   81  207    1.350872e-27    8.683271e-31
   82  204    4.899134e-12   -4.711811e-22
   82  205    9.272222e-12   -5.717240e-22
   82  206    4.705878e-11    4.406029e-23
   82  207    6.282857e-11    3.615167e-22
   82  208    1.298627e-10    5.551157e-22
   82  209    2.291980e-19    8.402695e-23
   82  210    1.124496e-27    8.056629e-31
   83  209    3.106580e-12   -8.921676e-24
   83  210    2.531505e-20    9.334599e-24
   83  211    2.204999e-28    1.579674e-31
   84  210    2.027886e-26    1.236561e-27
    0    1    5.042625e-21   -1.941592e-21
    1    1    1.494049e-16   -2.518700e-17
    2    4    1.909817e-11   -7.252980e-12
