3.5126e+00
8.6931e-02
8.5916e-01
1.7035e+04
    1    3    2.570529e-23   -4.311165e-32
    2    3    2.214410e-21   -2.565813e-32
    3    6    9.458938e-26   -5.267914e-38
    3    7    1.202588e-30    5.168349e-32
    4    8    1.217901e-07    0.000000e+00
    4   10    7.991346e-29   -9.084898e-41
    5   10    9.910595e-24   -2.513361e-32
    5   11    1.395367e-15    4.344058e-19
    6   11    8.815604e-15   -4.344092e-19
    6   12    2.341140e-06   -2.964615e-21
    6   13    5.681903e-15   -1.677468e-24
    6   14    1.071969e-10   -3.538782e-23
    7   13    9.098026e-25   -2.767149e-27
    7   14    5.785586e-07    0.000000e+00
    7   15    2.614881e-05    1.019464e-11
    7   16    1.512924e-23    2.217594e-25
    7   17    1.904661e-27   -2.752208e-29
    8   14    4.500155e-28    1.583162e-28
    8   15    2.060712e-08   -1.019464e-11
    8   16    4.746358e-02    0.000000e+00
    8   17    7.261046e-12   -3.249834e-23
    8   18    2.349212e-12    5.222273e-19
    8   19    2.938937e-25   -6.534127e-28
    8   20    3.221970e-28   -1.438102e-30
    9   17    6.837504e-28   -1.643425e-28
    9   18    5.704601e-14   -5.222308e-19
    9   19    3.619359e-11    2.069068e-17
    9   20    5.495118e-17   -2.965898e-19
    9   21    4.642600e-22   -6.724633e-24
   10   18    3.779874e-29   -1.363833e-30
   10   19    5.912923e-15   -2.069051e-17
   10   20    5.402045e-03    0.000000e+00
   10   21    1.325108e-07    1.686125e-20
   10   22    1.433036e-10    2.292456e-19
   10   23    5.651860e-19   -9.154806e-22
   10   24    1.287381e-20   -3.825089e-24
   11   21    1.117234e-17   -2.995255e-20
   11   22    3.121862e-10   -1.718220e-19
   11   23    6.557282e-09    6.870830e-13
   11   24    4.620935e-12   -5.169951e-18
   11   25    1.795600e-16   -1.815366e-19
   11   26    1.596003e-25   -8.987738e-27
   12   22    3.679187e-18   -5.743353e-20
   12   23    1.288514e-10   -6.870830e-13
   12   24    2.951423e-03    2.602085e-18
   12   25    1.585179e-06    2.094289e-19
   12   26    1.417694e-07    1.353964e-12
   12   27    1.383503e-13   -1.468718e-17
   12   28    1.693529e-16   -1.356198e-22
   13   24    5.576576e-29   -1.634776e-30
   13   25    2.606434e-18   -2.187486e-20
   13   26    1.774527e-08   -1.353961e-12
   13   27    2.518495e-06    1.369949e-10
   13   28    2.813636e-09   -1.258075e-12
   13   29    2.146262e-13   -3.265785e-17
   13   30    1.876699e-21   -3.141164e-23
   13   31    4.102033e-27   -3.838093e-28
   14   26    1.383298e-16   -3.771571e-18
   14   27    9.457952e-09   -1.369949e-10
   14   28    9.698174e-04    1.258078e-12
   14   29    2.377843e-05    3.398296e-17
   14   30    4.709383e-04    3.910079e-11
   14   31    3.740261e-09   -2.389444e-14
   14   32    3.233063e-12   -6.114634e-23
   14   33    1.181643e-23   -1.152118e-25
   14   34    1.088250e-26   -2.367283e-28
   15   28    1.998461e-27   -4.492394e-28
   15   29    9.011164e-17   -1.324332e-18
   15   30    9.733688e-08   -3.910079e-11
   15   31    6.282371e-05    3.909709e-11
   15   32    1.030836e-08   -5.027438e-16
   15   33    1.538349e-08   -4.240373e-16
   15   34    8.298315e-15   -4.032442e-17
   15   35    1.655217e-18   -2.104143e-21
   16   30    8.267327e-18   -4.221664e-19
   16   31    1.673007e-09   -3.907319e-11
   16   32    2.459985e-04    5.027445e-16
   16   33    1.822202e-05    2.627818e-15
   16   34    1.852863e-04    2.633912e-12
   16   35    1.252140e-08   -9.979717e-17
   16   36    1.980290e-09    1.654361e-24
   16   37    3.816818e-21   -7.662527e-25
   16   38    6.779138e-23   -4.009458e-28
   17   32    1.136247e-27   -2.352926e-28
   17   33    9.180022e-14   -2.203781e-15
   17   34    1.300040e-10   -2.633872e-12
   17   35    5.161573e-06    1.995672e-15
   17   36    1.818832e-08   -8.602678e-23
   17   37    1.878050e-08    2.936123e-15
   17   38    2.934680e-15   -7.926824e-20
   17   39    4.948670e-18   -8.874626e-23
   17   40    1.383582e-25   -1.029251e-28
   17   41    1.696551e-28   -2.662171e-31
   18   34    1.310235e-21   -9.354216e-23
   18   35    5.600519e-14   -1.895873e-15
   18   36    6.859341e-06    0.000000e+00
   18   37    1.473514e-07   -2.936123e-15
   18   38    1.026867e-05    4.475815e-15
   18   39    1.901828e-10   -1.239763e-21
   18   40    2.909491e-11    6.462349e-27
   18   41    4.612589e-17   -4.218802e-22
   18   42    1.137482e-18   -6.585775e-29
   18   43    3.645854e-26   -6.818223e-30
   18   44    3.111829e-28   -2.632783e-32
   19   37    1.496278e-24   -7.406307e-26
   19   38    3.348694e-12   -4.475736e-15
   19   39    3.004020e-07    5.134184e-18
   19   40    6.322767e-10    2.067952e-24
   19   41    4.744713e-11    4.721586e-22
   19   42    3.307927e-14   -4.479404e-20
   19   43    9.641888e-16   -7.269497e-22
   19   44    1.214837e-19   -5.495590e-24
   19   45    6.193819e-22   -3.494509e-26
   19   46    7.339094e-27   -3.845414e-30
   20   38    1.205625e-28   -1.654807e-29
   20   39    7.325789e-17   -5.132824e-18
   20   40    1.005072e-07    0.000000e+00
   20   41    2.709038e-09   -5.004443e-23
   20   42    7.169962e-08    1.021469e-19
   20   43    8.131491e-10    8.139697e-18
   20   44    5.226196e-10    1.462009e-16
   20   45    6.613776e-13   -2.829732e-21
   20   46    3.184031e-13    1.036018e-19
   20   47    1.481531e-16   -2.275802e-23
   20   48    4.400853e-19    1.925930e-34
   20   49    3.483635e-28   -4.012033e-32
   21   41    2.183676e-29   -2.222511e-30
   21   42    6.424348e-19   -5.735149e-20
   21   43    1.891563e-12   -8.138969e-18
   21   44    3.781050e-11   -1.461989e-16
   21   45    2.795445e-10    7.620211e-17
   21   46    1.244761e-11   -2.071725e-19
   21   47    5.020467e-13   -1.044959e-19
   21   48    3.879987e-15   -1.487064e-21
   21   49    3.611650e-17   -6.341016e-22
   21   50    5.307836e-24   -3.135565e-27
   21   51    1.981716e-29   -9.629854e-32
   22   43    3.871097e-25   -4.665124e-26
   22   44    4.717952e-11   -1.905772e-21
   22   45    1.402177e-11   -7.619928e-17
   22   46    2.128775e-09    1.474036e-19
   22   47    2.975120e-10    1.169105e-17
   22   48    5.511396e-10    6.124295e-19
   22   49    1.144612e-11    4.118621e-19
   22   50    4.096762e-12    3.231174e-27
   22   51    1.002238e-17   -1.735359e-21
   22   52    3.444930e-21   -2.035067e-24
   22   53    1.847784e-29   -3.404887e-32
   23   45    5.026836e-25   -7.572437e-26
   23   46    3.072003e-19   -4.383292e-20
   23   47    3.761158e-13   -1.158653e-17
   23   48    1.399048e-11   -5.198178e-19
   23   49    1.945758e-10    1.454061e-17
   23   50    1.561206e-11    6.462349e-27
   23   51    2.958716e-11    4.174304e-18
   23   52    7.258400e-15   -1.943834e-18
   23   53    3.326498e-17   -2.087935e-20
   23   54    2.814654e-24   -3.405614e-27
   23   55    3.820199e-28   -3.541383e-30
   24   47    2.158417e-24   -2.827337e-25
   24   48    1.175963e-13   -9.112467e-20
   24   49    6.253098e-13   -1.495183e-17
   24   50    4.141869e-10    5.303262e-22
   24   51    1.657301e-10   -2.207159e-18
   24   52    8.079828e-10    2.950054e-18
   24   53    4.449052e-12    2.087940e-20
   24   54    1.459499e-12    2.330195e-20
   24   55    1.978077e-18   -5.675761e-22
   24   56    4.719792e-21   -8.033770e-25
   24   57    1.161596e-29   -3.317192e-32
   25   50    4.016641e-21   -5.303610e-22
   25   51    9.041650e-14   -1.965409e-18
   25   52    3.258858e-12   -1.003664e-18
   25   53    9.872990e-11    3.827632e-18
   25   54    1.043129e-11   -2.330194e-20
   25   55    3.762073e-11    5.239994e-19
   25   56    5.499518e-15   -3.567746e-20
   25   57    6.779884e-17   -4.539224e-20
   25   58    2.343482e-23   -4.706942e-25
   25   59    2.066404e-26   -2.706807e-28
   26   51    4.322220e-28   -1.063015e-28
   26   52    1.261813e-15   -2.553897e-21
   26   53    3.243487e-14   -3.827632e-18
   26   54    4.358722e-10    8.737095e-24
   26   55    7.396525e-10   -4.891882e-19
   26   56    1.637916e-07    4.666622e-20
   26   57    5.999792e-10    4.889286e-18
   26   58    5.275128e-09    3.906859e-18
   26   59    4.901853e-14   -7.579894e-22
   26   60    1.354475e-15   -2.524355e-29
   26   61    2.010809e-23   -3.365629e-27
   26   62    7.995937e-26   -7.085315e-29
   27   54    5.839320e-23   -8.733357e-24
   27   55    3.588539e-14   -3.424366e-20
   27   56    1.241899e-12   -1.076310e-20
   27   57    1.884366e-09   -4.789456e-18
   27   58    3.964960e-10   -3.906859e-18
   27   59    2.202427e-08    1.326798e-21
   27   60    1.177339e-11   -6.859052e-17
   27   61    2.383543e-12   -2.417883e-17
   27   62    9.177620e-18   -2.719318e-21
   27   63    1.346480e-19   -2.950303e-22
   27   64    1.453174e-29   -2.918749e-30
   27   65    6.737944e-29   -4.728628e-31
   28   56    2.040887e-15   -2.333435e-22
   28   57    1.170807e-13   -5.443644e-20
   28   58    1.988145e-08    0.000000e+00
   28   59    2.229924e-08    1.174596e-21
   28   60    1.074909e-05    6.887564e-17
   28   61    8.747877e-08    4.137665e-16
   28   62    6.501819e-06    8.034671e-15
   28   63    3.722837e-10   -6.680414e-21
   28   64    1.456721e-09    1.158937e-16
   28   65    1.346006e-15   -8.940144e-21
   28   66    1.011180e-16   -3.099916e-23
   28   67    2.997104e-24   -1.003303e-26
   28   68    5.728999e-27   -4.526715e-30
   29   58    8.828869e-27   -1.662480e-28
   29   59    2.372910e-18   -1.743687e-21
   29   60    6.523794e-15   -2.848534e-19
   29   61    7.913841e-11   -3.895872e-16
   29   62    7.792539e-11   -8.033408e-15
   29   63    6.036709e-08    1.003343e-16
   29   64    2.144771e-10   -2.289599e-16
   29   65    8.741314e-09    5.461877e-18
   29   66    3.702472e-13   -7.290702e-17
   29   67    1.081851e-13   -2.925389e-20
   29   68    5.442845e-20   -1.111759e-22
   29   69    5.135784e-22   -1.719234e-25
   29   71    5.269614e-30   -4.184039e-32
   30   60    8.830971e-22   -3.695255e-25
   30   61    4.970094e-19   -3.327545e-22
   30   62    6.873994e-13   -1.260148e-18
   30   63    3.806214e-12   -1.003272e-16
   30   64    5.272892e-08    1.130662e-16
   30   65    1.907760e-09   -5.359726e-18
   30   66    2.352627e-06    7.294521e-17
   30   67    5.332181e-10    8.565625e-17
   30   68    1.895465e-08    1.492981e-16
   30   69    6.361370e-14   -1.073978e-18
   30   70    2.467534e-14    6.241766e-17
   30   71    3.027444e-21   -6.225774e-25
   30   72    3.975292e-22   -1.430852e-28
   30   73    3.752001e-30   -9.620477e-33
   30   74    5.718656e-29   -3.627191e-32
   31   63    5.750474e-26   -1.103508e-28
   31   64    1.058495e-20   -4.057300e-24
   31   65    1.392199e-15   -9.320914e-20
   31   66    2.133830e-14   -3.787127e-20
   31   67    4.005458e-10   -8.560957e-17
   31   68    1.015377e-11   -1.483009e-16
   31   69    3.342815e-09    1.720829e-17
   31   70    1.313897e-12   -1.248054e-16
   31   71    2.618393e-12    3.022596e-17
   31   72    1.434657e-17   -1.702979e-23
   31   73    1.770579e-17   -6.098104e-23
   31   74    3.650501e-23   -4.546487e-27
   31   75    6.701835e-25   -3.204980e-28
   31   77    1.202719e-29   -5.574707e-32
   32   64    5.932050e-28   -5.585014e-31
   32   65    3.149924e-25   -6.122646e-28
   32   66    1.710316e-17   -1.244649e-22
   32   67    3.235625e-16   -1.737666e-20
   32   68    4.117406e-10   -9.970691e-19
   32   69    3.759523e-11   -1.613431e-17
   32   70    3.507596e-07    6.238795e-17
   32   71    4.854278e-10   -2.969526e-17
   32   72    4.100452e-07    1.360017e-19
   32   73    5.569477e-11    1.213964e-17
   32   74    3.943657e-10    3.111441e-19
   32   75    5.542140e-15   -3.447841e-20
   32   76    1.167381e-15    1.421294e-19
   32   77    1.108817e-21   -1.422293e-26
   32   78    1.614153e-23   -1.842093e-28
   32   80    1.129718e-29   -2.307544e-32
   33   68    1.972507e-26   -7.829710e-30
   33   69    1.649403e-19   -1.096983e-23
   33   70    1.305633e-17   -2.472633e-22
   33   71    2.029171e-12   -5.305983e-19
   33   72    2.112362e-13    1.756193e-18
   33   73    1.397723e-09    2.234897e-17
   33   74    7.928225e-12   -4.107132e-19
   33   75    6.152101e-10    4.410310e-17
   33   76    2.196571e-13   -2.813886e-19
   33   77    2.033452e-13   -8.772218e-20
   33   78    2.062761e-18   -2.301706e-23
   33   79    3.457430e-19   -4.234382e-23
   33   80    7.239842e-25   -2.869998e-27
   33   81    1.095340e-26   -1.941213e-29
   33   83    7.485997e-30   -3.391543e-32
   34   70    5.482030e-21   -1.339511e-25
   34   71    3.729143e-19   -7.901005e-23
   34   72    2.306135e-11   -1.892179e-18
   34   73    1.243514e-11   -3.448853e-17
   34   74    2.352740e-07    9.957931e-20
   34   75    7.582337e-09   -4.237705e-17
   34   76    9.513449e-07    9.288775e-19
   34   77    1.623103e-09    2.071979e-16
   34   78    2.483324e-08    1.647983e-15
   34   79    5.159523e-12    4.331147e-23
   34   80    3.243222e-12    3.133858e-17
   34   81    9.721725e-17   -2.131370e-21
   34   82    9.906954e-18    1.734537e-20
   34   83    1.609030e-24   -8.127608e-29
   34   84    2.822853e-26   -9.144840e-30
   35   72    1.723968e-30   -1.331790e-33
   35   73    4.747723e-22   -1.444842e-25
   35   74    9.950599e-19   -3.365296e-23
   35   75    1.616984e-13   -1.691535e-18
   35   76    7.548356e-13   -6.600163e-19
   35   77    7.053405e-10   -2.008127e-16
   35   78    1.060077e-11   -1.647983e-15
   35   79    2.137188e-09    7.792257e-16
   35   80    9.635746e-12   -5.355275e-16
   35   81    3.067550e-11    2.195505e-21
   35   82    3.658197e-14   -5.837925e-20
   35   83    9.972552e-15   -6.954937e-20
   35   84    1.413698e-19   -5.784607e-24
   35   85    7.737023e-21   -2.707327e-24
   35   86    1.378803e-30   -1.538533e-33
   36   73    2.101326e-30   -4.869905e-33
   36   74    3.510213e-23   -3.065410e-27
   36   75    4.168819e-20   -9.303602e-24
   36   76    1.130614e-13   -1.296189e-19
   36   77    4.665365e-13   -6.297412e-18
   36   78    1.555138e-08   -3.308722e-24
   36   79    1.624784e-09   -7.791424e-16
   36   80    4.315310e-07    5.150904e-16
   36   81    7.048844e-09    9.827349e-17
   36   82    2.755666e-07    1.593274e-17
   36   83    8.686100e-10    2.521613e-17
   36   84    7.369192e-09    2.482188e-18
   36   85    2.188904e-12   -3.875826e-22
   36   86    1.374305e-12    1.828373e-17
   36   87    1.753002e-20   -2.316361e-25
   36   88    1.909677e-25   -1.125905e-30
   37   77    4.243952e-24   -1.092841e-27
   37   78    1.057320e-21   -1.769411e-25
   37   79    1.908138e-15   -8.331658e-20
   37   80    5.427582e-15   -1.090058e-17
   37   81    2.689081e-11   -9.825144e-17
   37   82    5.981841e-12   -1.553067e-17
   37   83    3.108049e-09   -2.039152e-17
   37   84    1.167420e-10   -2.483196e-18
   37   85    1.618975e-08    1.156151e-17
   37   86    4.884520e-10   -3.640725e-17
   37   87    1.416738e-09    4.135903e-25
   37   88    3.886074e-16   -2.192492e-20
   37   89    1.269649e-20   -8.388619e-25
   37   90    1.058085e-28   -4.167065e-32
   38   78    2.488022e-26   -2.998357e-29
   38   79    3.976615e-23   -1.736335e-26
   38   80    9.658911e-17   -8.981584e-22
   38   81    4.876735e-16   -2.206102e-20
   38   82    1.320192e-11   -3.610759e-19
   38   83    9.204892e-12   -4.755010e-18
   38   84    5.721845e-09    2.851292e-21
   38   85    1.075864e-09   -1.133913e-17
   38   86    1.492218e-07    1.838948e-17
   38   87    1.647371e-08    5.904054e-17
   38   88    9.119174e-07    3.790684e-18
   38   89    2.738957e-12   -3.781720e-20
   38   90    6.800252e-16   -4.501921e-26
   38   91    6.539174e-23   -1.152028e-28
   38   92    1.251833e-27   -7.731701e-33
   39   81    8.815320e-29   -7.377435e-32
   39   82    2.547392e-25   -1.615751e-27
   39   83    8.332008e-20   -2.935977e-23
   39   84    1.403208e-19   -1.837681e-21
   39   85    3.581021e-14   -2.219928e-19
   39   86    2.342295e-13   -2.628295e-19
   39   87    2.832569e-10   -5.888685e-17
   39   88    5.760437e-10   -2.931739e-18
   39   89    2.761240e-07    6.502810e-17
   39   90    8.153792e-12   -2.128779e-18
   39   91    5.679833e-15   -6.771671e-23
   39   92    1.730909e-20   -8.186640e-26
   39   93    1.474968e-24   -2.420336e-30
   39   95    1.144269e-30   -1.115684e-34
   40   82    8.355105e-30   -8.832391e-34
   40   83    1.372690e-28   -1.969352e-31
   40   84    1.980269e-21   -3.977420e-25
   40   85    1.498314e-20   -1.904698e-24
   40   86    3.092114e-15   -3.136555e-21
   40   87    1.469077e-14   -1.536817e-19
   40   88    1.000991e-10   -8.370528e-19
   40   89    3.044077e-10   -6.498654e-17
   40   90    6.825998e-07    2.150723e-18
   40   91    1.846152e-10    7.467631e-22
   40   92    1.325179e-12    9.572354e-26
   40   93    3.569592e-17    5.258251e-29
   40   94    4.308534e-20    3.256025e-33
   40   95    2.133395e-25   -2.211448e-33
   40   96    5.591026e-29   -1.399461e-38
   41   87    7.594919e-25   -2.933586e-28
   41   88    1.108755e-21   -7.786411e-26
   41   89    2.458252e-16   -3.740533e-21
   41   90    1.914593e-14   -2.192683e-20
   41   91    2.348730e-10    5.948535e-20
   41   92    7.349400e-13   -8.187194e-20
   41   93    2.797072e-14    4.032629e-24
   41   94    5.739080e-18    5.896427e-30
   41   95    3.057036e-20   -6.091404e-28
   41   96    8.510535e-25   -6.087643e-31
   41   97    9.984539e-28   -1.392661e-32
   42   88    1.427065e-26   -1.747755e-30
   42   89    4.114366e-24   -1.921816e-27
   42   90    7.819900e-18   -2.296202e-23
   42   91    9.282875e-16   -6.014494e-20
   42   92    4.525177e-10    8.187196e-20
   42   93    7.391901e-12    5.728033e-21
   42   94    9.269618e-12    1.632840e-20
   42   95    7.464351e-15    2.732901e-19
   42   96    4.902638e-16    4.312391e-22
   42   97    2.030371e-20    3.606123e-30
   42   98    1.735145e-22    5.127295e-33
   42   99    3.918505e-29   -9.933023e-36
   42  100    1.083354e-25    1.833232e-27
   43   91    1.698659e-27   -5.432833e-31
   43   92    3.467519e-23   -7.914024e-27
   43   93    9.246407e-16   -5.731340e-21
   43   94    4.779977e-15    9.765571e-18
   43   95    3.265437e-13    1.952948e-17
   43   96    2.658967e-15   -4.739845e-22
   43   97    4.835478e-15    1.207686e-18
   43   98    1.204448e-18    2.208271e-30
   43   99    8.117890e-20    1.805559e-34
   43  100    4.806986e-25   -3.666464e-27
   43  101    9.425601e-27   -6.619431e-31
   43  102    3.684323e-29   -4.188713e-31
   43  103    7.491663e-27   -9.028327e-30
   44   92    1.221566e-27   -3.361053e-31
   44   93    6.876481e-22   -6.940582e-25
   44   94    5.045503e-13   -9.781900e-18
   44   95    1.952152e-12   -1.980277e-17
   44   96    1.640323e-10    4.324604e-23
   44   97    5.022037e-12   -1.206312e-18
   44   98    5.608171e-11    3.242801e-20
   44   99    1.036434e-13    1.479415e-20
   44  100    8.510213e-14    4.072735e-21
   44  101    5.374066e-18    9.879183e-23
   44  102    4.033418e-19    5.409882e-26
   44  103    1.561738e-24    9.000716e-30
   44  104    6.891969e-23    1.853656e-24
   44  105    2.871179e-30   -1.082647e-35
   45   95    9.028009e-23   -1.813298e-26
   45   96    5.068089e-21   -5.055492e-25
   45   97    6.021749e-17   -1.338616e-21
   45   98    1.130158e-16    1.846259e-18
   45   99    3.393936e-13    1.616481e-17
   45  100    5.061401e-15    2.066332e-17
   45  101    1.707480e-13    1.741829e-17
   45  102    8.216080e-17   -5.472466e-26
   45  103    3.304576e-17    2.963667e-20
   45  104    1.301272e-21   -3.707313e-24
   45  105    1.031678e-22   -4.879501e-29
   45  106    3.400092e-28   -6.875041e-31
   45  107    4.744772e-26   -2.195860e-30
   45  108    7.706352e-29   -2.764015e-31
   46   96    1.705874e-23   -8.565801e-27
   46   97    1.105068e-19   -3.579947e-23
   46   98    3.367273e-14   -1.878687e-18
   46   99    3.447733e-13   -1.617961e-17
   46  100    1.096492e-10   -2.066740e-17
   46  101    8.814141e-12   -1.741828e-17
   46  102    1.679337e-10    1.167772e-21
   46  103    7.207141e-13    3.989707e-19
   46  104    1.975134e-12    1.555106e-19
   46  105    5.792239e-16    9.879904e-21
   46  106    1.530040e-16    8.675328e-20
   46  107    2.445320e-21    2.215504e-30
   46  108    6.396315e-21    1.741357e-22
   46  109    1.540972e-27   -3.587324e-43
   46  110    1.236135e-25    2.546414e-27
   47   99    3.073630e-25   -1.493592e-28
   47  100    6.862141e-23   -3.428540e-26
   47  101    1.190380e-18   -1.076739e-22
   47  102    1.500073e-17    1.669115e-20
   47  103    2.803992e-14    6.909651e-20
   47  104    1.071548e-14    1.692532e-16
   47  105    5.849525e-13    3.542995e-17
   47  106    2.069772e-15   -8.675328e-20
   47  107    1.968795e-15    6.044720e-18
   47  108    4.109492e-19   -1.741357e-22
   47  109    6.166346e-20    2.042229e-23
   47  110    1.039594e-24   -2.546414e-27
   47  111    5.345085e-26    0.000000e+00
   47  112    7.053743e-29    0.000000e+00
   47  113    2.654323e-26    0.000000e+00
   48  100    2.804185e-28   -3.441336e-31
   48  101    2.986303e-23   -2.499201e-26
   48  102    9.780723e-17   -1.785896e-20
   48  103    3.617796e-15   -4.977038e-19
   48  104    9.733294e-12   -1.694087e-16
   48  105    1.958556e-12   -3.543983e-17
   48  106    1.455598e-10    1.292470e-24
   48  107    2.347414e-12   -6.042932e-18
   48  108    1.317668e-11    5.693226e-21
   48  109    1.354613e-14    3.571338e-19
   48  110    1.633790e-14    1.603011e-20
   48  111    1.987773e-18    8.767043e-21
   48  112    4.289340e-19    2.983792e-21
   48  113    3.119371e-24    5.690568e-35
   48  114    9.546578e-23    2.657146e-24
   48  115    1.024278e-29    0.000000e+00
   49  103    1.421220e-29   -1.427278e-32
   49  104    3.805201e-26   -2.123031e-29
   49  105    1.880771e-21   -3.725436e-25
   49  106    8.177929e-21   -8.184006e-25
   49  107    5.768932e-17   -1.526240e-21
   49  108    3.288046e-16    2.654026e-18
   49  109    8.962079e-14    5.555205e-19
   49  110    4.692655e-15    1.027233e-16
   49  111    3.525934e-14    3.478782e-17
   49  112    4.447776e-17   -2.983792e-21
   49  113    2.025103e-17    1.121537e-21
   49  114    3.170618e-21   -2.657146e-24
   49  115    3.179995e-22    3.761582e-36
   49  116    4.419937e-27    0.000000e+00
   49  117    1.248896e-26    0.000000e+00
   49  118    2.912011e-28    0.000000e+00
   50  105    1.011917e-30   -1.966908e-33
   50  106    9.661789e-22   -5.062421e-25
   50  107    7.562434e-19   -2.618860e-22
   50  108    2.727865e-14   -2.659719e-18
   50  109    1.635837e-14   -9.126748e-19
   50  110    2.522799e-11   -1.027393e-16
   50  111    1.223100e-12   -3.479658e-17
   50  112    3.187895e-11    8.401053e-26
   50  113    1.850876e-13   -1.119922e-21
   50  114    5.453223e-13    4.159127e-25
   50  115    4.493021e-16    1.210050e-24
   50  116    2.073420e-16    3.262371e-26
   50  117    1.564922e-20    1.256862e-24
   50  118    3.338663e-21    1.253188e-25
   50  119    2.241562e-25    5.532817e-27
   50  120    1.273860e-26    9.823468e-29
   51  110    1.202425e-27   -3.150131e-30
   51  111    1.570312e-23   -1.261611e-26
   51  112    7.715257e-23   -9.044596e-26
   51  113    1.067947e-20   -1.607950e-24
   51  114    1.445382e-21   -4.158801e-25
   51  115    3.867469e-20   -1.209374e-24
   51  116    5.132638e-22    2.524720e-24
   51  117    2.102554e-19   -1.063968e-24
   51  118    4.492300e-22    4.321209e-24
   51  119    1.262435e-20    1.304440e-25
   51  120    1.554320e-24   -9.823467e-29
   51  121    5.983974e-25    1.433335e-27
   51  122    1.129130e-29    0.000000e+00
   51  123    9.677282e-27    0.000000e+00
   52  114    5.560791e-25   -3.674036e-29
   52  115    3.415475e-24   -5.913840e-28
   52  116    3.804421e-19   -2.557344e-24
   52  117    1.190863e-20   -1.928944e-25
   52  118    3.825418e-17   -4.446447e-24
   52  119    1.302310e-19    9.407137e-27
   52  120    6.232666e-17    5.591190e-26
   52  121    3.448529e-20    1.377802e-23
   52  122    1.356882e-19    7.032371e-24
   52  123    3.338145e-23    6.232805e-25
   52  124    2.646224e-24    6.239724e-29
   52  125    1.178185e-28    2.138848e-30
   53  117    1.879804e-28   -8.503754e-32
   53  118    1.104662e-24    1.143785e-27
   53  119    2.765047e-21   -5.078817e-26
   53  120    4.509651e-21    9.724960e-23
   53  121    1.745302e-18    1.027125e-23
   53  122    2.541907e-20    4.303087e-22
   53  123    4.941436e-19    9.525725e-23
   53  124    3.736250e-22   -6.239668e-29
   53  125    1.821989e-22    3.111443e-25
   53  126    2.378161e-26    0.000000e+00
   53  127    5.168986e-26    1.152912e-29
   54  117    5.437803e-27   -6.457183e-42
   54  118    4.634332e-24   -1.224761e-27
   54  119    5.463278e-22   -9.459579e-26
   54  120    3.875701e-18   -9.730551e-23
   54  121    9.603326e-19   -2.405071e-23
   54  122    5.251807e-16   -4.373411e-22
   54  123    1.191505e-17   -9.588053e-23
   54  124    1.028159e-16   -3.697785e-32
   54  125    3.141579e-19   -3.111464e-25
   54  126    1.109946e-18    0.000000e+00
   54  127    6.008252e-22   -1.152873e-29
   54  128    2.678897e-22    4.231780e-37
   54  129    2.849891e-26    0.000000e+00
   54  130    4.030531e-26    0.000000e+00
   55  121    1.018840e-30   -7.794723e-44
   55  122    3.018045e-28   -1.569454e-42
   55  123    6.343805e-24   -1.836710e-38
   55  124    1.288055e-23    1.293044e-37
   55  125    1.923327e-20   -2.708339e-35
   55  126    1.074833e-21    3.009266e-35
   55  127    1.489319e-19   -1.685189e-34
   55  128    5.006168e-22    2.001162e-34
   55  129    1.438308e-21    5.642373e-37
   55  130    8.323146e-25    1.392410e-36
   55  131    2.300929e-25    1.239779e-39
   55  132    2.453989e-29    0.000000e+00
   55  133    4.304923e-26    0.000000e+00
   56  121    4.209120e-28   -6.277817e-43
   56  122    3.099253e-25   -5.969307e-40
   56  123    4.692897e-24   -1.542836e-38
   56  124    3.625053e-20   -4.212972e-35
   56  125    1.753618e-20   -3.611119e-35
   56  126    2.305107e-17   -2.465190e-32
   56  127    1.228595e-18    2.234079e-32
   56  128    2.539833e-17   -1.540744e-32
   56  129    2.333436e-19    1.670744e-32
   56  130    2.602027e-18   -7.703720e-34
   56  131    3.983439e-21    1.313544e-33
   56  132    1.433859e-20    0.000000e+00
   56  133    5.442975e-24    4.549898e-36
   56  134    1.355863e-24    3.306078e-39
   56  135    1.420876e-28    0.000000e+00
   57  127    2.395116e-27   -3.228592e-42
   57  128    3.614711e-26   -2.181093e-40
   57  129    1.168279e-22   -2.821186e-37
   57  130    7.517069e-23   -5.877472e-38
   57  131    1.613444e-20   -3.009266e-35
   57  132    1.104764e-22    3.251417e-35
   57  133    1.402797e-20   -2.407412e-35
   57  134    3.949470e-23    2.334532e-35
   57  135    2.806903e-23    7.640713e-38
   57  136    2.296438e-26    0.000000e+00
   57  137    5.470054e-26    0.000000e+00
   57  138    1.162717e-28    0.000000e+00
   58  125    1.302223e-30    0.000000e+00
   58  127    4.621387e-27   -1.506676e-41
   58  128    5.508635e-23   -1.057945e-37
   58  129    1.275149e-22   -4.937076e-37
   58  130    1.803987e-19   -2.648154e-34
   58  131    3.174933e-20    1.324077e-34
   58  132    4.892286e-18   -5.392604e-33
   58  133    1.407088e-19    5.296307e-33
   58  134    4.182582e-18   -3.081488e-33
   58  135    3.218727e-20    3.424544e-33
   58  136    1.439969e-19   -2.407412e-35
   58  137    2.104955e-22    5.837505e-35
   58  138    3.522260e-22    1.410593e-37
   58  139    2.724838e-25    6.648890e-38
   58  140    5.881696e-26    0.000000e+00
   59  132    7.449429e-29   -5.380986e-43
   59  133    9.072019e-25   -2.755065e-39
   59  134    5.852036e-24   -1.689773e-38
   59  135    2.278137e-21   -6.770847e-36
   59  136    1.835432e-22    6.394689e-36
   59  137    2.089257e-20   -3.912045e-35
   59  138    1.581267e-22    4.227078e-35
   59  139    1.477089e-21   -1.128475e-36
   59  140    8.552186e-24    1.595734e-36
   59  141    6.332599e-24    8.081524e-39
   60  131    5.588861e-29    0.000000e+00
   60  132    4.488285e-26   -1.147944e-40
   60  133    3.464035e-25   -1.974463e-39
   60  134    2.327661e-21   -5.266215e-36
   60  135    2.350747e-21   -7.147006e-36
   60  136    8.861907e-19   -1.540744e-33
   60  137    1.066810e-19    1.203706e-33
   60  138    3.764564e-18   -4.622232e-33
   60  139    1.094679e-19    4.814825e-33
   60  140    1.302401e-18   -1.925930e-34
   60  141    1.530099e-20    4.875010e-34
   60  142    9.852026e-20    1.203706e-35
   60  143    7.650811e-26    0.000000e+00
   60  144    2.210423e-29    0.000000e+00
   61  137    1.955581e-28   -7.398856e-43
   61  138    1.536950e-26   -1.320135e-40
   61  139    8.320971e-24   -2.204052e-38
   61  140    2.779937e-23    1.939566e-37
   61  141    1.475975e-20   -3.310192e-35
   61  142    2.457299e-21    2.821186e-35
   61  143    5.215020e-20   -1.805559e-35
   61  144    3.577835e-25    2.309093e-35
   61  145    2.109138e-28   -9.865141e-43
   62  137    2.666286e-28   -1.210722e-42
   62  138    5.433760e-24   -1.469368e-38
   62  139    2.256889e-23   -9.991702e-38
   62  140    2.452569e-20   -6.921311e-35
   62  141    8.840642e-21    3.611119e-35
   62  142    3.204831e-18   -3.081488e-33
   62  143    5.164747e-19    2.600005e-33
   62  144    9.369861e-18    0.000000e+00
   62  145    3.262456e-22    1.401236e-33
   62  146    4.560319e-25    1.938647e-37
   62  147    2.009163e-30    0.000000e+00
   63  143    5.220372e-28    0.000000e+00
   63  144    2.307769e-27   -7.892113e-42
   63  145    2.184804e-25    0.000000e+00
   63  146    5.516112e-29    0.000000e+00
   64  146    3.076653e-29    0.000000e+00
    0    1    2.763972e-27   -5.851948e-28
    1    1    6.182512e-25   -2.157630e-25
    2    4    9.746997e-15   -2.694173e-18
