2.8139e-01
3.2972e-05
2.6520e+00
4.1990e+05
    1    2    2.439167e-20    3.913543e-21
    1    3    9.468884e-20    4.678749e-22
    2    3    8.184833e-18    1.216160e-18
    3    6    1.971386e-24    1.246826e-25
    3    7    7.564490e-25    5.098816e-26
    4    7    7.704753e-24    1.541736e-24
    4    8    5.236439e-17    7.634652e-18
    4   10    7.434296e-23   -8.534459e-24
    5   10    7.942523e-19    4.744537e-20
    5   11    3.020701e-18   -4.176233e-20
    5   12    1.910082e-28    5.766940e-31
    6   11    6.391184e-16    1.179793e-16
    6   12    6.994728e-04   -7.446762e-07
    6   13    1.013219e-10    3.854574e-13
    6   14    3.790375e-09   -1.203939e-11
    6   15    4.914729e-23    4.751675e-25
    7   12    4.991626e-28    1.535481e-28
    7   13    5.140094e-13    7.583314e-14
    7   14    1.122658e-09    9.665505e-11
    7   15    1.377911e-08    4.985911e-10
    7   16    5.146702e-20    2.360974e-21
    7   17    6.581821e-25   -9.559159e-27
    8   14    1.174015e-17    3.168972e-18
    8   15    5.446319e-12    7.811780e-13
    8   16    4.582743e-02   -5.239628e-08
    8   17    1.076078e-07    1.049041e-09
    8   18    3.248800e-09   -3.134595e-10
    8   19    2.445340e-17   -2.251230e-18
    8   20    4.619226e-24   -1.122459e-24
    9   16    6.410113e-26    1.761313e-26
    9   17    2.838462e-13    4.283514e-14
    9   18    1.738777e-10    1.447102e-11
    9   19    2.136732e-10    9.384651e-12
    9   20    5.647251e-15   -3.158182e-16
    9   21    3.058255e-18   -5.446604e-19
    9   22    1.106385e-25   -3.557828e-26
   10   18    1.321355e-19    3.501376e-20
   10   19    1.723415e-14    2.652410e-15
   10   20    8.377374e-03    1.978256e-07
   10   21    1.165484e-05   -1.451398e-07
   10   22    2.089193e-06   -1.807336e-08
   10   23    1.316317e-12   -1.007109e-13
   10   24    3.644683e-16   -1.240981e-16
   10   25    1.731977e-24   -5.755410e-25
   11   20    2.125749e-23    5.925295e-24
   11   21    1.339005e-10    1.977758e-11
   11   22    5.689353e-09    3.695103e-10
   11   23    1.519272e-04   -4.294421e-08
   11   24    9.481954e-09   -1.459442e-09
   11   25    1.381724e-12   -3.197561e-13
   11   26    1.539243e-18   -3.903737e-19
   11   27    1.461053e-23   -6.498229e-24
   12   21    1.578702e-30    6.036855e-31
   12   22    1.554294e-17    2.378750e-18
   12   23    3.265949e-07   -1.795633e-09
   12   24    2.115728e-03    1.601603e-06
   12   25    3.645067e-04   -1.241869e-06
   12   26    2.859705e-04    1.571699e-07
   12   27    1.515581e-09   -2.220092e-10
   12   28    3.403512e-13   -1.033355e-13
   12   29    4.486150e-22   -1.317892e-22
   12   30    1.818006e-27   -6.027128e-28
   13   23    8.518621e-29    9.994764e-30
   13   24    1.625221e-16    2.337850e-17
   13   25    1.918816e-11    2.848948e-12
   13   26    9.008771e-06   -1.493480e-06
   13   27    2.593728e-04    1.038358e-06
   13   28    3.233051e-07   -4.825826e-08
   13   29    2.293370e-10   -4.191772e-11
   13   30    6.061782e-16   -1.139054e-16
   13   31    4.953801e-20   -1.258123e-20
   13   32    1.044481e-28   -2.567230e-29
   14   25    1.125468e-24    2.248713e-25
   14   26    3.689294e-13    1.558721e-15
   14   27    2.894486e-05   -2.119515e-08
   14   28    2.493656e-04    2.470947e-07
   14   29    7.138448e-05    8.919607e-08
   14   30    3.198602e-05    5.890867e-08
   14   31    6.813887e-09   -3.410256e-10
   14   32    8.416644e-12   -1.081232e-12
   14   33    3.353080e-19   -4.091794e-20
   14   34    1.546352e-23   -2.316289e-24
   15   27    3.575905e-24    5.513477e-25
   15   28    2.674331e-14    3.949132e-15
   15   29    5.987525e-12    8.229846e-13
   15   30    6.233690e-08    8.986759e-11
   15   31    2.213548e-06    2.363217e-09
   15   32    4.230270e-09   -2.431849e-10
   15   33    2.296097e-10   -1.612699e-11
   15   34    8.737993e-15   -6.839388e-16
   15   35    3.758360e-18   -3.658325e-19
   15   36    1.302673e-27   -1.151444e-28
   16   29    1.859969e-21    4.861381e-22
   16   30    2.262639e-12    1.472420e-14
   16   31    1.932926e-09    2.992233e-11
   16   32    1.468519e-06    5.586001e-09
   16   33    4.555668e-08    4.349121e-10
   16   34    2.897982e-07   -1.917096e-10
   16   35    3.093817e-10   -1.503373e-11
   16   36    6.508242e-12    6.621622e-14
   16   37    2.135386e-19    3.467762e-21
   16   38    2.484469e-23   -3.980343e-25
   17   31    2.533471e-24    3.978038e-25
   17   32    6.529062e-20    6.842663e-21
   17   33    1.256768e-14    1.248319e-16
   17   34    1.251238e-11    1.440552e-12
   17   35    1.492190e-08    5.268643e-10
   17   36    6.481294e-11   -4.343433e-13
   17   37    3.719889e-12    3.287347e-14
   17   38    5.582302e-17    4.407249e-19
   17   39    7.866712e-20   -5.112786e-22
   17   40    3.746876e-25   -1.324799e-27
   17   41    3.833651e-28    1.785130e-30
   18   33    1.050087e-29    6.737737e-31
   18   34    1.533692e-19    2.277637e-20
   18   35    2.818364e-14    5.370492e-15
   18   36    9.019387e-10    4.075209e-12
   18   37    8.508363e-12    2.530649e-13
   18   38    3.063627e-10    4.671581e-13
   18   39    2.000205e-13   -2.401728e-15
   18   40    6.170874e-13    5.092445e-15
   18   41    6.122711e-17    1.905920e-19
   18   42    1.392490e-19    1.558773e-21
   18   43    9.742201e-25    1.404788e-26
   18   44    3.768022e-26    7.600775e-28
   19   36    4.182172e-24    1.279445e-24
   19   37    8.386166e-19    1.278578e-19
   19   38    2.192867e-15    2.609359e-16
   19   39    9.331260e-12    4.619746e-13
   19   40    1.161082e-13    6.246743e-15
   19   41    2.357023e-13    1.179792e-14
   19   42    1.657854e-15    3.292383e-17
   19   43    2.249760e-14    5.644486e-17
   19   44    3.905269e-17    2.826411e-19
   19   45    1.404398e-19    2.732043e-21
   19   46    3.546655e-23    8.271563e-25
   19   47    1.370927e-26    5.498069e-28
   20   38    6.098400e-24    1.657129e-24
   20   39    1.979595e-18    3.889098e-19
   20   40    6.823977e-13    1.075000e-13
   20   41    6.463647e-13    8.758845e-14
   20   42    4.738947e-08   -8.248402e-12
   20   43    1.379999e-08   -3.651282e-11
   20   44    6.831190e-08   -1.686855e-10
   20   45    4.236864e-10    8.392894e-13
   20   46    1.945037e-10   -7.847866e-13
   20   47    7.433668e-13    1.061670e-15
   20   48    1.961118e-09   -2.262307e-11
   20   49    1.234870e-15   -8.809133e-18
   20   50    1.047902e-20   -6.357041e-23
   20   51    1.920315e-28   -2.554213e-32
   21   40    3.653890e-30    1.161399e-30
   21   41    4.299565e-23    1.220317e-23
   21   42    1.584007e-18    4.042151e-19
   21   43    6.905986e-11    8.674191e-12
   21   44    3.225045e-10    2.377095e-11
   21   45    8.370532e-09    1.534050e-10
   21   46    4.679439e-10    4.726711e-12
   21   47    1.885946e-11    8.751266e-13
   21   48    3.052986e-10    1.979395e-11
   21   49    5.862108e-12    3.551499e-13
   21   50    8.548149e-17    5.103736e-18
   21   51    6.629609e-21    3.306800e-22
   21   52    1.644045e-27    8.884180e-29
   22   42    4.948683e-30    1.918224e-30
   22   43    1.213666e-22    4.168451e-23
   22   44    5.683637e-12    7.889363e-13
   22   45    1.912392e-11    1.942429e-12
   22   46    1.992387e-08    6.607665e-12
   22   47    7.772460e-09   -7.017758e-12
   22   48    1.470793e-08   -4.308802e-12
   22   49    1.591405e-08   -7.900320e-11
   22   50    5.523153e-08   -7.586199e-11
   22   51    7.390071e-12   -1.135768e-14
   22   52    1.839451e-14    2.561754e-17
   22   53    4.089947e-20    2.089815e-22
   22   54    2.329237e-24    9.187624e-27
   23   45    1.273601e-23    2.427031e-24
   23   46    9.058399e-16    1.820688e-16
   23   47    5.305093e-11    5.379136e-12
   23   48    9.017728e-11    7.025894e-12
   23   49    1.032584e-09    7.499045e-11
   23   50    2.121103e-10    1.479640e-11
   23   51    5.729845e-09    6.076297e-11
   23   52    3.411312e-11   -4.345272e-15
   23   53    1.950415e-13    2.012710e-15
   23   54    1.889307e-18    2.395454e-20
   23   55    2.565084e-21    2.922822e-23
   23   56    2.027783e-28    3.300346e-30
   24   46    9.112666e-29    2.731781e-29
   24   47    2.188392e-19    6.544016e-20
   24   48    4.397041e-14    6.559659e-15
   24   49    4.043696e-13    6.031117e-14
   24   50    9.602395e-12    1.207482e-12
   24   51    1.611556e-10    1.317075e-11
   24   52    5.550450e-08   -1.806455e-11
   24   53    1.015965e-08   -2.469605e-11
   24   54    1.336298e-07   -2.655464e-10
   24   55    1.317839e-11   -7.391756e-15
   24   56    6.389459e-14    3.032094e-16
   24   57    1.100454e-19    9.741583e-22
   24   58    4.809348e-23    2.449042e-25
   25   48    2.160007e-28    8.703121e-29
   25   49    1.973595e-22    5.431488e-23
   25   50    6.494701e-18    1.630936e-18
   25   51    1.022127e-14    1.949141e-15
   25   52    5.241474e-13    7.804300e-14
   25   53    5.450159e-10    4.019580e-11
   25   54    2.015417e-09    1.529026e-10
   25   55    3.498296e-08    3.712369e-11
   25   56    1.397387e-10   -5.009146e-13
   25   57    1.926905e-12    1.623674e-14
   25   58    8.302196e-17    8.431121e-19
   25   59    3.985813e-19    5.247684e-21
   25   60    5.962833e-25    9.994207e-27
   25   61    1.149278e-28    1.918749e-30
   26   50    1.260796e-28    4.779027e-29
   26   51    5.879208e-22    1.926109e-22
   26   52    9.117754e-18    1.967343e-18
   26   53    1.262001e-15    2.290942e-16
   26   54    4.353751e-09    1.156144e-12
   26   55    1.051113e-09    7.366851e-11
   26   56    1.833317e-06    9.085397e-10
   26   57    8.860904e-07   -2.738286e-09
   26   58    5.144516e-06   -3.751914e-09
   26   59    2.256662e-09   -1.531733e-12
   26   60    2.530560e-11    2.036546e-13
   26   61    1.146237e-16    1.313835e-18
   26   62    3.132992e-19    5.458450e-21
   26   63    9.266679e-26    2.081651e-27
   27   53    5.151053e-27    1.712781e-27
   27   54    8.806030e-21    2.425118e-21
   27   55    2.326673e-12    2.115904e-13
   27   56    2.047169e-12    2.560828e-13
   27   57    1.823172e-08    1.358895e-09
   27   58    1.239509e-08    9.596161e-10
   27   59    2.028369e-06    1.427213e-09
   27   60    2.523204e-08   -1.716120e-12
   27   61    6.275991e-10    9.780773e-12
   27   62    1.233763e-13    2.097550e-15
   27   63    1.591834e-15    4.233793e-17
   27   64    1.221707e-20    3.608573e-22
   27   65    3.875852e-23    1.166595e-24
   27   66    2.622344e-29    9.029364e-31
   28   55    1.655344e-25    5.724503e-26
   28   56    9.387418e-17    1.560606e-17
   28   57    7.105094e-14    1.097457e-14
   28   58    6.674699e-10    9.265324e-12
   28   59    1.431116e-08    1.118158e-09
   28   60    2.708600e-06    1.495847e-09
   28   61    9.170840e-07   -1.812069e-09
   28   62    2.423237e-06    2.026946e-09
   28   63    5.461111e-09   -1.174871e-13
   28   64    1.374736e-06   -1.139940e-09
   28   65    1.201430e-10    1.618960e-13
   28   66    1.344047e-12    1.261808e-14
   28   67    8.728667e-18    1.091822e-19
   28   68    1.972865e-20    3.471588e-22
   28   69    2.651075e-27    6.122307e-29
   29   57    5.069239e-28    1.469630e-28
   29   58    1.456377e-21    4.055437e-22
   29   59    6.097310e-16    9.593349e-17
   29   60    5.943262e-13    1.204260e-13
   29   61    8.122560e-10    9.512210e-11
   29   62    2.167201e-09    1.763946e-10
   29   63    7.305784e-07   -1.418666e-09
   29   64    4.332232e-08    5.606631e-10
   29   65    1.072455e-06   -2.441328e-10
   29   66    1.599192e-09   -7.232030e-13
   29   67    1.413578e-10    1.238780e-12
   29   68    6.955567e-15    7.612364e-17
   29   69    1.190280e-16    1.981491e-18
   29   70    1.692000e-22    3.603226e-24
   29   71    7.265859e-25    1.564238e-26
   30   59    2.475541e-29    9.513259e-30
   30   60    1.279193e-20    3.085920e-21
   30   61    1.013301e-16    2.720360e-17
   30   62    1.182820e-12    1.847175e-13
   30   63    1.179587e-11    1.172443e-12
   30   64    8.040283e-07   -2.966591e-10
   30   65    4.115800e-08    8.977666e-10
   30   66    1.553582e-06    7.801553e-10
   30   67    2.291566e-08   -6.472979e-10
   30   68    1.330008e-06   -5.245015e-10
   30   69    3.133074e-10    4.280631e-13
   30   70    1.526438e-10    1.095855e-13
   30   71    4.498265e-15    1.730938e-17
   30   72    2.864582e-16    3.275588e-18
   30   73    1.353211e-21    2.057510e-23
   30   74    6.451153e-24    1.359699e-25
   30   75    2.104385e-30    5.427134e-32
   31   62    2.160503e-24    8.119757e-25
   31   63    5.758675e-20    1.614677e-20
   31   64    4.091771e-17    9.365791e-18
   31   65    1.324638e-11    1.878924e-12
   31   66    1.463435e-11    2.030463e-12
   31   67    2.634401e-09    2.328855e-10
   31   68    3.239747e-10    1.944578e-11
   31   69    1.626169e-07    4.656373e-10
   31   70    1.484477e-09   -6.676170e-13
   31   71    1.387264e-07   -1.077707e-10
   31   72    4.671311e-11    3.493756e-14
   31   73    6.106523e-12    5.307979e-14
   31   74    7.980032e-16    8.209509e-18
   31   75    2.173579e-17    3.653769e-19
   31   76    7.163188e-23    1.390865e-24
   31   77    8.407677e-25    1.766863e-26
   31   78    1.594449e-30    3.795221e-32
   32   64    3.143077e-25    9.865569e-26
   32   65    1.366911e-21    3.902459e-22
   32   66    4.458526e-15    8.541019e-16
   32   67    9.302413e-15    1.811993e-15
   32   68    7.289709e-12    7.756787e-13
   32   69    1.058129e-10    8.956852e-12
   32   70    2.217728e-07    3.129033e-11
   32   71    7.685459e-09    7.554311e-11
   32   72    2.795550e-07   -3.754073e-11
   32   73    1.435365e-09   -2.652433e-12
   32   74    1.753680e-07   -5.807306e-11
   32   75    1.354841e-10    1.092018e-13
   32   76    1.771870e-11    4.466391e-14
   32   77    1.577343e-15    7.316758e-18
   32   78    3.154861e-17    3.255203e-19
   32   79    4.181625e-22    5.643588e-24
   32   80    1.436168e-24    2.501208e-26
   33   66    4.429676e-29    1.729472e-29
   33   67    3.630964e-23    1.129377e-23
   33   68    4.335180e-21    1.352151e-21
   33   69    1.706305e-17    4.021281e-18
   33   70    5.411471e-15    1.135476e-15
   33   71    6.691440e-11    8.019531e-12
   33   72    1.319112e-11    1.254408e-12
   33   73    7.998847e-10    6.092305e-11
   33   74    7.525847e-11    5.324970e-12
   33   75    2.034545e-08    4.207525e-11
   33   76    1.716334e-10    1.803698e-13
   33   77    3.056206e-11    2.646511e-13
   33   78    9.326992e-15    8.444992e-17
   33   79    1.158407e-15    2.040115e-17
   33   80    1.605380e-19    3.076398e-21
   33   81    4.605521e-21    1.179635e-22
   33   82    9.325974e-27    2.716199e-28
   34   68    2.008877e-28    7.238710e-29
   34   69    9.370671e-26    3.650402e-26
   34   70    5.427163e-20    1.421067e-20
   34   71    3.922485e-18    9.199306e-19
   34   72    6.480904e-14    1.060672e-14
   34   73    7.830985e-14    1.187398e-14
   34   74    4.704668e-12    3.877385e-13
   34   75    6.311601e-11    4.874009e-12
   34   76    6.203939e-08    6.584360e-11
   34   77    4.667027e-09   -7.902789e-11
   34   78    7.112305e-08   -2.329738e-12
   34   79    4.779532e-10   -7.780630e-13
   34   80    4.254697e-09   -5.202441e-13
   34   81    5.545097e-12    1.402775e-15
   34   82    3.366867e-12    8.766877e-16
   34   83    9.641673e-17    2.950514e-19
   34   84    1.530798e-18    1.439167e-20
   34   85    1.385701e-25    2.118833e-27
   35   71    1.352771e-28    5.026548e-29
   35   72    4.861470e-25    1.683729e-25
   35   73    4.515484e-20    1.290837e-20
   35   74    1.438384e-18    3.874829e-19
   35   75    5.904208e-16    1.161284e-16
   35   76    4.205650e-14    6.410306e-15
   35   77    8.941821e-11    7.007101e-12
   35   78    8.744903e-12    4.989590e-13
   35   79    7.572808e-09    8.909919e-12
   35   80    6.378507e-10   -2.499971e-12
   35   81    7.245084e-09    1.714518e-12
   35   82    1.713060e-10   -5.374775e-13
   35   83    4.254051e-11    4.337458e-13
   35   84    2.561186e-14    2.865244e-16
   35   85    1.168164e-15    2.523596e-17
   35   86    4.689842e-22    1.235403e-23
   35   87    4.983512e-27    1.380333e-28
   36   73    1.737687e-29    7.644247e-30
   36   74    6.315953e-24    2.074264e-24
   36   75    2.974829e-22    9.443334e-23
   36   76    1.139926e-17    2.334182e-18
   36   77    1.122028e-15    1.760751e-16
   36   78    2.433780e-13    2.081306e-14
   36   79    6.706208e-12    5.272665e-13
   36   80    1.790819e-08   -2.844771e-11
   36   81    2.815715e-09    1.762103e-11
   36   82    5.815803e-08    7.301300e-11
   36   83    7.172003e-09   -8.124766e-11
   36   84    5.958037e-08    1.091466e-11
   36   85    4.951780e-10   -1.201690e-12
   36   86    5.070088e-10    4.689879e-13
   36   87    2.447902e-15    1.116503e-17
   36   88    3.005986e-19    1.369923e-21
   36   89    1.155674e-25    1.074788e-27
   36   90    1.057134e-30    1.151435e-32
   37   76    5.576890e-29    2.324397e-29
   37   77    5.568893e-24    1.782862e-24
   37   78    2.038655e-21    5.665191e-22
   37   79    8.873367e-18    1.831231e-18
   37   80    7.388495e-16    1.359109e-16
   37   81    8.914721e-12    7.734061e-13
   37   82    2.730573e-12    2.231259e-13
   37   83    5.888443e-11    4.562958e-12
   37   84    9.556389e-12    5.800002e-13
   37   85    6.756701e-09   -1.124271e-11
   37   86    1.462450e-09    9.009313e-12
   37   87    3.490960e-10    5.990488e-12
   37   88    1.354355e-14    2.677131e-16
   37   89    6.586372e-18    1.278082e-19
   37   90    2.276696e-23    5.178123e-25
   37   91    8.721762e-28    2.094839e-29
   38   78    4.367391e-28    1.501349e-28
   38   79    2.794623e-25    9.136784e-26
   38   80    4.017893e-20    9.196561e-21
   38   81    5.956197e-18    9.823330e-19
   38   82    3.763764e-15    5.630477e-16
   38   83    4.077736e-15    6.105316e-16
   38   84    7.702098e-14    6.812006e-15
   38   85    3.821392e-12    2.784458e-13
   38   86    1.642859e-08   -3.503334e-11
   38   87    1.259178e-08   -8.732822e-12
   38   88    3.747976e-08    4.191249e-11
   38   89    7.019688e-12    1.881703e-14
   38   90    2.464806e-14   -1.000466e-16
   38   91    5.030446e-19   -5.433870e-22
   38   92    1.086629e-22   -2.316902e-25
   38   93    2.177428e-28    4.343987e-31
   39   81    2.391225e-27    8.172730e-28
   39   82    5.520748e-24    1.576254e-24
   39   83    2.044237e-20    5.470334e-21
   39   84    3.062242e-20    8.234159e-21
   39   85    1.664732e-17    2.807798e-18
   39   86    1.194691e-15    1.602136e-16
   39   87    6.627014e-12    5.198201e-13
   39   88    5.912753e-12    4.338903e-13
   39   89    5.052685e-09    9.855109e-13
   39   90    6.048747e-12    5.648677e-15
   39   91    6.453307e-14   -3.201863e-16
   39   92    9.928923e-18   -3.959023e-20
   39   93    1.557359e-20   -7.897394e-23
   39   94    1.037908e-24   -2.663778e-27
   39   95    8.009997e-29   -2.238150e-31
   40   83    2.985573e-28    1.012207e-28
   40   84    1.657551e-24    5.191840e-25
   40   85    2.825492e-24    8.732617e-25
   40   86    5.579266e-20    1.077999e-20
   40   87    1.222768e-17    1.915579e-18
   40   88    1.523417e-15    2.191254e-16
   40   89    6.168354e-14    4.988274e-15
   40   90    3.189799e-09    9.344801e-12
   40   91    1.142195e-10   -7.132000e-13
   40   92    7.443735e-10   -8.099281e-12
   40   93    1.344541e-12   -5.550009e-14
   40   94    4.545898e-12   -4.161347e-13
   40   95    1.408319e-15   -1.264259e-16
   40   96    6.247907e-18   -6.382558e-19
   40   97    1.311781e-23   -1.288753e-24
   40   98    2.692401e-28   -2.601902e-29
   41   87    4.882494e-26    1.509857e-26
   41   88    1.452690e-22    3.859633e-23
   41   89    5.937674e-20    1.299495e-20
   41   90    8.013847e-18    1.155821e-18
   41   91    4.892185e-13    3.815206e-14
   41   92    5.750334e-14    3.820439e-15
   41   93    1.691817e-13    6.998404e-15
   41   94    9.758330e-16    3.565214e-17
   41   95    2.062056e-16   -1.139820e-18
   41   96    2.215083e-19   -1.159119e-21
   41   97    3.714648e-21   -5.668038e-23
   41   98    4.585633e-26   -5.449543e-28
   41   99    8.385665e-28    2.257983e-29
   42   88    6.318170e-30    1.985774e-30
   42   89    5.864312e-27    1.860923e-27
   42   90    9.152690e-24    2.048095e-24
   42   91    2.063352e-20    3.216524e-21
   42   92    4.913434e-14    2.181481e-15
   42   93    4.139411e-13    1.099793e-14
   42   94    4.838979e-11    4.306993e-13
   42   95    5.513650e-12    1.913843e-14
   42   96    1.451227e-10    7.567294e-14
   42   97    6.987211e-13   -1.068641e-14
   42   98    1.902029e-11   -5.306627e-13
   42   99    1.018856e-15   -2.513660e-17
   42  100    9.683742e-17   -5.233494e-18
   42  101    1.012080e-21   -5.047499e-23
   42  102    1.434747e-23   -8.585607e-25
   42  103    5.898456e-29   -3.296822e-30
   43   91    4.952389e-30    1.635453e-30
   43   92    1.335648e-25    3.450460e-26
   43   93    1.644126e-18    2.147625e-19
   43   94    3.854195e-17    4.192944e-18
   43   95    5.527438e-15    4.328459e-16
   43   96    2.573516e-15    1.501238e-16
   43   97    1.013804e-13    2.425726e-15
   43   98    2.430383e-15    1.610974e-17
   43   99    1.806453e-13   -1.486270e-15
   43  100    7.824950e-17   -5.342365e-19
   43  101    1.682807e-17   -1.921352e-19
   43  102    4.474047e-22   -3.863159e-24
   43  103    3.325696e-23   -4.588540e-25
   43  104    5.823067e-28   -6.322038e-30
   44   93    2.620130e-29    5.745325e-30
   44   94    7.188648e-22    7.841340e-23
   44   95    2.340803e-19    1.731108e-20
   44   96    2.102795e-15    9.075765e-17
   44   97    1.660583e-14    4.077623e-16
   44   98    7.554362e-12    2.908640e-14
   44   99    7.424117e-13   -6.290687e-15
   44  100    4.050081e-11   -2.330055e-14
   44  101    1.067506e-13    1.738920e-17
   44  102    1.045176e-13   -4.205279e-17
   44  103    3.688817e-17    6.127020e-20
   44  104    9.958956e-18   -4.208478e-20
   44  105    7.005113e-22   -1.045967e-24
   44  106    2.528357e-23   -2.168055e-25
   44  107    2.006680e-28   -1.040012e-30
   44  108    2.889652e-30    2.689091e-32
   45   95    3.545216e-28    8.081662e-29
   45   96    3.996697e-25    7.807385e-26
   45   97    3.388925e-20    4.446447e-21
   45   98    4.703651e-19    5.066308e-20
   45   99    1.962108e-15    1.048903e-16
   45  100    1.932288e-15    6.770202e-17
   45  101    5.950504e-13    1.243975e-14
   45  102    2.541667e-14    1.851763e-16
   45  103    6.822648e-12   -1.280596e-14
   45  104    1.132659e-14   -1.307325e-17
   45  105    7.811703e-15    1.560229e-17
   45  106    1.985738e-18    7.350541e-21
   45  107    3.139659e-19   -9.580394e-23
   45  108    2.273164e-23    4.388855e-26
   45  109    3.071002e-25   -4.843747e-28
   45  110    6.130425e-30    9.937929e-33
   46   97    1.483039e-28    3.127721e-29
   46   98    3.531992e-24    5.562752e-25
   46   99    1.192246e-21    1.717316e-22
   46  100    3.729246e-18    2.613053e-19
   46  101    9.565320e-17    5.263972e-18
   46  102    2.048616e-13    6.137247e-15
   46  103    1.385603e-13    1.752327e-15
   46  104    2.731229e-11    4.306310e-14
   46  105    3.674066e-13    1.298469e-15
   46  106    2.798276e-11    7.593447e-14
   46  107    6.828084e-14    4.299563e-17
   46  108    1.770766e-11   -1.279247e-13
   46  109    4.422940e-15   -2.185598e-17
   46  110    3.298492e-15   -7.586161e-17
   46  111    9.582822e-20   -1.890739e-21
   46  112    2.048686e-21   -6.102729e-23
   46  113    9.839939e-27   -2.527870e-28
   47  100    2.772141e-28    7.340363e-29
   47  101    2.407285e-23    2.984095e-24
   47  102    8.491252e-21    6.662311e-22
   47  103    1.221916e-16    6.831604e-18
   47  104    5.287382e-16    2.222247e-17
   47  105    2.522139e-13    6.653590e-15
   47  106    5.311156e-14    7.145412e-16
   47  107    5.615347e-12    2.319352e-14
   47  108    5.607578e-14    1.275219e-16
   47  109    4.895605e-12   -3.089488e-14
   47  110    4.448715e-15   -2.256157e-17
   47  111    2.829060e-15   -1.550663e-17
   47  112    6.854703e-19   -2.538929e-21
   47  113    7.052784e-20   -6.969331e-22
   47  114    1.516691e-24   -1.044630e-26
   47  115    2.441459e-26   -2.962878e-28
   48  102    7.791560e-27    1.173446e-27
   48  103    6.434018e-24    1.001582e-24
   48  104    1.468228e-20    1.553280e-21
   48  105    6.460503e-19    6.983963e-20
   48  106    8.187130e-16    3.670325e-17
   48  107    1.977955e-15    6.390636e-17
   48  108    1.055150e-12    1.847208e-14
   48  109    1.139071e-13    1.278982e-15
   48  110    2.731267e-11    1.000367e-13
   48  111    2.258931e-13    1.580982e-15
   48  112    3.263540e-11    1.268962e-13
   48  113    7.364163e-14   -2.788725e-16
   48  114    1.731160e-11   -2.479729e-13
   48  115    3.128163e-15   -3.630232e-17
   48  116    4.918703e-16   -1.677404e-17
   48  117    2.062089e-20   -6.318208e-22
   48  118    3.410626e-22   -1.449019e-23
   48  119    1.688900e-27   -6.487114e-29
   49  105    3.885873e-27    8.900107e-28
   49  106    6.116993e-25    1.121330e-25
   49  107    5.646317e-20    4.236887e-21
   49  108    1.467702e-18    9.315822e-20
   49  109    2.809678e-15    1.319986e-16
   49  110    2.091064e-15    7.142083e-17
   49  111    6.335668e-13    1.334865e-14
   49  112    4.246397e-14    4.723760e-16
   49  113    5.346660e-12   -1.402909e-14
   49  114    3.324948e-14   -5.695171e-17
   49  115    3.574762e-14    1.258851e-17
   49  116    3.528612e-17    7.444151e-20
   49  117    8.935234e-18   -1.392184e-20
   49  118    1.955020e-21    1.970180e-24
   49  119    1.288178e-22   -6.511734e-25
   49  120    7.268311e-27   -1.379264e-29
   49  121    4.674273e-27    8.412213e-29
   49  122    9.562941e-30    1.863624e-31
   49  123    1.991353e-30    2.188217e-32
   50  107    1.181963e-28    2.091204e-29
   50  108    2.227713e-24    3.167588e-25
   50  109    1.303897e-22    1.882313e-23
   50  110    5.125415e-19    3.880292e-20
   50  111    5.486718e-18    3.485876e-19
   50  112    1.476218e-14    5.041210e-16
   50  113    1.189235e-14    2.139588e-16
   50  114    6.402154e-12    4.054262e-14
   50  115    3.224303e-13    2.418827e-15
   50  116    5.670787e-11    2.023129e-13
   50  117    4.365105e-13    2.936481e-15
   50  118    7.726545e-11    1.882474e-13
   50  119    2.460402e-13   -7.621094e-16
   50  120    3.924775e-11   -4.312162e-13
   50  121    1.060079e-14   -1.026602e-16
   50  122    1.686165e-13   -4.122611e-15
   50  123    5.108133e-17   -1.967138e-18
   50  124    4.812306e-15   -2.458453e-16
   50  125    1.638856e-19   -7.824159e-21
   50  126    2.715838e-21   -1.359778e-22
   50  127    3.668478e-26   -1.696458e-27
   50  128    3.296296e-28    9.070308e-32
   51  110    2.003644e-30    5.422549e-31
   51  111    4.657829e-27    9.723795e-28
   51  112    8.650936e-25    1.679329e-25
   51  113    5.141467e-21    7.407932e-22
   51  114    5.863599e-20    4.822534e-21
   51  115    2.777127e-16    1.595780e-17
   51  116    2.316381e-16    1.118488e-17
   51  117    8.164479e-14    3.098793e-15
   51  118    9.418282e-15    2.533903e-16
   51  119    9.751833e-13    1.541176e-14
   51  120    1.238070e-14    6.795427e-17
   51  121    2.422199e-12   -1.875135e-14
   51  122    3.008956e-15   -1.959997e-17
   51  123    3.462606e-14   -7.024578e-16
   51  124    1.707617e-17   -3.128087e-19
   51  125    2.586813e-18   -6.505660e-20
   51  126    3.311843e-22   -7.510637e-24
   51  127    1.437205e-23   -3.746410e-25
   51  128    4.328465e-28   -1.924290e-28
   51  129    9.509631e-26    1.797324e-27
   51  130    9.964358e-30    8.372468e-30
   51  131    7.945052e-30    3.111657e-32
   52  113    1.495697e-30    2.297182e-31
   52  114    9.492395e-25    9.455070e-26
   52  115    1.464478e-23    1.327016e-24
   52  116    9.712978e-19    7.453695e-20
   52  117    1.429096e-18    9.243355e-20
   52  118    3.732106e-15    1.891104e-16
   52  119    1.134510e-15    4.363263e-17
   52  120    7.580012e-13    2.071514e-14
   52  121    4.868530e-14    8.478112e-16
   52  122    1.726268e-11    1.289326e-13
   52  123    1.570688e-13    1.287910e-15
   52  124    2.919239e-11    6.397105e-14
   52  125    9.448253e-14   -4.330093e-16
   52  126    1.338448e-11   -1.927848e-13
   52  127    8.497367e-15   -1.401779e-16
   52  128    6.412393e-13   -1.724854e-14
   52  129    9.251154e-16   -5.003312e-17
   52  130    8.708386e-14   -5.427644e-15
   52  131    4.060877e-18   -2.406290e-19
   52  132    6.301922e-20   -3.933866e-21
   52  133    1.356957e-24   -8.026554e-26
   52  134    6.544057e-27   -3.056099e-28
   53  117    4.883002e-26    9.990327e-27
   53  118    4.559749e-24    5.287791e-25
   53  119    7.121592e-20    6.056484e-21
   53  120    2.561273e-19    1.904717e-20
   53  121    5.139298e-16    3.161116e-17
   53  122    1.969583e-16    9.767373e-18
   53  123    9.445687e-14    3.600503e-15
   53  124    4.601305e-15    1.208632e-16
   53  125    1.207308e-12    1.816246e-14
   53  126    1.326000e-14    4.560024e-17
   53  127    2.290843e-12   -2.194796e-14
   53  128    2.776992e-15   -2.380512e-17
   53  129    1.161294e-15   -6.679875e-18
   53  130    3.512432e-19   -9.345506e-22
   53  131    3.751624e-20   -7.168283e-24
   53  132    4.156632e-24    7.728595e-27
   53  133    9.147705e-24    6.192165e-26
   53  134    4.271890e-27   -1.985784e-29
   53  135    2.255193e-25   -3.095693e-27
   54  119    1.000552e-26    1.235719e-27
   54  120    4.806639e-22    5.112105e-23
   54  121    4.819200e-21    4.549783e-22
   54  122    2.508150e-17    1.947216e-18
   54  123    4.234867e-17    2.755260e-18
   54  124    3.286684e-14    1.671283e-15
   54  125    8.420006e-15    3.294098e-16
   54  126    2.654950e-12    7.675321e-14
   54  127    1.528479e-13    2.947056e-15
   54  128    2.604539e-11    2.742806e-13
   54  129    3.339451e-13    2.478595e-15
   54  130    3.426335e-11    1.659048e-14
   54  131    1.701790e-13   -1.536137e-15
   54  132    1.672498e-11   -2.865978e-13
   54  133    3.288521e-14   -4.606975e-16
   54  134    2.336963e-12   -4.361138e-14
   54  135    1.368400e-14   -4.838172e-16
   54  136    1.058567e-12   -4.224197e-14
   54  137    1.009060e-20   -3.311620e-22
   54  138    2.557236e-27   -7.437053e-29
   55  121    3.065150e-30    7.293998e-31
   55  122    3.773038e-28    7.702261e-29
   55  123    5.793828e-23    6.301752e-24
   55  124    2.013964e-21    1.818488e-22
   55  125    1.412319e-17    1.104293e-18
   55  126    2.473223e-17    1.706225e-18
   55  127    1.223457e-14    6.956294e-16
   55  128    2.469886e-15    1.092571e-16
   55  129    3.537174e-13    1.207477e-14
   55  130    1.568775e-14    3.270667e-16
   55  131    1.784770e-12    1.920323e-14
   55  132    1.656637e-14   -3.153298e-17
   55  133    2.388040e-12   -3.242104e-14
   55  134    3.986179e-15   -5.103571e-17
   55  135    1.000484e-15   -1.385834e-17
   55  136    8.373411e-19    4.511950e-21
   55  137    5.980483e-20    3.539887e-22
   55  138    1.454004e-27    1.760672e-29
   56  123    8.895338e-30    1.409467e-30
   56  124    7.662144e-25    1.006690e-25
   56  125    1.607196e-23    1.937903e-24
   56  126    2.663757e-19    2.821919e-20
   56  127    9.367357e-19    8.853645e-20
   56  128    1.144302e-15    9.196350e-17
   56  129    9.125225e-16    6.277514e-17
   56  130    3.787420e-13    2.185672e-14
   56  131    5.255674e-14    2.461664e-15
   56  132    1.188146e-11    4.543101e-13
   56  133    6.224954e-13    1.743422e-14
   56  134    8.764330e-11    1.763950e-12
   56  135    2.045959e-12    2.071458e-14
   56  136    1.827504e-10    5.496137e-13
   56  137    2.907834e-12   -2.341857e-14
   56  138    2.020609e-10   -2.806393e-12
   56  139    4.039354e-17   -3.425137e-19
   56  140    2.899389e-22   -1.869993e-24
   56  141    4.198198e-29   -3.492825e-32
   57  127    1.503263e-26    2.579061e-27
   57  128    3.848258e-24    3.941505e-25
   57  129    1.779445e-19    1.623465e-20
   57  130    1.321252e-18    1.143558e-19
   57  131    1.433962e-15    1.092810e-16
   57  132    5.078087e-16    3.347041e-17
   57  133    2.385237e-13    1.336948e-14
   57  134    3.553087e-14    1.544265e-15
   57  135    3.438790e-12    1.136287e-13
   57  136    2.183564e-13    4.338127e-15
   57  137    1.182670e-11    1.131656e-13
   57  138    4.336570e-13   -1.493093e-15
   57  139    2.114788e-11   -2.454001e-13
   57  140    2.348202e-17   -1.608345e-19
   57  141    5.937699e-22   -3.407024e-24
   57  142    2.922388e-28   -2.617859e-31
   58  128    1.523894e-30    3.055181e-31
   58  129    3.076725e-26    4.167815e-27
   58  130    4.679015e-22    5.639191e-23
   58  131    4.010705e-21    4.388186e-22
   58  132    7.487882e-18    7.053053e-19
   58  133    1.221675e-17    9.994496e-19
   58  134    7.613224e-15    5.174860e-16
   58  135    3.548863e-15    1.961898e-16
   58  136    5.543824e-13    2.397584e-14
   58  137    7.150848e-14    2.133928e-15
   58  138    1.229654e-11    2.418036e-13
   58  139    9.452991e-13    4.189357e-15
   58  140    7.938599e-11   -2.723717e-13
   58  141    3.463533e-16    1.549743e-19
   58  142    6.017312e-20    4.897096e-23
   58  143    1.305652e-25    6.700022e-28
   58  144    4.550496e-30    2.717231e-32
   59  131    2.880438e-30    7.201626e-31
   59  132    8.417098e-28    8.849019e-29
   59  133    1.760287e-22    1.401974e-23
   59  134    1.019714e-20    7.631584e-22
   59  135    2.691325e-17    1.751569e-18
   59  136    4.479036e-17    2.538907e-18
   59  137    1.329546e-14    6.013676e-16
   59  138    4.342300e-15    1.497829e-16
   59  139    6.636338e-13    1.439998e-14
   59  140    1.420367e-13    1.420745e-15
   59  141    6.967755e-12   -1.701129e-14
   59  142    2.081261e-16    1.803216e-19
   59  143    1.325749e-19    6.176486e-23
   59  144    7.522150e-25    3.037315e-27
   59  145    1.430898e-28   -3.935950e-31
   59  146    1.144950e-29    1.079383e-34
   60  133    2.965742e-28    3.703940e-29
   60  134    7.663499e-24    8.373618e-25
   60  135    1.677270e-22    1.639404e-23
   60  136    6.015555e-19    4.967100e-20
   60  137    2.983862e-18    2.102867e-19
   60  138    1.864623e-15    1.018934e-16
   60  139    2.028646e-15    8.670326e-17
   60  140    5.209348e-13    1.416160e-14
   60  141    3.089679e-13    3.618638e-15
   60  142    3.524035e-11   -1.758105e-14
   60  143    3.303334e-15    6.467065e-18
   60  144    9.145586e-18   -2.915919e-21
   60  145    2.844069e-22    6.829104e-25
   60  146    9.346711e-24   -1.251665e-24
   60  147    3.971376e-29   -5.137689e-30
   60  148    3.059924e-26    8.055956e-30
   61  137    9.862484e-27    1.705087e-27
   61  138    2.322893e-24    1.504828e-25
   61  139    2.486636e-20    1.147845e-21
   61  140    4.313001e-19    1.720329e-20
   61  141    6.873452e-16    2.034027e-17
   61  142    2.004488e-15    3.606321e-17
   61  143    2.230419e-13    6.298249e-16
   61  144    1.231785e-16    5.641373e-19
   61  145    7.057432e-18   -1.795679e-19
   61  146    1.088782e-21   -3.335227e-23
   61  147    4.547383e-22   -7.611038e-23
   61  148    3.506931e-26   -7.853634e-27
   61  149    6.324800e-25   -1.603175e-25
   61  150    3.909556e-30   -9.729780e-31
   61  151    5.426713e-26    4.868069e-31
   61  152    1.823951e-30    6.045602e-36
   62  137    1.859613e-30    3.762101e-31
   62  138    1.929896e-25    1.692525e-26
   62  139    9.427090e-24    7.552280e-25
   62  140    6.036351e-20    3.869460e-21
   62  141    6.193683e-19    3.279701e-20
   62  142    2.387715e-15    8.598546e-17
   62  143    1.359959e-14    2.908256e-16
   62  144    1.050792e-11    3.991560e-14
   62  145    1.616076e-14    3.811391e-17
   62  146    5.318907e-15   -2.842410e-16
   62  147    5.284111e-18   -4.979184e-19
   62  148    3.367964e-17   -4.248716e-18
   62  149    4.517729e-21   -5.672685e-22
   62  150    1.149977e-19   -1.531634e-20
   62  151    4.556008e-24   -6.028823e-25
   62  152    6.455241e-24   -3.445516e-24
   62  153    2.632747e-28   -1.391762e-28
   62  154    6.813309e-28    5.027542e-31
   62  155    1.087610e-30    1.196583e-35
   63  141    2.081924e-28    2.409153e-29
   63  142    1.594792e-24    4.293728e-26
   63  143    2.939257e-19    3.885790e-21
   63  144    4.570053e-17    3.193575e-19
   63  145    1.216556e-13   -5.006019e-16
   63  146    1.775960e-15   -1.246083e-17
   63  147    6.989205e-15   -1.017524e-16
   63  148    5.183961e-17   -9.458110e-19
   63  149    1.023216e-15   -2.398788e-17
   63  150    1.614967e-19   -5.995113e-21
   63  151    3.229555e-18   -5.234585e-19
   63  152    9.938430e-21   -2.422350e-21
   63  153    3.851729e-18   -9.773882e-19
   63  154    5.463958e-22   -1.373947e-22
   63  155    1.789475e-23   -4.586090e-24
   63  156    1.043805e-27   -2.648380e-28
   63  157    1.233116e-28    6.118107e-34
   64  142    5.453186e-26    4.045394e-27
   64  143    1.525078e-23    9.399087e-25
   64  144    6.770681e-19    3.056249e-20
   64  145    5.691207e-17    1.728959e-18
   64  146    8.923827e-13    1.072896e-14
   64  147    3.287263e-14    4.276781e-17
   64  148    1.445469e-13   -1.775692e-15
   64  149    5.377113e-15   -1.734348e-16
   64  150    5.274177e-14   -2.256158e-15
   64  151    3.323718e-16   -3.459576e-17
   64  152    1.589357e-14   -1.917977e-15
   64  153    1.517320e-16   -1.889078e-17
   64  154    2.159900e-14   -2.824928e-15
   64  155    1.158792e-17   -1.502813e-18
   64  156    3.639940e-18   -1.105059e-18
   64  157    7.515888e-22   -2.264072e-22
   64  158    4.868346e-24   -1.507395e-24
   64  159    1.437937e-28   -4.402501e-29
   64  160    7.275110e-29    1.010217e-35
   65  145    5.945543e-28    9.702701e-29
   65  146    7.539420e-24    2.219233e-25
   65  147    2.070465e-18    2.162098e-20
   65  148    1.136383e-17    8.421284e-20
   65  149    3.706471e-16    9.041489e-19
   65  150    5.392637e-17   -3.154198e-19
   65  151    1.385271e-14   -1.000139e-16
   65  152    6.417080e-17   -8.854117e-19
   65  153    1.065010e-13   -1.893795e-15
   65  154    3.338827e-16   -9.440695e-18
   65  155    4.776098e-14   -2.409179e-15
   65  156    7.220734e-17   -3.800817e-18
   65  157    2.279560e-16   -3.588809e-17
   65  158    1.285306e-19   -2.007245e-20
   65  159    3.679483e-21   -5.941954e-22
   65  160    4.180646e-25   -6.663208e-26
   65  161    1.275683e-27   -2.058091e-28
   65  162    3.240914e-30    6.198992e-34
   66  146    2.835181e-27    2.772842e-28
   66  147    2.792450e-24    2.331806e-25
   66  148    1.378239e-18    9.836508e-20
   66  149    1.168379e-18    6.601339e-20
   66  150    3.431024e-17    1.439296e-18
   66  151    2.451619e-16    7.595354e-18
   66  152    4.241980e-14    8.161999e-16
   66  153    1.127114e-14    1.302524e-16
   66  154    6.253857e-13    3.251586e-15
   66  155    1.285327e-14   -4.245689e-17
   66  156    1.660707e-12   -2.316067e-14
   66  157    1.054894e-14   -2.632986e-16
   66  158    2.026524e-13   -1.358186e-14
   66  159    3.611334e-16   -2.408288e-17
   66  160    1.073635e-16   -1.906005e-17
   66  161    4.645267e-20   -8.169995e-21
   66  162    6.693613e-22   -1.268773e-22
   66  163    7.013163e-26   -1.312224e-26
   66  164    1.881799e-28    4.299192e-30
   67  149    1.711465e-28    3.597240e-29
   67  150    3.107220e-26    2.260120e-27
   67  151    1.068151e-22    6.941703e-24
   67  152    1.436187e-21    8.243785e-23
   67  153    5.026989e-18    2.356902e-19
   67  154    2.076635e-17    9.181977e-19
   67  155    3.795642e-15    1.422784e-16
   67  156    3.951801e-17    1.179574e-18
   67  157    1.298234e-13    2.897617e-15
   67  158    1.958549e-15    2.794832e-17
   67  159    2.647216e-13   -1.579179e-15
   67  160    5.953835e-16   -8.188447e-18
   67  161    5.568502e-14   -2.755263e-15
   67  162    2.194484e-17   -1.075780e-18
   67  163    1.444637e-17   -2.629699e-18
   67  164    3.983577e-21   -7.190817e-22
   67  165    6.208592e-23   -1.175552e-23
   67  166    2.283372e-27   -4.255718e-28
   67  167    9.785068e-29    1.236666e-30
   68  151    2.567981e-26    2.789991e-27
   68  152    1.078782e-23    1.043955e-24
   68  153    1.995184e-21    1.733434e-22
   68  154    1.676510e-17    1.236633e-18
   68  155    1.270400e-16    8.418294e-18
   68  156    1.675379e-14    9.262718e-16
   68  157    1.630607e-15    7.170028e-17
   68  158    7.419009e-13    2.581297e-14
   68  159    2.326346e-14    5.725967e-16
   68  160    2.311635e-12    1.077554e-14
   68  161    4.124530e-14   -2.512660e-16
   68  162    8.069584e-13   -3.110760e-14
   68  163    3.024554e-15   -1.269124e-16
   68  164    6.456805e-15   -8.997048e-16
   68  165    6.753042e-18   -9.323766e-19
   68  166    4.938143e-19   -9.743214e-20
   68  167    1.021602e-22   -1.996949e-23
   68  168    3.484221e-25   -7.040166e-26
   68  169    1.064519e-29   -2.118248e-30
   68  170    3.411116e-29    1.789027e-32
   69  154    1.792854e-29    1.378747e-30
   69  155    4.343347e-24    2.948706e-25
   69  156    4.962491e-22    3.156028e-23
   69  157    1.082926e-18    6.316289e-20
   69  158    1.000235e-16    5.636450e-18
   69  159    7.275856e-16    3.075086e-17
   69  160    4.127215e-16    1.626347e-17
   69  161    6.294577e-14    1.964207e-15
   69  162    2.462607e-15    5.476966e-17
   69  163    3.163039e-13    2.062479e-15
   69  164    1.935693e-15   -5.530966e-18
   69  165    1.408659e-13   -4.536405e-15
   69  166    2.479365e-16   -8.433514e-18
   69  167    6.225357e-16   -8.771094e-17
   69  168    4.482159e-19   -6.266475e-20
   69  169    8.981497e-21   -1.179733e-21
   69  170    1.768210e-24   -1.802467e-25
   69  171    4.718949e-24   -1.300398e-25
   69  172    1.090989e-28   -2.718003e-30
   69  173    1.103816e-28    2.765285e-31
   70  155    2.468695e-27    3.015431e-28
   70  156    3.869933e-24    4.186846e-25
   70  157    3.112991e-22    3.115318e-23
   70  158    2.038798e-18    1.747125e-19
   70  159    1.026587e-17    7.996094e-19
   70  160    4.966981e-15    3.295339e-16
   70  161    3.089383e-15    1.761622e-16
   70  162    3.696140e-13    1.658643e-14
   70  163    4.641042e-14    1.612677e-15
   70  164    3.489186e-12    6.473769e-14
   70  165    1.313500e-13    1.150161e-15
   70  166    2.896775e-12   -5.173740e-14
   70  167    2.914363e-14   -7.364667e-16
   70  168    1.893608e-13   -1.488238e-14
   70  169    4.058996e-16   -3.157366e-17
   70  170    2.048754e-17   -1.698582e-18
   70  171    1.215895e-20   -9.904898e-22
   70  172    1.311462e-22   -9.114549e-24
   70  173    2.339379e-26   -2.011110e-27
   70  174    9.181645e-26   -1.127421e-26
   70  176    1.149273e-29    1.904486e-33
   71  159    1.720029e-28    3.837519e-29
   71  160    2.585250e-26    2.337430e-27
   71  161    1.052262e-21    6.001742e-23
   71  162    2.701238e-20    1.345970e-21
   71  163    3.577750e-17    1.483766e-18
   71  164    2.392182e-17    8.813549e-19
   71  165    3.920306e-15    1.179870e-16
   71  166    3.356587e-16    8.580790e-18
   71  167    1.904790e-13    3.281528e-15
   71  168    5.207707e-15    4.933399e-17
   71  169    2.486725e-13   -2.936658e-15
   71  170    7.159814e-16   -1.057827e-17
   71  171    1.047828e-14   -4.863917e-16
   71  172    1.291274e-17   -5.652865e-19
   71  173    3.666187e-17   -1.033224e-18
   71  174    3.248035e-19   -7.407718e-21
   71  175    4.555417e-18   -1.140051e-19
   71  176    1.867703e-22   -4.265531e-24
   71  177    8.400478e-26   -1.893242e-27
   71  178    2.342000e-29    4.031978e-30
   71  179    9.742790e-29    4.113954e-34
   72  160    3.643279e-27    4.100005e-28
   72  161    8.348259e-25    8.686100e-26
   72  162    9.314343e-21    8.486728e-22
   72  163    1.282408e-19    1.072777e-20
   72  164    1.901661e-16    1.351711e-17
   72  165    8.912454e-17    5.464668e-18
   72  166    9.140489e-14    4.647763e-15
   72  167    1.876399e-14    7.653543e-16
   72  168    2.525907e-12    6.901994e-14
   72  169    1.791242e-13    3.299531e-15
   72  170    5.270707e-12   -1.373325e-14
   72  171    8.877348e-14   -5.896593e-16
   72  172    1.948775e-13   -1.224194e-14
   72  173    9.223497e-16   -5.712957e-17
   72  174    1.791445e-16   -4.859358e-18
   72  175    1.802737e-19   -4.495002e-21
   72  176    1.341022e-19   -2.609205e-21
   72  177    8.686316e-22   -1.034984e-23
   72  178    1.057554e-20   -1.537676e-22
   72  179    5.977749e-25   -7.240395e-27
   72  180    5.228683e-28   -7.478898e-30
   72  181    1.298902e-30    1.132949e-32
   72  182    1.703937e-30    8.429464e-37
   73  164    7.655645e-30    1.648988e-30
   73  165    2.515306e-25    2.785158e-26
   73  166    4.601765e-24    3.759838e-25
   73  167    1.068549e-19    7.031378e-21
   73  168    2.074319e-19    1.169417e-20
   73  169    9.162031e-17    4.185992e-18
   73  170    1.673551e-16    7.583577e-18
   73  171    3.030429e-14    1.180068e-15
   73  172    1.804119e-16    6.319303e-18
   73  173    1.182535e-13    3.088024e-15
   73  174    6.284441e-17    1.499910e-18
   73  175    4.830972e-13    3.454143e-15
   73  176    5.770225e-16    9.708869e-21
   73  177    2.043364e-14   -5.258997e-16
   73  178    2.377930e-18   -5.360049e-20
   73  179    1.991153e-13   -4.513617e-15
   73  180    3.152391e-17   -6.670255e-19
   73  181    1.108079e-19   -2.504903e-21
   73  182    2.330504e-24   -4.619302e-26
   73  183    3.537266e-28   -6.841389e-30
   74  165    9.626523e-29    1.051093e-29
   74  166    6.183743e-24    5.851019e-25
   74  167    2.545269e-22    2.239241e-23
   74  168    4.406095e-18    3.281590e-19
   74  169    1.745736e-17    1.144050e-18
   74  170    9.504731e-15    5.030662e-16
   74  171    6.770411e-15    2.928939e-16
   74  172    9.477758e-13    2.957594e-14
   74  173    1.957358e-13    4.384487e-15
   74  174    4.175043e-12    3.496132e-14
   74  175    1.762983e-13    3.419024e-16
   74  176    9.825115e-13   -2.180494e-14
   74  177    6.367995e-15   -1.456043e-16
   74  178    5.772002e-15   -3.162779e-16
   74  179    1.357590e-17   -7.395762e-19
   74  180    3.022905e-18   -2.595091e-19
   74  181    2.238820e-21   -1.893141e-22
   74  182    2.987111e-23   -2.712530e-24
   74  183    2.115944e-27   -1.865844e-28
   74  184    6.628267e-28    1.492183e-30
   74  185    1.493059e-29    2.901269e-35
   75  169    7.634953e-29    1.631603e-29
   75  170    2.719029e-27    2.670857e-28
   75  171    2.646241e-22    1.118830e-23
   75  172    1.647618e-20    6.412213e-22
   75  173    8.392384e-17    2.755283e-18
   75  174    2.253080e-16    6.662303e-18
   75  175    5.177969e-14    1.218744e-15
   75  176    5.738193e-15    9.361529e-17
   75  177    2.925085e-13    2.259542e-15
   75  178    4.174800e-15    2.840831e-18
   75  179    8.930870e-14   -2.417459e-15
   75  180    6.161926e-16   -1.892108e-17
   75  181    2.481960e-15   -2.037738e-16
   75  182    3.745469e-18   -3.052037e-19
   75  183    4.660591e-19   -4.230227e-20
   75  184    7.381550e-23   -6.540814e-24
   75  185    1.193744e-24   -1.518131e-25
   75  186    6.374895e-29   -7.951028e-30
   75  187    1.353508e-27    2.913808e-31
   75  188    9.825667e-30    4.408161e-36
   76  171    8.318169e-29    7.857990e-30
   76  172    3.533517e-23    2.848985e-24
   76  173    2.652354e-21    1.904917e-22
   76  174    1.858365e-17    1.081361e-18
   76  175    1.945657e-16    9.580777e-18
   76  176    2.560863e-14    9.302683e-16
   76  177    2.593290e-14    7.182059e-16
   76  178    1.406646e-12    2.505153e-14
   76  179    1.705118e-13    1.475655e-15
   76  180    3.334320e-12   -1.292063e-14
   76  181    7.852114e-14   -9.549547e-16
   76  182    5.823444e-13   -2.484927e-14
   76  183    4.694238e-15   -2.134883e-16
   76  184    5.087156e-15   -4.263918e-16
   76  185    4.100236e-18   -3.375284e-19
   76  186    9.154912e-20   -8.429674e-21
   76  187    1.650557e-23   -1.485008e-24
   76  188    2.139581e-25   -2.477055e-26
   76  189    9.090925e-30   -1.026217e-30
   76  190    4.582378e-27    3.319220e-31
   76  191    5.771529e-30    1.068396e-35
   77  175    1.220470e-27    9.845099e-29
   77  176    3.410158e-25    1.419137e-26
   77  177    6.354975e-20    2.138328e-21
   77  178    1.228666e-18    3.615649e-20
   77  179    7.942257e-16    1.789693e-17
   77  180    1.740680e-15    3.154481e-17
   77  181    1.682619e-13    1.948336e-15
   77  182    1.454712e-14    7.249085e-17
   77  183    3.569845e-13   -1.715454e-15
   77  184    6.139122e-15   -6.038884e-17
   77  185    3.967977e-14   -1.270816e-15
   77  186    2.693126e-17   -8.405815e-19
   77  187    2.630183e-17   -2.040563e-18
   77  188    1.302725e-20   -1.023909e-21
   77  189    6.276151e-20   -8.323426e-21
   77  190    1.047410e-23   -1.366372e-24
   77  191    1.363668e-25   -1.958496e-26
   77  192    7.303745e-30   -1.029943e-30
   77  193    4.440657e-26    2.543457e-32
   78  177    3.943124e-27    3.509370e-28
   78  178    1.192081e-22    8.887110e-24
   78  179    8.883830e-21    5.837119e-22
   78  180    3.793155e-17    1.990532e-18
   78  181    2.140697e-16    9.430785e-18
   78  182    3.426393e-14    1.152924e-15
   78  183    1.893224e-14    4.772479e-16
   78  184    1.005245e-12    1.698985e-14
   78  185    5.864868e-14    2.330124e-16
   78  186    7.940258e-13   -1.236390e-14
   78  187    4.341407e-15   -1.356068e-16
   78  188    1.600939e-13   -1.196567e-14
   78  189    4.082787e-16   -3.032564e-17
   78  190    8.551823e-17   -8.082308e-18
   78  191    8.093996e-20   -7.541150e-21
   78  192    3.975216e-20   -4.943139e-21
   78  193    1.525412e-23   -1.854890e-24
   78  194    2.866927e-24   -2.118264e-25
   78  195    3.878486e-28   -2.733458e-29
   78  196    9.183398e-26    8.523351e-28
   78  197    1.705367e-29    2.171859e-31
   78  198    5.123392e-27    2.367961e-32
   78  199    1.211407e-29    5.203700e-36
   78  200    1.652070e-28    2.528135e-37
   79  180    2.063223e-28    1.498239e-29
   79  181    1.077520e-23    6.969450e-25
   79  182    3.082684e-21    1.847005e-22
   79  183    4.282091e-18    2.209077e-19
   79  184    1.879000e-17    8.769212e-19
   79  185    5.069560e-15    1.875953e-16
   79  186    1.933049e-15    5.342998e-17
   79  187    1.100522e-13    1.896353e-15
   79  188    3.277923e-15    1.331070e-18
   79  189    2.083754e-13   -4.657091e-15
   79  190    3.571981e-15   -1.197353e-16
   79  191    3.644420e-14   -2.813379e-15
   79  192    8.640252e-17   -7.463116e-18
   79  193    3.120955e-15   -3.952171e-16
   79  194    2.667755e-18   -3.363880e-19
   79  195    3.759247e-19   -6.534200e-20
   79  196    1.580157e-22   -2.729369e-23
   79  197    1.987322e-24   -3.812662e-25
   79  198    3.830294e-28   -7.302106e-29
   79  199    1.953820e-27    4.515451e-30
   79  200    1.941193e-28    3.868888e-33
   79  201    4.508323e-26    9.610771e-35
   79  202    2.265360e-28    1.224088e-37
   80  182    8.159615e-28    8.639995e-29
   80  183    6.120860e-25    5.849124e-26
   80  184    1.450522e-20    1.174728e-21
   80  185    2.964025e-19    2.143265e-20
   80  186    1.304036e-15    7.726474e-17
   80  187    2.347389e-15    1.186052e-16
   80  188    5.367641e-13    2.162620e-14
   80  189    1.911261e-13    5.706064e-15
   80  190    6.171939e-12    1.134723e-13
   80  191    4.566820e-13    2.484347e-15
   80  192    4.661705e-12   -8.676821e-14
   80  193    8.983270e-14   -2.893382e-15
   80  194    9.117233e-13   -5.979376e-14
   80  195    5.542368e-15   -4.117098e-16
   80  196    4.216501e-14   -4.731771e-15
   80  197    1.103384e-16   -1.100745e-17
   80  198    2.648460e-16   -1.614589e-17
   80  199    5.775498e-19   -3.504945e-20
   80  200    3.677142e-18   -2.461463e-19
   80  201    1.229940e-21   -8.842550e-23
   80  202    4.747391e-21   -4.061727e-22
   80  203    5.672965e-25   -5.528252e-26
   80  204    3.987990e-24   -4.658532e-25
   80  205    1.532227e-29   -1.709314e-30
   80  206    4.911688e-30    6.691351e-33
   81  186    9.967961e-26    7.802052e-27
   81  187    5.367648e-21    3.558082e-22
   81  188    1.614590e-19    1.010251e-20
   81  189    6.898884e-16    3.489009e-17
   81  190    3.789623e-15    1.781695e-16
   81  191    3.231225e-13    1.173504e-14
   81  192    1.190539e-13    2.943683e-15
   81  193    8.208052e-13    8.298369e-15
   81  194    1.774205e-13    8.221488e-17
   81  195    1.797456e-12   -2.689029e-14
   81  196    3.524177e-14   -9.376573e-16
   81  197    8.014989e-14   -7.762685e-15
   81  198    7.486224e-16   -8.609746e-17
   81  199    3.692583e-15   -6.181356e-16
   81  200    1.029049e-17   -1.767183e-18
   81  201    5.796296e-18   -1.565034e-18
   81  202    8.457660e-21   -2.035537e-21
   81  203    5.153499e-21   -9.717206e-22
   81  204    1.423271e-23   -4.378790e-24
   81  205    3.304704e-23   -1.641939e-23
   81  206    4.930010e-27   -1.242844e-27
   81  207    5.681005e-27    3.501742e-28
   82  187    1.941058e-28    3.087668e-29
   82  188    1.641525e-24    2.346329e-25
   82  189    1.812310e-23    2.473092e-24
   82  190    5.271104e-19    6.479658e-20
   82  191    5.391036e-18    6.246116e-19
   82  192    5.355085e-15    5.554907e-16
   82  193    3.699476e-15    3.484859e-16
   82  194    1.155725e-12    9.830047e-14
   82  195    3.732348e-13    2.691366e-14
   82  196    1.699485e-11    1.027388e-12
   82  197    2.777163e-12    1.215887e-13
   82  198    5.213932e-11    1.702095e-12
   82  199    3.244583e-12    4.727218e-14
   82  200    9.287737e-11    3.952900e-13
   82  201    4.297553e-12   -8.692057e-14
   82  202    5.008884e-11   -1.518013e-12
   82  203    2.398994e-12   -1.241984e-13
   82  204    2.073414e-11   -1.202824e-12
   82  205    7.126513e-13   -5.615551e-14
   82  206    5.244297e-12   -4.382877e-13
   82  207    4.542138e-14   -5.105317e-15
   82  208    3.237612e-13   -3.755266e-14
   82  209    2.621165e-21   -2.835238e-22
   82  210    6.222015e-29   -6.395667e-30
   83  191    1.723332e-27    1.502044e-28
   83  192    3.282943e-24    2.531836e-25
   83  193    3.736898e-20    2.582722e-21
   83  194    2.172518e-18    1.407277e-19
   83  195    7.461888e-16    4.030555e-17
   83  196    4.344959e-15    1.962247e-16
   83  197    1.038078e-13    3.022136e-15
   83  198    4.572424e-14    9.688761e-16
   83  199    1.024206e-12    8.916768e-15
   83  200    1.165197e-13   -7.073581e-16
   83  201    8.301370e-13   -2.358768e-14
   83  202    1.686619e-14   -8.068913e-16
   83  203    2.328483e-13   -1.712791e-14
   83  204    2.478651e-15   -2.490992e-16
   83  205    1.430987e-14   -2.038491e-15
   83  206    1.244282e-16   -2.128346e-17
   83  207    1.093168e-15   -2.020712e-16
   83  208    7.989118e-19   -1.620337e-19
   83  209    7.532162e-19   -2.537953e-19
   83  210    2.347626e-26   -7.713835e-27
   84  195    2.223009e-30    4.644460e-31
   84  196    8.056143e-27    1.612612e-27
   84  197    1.250979e-26    2.316851e-27
   84  198    3.034738e-24    5.222345e-25
   84  199    2.068543e-24    3.312250e-25
   84  200    3.535981e-24    4.956484e-25
   84  201    1.492695e-23    1.777442e-24
   84  202    1.470387e-22    1.379372e-23
   84  203    1.901727e-24    1.166462e-25
   84  204    7.614401e-23    3.377803e-24
   84  205    1.289970e-24    1.852856e-26
   84  206    1.323965e-23   -3.431799e-26
   84  207    9.179740e-26   -1.955446e-27
   84  208    3.184449e-24   -4.618847e-26
   84  209    5.669595e-27   -1.734476e-28
   84  210    1.084541e-26   -6.702028e-28
    0    1    5.197663e-12    7.633035e-14
    1    1    1.352268e-08    2.048691e-09
    2    4    8.282655e-08    7.341995e-10
