2.0042e+00
4.2492e-02
1.1224e+00
3.6302e+04
    1    3    2.570529e-23   -2.864210e-33
    2    3    2.214410e-21   -1.785435e-32
    3    6    9.458938e-26    9.233898e-36
    4    8    1.217901e-07    0.000000e+00
    4   10    7.991356e-29   -3.087368e-35
    5   10    9.910597e-24   -2.924604e-31
    5   11    1.387826e-15    2.125075e-19
    6   11    8.823145e-15   -2.125441e-19
    6   12    2.341140e-06   -5.573053e-18
    6   13    5.681903e-15   -1.439867e-23
    6   14    1.071969e-10   -3.202998e-22
    7   13    4.190518e-24   -6.547089e-25
    7   14    5.785586e-07   -1.058791e-22
    7   15    2.614864e-05    5.026110e-12
    7   16    2.729891e-24    2.268898e-25
    7   17    2.443294e-27   -1.725728e-29
    8   14    2.067141e-30    9.282957e-32
    8   15    2.078474e-08   -5.026112e-12
    8   16    4.746358e-02    0.000000e+00
    8   17    7.261046e-12   -8.669749e-21
    8   18    2.349203e-12    2.550885e-19
    8   19    3.054235e-25   -3.283551e-28
    8   20    3.480864e-28   -7.594309e-31
    9   17    2.284620e-25   -8.431975e-26
    9   18    5.705507e-14   -2.552492e-19
    9   19    3.619322e-11    1.074694e-17
    9   20    6.033201e-17   -1.591696e-19
    9   21    5.959060e-22   -4.219084e-24
    9   22    1.180956e-30   -8.222958e-33
   10   18    6.996253e-29   -1.233908e-30
   10   19    6.282443e-15   -1.074560e-17
   10   20    5.402045e-03    1.734723e-18
   10   21    1.325108e-07   -6.268573e-19
   10   22    1.433036e-10    1.114492e-19
   10   23    5.812844e-19   -4.602347e-22
   10   24    1.294035e-20   -1.879375e-24
   11   21    1.182074e-17   -5.957376e-20
   11   22    3.121862e-10   -7.550794e-20
   11   23    6.544823e-09    3.683221e-13
   11   24    4.621025e-12   -2.527135e-18
   11   25    1.827363e-16   -9.030518e-20
   11   26    4.135695e-25   -1.138408e-26
   12   22    4.814302e-18   -3.673501e-20
   12   23    1.413099e-10   -3.683206e-13
   12   24    2.951423e-03   -1.431147e-16
   12   25    1.585179e-06    4.472334e-19
   12   26    1.417375e-07    1.230266e-12
   12   27    1.386054e-13   -7.192360e-18
   12   28    1.693553e-16   -6.629218e-23
   13   24    1.504806e-28   -1.895792e-29
   13   25    3.031438e-18   -1.925443e-20
   13   26    1.777723e-08   -1.230263e-12
   13   27    2.515813e-06    8.595163e-11
   13   28    2.835547e-09   -6.197389e-13
   13   29    2.151936e-13   -1.600543e-17
   13   30    2.503479e-21   -2.048203e-23
   13   31    1.944530e-26   -8.893326e-28
   14   26    2.206927e-16   -2.941221e-18
   14   27    1.213986e-08   -8.595162e-11
   14   28    9.698174e-04    6.198842e-13
   14   29    2.377843e-05    1.686951e-17
   14   30    4.709376e-04    1.924622e-11
   14   31    3.740676e-09   -1.168084e-14
   14   32    3.233063e-12   -2.874372e-23
   14   33    1.398366e-23   -6.660489e-26
   14   34    1.581250e-26   -1.681338e-28
   15   28    7.094909e-26   -8.714108e-27
   15   29    1.160854e-16   -8.346057e-19
   15   30    9.801761e-08   -1.924622e-11
   15   31    6.282289e-05    2.852876e-11
   15   32    1.030837e-08   -2.457384e-16
   15   33    1.538349e-08   -2.072689e-16
   15   34    9.026638e-15   -2.144062e-17
   15   35    1.692111e-18   -1.051435e-21
   16   30    1.964355e-17   -4.903110e-19
   16   31    2.497989e-09   -2.851708e-11
   16   32    2.459985e-04    2.468728e-16
   16   33    1.822202e-05    1.833504e-15
   16   34    1.852862e-04    1.413077e-12
   16   35    1.252140e-08   -4.875940e-17
   16   36    1.980290e-09    1.158053e-22
   16   37    3.830025e-21   -3.531987e-25
   16   38    6.779834e-23   -1.960033e-28
   17   32    3.053768e-26   -3.138990e-27
   17   33    1.385916e-13   -1.626278e-15
   17   34    1.787899e-10   -1.413055e-12
   17   35    5.161573e-06    1.701080e-15
   17   36    1.818832e-08    1.790019e-21
   17   37    1.878045e-08    1.435186e-15
   17   38    2.936056e-15   -3.876313e-20
   17   39    4.950210e-18   -4.339287e-23
   17   40    1.401551e-25   -5.096296e-29
   17   41    1.743345e-28   -1.337167e-31
   18   34    4.345825e-21   -1.516574e-22
   18   35    9.985022e-14   -1.652202e-15
   18   36    6.859341e-06    3.388132e-21
   18   37    1.473515e-07   -1.435185e-15
   18   38    1.026867e-05    3.713616e-15
   18   39    1.901828e-10    8.048726e-22
   18   40    2.909491e-11    4.362085e-25
   18   41    4.613321e-17   -2.062461e-22
   18   42    1.137482e-18   -3.218190e-29
   18   43    3.657703e-26   -3.343504e-30
   18   44    3.116401e-28   -1.288801e-32
   19   37    9.382068e-24   -1.564164e-24
   19   38    3.446672e-12   -3.713574e-15
   19   39    3.004020e-07    8.146604e-18
   19   40    6.322767e-10    1.328659e-22
   19   41    4.744713e-11    2.325024e-22
   19   42    3.308004e-14   -2.189590e-20
   19   43    9.642014e-16   -3.553393e-22
   19   44    1.215791e-19   -2.688366e-24
   19   45    6.199886e-22   -1.709797e-26
   19   46    7.406108e-27   -1.896810e-30
   20   38    1.132959e-27   -7.601205e-29
   20   39    2.377885e-16   -8.143780e-18
   20   40    1.005072e-07   -1.323489e-23
   20   41    2.709038e-09   -1.943874e-23
   20   42    7.169962e-08    1.357503e-19
   20   43    8.131489e-10    3.979040e-18
   20   44    5.226171e-10    6.658788e-17
   20   45    6.613777e-13   -1.383005e-21
   20   46    3.184013e-13    5.064079e-20
   20   47    1.481535e-16   -1.112414e-23
   20   48    4.400853e-19    1.126669e-32
   20   49    3.490603e-28   -1.963533e-32
   21   41    2.020772e-28   -3.434781e-29
   21   42    2.763062e-18   -1.138815e-19
   21   43    1.891704e-12   -3.978638e-18
   21   44    3.781297e-11   -6.658695e-17
   21   45    2.795431e-10    3.725127e-17
   21   46    1.244762e-11   -1.012655e-19
   21   47    5.020486e-13   -5.107799e-20
   21   48    3.880013e-15   -7.268844e-22
   21   49    3.612750e-17   -3.100447e-22
   21   50    5.362509e-24   -1.548456e-27
   21   51    2.155647e-29   -5.120224e-32
   22   43    2.806839e-24   -1.653407e-25
   22   44    4.717952e-11   -9.317091e-22
   22   45    1.402309e-11   -3.724989e-17
   22   46    2.128775e-09    2.694537e-19
   22   47    2.975118e-10    5.717641e-18
   22   48    5.511396e-10    2.993580e-19
   22   49    1.144611e-11    2.013197e-19
   22   50    4.096762e-12    1.292470e-26
   22   51    1.005253e-17   -8.507988e-22
   22   52    3.480414e-21   -1.004992e-24
   22   53    1.907768e-29   -1.718314e-32
   23   45    5.796873e-24   -4.268464e-25
   23   46    3.137586e-18   -2.188304e-19
   23   47    3.763169e-13   -5.666549e-18
   23   48    1.399049e-11   -2.540886e-19
   23   49    1.945755e-10    7.110513e-18
   23   50    1.561206e-11    3.489668e-25
   23   51    2.958709e-11    2.040412e-18
   23   52    7.292204e-15   -9.545754e-19
   23   53    3.362916e-17   -1.031760e-20
   23   54    2.874339e-24   -1.699965e-27
   23   55    4.483753e-28   -2.031710e-30
   24   47    1.841532e-23   -1.179111e-24
   24   48    1.175979e-13   -4.454255e-20
   24   49    6.255693e-13   -7.311523e-18
   24   50    4.141869e-10    1.507071e-21
   24   51    1.657302e-10   -1.078502e-18
   24   52    8.079827e-10    1.739384e-18
   24   53    4.449051e-12    1.031793e-20
   24   54    1.459499e-12    1.139006e-20
   24   55    1.987948e-18   -2.788167e-22
   24   56    4.733752e-21   -3.938539e-25
   24   57    1.220525e-29   -1.703648e-32
   25   49    4.218824e-30   -4.002816e-31
   25   50    2.925244e-20   -1.507878e-21
   25   51    9.045061e-14   -9.610589e-19
   25   52    3.258879e-12   -7.835585e-19
   25   53    9.872984e-11    1.874790e-18
   25   54    1.043130e-11   -1.138986e-20
   25   55    3.762072e-11    2.561335e-19
   25   56    5.500138e-15   -1.744113e-20
   25   57    6.859084e-17   -2.244702e-20
   25   58    3.309844e-23   -3.249510e-25
   25   59    2.590148e-26   -1.658441e-28
   26   51    2.014204e-26   -2.421415e-27
   26   52    1.261857e-15   -1.248394e-21
   26   53    3.250135e-14   -1.874790e-18
   26   54    4.358722e-10    2.781395e-23
   26   55    7.396525e-10   -2.391175e-19
   26   56    1.637916e-07    2.273754e-20
   26   57    5.999791e-10    2.390234e-18
   26   58    5.275127e-09    1.909682e-18
   26   59    4.901854e-14   -3.679247e-22
   26   60    1.354475e-15    1.912988e-29
   26   61    2.016657e-23   -1.649656e-27
   26   62    8.119781e-26   -3.516959e-29
   27   54    5.163110e-22   -2.828225e-23
   27   55    3.588598e-14   -1.673866e-20
   27   56    1.241899e-12   -5.261137e-21
   27   57    1.884366e-09   -2.341103e-18
   27   58    3.964961e-10   -1.909680e-18
   27   59    2.202427e-08    6.452009e-22
   27   60    1.177456e-11   -3.118421e-17
   27   61    2.383963e-12   -1.182075e-17
   27   62    9.224208e-18   -1.290596e-21
   27   63    1.398605e-19   -1.497942e-22
   27   64    3.542975e-28   -3.478401e-29
   27   65    7.607460e-29   -2.609640e-31
   28   55    2.391221e-29   -3.726432e-30
   28   56    2.040891e-15   -1.140591e-22
   28   57    1.170816e-13   -2.660888e-20
   28   58    1.988145e-08   -2.977850e-23
   28   59    2.229924e-08    5.161607e-22
   28   60    1.074909e-05    3.131142e-17
   28   61    8.747876e-08    2.022805e-16
   28   62    6.501819e-06    3.934388e-15
   28   63    3.722837e-10    5.427287e-21
   28   64    1.456719e-09    5.665015e-17
   28   65    1.346161e-15   -4.369896e-21
   28   66    1.011186e-16   -1.515254e-23
   28   67    3.176063e-24   -5.196986e-27
   28   68    5.808058e-27   -2.243203e-30
   29   58    1.220587e-26   -1.124425e-28
   29   59    2.403350e-18   -8.633101e-22
   29   60    6.528739e-15   -1.393425e-19
   29   61    7.914517e-11   -1.904473e-16
   29   62    7.806491e-11   -3.933779e-15
   29   63    6.036709e-08    4.906589e-17
   29   64    2.144810e-10   -1.119180e-16
   29   65    8.741314e-09    2.669767e-18
   29   66    3.715144e-13   -3.575906e-17
   29   67    1.081856e-13   -1.429943e-20
   29   68    5.638483e-20   -5.577989e-23
   29   69    5.165698e-22   -8.452601e-26
   29   71    6.044922e-30   -2.346069e-32
   30   60    8.895312e-22   -1.819409e-25
   30   61    5.028152e-19   -1.645512e-22
   30   62    6.874212e-13   -6.159828e-19
   30   63    3.807955e-12   -4.906262e-17
   30   64    5.272891e-08    5.526794e-17
   30   65    1.907760e-09   -2.619695e-18
   30   66    2.352627e-06    3.577444e-17
   30   67    5.332166e-10    4.187222e-17
   30   68    1.895465e-08    7.299573e-17
   30   69    6.363175e-14   -4.813686e-19
   30   70    2.359141e-14    3.056022e-17
   30   71    3.037266e-21   -2.389764e-25
   30   72    3.975317e-22   -6.994080e-29
   30   73    3.922495e-30   -4.916059e-33
   30   74    5.781925e-29   -1.792595e-32
   31   63    5.945302e-26   -5.735448e-29
   31   64    1.065557e-20   -1.996454e-24
   31   65    1.393818e-15   -4.561389e-20
   31   66    2.133896e-14   -1.851212e-20
   31   67    4.005473e-10   -4.184630e-17
   31   68    1.015635e-11   -7.250831e-17
   31   69    3.342815e-09    8.367914e-18
   31   70    1.316065e-12   -6.110576e-17
   31   71    2.617869e-12    1.477453e-17
   31   72    1.434686e-17   -8.312065e-24
   31   73    1.770685e-17   -2.980945e-23
   31   74    3.658598e-23   -2.386451e-27
   31   75    6.757667e-25   -1.579652e-28
   31   77    1.303220e-29   -2.952628e-32
   32   64    6.029714e-28   -2.774913e-31
   32   65    3.257877e-25   -3.095329e-28
   32   66    1.710532e-17   -6.084639e-23
   32   67    3.238642e-16   -8.501669e-21
   32   68    4.117406e-10   -4.873725e-19
   32   69    3.759551e-11   -7.886542e-18
   32   70    3.507596e-07    3.054454e-17
   32   71    4.854284e-10   -1.451399e-17
   32   72    4.100452e-07    6.553917e-20
   32   73    5.569456e-11    5.934835e-18
   32   74    3.943657e-10    1.520876e-19
   32   75    5.542690e-15   -1.361091e-20
   32   76    1.164915e-15    6.947472e-20
   32   77    1.109131e-21   -1.201004e-26
   32   78    1.614473e-23   -9.005975e-29
   32   80    1.170437e-29   -1.168587e-32
   33   68    1.986138e-26   -3.853885e-30
   33   69    1.651307e-19   -5.369563e-24
   33   70    1.306062e-17   -1.209026e-22
   33   71    2.029180e-12   -2.593587e-19
   33   72    2.112057e-13    8.584421e-19
   33   73    1.397722e-09    1.116208e-17
   33   74    7.928232e-12   -2.007424e-19
   33   75    6.152093e-10    2.155444e-17
   33   76    2.196620e-13   -1.375331e-19
   33   77    2.033468e-13   -4.287911e-20
   33   78    2.063160e-18   -1.125223e-23
   33   79    3.464785e-19   -2.074179e-23
   33   80    7.754382e-25   -1.502563e-27
   33   81    1.129519e-26   -9.784773e-30
   33   83    8.096897e-30   -1.793079e-32
   34   70    5.484354e-21   -6.550336e-26
   34   71    3.742877e-19   -3.876252e-23
   34   72    2.306138e-11   -9.249028e-19
   34   73    1.243574e-11   -1.709594e-17
   34   74    2.352740e-07    4.671916e-20
   34   75    7.582338e-09   -2.071203e-17
   34   76    9.513449e-07    4.497745e-19
   34   77    1.623099e-09    1.012837e-16
   34   78    2.483321e-08    8.077134e-16
   34   79    5.159523e-12    9.276540e-23
   34   80    3.242678e-12    1.533315e-17
   34   81    9.725087e-17   -8.217196e-22
   34   82    9.605970e-18    8.478697e-21
   34   83    1.610480e-24   -4.264484e-29
   34   84    2.838764e-26   -4.495212e-30
   35   72    1.747225e-30   -6.600058e-34
   35   73    4.772858e-22   -7.105547e-26
   35   74    9.956308e-19   -1.555007e-23
   35   75    1.617277e-13   -8.269763e-19
   35   76    7.548470e-13   -3.226221e-19
   35   77    7.053440e-10   -9.815749e-17
   35   78    1.062940e-11   -8.077134e-16
   35   79    2.137174e-09    3.808904e-16
   35   80    9.645043e-12   -2.620196e-16
   35   81    3.067550e-11    8.529460e-22
   35   82    3.658302e-14   -3.060415e-20
   35   83    9.973759e-15   -3.400000e-20
   35   84    1.414761e-19   -3.258091e-24
   35   85    7.784136e-21   -1.331406e-24
   35   86    1.405738e-30   -7.635720e-34
   36   73    2.187456e-30   -2.477989e-33
   36   74    3.515536e-23   -1.500652e-27
   36   75    4.184992e-20   -4.565264e-24
   36   76    1.130637e-13   -6.335927e-20
   36   77    4.666458e-13   -3.078910e-18
   36   78    1.555138e-08   -2.249931e-22
   36   79    1.624797e-09   -3.808495e-16
   36   80    4.315310e-07    2.522004e-16
   36   81    7.048843e-09    4.804279e-17
   36   82    2.755666e-07    7.789262e-18
   36   83    8.686096e-10    1.232696e-17
   36   84    7.369192e-09    1.213290e-18
   36   85    2.188904e-12   -1.719845e-22
   36   86    1.373988e-12    8.937141e-18
   36   87    1.753404e-20   -1.128429e-25
   36   88    1.909873e-25   -5.503913e-31
   37   77    4.262955e-24   -5.367249e-28
   37   78    1.060394e-21   -8.674049e-26
   37   79    1.909584e-15   -4.075621e-20
   37   80    5.619880e-15   -5.517023e-18
   37   81    2.689252e-11   -4.802856e-17
   37   82    5.982111e-12   -7.591778e-18
   37   83    3.108049e-09   -9.967473e-18
   37   84    1.167420e-10   -1.213727e-18
   37   85    1.618975e-08    5.651056e-18
   37   86    4.884527e-10   -1.779573e-17
   37   87    1.416738e-09    6.824240e-24
   37   88    3.889880e-16   -1.072522e-20
   37   89    1.271105e-20   -4.105068e-25
   37   90    1.065339e-28   -2.048107e-32
   38   78    2.540568e-26   -1.496556e-29
   38   79    4.006853e-23   -8.551780e-27
   38   80    9.660470e-17   -4.390927e-22
   38   81    4.880564e-16   -1.079194e-20
   38   82    1.320193e-11   -1.764951e-19
   38   83    9.204975e-12   -2.324280e-18
   38   84    5.721845e-09    1.542692e-21
   38   85    1.075864e-09   -5.542534e-18
   38   86    1.492218e-07    8.987681e-18
   38   87    1.647371e-08    2.886024e-17
   38   88    9.119174e-07    1.852567e-18
   38   89    2.738957e-12   -1.795614e-20
   38   90    6.800252e-16   -1.825602e-26
   38   91    6.539374e-23   -5.579591e-29
   38   92    1.251967e-27   -3.779601e-33
   39   81    8.944222e-29   -3.661361e-32
   39   82    2.842837e-25   -8.813813e-28
   39   83    8.383101e-20   -1.443913e-23
   39   84    1.758783e-19   -1.125933e-21
   39   85    3.581406e-14   -1.085223e-19
   39   86    2.342340e-13   -1.284742e-19
   39   87    2.832579e-10   -2.878412e-17
   39   88    5.760438e-10   -1.433055e-18
   39   89    2.761240e-07    3.178518e-17
   39   90    8.153829e-12   -1.039710e-18
   39   91    5.679835e-15   -3.303730e-23
   39   92    1.731051e-20   -4.000286e-26
   39   93    1.475010e-24   -1.182914e-30
   39   95    1.146207e-30   -5.462723e-35
   40   82    8.370444e-30   -4.325219e-34
   40   83    1.407267e-28   -9.868720e-32
   40   84    1.987182e-21   -1.950959e-25
   40   85    1.501623e-20   -9.330766e-25
   40   86    3.092168e-15   -1.533182e-21
   40   87    1.469343e-14   -7.513361e-20
   40   88    1.000992e-10   -4.091551e-19
   40   89    3.044089e-10   -3.176569e-17
   40   90    6.825998e-07    1.050003e-18
   40   91    1.846152e-10    1.614941e-21
   40   92    1.325179e-12    8.950353e-25
   40   93    3.569592e-17    3.294665e-27
   40   94    4.308534e-20    1.966736e-31
   40   95    2.133395e-25   -9.737325e-34
   40   96    5.591026e-29   -6.033419e-39
   41   87    7.645984e-25   -1.443595e-28
   41   88    1.110107e-21   -3.810656e-26
   41   89    2.458901e-16   -1.828864e-21
   41   90    1.914631e-14   -1.071810e-20
   41   91    2.348730e-10    2.910699e-20
   41   92    7.349414e-13   -4.001663e-20
   41   93    2.797072e-14    1.983846e-24
   41   94    5.739080e-18    4.026750e-28
   41   95    3.057037e-20   -2.976312e-28
   41   96    8.510641e-25   -2.969968e-31
   41   97    9.986956e-28   -6.808989e-33
   42   88    1.430101e-26   -8.561239e-31
   42   89    4.147842e-24   -9.470309e-28
   42   90    7.820298e-18   -1.122446e-23
   42   91    9.293317e-16   -2.943205e-20
   42   92    4.525177e-10    4.001714e-20
   42   93    7.391901e-12    2.802213e-21
   42   94    9.269618e-12    7.698399e-21
   42   95    7.459612e-15    1.334462e-19
   42   96    4.902564e-16    2.107914e-22
   42   97    2.030371e-20    4.407509e-30
   42   98    1.735145e-22    3.837307e-33
   42   99    3.918522e-29   -4.271954e-36
   42  100    7.445377e-26    1.022408e-27
   43   91    1.708111e-27   -2.670377e-31
   43   92    3.481278e-23   -3.883741e-27
   43   93    9.247401e-16   -2.801787e-21
   43   94    4.610491e-15    4.775325e-18
   43   95    3.262047e-13    9.547894e-18
   43   96    2.658975e-15   -2.316761e-22
   43   97    4.814522e-15    5.903223e-19
   43   98    1.204448e-18    1.317702e-28
   43   99    8.117890e-20    5.260196e-32
   43  100    5.484619e-25   -2.044814e-27
   43  101    9.437094e-27   -3.239538e-31
   43  102    4.483093e-29   -2.491345e-31
   43  103    7.649882e-27   -4.506268e-30
   44   92    1.227412e-27   -1.650752e-31
   44   93    6.997918e-22   -3.452484e-25
   44   94    5.047200e-13   -4.783023e-18
   44   95    1.952495e-12   -9.681340e-18
   44   96    1.640323e-10    1.954214e-23
   44   97    5.022058e-12   -5.896487e-19
   44   98    5.608171e-11    1.134456e-20
   44   99    1.036432e-13    7.225945e-21
   44  100    8.510206e-14    1.849736e-21
   44  101    5.372353e-18    4.820482e-23
   44  102    4.033409e-19    2.644377e-26
   44  103    1.561580e-24    4.494865e-30
   44  104    3.599178e-23    9.519265e-25
   44  105    2.871366e-30   -5.165077e-36
   45   95    9.059526e-23   -8.894453e-27
   45   96    5.076868e-21   -2.475124e-25
   45   97    6.024072e-17   -6.544789e-22
   45   98    8.088878e-17    9.078508e-19
   45   99    3.391130e-13    7.907845e-18
   45  100    4.702845e-15    1.010045e-17
   45  101    1.704457e-13    8.514389e-18
   45  102    8.216081e-17   -2.131889e-26
   45  103    3.253150e-17    1.448633e-20
   45  104    1.367128e-21   -1.903852e-24
   45  105    1.031686e-22   -2.385124e-29
   45  106    3.521388e-28   -3.480398e-31
   45  107    4.748584e-26   -1.074204e-30
   45  108    8.200345e-29   -1.437662e-31
   46   96    1.720799e-23   -4.223615e-27
   46   97    1.111296e-19   -1.759749e-23
   46   98    3.370535e-14   -9.191958e-19
   46   99    3.450541e-13   -7.915071e-18
   46  100    1.096495e-10   -1.010230e-17
   46  101    8.814443e-12   -8.514383e-18
   46  102    1.679337e-10    5.577524e-22
   46  103    7.207072e-13    1.950112e-19
   46  104    1.975131e-12    5.517480e-20
   46  105    5.790525e-16    4.824265e-21
   46  106    1.514981e-16    4.243605e-20
   46  107    2.445320e-21    2.349113e-30
   46  108    3.364157e-21    8.574595e-23
   46  109    1.540972e-27    2.003381e-35
   46  110    7.852849e-26    1.298672e-27
   46  111    2.046568e-29    0.000000e+00
   47   99    3.099650e-25   -7.362751e-29
   47  100    6.921878e-23   -1.690467e-26
   47  101    1.192250e-18   -5.271377e-23
   47  102    1.471046e-17    8.197416e-21
   47  103    2.803871e-14    3.436496e-20
   47  104    7.777802e-15    8.277720e-17
   47  105    5.843376e-13    1.732368e-17
   47  106    2.071278e-15   -4.243602e-20
   47  107    1.863903e-15    2.954804e-18
   47  108    4.139813e-19   -8.574588e-23
   47  109    6.130917e-20    9.977895e-24
   47  110    1.084679e-24   -1.298670e-27
   47  111    5.345085e-26    6.245962e-38
   47  112    7.053743e-29    0.000000e+00
   47  113    2.654323e-26    0.000000e+00
   47  114    3.380459e-29    0.000000e+00
   48  100    2.864505e-28   -1.718317e-31
   48  101    3.029968e-23   -1.239477e-26
   48  102    9.811759e-17   -8.757201e-21
   48  103    3.626442e-15   -2.438601e-19
   48  104    9.736234e-12   -8.283237e-17
   48  105    1.959171e-12   -1.732851e-17
   48  106    1.455598e-10   -1.964554e-24
   48  107    2.347519e-12   -2.953927e-18
   48  108    1.317668e-11    2.392638e-21
   48  109    1.353994e-14    1.745492e-19
   48  110    1.633767e-14    4.859091e-21
   48  111    1.836877e-18    4.211967e-21
   48  112    3.771302e-19    1.460183e-21
   48  113    3.119371e-24    3.375733e-33
   48  114    4.904017e-23    1.317837e-24
   48  115    1.024278e-29    2.818876e-37
   49  103    1.446192e-29   -7.101473e-33
   49  104    3.842209e-26   -1.047839e-29
   49  105    1.887246e-21   -1.827272e-25
   49  106    8.192111e-21   -3.988994e-25
   49  107    5.771580e-17   -7.456593e-22
   49  108    2.827080e-16    1.299885e-18
   49  109    8.961115e-14    2.719905e-19
   49  110    2.910074e-15    5.021789e-17
   49  111    3.465555e-14    1.701283e-17
   49  112    4.452956e-17   -1.460181e-21
   49  113    2.023157e-17    5.482099e-22
   49  114    3.217044e-21   -1.317835e-24
   49  115    3.179995e-22    2.294095e-34
   49  116    4.419937e-27    1.342336e-35
   49  117    1.248896e-26    0.000000e+00
   49  118    2.912011e-28    0.000000e+00
   50  105    1.046597e-30   -9.943785e-34
   50  106    9.750012e-22   -2.497118e-25
   50  107    7.608006e-19   -1.287819e-22
   50  108    2.732484e-14   -1.302278e-18
   50  109    1.637421e-14   -4.465496e-19
   50  110    2.522977e-11   -5.022275e-17
   50  111    1.223704e-12   -1.701705e-17
   50  112    3.187895e-11   -3.748162e-25
   50  113    1.850876e-13   -5.469407e-22
   50  114    5.453223e-13    2.069971e-25
   50  115    4.493021e-16    5.973770e-25
   50  116    2.073420e-16    1.459321e-26
   50  117    1.562741e-20    6.144122e-25
   50  118    3.336661e-21    5.100821e-26
   50  119    1.281580e-25    2.703968e-27
   50  120    1.103313e-26    4.807002e-29
   50  121    1.110428e-28    0.000000e+00
   51  110    1.258278e-27   -1.611611e-30
   51  111    1.592349e-23   -6.253471e-27
   51  112    7.873718e-23   -4.511822e-26
   51  113    1.070740e-20   -7.880257e-25
   51  114    1.452615e-21   -2.043006e-25
   51  115    3.869568e-20   -5.914646e-25
   51  116    4.694292e-22    1.235596e-24
   51  117    2.102738e-19   -5.200972e-25
   51  118    3.740757e-22    2.122469e-24
   51  119    1.262208e-20    6.376173e-26
   51  120    1.556026e-24   -4.806946e-29
   51  121    5.736074e-25    6.957602e-28
   51  122    1.129130e-29    1.557774e-38
   51  123    9.677282e-27    0.000000e+00
   52  114    5.567170e-25   -1.798435e-29
   52  115    3.425751e-24   -2.899624e-28
   52  116    3.804865e-19   -1.250197e-24
   52  117    1.191198e-20   -9.431388e-26
   52  118    3.825426e-17   -2.173448e-24
   52  119    1.302309e-19    4.622155e-27
   52  120    6.232666e-17    1.709851e-26
   52  121    3.424622e-20    6.734044e-24
   52  122    1.355831e-19    2.425398e-24
   52  123    2.258330e-23    3.036417e-25
   52  124    2.645142e-24    3.050000e-29
   52  125    8.122485e-29    1.014493e-30
   53  117    1.894615e-28   -4.189513e-32
   53  118    1.084757e-24    5.625490e-28
   53  119    2.765926e-21   -2.470886e-26
   53  120    2.821641e-21    4.756678e-23
   53  121    1.745124e-18    5.026410e-24
   53  122    1.793527e-20    2.113510e-22
   53  123    4.924905e-19    4.656952e-23
   53  124    3.736261e-22   -3.046392e-29
   53  125    1.767998e-22    1.520907e-25
   53  126    2.378161e-26    8.296594e-36
   53  127    5.148980e-26    5.635463e-30
   53  128    2.187880e-28    0.000000e+00
   54  117    5.437803e-27   -3.910183e-40
   54  118    4.655631e-24   -6.014199e-28
   54  119    5.479716e-22   -4.637776e-26
   54  120    3.877390e-18   -4.758388e-23
   54  121    9.607500e-19   -1.176115e-23
   54  122    5.251883e-16   -2.137764e-22
   54  123    1.191672e-17   -4.687313e-23
   54  124    1.028159e-16   -2.797991e-30
   54  125    3.141633e-19   -1.520877e-25
   54  126    1.109946e-18   -2.311116e-33
   54  127    6.008254e-22   -5.607881e-30
   54  128    2.678897e-22    2.473240e-35
   54  129    2.849891e-26    3.855398e-36
   54  130    4.030531e-26    4.591775e-41
   54  131    1.949618e-28    0.000000e+00
   55  121    1.018840e-30   -1.098197e-38
   55  122    3.018045e-28   -1.427665e-39
   55  123    6.343805e-24   -3.606711e-35
   55  124    1.288055e-23    1.168148e-35
   55  125    1.923327e-20   -1.977087e-33
   55  126    1.074833e-21    2.119087e-33
   55  127    1.489319e-19   -1.071299e-32
   55  128    5.006168e-22    1.306209e-32
   55  129    1.438308e-21    2.557876e-35
   55  130    8.323146e-25    8.746266e-35
   55  131    2.300929e-25    6.993273e-38
   55  132    2.453989e-29    9.079615e-39
   55  133    4.304923e-26    0.000000e+00
   55  134    1.466899e-29    0.000000e+00
   56  121    4.209120e-28   -4.206137e-41
   56  122    3.099253e-25   -5.500028e-37
   56  123    4.692897e-24   -1.370920e-36
   56  124    3.625053e-20   -4.525935e-33
   56  125    1.753618e-20   -1.950004e-33
   56  126    2.305107e-17   -1.784182e-30
   56  127    1.228595e-18    1.605455e-30
   56  128    2.539833e-17   -1.038461e-30
   56  129    2.333436e-19    1.190321e-30
   56  130    2.602027e-18   -6.509643e-32
   56  131    3.983439e-21    9.364233e-32
   56  132    1.433859e-20   -3.310192e-35
   56  133    5.442975e-24    3.221795e-34
   56  134    1.355863e-24    2.057115e-37
   56  135    1.420876e-28    1.478576e-38
   56  136    3.532405e-26    0.000000e+00
   57  127    2.395116e-27   -1.937916e-37
   57  128    3.614711e-26    1.080192e-36
   57  129    1.168279e-22   -2.501452e-35
   57  130    7.517069e-23    4.607938e-36
   57  131    1.613444e-20   -2.004171e-33
   57  132    1.104764e-22    2.110436e-33
   57  133    1.402797e-20   -1.459494e-33
   57  134    3.949470e-23    1.488470e-33
   57  135    2.806903e-23    3.326649e-36
   57  136    2.296438e-26    1.699005e-36
   57  137    5.470054e-26    1.147944e-41
   57  138    1.162717e-28    0.000000e+00
   57  139    8.995775e-26    0.000000e+00
   58  125    1.302223e-30   -1.926785e-45
   58  127    4.621387e-27   -1.626277e-38
   58  128    5.508635e-23   -5.329691e-35
   58  129    1.275149e-22   -5.223897e-35
   58  130    1.803987e-19   -2.727598e-32
   58  131    3.174933e-20    1.078521e-32
   58  132    4.892286e-18   -4.005934e-31
   58  133    1.407088e-19    3.806119e-31
   58  134    4.182582e-18   -2.280301e-31
   58  135    3.218727e-20    2.479635e-31
   58  136    1.439969e-19   -1.372225e-33
   58  137    2.104955e-22    4.270054e-33
   58  138    3.522260e-22    8.228460e-36
   58  139    2.724838e-25    4.663177e-36
   58  140    5.881696e-26    4.327748e-39
   59  132    7.449429e-29   -1.060626e-39
   59  133    9.072019e-25   -2.419865e-36
   59  134    5.852036e-24   -4.709324e-37
   59  135    2.278137e-21   -4.404812e-34
   59  136    1.835432e-22    4.265634e-34
   59  137    2.089257e-20   -2.612042e-33
   59  138    1.581267e-22    2.760484e-33
   59  139    1.477089e-21   -7.786475e-35
   59  140    8.552186e-24    1.065189e-34
   59  141    6.332599e-24    5.150135e-37
   60  131    5.588861e-29   -2.802597e-43
   60  132    4.488285e-26   -2.264491e-37
   60  133    3.464035e-25   -4.203494e-36
   60  134    2.327661e-21   -7.466740e-34
   60  135    2.350747e-21   -6.642954e-34
   60  136    8.861907e-19   -1.080447e-31
   60  137    1.066810e-19    8.790666e-32
   60  138    3.764564e-18   -3.420452e-31
   60  139    1.094679e-19    3.481359e-31
   60  140    1.302401e-18   -2.137782e-32
   60  141    1.530099e-20    3.526558e-32
   60  142    9.852026e-20    9.148167e-34
   60  143    7.650811e-26    3.715997e-34
   60  144    2.210423e-29    1.429324e-43
   61  137    1.955581e-28   -5.516517e-38
   61  138    1.536950e-26   -4.383136e-38
   61  139    8.320971e-24   -8.018341e-36
   61  140    2.779937e-23    1.813200e-35
   61  141    1.475975e-20   -2.124541e-33
   61  142    2.457299e-21    1.877406e-33
   61  143    5.215020e-20   -1.101391e-33
   61  144    3.577835e-25    1.537252e-33
   61  145    2.109138e-28   -5.947429e-38
   61  146    3.146779e-29    0.000000e+00
   62  137    2.666286e-28   -9.008668e-40
   62  138    5.433760e-24   -4.317738e-36
   62  139    2.256889e-23   -9.647870e-36
   62  140    2.452569e-20   -5.145844e-33
   62  141    8.840642e-21    2.586464e-33
   62  142    3.204831e-18   -2.326523e-31
   62  143    5.164747e-19    1.892226e-31
   62  144    9.369861e-18   -5.546678e-32
   62  145    3.262456e-22    1.010567e-31
   62  146    4.560319e-25   -6.756386e-34
   62  147    2.009163e-30    6.778883e-39
   63  143    5.220372e-28   -1.066780e-39
   63  144    2.307769e-27   -5.165747e-40
   63  145    2.184804e-25   -1.611713e-38
   63  146    5.516112e-29    1.637167e-38
   64  146    3.076653e-29    0.000000e+00
    0    1    1.683349e-25   -3.875246e-26
    1    1    9.673840e-22   -4.372273e-22
    2    4    1.057724e-14   -1.450460e-16
