2.8611e-01
1.0997e-04
2.8288e+00
5.0122e+05
    1    2    2.987181e-17    2.954376e-19
    1    3    4.005930e-17    6.804900e-22
    2    3    1.381924e-14   -1.375521e-16
    3    6    9.624937e-23    2.033924e-24
    3    7    2.932552e-22    4.141397e-24
    4    7    1.419281e-20    1.699308e-22
    4    8    1.851342e-09    1.798222e-10
    4    9    2.315228e-27    1.902052e-28
    4   10    5.437764e-22    1.252796e-23
    5   10    2.432527e-17    2.823743e-19
    5   11    1.163020e-13    9.228204e-15
    5   12    5.277150e-23    4.352377e-24
    5   13    6.392376e-29    4.962712e-30
    6   11    1.445103e-10    9.024913e-12
    6   12    5.223480e-04   -5.656617e-06
    6   13    5.816191e-10   -9.851332e-12
    6   14    2.586003e-08    5.339484e-10
    6   15    6.960826e-21    2.316541e-22
    6   16    8.961977e-29    2.498019e-30
    7   12    8.232434e-21    5.276080e-22
    7   13    1.939574e-11   -3.286915e-13
    7   14    3.565161e-06    1.907175e-07
    7   15    4.330508e-06    2.059039e-07
    7   16    2.391227e-16    1.248797e-17
    7   17    4.627402e-21    1.970046e-22
    8   13    3.462935e-29    2.104656e-30
    8   14    1.074951e-14   -4.207410e-16
    8   15    3.625477e-08    1.143238e-09
    8   16    4.586953e-02    2.637013e-06
    8   17    1.823639e-06    1.496400e-08
    8   18    3.009867e-09    3.319136e-11
    8   19    1.327573e-16    1.945604e-18
    8   20    1.045240e-21    6.544447e-23
    8   21    7.923750e-30    4.965808e-31
    9   15    2.721472e-28   -6.691957e-30
    9   16    4.535393e-20    1.857104e-21
    9   17    2.088383e-11    4.118962e-14
    9   18    2.560088e-08   -8.593318e-11
    9   19    9.067725e-07    2.200279e-08
    9   20    8.322119e-12    2.731132e-13
    9   21    2.862927e-17    1.062603e-18
    9   22    1.838673e-25    8.873560e-27
    9   23    2.501372e-30    1.431381e-31
   10   17    6.511560e-29    2.376744e-30
   10   18    5.698491e-16   -1.978767e-18
   10   19    1.410474e-10    2.201683e-12
   10   20    8.257458e-03   -5.098522e-06
   10   21    3.111775e-05   -4.997368e-07
   10   22    4.578489e-06   -4.646732e-08
   10   23    1.437397e-12   -5.655176e-16
   10   24    2.262163e-17    6.435221e-19
   10   25    8.635495e-25    2.220498e-26
   11   19    7.239024e-27    3.241797e-29
   11   20    7.938508e-18    5.993416e-20
   11   21    5.966703e-09   -5.394145e-11
   11   22    2.423990e-07   -3.937281e-09
   11   23    1.500799e-04   -5.384734e-07
   11   24    1.785414e-09    9.261772e-12
   11   25    1.429765e-13    1.337228e-15
   11   26    1.539631e-19    2.383216e-21
   11   27    1.911266e-25    4.515459e-27
   12   21    2.072505e-23   -1.196877e-25
   12   22    2.822522e-14    5.133464e-17
   12   23    2.605906e-08   -4.278481e-10
   12   24    2.336938e-03    6.104560e-06
   12   25    1.609329e-04   -4.733197e-06
   12   26    3.317346e-04    1.422873e-06
   12   27    2.467541e-10    3.155896e-12
   12   28    3.178790e-15    7.089299e-17
   12   29    4.342302e-23    9.069694e-25
   12   30    5.113785e-29    1.434714e-30
   13   23    8.687761e-27    3.488640e-28
   13   24    6.648350e-16   -1.478837e-17
   13   25    9.814334e-10   -5.180571e-12
   13   26    8.893681e-10    3.291819e-11
   13   27    2.641288e-04   -9.599966e-07
   13   28    1.030119e-08    3.698204e-11
   13   29    1.060872e-12    3.136890e-14
   13   30    3.925308e-18    1.314374e-19
   13   31    2.585264e-23    1.065939e-24
   14   25    5.029774e-23   -1.992663e-24
   14   26    8.540348e-14   -1.129513e-15
   14   27    2.982571e-08    2.674882e-10
   14   28    2.886743e-04    1.191570e-06
   14   29    9.444103e-05    9.674491e-07
   14   30    5.453451e-05    1.003682e-06
   14   31    4.752898e-09    1.197275e-10
   14   32    1.381761e-13    6.075510e-15
   14   33    4.234569e-20    1.648029e-21
   14   34    1.570337e-25    7.778547e-27
   15   27    5.805646e-23   -7.120128e-25
   15   28    1.363014e-15    3.441385e-18
   15   29    2.709378e-10   -1.777216e-12
   15   30    2.186621e-09    6.313248e-11
   15   31    4.311548e-06    1.675061e-07
   15   32    3.755505e-10    1.722883e-11
   15   33    8.539954e-11    3.865488e-12
   15   34    2.495042e-15    1.241048e-16
   15   35    7.964534e-20    4.562361e-21
   15   36    3.128200e-28    1.797293e-29
   16   28    1.552244e-30   -3.383553e-32
   16   29    2.930264e-21   -3.520189e-23
   16   30    1.829763e-14   -2.973243e-16
   16   31    7.082221e-10    1.219108e-11
   16   32    7.412273e-06    2.316964e-07
   16   33    1.661298e-07    5.697445e-09
   16   34    1.220050e-08    5.785119e-10
   16   35    1.527209e-11    7.920951e-13
   16   36    9.540282e-13    3.720559e-14
   16   37    2.688877e-19    9.215483e-21
   16   38    7.658078e-24    3.183467e-25
   16   39    1.526228e-30    5.545160e-32
   17   31    1.646143e-24   -2.038837e-26
   17   32    2.438931e-19    2.832059e-22
   17   33    5.628296e-15    3.127501e-16
   17   34    8.006444e-10    1.445244e-11
   17   35    9.288448e-09    3.869375e-10
   17   36    2.499813e-11    8.040588e-13
   17   37    1.322573e-11    2.684807e-13
   17   38    5.947887e-16    9.586791e-18
   17   39    1.742632e-19    4.040961e-21
   17   40    3.813279e-24    5.346170e-26
   17   41    1.084271e-27    2.216488e-29
   18   33    2.567586e-29    4.105539e-31
   18   34    1.628824e-18    5.698365e-20
   18   35    3.147070e-11    1.224803e-14
   18   36    2.329231e-08    2.646156e-10
   18   37    3.113724e-10    3.985225e-12
   18   38    1.055421e-09    2.813278e-11
   18   39    2.134448e-12    5.858266e-14
   18   40    1.816650e-13    5.448957e-15
   18   41    2.739908e-17    8.561137e-19
   18   42    2.230110e-19    2.549767e-21
   18   43    7.892162e-24    1.749956e-26
   18   44    2.079589e-27    1.724761e-29
   19   35    5.884160e-29    2.339711e-30
   19   36    2.354931e-19   -1.316432e-21
   19   37    1.124786e-15    6.712096e-18
   19   38    1.321530e-12   -3.137528e-15
   19   39    3.303643e-09    5.299052e-11
   19   40    1.605563e-11    3.316257e-13
   19   41    4.529326e-12   -3.653335e-14
   19   42    1.181221e-14   -2.555431e-17
   19   43    1.262547e-16   -4.940826e-18
   19   44    1.340205e-19   -4.679536e-21
   19   45    2.271064e-22   -6.904863e-24
   19   46    6.209836e-26   -1.671720e-27
   20   38    2.019788e-19   -3.048024e-21
   20   39    2.274120e-14   -4.534915e-16
   20   40    3.028575e-08   -9.462484e-11
   20   41    9.832908e-10   -1.690001e-11
   20   42    1.370384e-09   -8.630395e-11
   20   43    1.205524e-10   -8.765523e-12
   20   44    1.015230e-10   -1.002949e-11
   20   45    4.043513e-13   -3.888984e-14
   20   46    9.233950e-14   -8.627447e-15
   20   47    1.052520e-16   -8.974697e-18
   20   48    1.288857e-19   -8.368510e-21
   20   49    5.494026e-25   -4.144729e-26
   20   50    1.808319e-29   -1.571898e-30
   21   40    3.167658e-24   -5.511641e-26
   21   41    1.218327e-16   -5.110312e-19
   21   42    6.966743e-14   -2.413414e-15
   21   43    4.500786e-11   -3.815971e-12
   21   44    7.357912e-11   -8.364198e-12
   21   45    2.520353e-10   -2.831842e-11
   21   46    8.154348e-12   -8.506896e-13
   21   47    3.444745e-13   -2.839571e-14
   21   48    2.247954e-15   -1.672781e-16
   21   49    5.724298e-17   -3.379662e-18
   21   50    4.163260e-21   -2.975843e-22
   21   51    9.673093e-25   -7.615545e-26
   21   52    1.669686e-30   -1.496129e-31
   22   42    4.335005e-22   -9.020706e-24
   22   43    1.146665e-16   -6.512916e-18
   22   44    5.961910e-10   -8.954531e-11
   22   45    7.393222e-11   -9.791573e-12
   22   46    2.860407e-09   -2.513655e-10
   22   47    1.087744e-09   -1.003646e-10
   22   48    1.176331e-09   -1.047656e-10
   22   49    6.086164e-11   -5.059570e-12
   22   50    1.081333e-11   -6.855180e-13
   22   51    5.296642e-15   -3.946438e-16
   22   52    7.369699e-18   -4.969495e-19
   22   53    1.031879e-22   -8.254863e-24
   22   54    1.791367e-26   -1.642044e-27
   23   44    4.377733e-24   -2.779500e-25
   23   45    5.344388e-21   -5.812208e-22
   23   46    6.356832e-14   -9.676705e-15
   23   47    1.624468e-10   -1.719716e-11
   23   48    2.643595e-10   -2.695632e-11
   23   49    2.432563e-09   -2.230635e-10
   23   50    1.097625e-10   -9.077101e-12
   23   51    6.440973e-10   -3.868567e-11
   23   52    8.532581e-12   -5.872614e-13
   23   53    4.095322e-14   -2.403681e-15
   23   54    2.097113e-18   -1.552815e-19
   23   55    4.037458e-21   -3.013481e-22
   23   56    2.382331e-27   -2.001195e-28
   24   46    8.319838e-25   -1.103253e-25
   24   47    3.124066e-16   -5.489972e-17
   24   48    8.736745e-12   -9.600319e-13
   24   49    2.960317e-11   -3.103165e-12
   24   50    1.508905e-08   -1.201493e-09
   24   51    9.184068e-09   -6.489536e-10
   24   52    1.909818e-08   -8.360320e-10
   24   53    5.034490e-10   -1.385854e-11
   24   54    9.123141e-11   -1.031269e-12
   24   55    4.139096e-14   -1.025251e-15
   24   56    1.034546e-16   -1.756101e-18
   24   57    1.190506e-21   -3.331031e-23
   24   58    9.447844e-25   -3.145554e-26
   25   48    1.505343e-23   -2.765459e-24
   25   49    1.885957e-18   -2.222114e-19
   25   50    9.877256e-15   -1.212148e-15
   25   51    3.269238e-10   -3.018841e-11
   25   52    1.238938e-09   -9.971292e-11
   25   53    2.278475e-08   -7.775129e-10
   25   54    1.790228e-09   -3.568177e-11
   25   55    8.722042e-10    9.698868e-13
   25   56    9.167679e-12   -9.768049e-14
   25   57    9.301263e-14   -2.797589e-16
   25   58    1.937869e-17   -3.641891e-19
   25   59    1.310264e-19   -2.342811e-21
   25   60    1.233601e-24   -3.746803e-26
   25   61    9.066284e-28   -4.242302e-29
   26   49    6.275967e-30   -1.231618e-30
   26   50    3.222194e-23   -4.497135e-24
   26   51    1.798689e-17   -2.541700e-18
   26   52    2.490862e-12   -2.199021e-13
   26   53    2.949341e-11   -2.557862e-12
   26   54    9.615592e-08   -1.427696e-09
   26   55    4.247605e-08   -3.927295e-10
   26   56    3.083184e-07   -6.058742e-09
   26   57    2.652205e-08   -8.571819e-10
   26   58    2.507199e-08   -4.238746e-10
   26   59    4.467130e-11   -1.404669e-12
   26   60    7.653411e-13   -1.769425e-14
   26   61    2.124604e-17   -7.671252e-19
   26   62    8.987201e-20   -2.708215e-21
   26   63    2.032037e-25   -7.847698e-27
   26   64    1.827156e-28   -9.435423e-30
   27   52    4.356275e-27   -6.145876e-28
   27   53    7.563336e-20   -7.071669e-21
   27   54    4.923127e-15   -5.092963e-16
   27   55    9.602705e-10   -2.534117e-11
   27   56    1.409525e-09   -2.600798e-11
   27   57    2.042600e-07   -8.661644e-09
   27   58    5.133473e-08   -1.519330e-09
   27   59    2.752754e-07   -8.005512e-09
   27   60    7.224688e-09   -2.686482e-10
   27   61    3.713583e-10   -9.366103e-12
   27   62    3.431422e-13   -1.463294e-14
   27   63    1.280016e-14   -4.198227e-16
   27   64    5.735918e-19   -2.699911e-20
   27   65    6.042657e-21   -3.458196e-22
   27   66    2.875359e-26   -1.949317e-27
   28   54    3.907473e-25   -4.381116e-26
   28   55    2.011636e-18   -2.412161e-19
   28   56    6.439870e-12   -1.811875e-13
   28   57    8.154888e-11   -2.678833e-12
   28   58    1.527681e-06   -4.006061e-08
   28   59    1.036350e-06   -4.064627e-08
   28   60    5.242985e-06   -2.860531e-08
   28   61    9.904600e-07   -7.386627e-09
   28   62    1.927752e-06    3.358133e-08
   28   63    1.663077e-08    2.913284e-11
   28   64    1.529761e-08    2.526376e-10
   28   65    7.081782e-12    1.422022e-14
   28   66    2.142805e-13    2.120288e-15
   28   67    8.271568e-18   -2.746289e-20
   28   68    5.260619e-20    1.327292e-22
   28   69    5.742706e-26   -2.535332e-28
   29   57    2.362409e-21   -6.411350e-23
   29   58    6.729092e-17   -2.961918e-18
   29   59    4.739666e-11   -1.939505e-12
   29   60    1.108187e-09   -6.525458e-11
   29   61    3.889040e-08   -9.073040e-10
   29   62    6.260574e-08   -1.180206e-09
   29   63    1.048852e-06    1.163911e-08
   29   64    1.141730e-07    5.711934e-10
   29   65    1.602122e-07    1.232321e-09
   29   66    9.833032e-10   -9.944693e-12
   29   67    1.633063e-10    5.937099e-13
   29   68    4.237439e-14   -5.188946e-16
   29   69    2.110437e-15   -1.819112e-17
   29   70    2.186335e-20   -3.913704e-22
   29   71    3.214887e-22   -9.692047e-24
   29   72    7.521387e-28   -2.987517e-29
   30   58    3.914875e-29   -1.388227e-30
   30   59    4.462243e-23   -2.505286e-24
   30   60    9.415999e-15   -4.939353e-16
   30   61    4.606501e-12   -3.427684e-13
   30   62    2.704054e-09   -8.298473e-11
   30   63    2.414839e-09   -3.951828e-11
   30   64    3.053812e-06   -1.054749e-08
   30   65    7.556376e-07   -2.960044e-09
   30   66    3.136009e-06    6.489718e-08
   30   67    7.881536e-08    3.742896e-10
   30   68    1.456786e-07    2.050387e-09
   30   69    1.760284e-10   -2.100710e-13
   30   70    9.346433e-11   -2.214707e-13
   30   71    1.629561e-14   -2.612933e-16
   30   72    1.096401e-15   -1.877471e-18
   30   73    3.345859e-20   -4.536879e-22
   30   74    7.087977e-22   -3.279687e-24
   30   75    1.697476e-27   -2.343375e-29
   31   61    1.846128e-26   -5.635588e-28
   31   62    4.013529e-18   -3.439785e-19
   31   63    5.560899e-15   -2.273245e-16
   31   64    2.527963e-13   -8.469779e-15
   31   65    1.487632e-09   -3.052723e-11
   31   66    6.350772e-09   -1.504250e-10
   31   67    2.392042e-07   -1.568968e-10
   31   68    4.593036e-08   -2.966358e-10
   31   69    2.782027e-07    1.103425e-10
   31   70    7.763825e-09   -1.587874e-10
   31   71    6.720308e-09   -4.778585e-11
   31   72    1.094803e-11   -2.745114e-13
   31   73    4.247766e-12   -2.848764e-14
   31   74    2.728490e-15   -6.622937e-17
   31   75    3.869332e-16   -4.958362e-18
   31   76    7.083448e-21   -1.991932e-22
   31   77    4.032836e-22   -1.523048e-23
   31   78    4.363643e-27   -2.306201e-28
   32   63    1.176863e-25   -1.116463e-26
   32   64    6.453613e-19   -3.359503e-20
   32   65    1.765107e-16   -8.763652e-18
   32   66    2.865577e-11   -8.241005e-13
   32   67    9.683275e-11   -2.935827e-12
   32   68    1.161448e-07   -2.954382e-09
   32   69    3.965861e-08   -8.600902e-10
   32   70    1.492219e-06    1.019741e-08
   32   71    1.570877e-07   -1.180382e-09
   32   72    4.317443e-07    1.054591e-08
   32   73    8.996157e-09    6.718490e-11
   32   74    1.895012e-08    4.043280e-10
   32   75    6.976613e-11    2.845422e-13
   32   76    1.857184e-11    3.223912e-13
   32   77    8.730040e-15    1.457001e-17
   32   78    8.230034e-16    5.867612e-18
   32   79    6.532451e-20   -4.114476e-22
   32   80    1.237550e-21   -1.765376e-23
   32   81    2.834449e-27   -6.702256e-29
   33   65    1.677869e-29   -7.654047e-31
   33   66    2.393308e-22   -1.438864e-23
   33   67    1.072971e-17   -3.980556e-19
   33   68    1.514163e-15   -6.892995e-17
   33   69    9.234221e-12   -3.658529e-13
   33   70    5.241146e-11   -2.163853e-12
   33   71    1.395464e-08   -1.770283e-10
   33   72    6.996078e-09   -1.407528e-10
   33   73    1.601821e-07    2.553268e-09
   33   74    3.097728e-08    1.092869e-10
   33   75    7.016693e-08    1.411556e-09
   33   76    2.257219e-09   -4.341641e-12
   33   77    2.149422e-09    3.888201e-11
   33   78    2.787732e-12   -5.626941e-15
   33   79    3.541914e-12    7.592724e-14
   33   80    2.415764e-15    1.025991e-17
   33   81    6.074303e-16    3.794643e-18
   33   82    7.739277e-21   -4.707147e-23
   33   83    1.327060e-22   -3.533075e-24
   33   84    4.760062e-30   -1.446355e-31
   34   67    1.294623e-30   -8.608523e-32
   34   68    1.621612e-21   -8.059881e-23
   34   69    7.949232e-19   -5.214389e-20
   34   70    7.728271e-14   -3.828441e-15
   34   71    6.621027e-13   -3.200979e-14
   34   72    3.416519e-09   -1.078963e-10
   34   73    2.043985e-09   -1.435669e-11
   34   74    1.022703e-07    8.476272e-10
   34   75    7.384239e-08    2.662743e-10
   34   76    3.163298e-07    9.332114e-09
   34   77    4.165778e-08    5.563290e-10
   34   78    7.699885e-08    2.996781e-09
   34   79    2.043184e-09    4.311121e-11
   34   80    2.413751e-09    8.525341e-11
   34   81    1.430718e-11    2.517058e-13
   34   82    5.975828e-12    1.716653e-13
   34   83    9.739531e-16    1.419770e-17
   34   84    9.187503e-17    1.458175e-18
   34   85    7.085774e-23    7.127599e-25
   34   86    5.528944e-28   -3.809501e-30
   35   70    2.660624e-25   -1.966418e-26
   35   71    1.005737e-20   -5.549779e-22
   35   72    2.963706e-18   -1.842667e-19
   35   73    9.076817e-14   -3.987526e-15
   35   74    9.965526e-13   -2.558771e-14
   35   75    2.674002e-10   -2.194439e-12
   35   76    1.168998e-09   -9.420307e-12
   35   77    3.961239e-08    6.998146e-10
   35   78    9.445808e-09    8.236663e-11
   35   79    6.234741e-08    2.274779e-09
   35   80    1.465217e-08    2.375983e-10
   35   81    4.071151e-08    1.709170e-09
   35   82    3.126822e-09    6.542905e-11
   35   83    6.378958e-09    3.350558e-10
   35   84    1.770185e-11    6.144708e-13
   35   85    1.025769e-11    6.320135e-13
   35   86    3.044663e-17    1.621248e-18
   35   87    1.539369e-21    5.490746e-23
   35   88    1.617496e-27    4.692546e-29
   36   72    4.830335e-25   -3.275121e-26
   36   73    2.494056e-21   -2.015957e-22
   36   74    2.838283e-16   -1.349441e-17
   36   75    4.543539e-15   -1.398880e-16
   36   76    3.651495e-11   -5.467597e-13
   36   77    5.518169e-11    1.749975e-13
   36   78    6.565865e-09    7.393333e-11
   36   79    8.776328e-09    1.631814e-10
   36   80    3.673624e-08    1.026042e-09
   36   81    1.906354e-08    4.108473e-10
   36   82    6.897564e-08    2.457794e-09
   36   83    1.316654e-08    2.830159e-10
   36   84    4.532444e-08    1.005008e-09
   36   85    1.423047e-09    2.813729e-12
   36   86    2.331492e-09    5.938040e-11
   36   87    7.116778e-14    9.575312e-16
   36   88    3.713089e-17   -2.618123e-19
   36   89    1.040018e-22   -1.712154e-24
   36   90    4.748933e-27   -1.619373e-28
   37   74    1.146523e-27   -1.042112e-28
   37   75    6.669677e-23   -3.712662e-24
   37   76    2.912397e-20   -1.327240e-21
   37   77    6.397085e-16   -1.799192e-17
   37   78    2.924560e-15   -4.089666e-17
   37   79    5.552613e-12   -2.293237e-14
   37   80    2.344679e-11    5.241617e-14
   37   81    7.726860e-10    1.248245e-11
   37   82    6.604831e-10    8.584556e-12
   37   83    7.882306e-09    2.122216e-10
   37   84    3.216153e-09    6.459851e-11
   37   85    1.809392e-08    3.055520e-10
   37   86    1.008243e-08    5.009102e-11
   37   87    6.197647e-08    2.030444e-09
   37   88    1.342105e-11    2.448965e-13
   37   89    2.654380e-14   -9.110358e-17
   37   90    5.618156e-19   -9.276814e-21
   37   91    1.017634e-22   -3.608240e-24
   37   92    9.520514e-29   -4.171801e-30
   38   76    3.074373e-27   -2.164733e-28
   38   77    1.480622e-23   -9.271619e-25
   38   78    1.380529e-18   -5.578947e-20
   38   79    8.304041e-18   -1.539092e-19
   38   80    1.603887e-13   -9.851600e-16
   38   81    2.588651e-13   -2.714491e-16
   38   82    4.429759e-11    2.880914e-13
   38   83    6.973333e-11    1.094579e-12
   38   84    8.935116e-10    7.694103e-12
   38   85    1.105659e-09    5.954758e-12
   38   86    5.063894e-09   -3.306641e-11
   38   87    8.492681e-09    4.402738e-11
   38   88    7.961752e-08    1.801513e-09
   38   89    7.470398e-11    4.268629e-13
   38   90    8.761188e-13   -1.667707e-14
   38   91    1.041906e-16   -3.481300e-18
   38   92    8.789318e-20   -4.993568e-21
   38   93    1.183542e-24   -8.103147e-26
   38   94    1.768826e-28   -1.600153e-29
   39   79    7.972293e-25   -4.008315e-26
   39   80    1.486235e-23   -4.583901e-25
   39   81    3.799001e-19   -6.521324e-21
   39   82    7.677189e-18   -1.272536e-19
   39   83    7.839535e-15   -6.304589e-17
   39   84    1.571548e-14   -9.134580e-18
   39   85    3.417415e-12   -1.133446e-14
   39   86    1.025213e-11   -3.156580e-14
   39   87    1.098064e-10   -1.079735e-12
   39   88    2.988230e-10   -2.697458e-12
   39   89    3.736759e-08    1.054998e-09
   39   90    2.043950e-10    1.958230e-12
   39   91    6.918252e-12   -1.145349e-13
   39   92    4.825513e-15   -1.759342e-16
   39   93    2.915554e-17   -1.750309e-18
   39   94    1.069235e-20   -8.159777e-22
   39   95    3.223758e-24   -3.251456e-25
   39   96    4.159354e-29   -4.606386e-30
   40   80    1.831161e-29   -1.129315e-30
   40   81    5.698985e-28   -2.759755e-29
   40   82    4.557696e-22   -1.098482e-23
   40   83    9.650233e-21   -2.390386e-22
   40   84    3.042561e-17   -1.730889e-19
   40   85    4.339037e-17   -1.806659e-19
   40   86    8.735733e-14   -1.264879e-15
   40   87    1.191457e-13   -1.541759e-15
   40   88    5.122813e-12   -1.345850e-13
   40   89    4.374744e-11    9.754727e-13
   40   90    1.201627e-08    4.346668e-10
   40   91    3.446739e-10    5.258459e-12
   40   92    1.169220e-10   -1.459870e-12
   40   93    5.596153e-13   -1.827282e-14
   40   94    2.810552e-14   -1.729624e-15
   40   95    4.140752e-17   -3.336706e-18
   40   96    4.236595e-19   -4.653134e-20
   40   97    5.561164e-24   -6.881229e-25
   40   98    5.567451e-28   -7.998689e-29
   41   83    1.153928e-29   -3.242975e-31
   41   84    1.164304e-25   -4.322504e-27
   41   85    9.854783e-24   -1.343184e-25
   41   86    3.886397e-22   -6.601737e-24
   41   87    2.690326e-18   -7.490719e-20
   41   88    3.863445e-17   -1.053308e-18
   41   89    6.341769e-15   -2.168795e-16
   41   90    2.013281e-13    2.686546e-15
   41   91    6.706342e-10    2.712807e-11
   41   92    1.320718e-10    2.809070e-12
   41   93    2.329051e-10    1.594280e-12
   41   94    5.096653e-12   -7.646200e-14
   41   95    1.094305e-12   -4.787948e-14
   41   96    5.186299e-15   -3.351420e-16
   41   97    2.353801e-16   -2.220835e-17
   41   98    1.744067e-20   -1.894702e-21
   41   99    1.544513e-23   -2.046213e-24
   41  100    1.436188e-28   -2.070515e-29
   42   86    1.789799e-27   -4.619026e-29
   42   87    2.121837e-25   -5.558238e-27
   42   88    2.929629e-21   -1.031016e-22
   42   89    3.715986e-20   -1.201160e-21
   42   90    4.349852e-17   -1.086422e-18
   42   91    2.108020e-15    9.763790e-17
   42   92    3.265117e-11    1.492183e-12
   42   93    1.865118e-11    7.018679e-13
   42   94    1.911956e-10    5.838709e-12
   42   95    1.509998e-11    6.102321e-14
   42   96    4.628531e-11   -2.243917e-12
   42   97    3.438974e-13   -2.381243e-14
   42   98    9.918984e-14   -1.048738e-14
   42   99    3.143555e-17   -3.801608e-18
   42  100    1.662253e-18   -2.579716e-19
   42  101    1.138614e-22   -1.919842e-23
   42  102    2.196586e-24   -4.435582e-25
   42  103    5.756244e-29   -1.246490e-29
   43   89    4.784110e-28   -1.932768e-29
   43   90    1.920984e-26   -8.209898e-28
   43   91    7.871275e-22   -2.887884e-23
   43   92    3.684093e-19    1.251568e-20
   43   93    3.140243e-14    1.066960e-15
   43   94    8.244583e-14    2.890110e-15
   43   95    4.314370e-12    1.809016e-13
   43   96    1.826962e-12    4.705297e-14
   43   97    1.696849e-11    2.944573e-13
   43   98    4.261576e-13   -1.822824e-15
   43   99    1.050747e-12   -2.791115e-14
   43  100    2.157174e-15   -9.827195e-17
   43  101    8.470748e-16   -6.256989e-17
   43  102    1.269957e-19   -1.139159e-20
   43  103    2.200256e-20   -2.635051e-21
   43  104    2.210246e-24   -3.003807e-25
   43  105    6.095929e-26   -1.011475e-26
   43  106    1.352765e-30   -1.116084e-32
   44   92    2.494359e-25   -9.258618e-27
   44   93    1.553494e-22    5.682775e-24
   44   94    2.992820e-16    8.611761e-18
   44   95    2.986605e-15    1.281730e-16
   44   96    1.231097e-13    6.029260e-15
   44   97    1.745194e-13    6.702950e-15
   44   98    1.042621e-11    3.497111e-13
   44   99    1.827775e-12    2.368923e-14
   44  100    3.352408e-11   -3.129932e-13
   44  101    4.011736e-13   -1.153354e-14
   44  102    9.376631e-13   -3.668312e-14
   44  103    1.716473e-15   -9.675438e-17
   44  104    7.299918e-16   -5.575070e-17
   44  105    2.879888e-19   -2.661435e-20
   44  106    2.278212e-20   -2.748108e-21
   44  107    1.100465e-24   -1.489486e-25
   44  108    1.391755e-26   -2.289115e-27
   45   94    4.129713e-28    1.104967e-29
   45   95    4.409166e-21    7.997505e-23
   45   96    1.365502e-19    4.116902e-21
   45   97    4.862030e-17    1.897002e-18
   45   98    9.851260e-17    4.046472e-18
   45   99    1.010598e-13    5.963853e-15
   45  100    5.710477e-14    2.519295e-15
   45  101    5.388087e-12    1.348374e-13
   45  102    2.397560e-13    7.152939e-16
   45  103    4.172332e-12   -9.998326e-14
   45  104    3.041613e-14   -1.359779e-15
   45  105    7.309203e-14   -5.654263e-15
   45  106    9.159150e-17   -8.832448e-18
   45  107    4.063626e-17   -5.297816e-18
   45  108    1.550103e-20   -2.305717e-21
   45  109    6.353576e-22   -1.149370e-22
   45  110    7.554018e-26   -1.488085e-26
   45  111    3.589109e-28   -1.726636e-30
   46   96    1.622308e-24    1.223136e-26
   46   97    6.314814e-23    2.094106e-24
   46   98    2.123787e-19    1.019629e-20
   46   99    7.239578e-18    4.858846e-19
   46  100    2.357192e-15    1.753102e-16
   46  101    1.114343e-14    6.573927e-16
   46  102    2.260115e-12    1.668790e-13
   46  103    8.674551e-13    4.427590e-14
   46  104    4.293683e-11    8.043782e-13
   46  105    1.785189e-12   -5.761867e-15
   46  106    2.298697e-11   -9.724347e-13
   46  107    1.101951e-13   -6.884222e-15
   46  108    3.868140e-13   -6.602389e-14
   46  109    5.129879e-16   -9.728513e-17
   46  110    1.560600e-16   -3.786442e-17
   46  111    2.697004e-20   -7.002307e-21
   46  112    1.345850e-21   -4.035028e-22
   46  113    4.259622e-26   -1.340584e-26
   46  114    9.793415e-28   -3.761794e-30
   47   98    3.811086e-29    9.175305e-31
   47   99    8.689655e-25    3.439406e-26
   47  100    5.699343e-23    3.117271e-24
   47  101    1.875152e-19    1.203428e-20
   47  102    3.143104e-18    2.174540e-19
   47  103    4.102866e-15    3.565631e-16
   47  104    7.706421e-15    6.016325e-16
   47  105    1.559340e-12    8.602007e-14
   47  106    3.584394e-13    1.169654e-14
   47  107    9.621621e-12    3.043450e-14
   47  108    2.656543e-13   -4.909094e-15
   47  109    1.575084e-12   -8.495577e-14
   47  110    6.651988e-15   -4.917761e-16
   47  111    8.675998e-15   -9.556128e-16
   47  112    1.042510e-17   -1.351770e-18
   47  113    2.668369e-18   -4.389247e-19
   47  114    3.318009e-22   -6.008728e-23
   47  115    1.480498e-23   -3.185046e-24
   47  116    2.678924e-28   -6.135527e-29
   48  100    1.066625e-28    2.984311e-30
   48  101    1.044121e-26    6.630086e-28
   48  102    2.810910e-22    2.316295e-23
   48  103    2.099442e-20    2.071761e-21
   48  104    3.409134e-17    3.119459e-18
   48  105    3.306471e-16    2.351106e-17
   48  106    5.676737e-14    6.271709e-15
   48  107    6.962072e-14    6.228566e-15
   48  108    1.182425e-11    7.349826e-13
   48  109    1.368366e-12    5.290676e-14
   48  110    5.375222e-11   -2.064433e-14
   48  111    1.108116e-12   -2.433506e-14
   48  112    8.743752e-12   -7.795912e-13
   48  113    3.290576e-14   -3.555713e-15
   48  114    4.151866e-14   -7.413299e-15
   48  115    4.190386e-17   -8.226913e-18
   48  116    7.120870e-18   -1.743715e-18
   48  117    1.814100e-21   -4.741007e-22
   48  118    6.484148e-23   -1.965044e-23
   48  119    2.093697e-27   -6.664865e-28
   48  120    1.388473e-27   -2.847037e-30
   49  103    1.695202e-28    1.276327e-29
   49  104    4.132506e-26    3.670584e-27
   49  105    3.050210e-22    2.470224e-23
   49  106    7.239312e-21    4.421925e-22
   49  107    9.378135e-18    1.021880e-18
   49  108    5.563319e-17    6.053540e-18
   49  109    3.227624e-14    2.928896e-15
   49  110    2.442011e-14    1.785026e-15
   49  111    2.438046e-12    1.065961e-13
   49  112    3.113127e-13    7.047910e-15
   49  113    4.837865e-12   -4.621037e-14
   49  114    1.349809e-13   -3.986637e-15
   49  115    3.496645e-13   -2.314316e-14
   49  116    1.713229e-15   -1.455101e-16
   49  117    1.033234e-15   -1.262387e-16
   49  118    1.241739e-18   -1.731547e-19
   49  119    1.922941e-19   -3.400411e-20
   49  120    6.331346e-23   -1.223371e-23
   49  121    2.777997e-24   -6.371795e-25
   49  122    2.425247e-28   -5.928882e-29
   49  123    3.964943e-30   -4.513506e-33
   50  106    8.292094e-26    5.501947e-27
   50  107    2.688044e-24    2.858378e-25
   50  108    1.518873e-20    1.825623e-21
   50  109    1.414573e-19    1.542429e-20
   50  110    1.769872e-16    2.222454e-17
   50  111    5.811856e-16    6.478038e-17
   50  112    3.522709e-13    4.261180e-14
   50  113    1.867460e-13    1.834659e-14
   50  114    3.658676e-11    2.273145e-12
   50  115    3.293239e-12    1.239656e-13
   50  116    1.200147e-10   -1.720348e-13
   50  117    1.748508e-12   -4.466785e-14
   50  118    1.927224e-11   -2.025504e-12
   50  119    7.270029e-14   -9.168994e-15
   50  120    1.195273e-13   -2.963939e-14
   50  121    1.555195e-16   -4.174471e-17
   50  122    4.735032e-17   -1.638219e-17
   50  123    2.386071e-20   -8.733530e-21
   50  124    1.694185e-21   -7.229093e-22
   50  125    3.419973e-25   -1.526527e-25
   50  126    7.101990e-27   -3.563877e-27
   50  127    7.290794e-30   -6.784197e-33
   50  128    1.066920e-27    5.897760e-37
   51  109    2.246837e-28    2.640659e-29
   51  110    1.114642e-25    1.162091e-26
   51  111    7.285524e-23    8.684249e-24
   51  112    3.801609e-21    3.997465e-22
   51  113    4.020681e-18    4.399759e-19
   51  114    1.431011e-17    1.172460e-18
   51  115    1.348164e-14    5.992216e-16
   51  116    1.011781e-14    2.678635e-16
   51  117    1.001278e-12    5.323838e-17
   51  118    1.589773e-13   -3.397704e-15
   51  119    1.841034e-12   -9.464505e-14
   51  120    4.237724e-14   -3.064377e-15
   51  121    2.017537e-13   -2.271677e-14
   51  122    1.169395e-15   -1.553255e-16
   51  123    1.335922e-15   -2.339387e-16
   51  124    3.342617e-18   -6.522562e-19
   51  125    7.274078e-19   -1.711559e-19
   51  126    5.016278e-22   -1.278007e-22
   51  127    3.645124e-23   -1.071468e-23
   51  128    5.745669e-27   -1.793189e-27
   51  129    5.668587e-27   -4.331962e-30
   51  130    1.123734e-28   -1.133351e-31
   51  131    1.248620e-29   -1.133368e-32
   52  112    5.398906e-28    5.993204e-29
   52  113    6.223021e-26    7.401555e-27
   52  114    2.352651e-21    4.416922e-22
   52  115    2.020149e-20    3.735381e-21
   52  116    4.701091e-16    7.708240e-17
   52  117    5.024105e-16    7.215671e-17
   52  118    4.387447e-13    4.889791e-14
   52  119    1.269125e-13    1.136441e-14
   52  120    1.614430e-11    8.479658e-13
   52  121    1.236261e-12    3.792789e-14
   52  122    3.754000e-11   -5.097166e-13
   52  123    6.842061e-13   -2.392673e-14
   52  124    4.353135e-12   -4.550605e-13
   52  125    2.332850e-14   -2.915821e-15
   52  126    2.463098e-14   -4.710677e-15
   52  127    4.431504e-17   -9.366377e-18
   52  128    1.036427e-17   -2.805305e-18
   52  129    7.369605e-21   -2.140926e-21
   52  130    4.116875e-22   -1.427649e-22
   52  131    1.091190e-25   -4.000190e-26
   52  132    1.813256e-27   -7.682085e-28
   52  133    1.193954e-29   -5.857937e-33
   53  115    1.941934e-28    3.573820e-29
   53  116    2.420545e-26    4.328492e-27
   53  117    9.768445e-22    1.524833e-22
   53  118    2.041491e-20    2.810966e-21
   53  119    3.920823e-17    4.443323e-18
   53  120    7.212333e-17    7.576396e-18
   53  121    4.645891e-14    3.840206e-15
   53  122    1.816285e-14    1.129431e-15
   53  123    1.889078e-12    6.261575e-14
   53  124    1.244539e-13    1.306939e-15
   53  125    1.985865e-12   -5.136231e-14
   53  126    3.745635e-14   -1.784356e-15
   53  127    1.475678e-13   -1.348661e-14
   53  128    8.064316e-16   -9.106071e-17
   53  129    6.982217e-16   -1.105090e-16
   53  130    1.023081e-18   -1.830019e-19
   53  131    2.327072e-19   -5.134005e-20
   53  132    1.284029e-22   -3.097972e-23
   53  133    1.118851e-23   -3.159876e-24
   53  134    3.807714e-27   -1.157828e-27
   53  135    7.314837e-27   -3.741569e-30
   54  117    4.101363e-30    8.197771e-31
   54  118    5.252840e-25    1.136252e-25
   54  119    3.187801e-23    6.694561e-24
   54  120    4.674322e-19    9.446727e-20
   54  121    3.554124e-18    6.408643e-19
   54  122    7.343577e-15    1.096827e-15
   54  123    1.061281e-14    1.338418e-15
   54  124    2.952589e-12    2.636607e-13
   54  125    7.561945e-13    5.025668e-14
   54  126    4.429561e-11    1.253797e-12
   54  127    2.817872e-12    1.499240e-14
   54  128    3.135344e-11   -1.341548e-12
   54  129    5.592695e-13   -3.617553e-14
   54  130    1.138802e-12   -1.460606e-13
   54  131    5.915058e-15   -8.855775e-16
   54  132    3.167368e-15   -7.277046e-16
   54  133    5.996802e-18   -1.513036e-18
   54  134    1.096038e-18   -5.409467e-19
   54  135    1.146892e-21   -7.873774e-22
   54  136    1.103888e-20   -1.522567e-20
   54  137    1.001603e-27   -1.390017e-27
   55  121    1.346379e-25    2.629580e-26
   55  122    9.433179e-24    1.621574e-24
   55  123    1.130965e-19    1.610174e-20
   55  124    7.754333e-19    9.921913e-20
   55  125    1.350904e-15    1.423849e-16
   55  126    2.166807e-15    1.921840e-16
   55  127    4.614932e-13    2.776909e-14
   55  128    9.944874e-14    3.669417e-15
   55  129    3.018610e-12    1.488839e-14
   55  130    1.562262e-13   -2.875807e-15
   55  131    1.065484e-12   -5.980717e-14
   55  132    1.463135e-14   -1.153210e-15
   55  133    3.356556e-14   -4.230130e-15
   55  134    2.454409e-16   -3.655420e-17
   55  135    9.764564e-17   -1.898667e-17
   55  136    3.098038e-19   -6.759395e-20
   55  137    4.060860e-20   -1.084212e-20
   55  138    8.722414e-27   -2.385386e-27
   55  139    1.444998e-30    5.505708e-33
   56  122    9.505772e-28    8.946301e-28
   56  123    1.891244e-25    5.245051e-26
   56  124    6.400309e-21    1.581221e-21
   56  125    9.782630e-20    2.200093e-20
   56  126    8.601180e-16    1.633812e-16
   56  127    2.389827e-15    3.969481e-16
   56  128    1.185887e-12    1.539126e-13
   56  129    7.434767e-13    7.900804e-14
   56  130    9.751026e-11    6.773340e-12
   56  131    1.200683e-11    5.459576e-13
   56  132    2.820219e-10    7.341287e-13
   56  133    1.259534e-11   -2.684078e-13
   56  134    8.277220e-11   -6.823443e-12
   56  135    1.375257e-12   -1.475361e-13
   56  136    2.594251e-12   -5.613344e-13
   56  137    2.257882e-14   -5.800273e-15
   56  138    6.210327e-14   -3.250542e-14
   56  139    9.769193e-20   -5.226558e-20
   56  140    3.600304e-24   -2.018900e-24
   56  141    4.219436e-30   -2.412796e-30
   57  125    6.638978e-28    1.610144e-28
   57  126    9.272843e-26    2.015806e-26
   57  127    1.106261e-21    2.018162e-22
   57  128    1.281181e-20    1.991084e-21
   57  129    5.397819e-17    6.669766e-18
   57  130    2.590090e-16    2.864563e-17
   57  131    1.498124e-13    1.257423e-14
   57  132    5.780735e-14    3.673391e-15
   57  133    7.870396e-12    3.090602e-13
   57  134    1.342641e-12    1.962856e-14
   57  135    1.901917e-11   -3.673856e-13
   57  136    1.430056e-12   -6.186471e-14
   57  137    4.110048e-12   -3.481147e-13
   57  138    1.594829e-13   -1.769802e-14
   57  139    2.127124e-13   -3.772703e-14
   57  140    1.713254e-18   -3.226961e-19
   57  141    1.978319e-22   -4.180028e-23
   57  142    7.153432e-28   -1.590436e-28
   58  127    1.415183e-29    3.681182e-30
   58  128    1.190533e-24    3.111122e-25
   58  129    4.031781e-23    1.028555e-23
   58  130    2.912823e-19    6.670425e-20
   58  131    2.308411e-18    4.807577e-19
   58  132    2.193061e-15    3.914701e-16
   58  133    3.359526e-15    5.235897e-16
   58  134    9.164940e-13    1.112193e-13
   58  135    4.569985e-13    4.495185e-14
   58  136    1.856921e-11    1.160118e-12
   58  137    2.416435e-12    9.567241e-14
   58  138    4.913982e-11    4.631804e-14
   58  139    3.166824e-12   -7.894708e-14
   58  140    1.887137e-11   -1.349863e-12
   58  141    5.359608e-16   -4.503232e-17
   58  142    3.903698e-19   -4.174798e-20
   58  143    5.838465e-24   -6.920943e-25
   58  144    8.996339e-28   -1.268656e-28
   59  130    5.326914e-30    1.331627e-30
   59  131    8.627488e-26    1.927906e-26
   59  132    2.496919e-24    5.007870e-25
   59  133    1.376517e-20    2.381852e-21
   59  134    1.866620e-19    3.021893e-20
   59  135    2.351274e-16    3.234659e-17
   59  136    4.466847e-16    5.332138e-17
   59  137    7.184840e-14    6.579525e-15
   59  138    3.619011e-14    2.524674e-15
   59  139    1.628047e-12    6.198550e-14
   59  140    5.611972e-13    7.394390e-15
   59  141    5.333872e-12   -1.077204e-13
   59  142    9.647156e-16   -3.248367e-17
   59  143    2.345627e-18   -1.352579e-19
   59  144    8.331336e-23   -5.908729e-24
   59  145    6.356657e-26   -5.976320e-27
   60  132    4.979315e-30    1.032563e-30
   60  133    2.919620e-27    7.732048e-28
   60  134    4.159701e-23    9.841683e-24
   60  135    9.636412e-22    2.066826e-22
   60  136    2.275092e-18    4.101178e-19
   60  137    1.425300e-17    2.241485e-18
   60  138    5.754190e-15    6.975086e-16
   60  139    9.580700e-15    9.367449e-16
   60  140    1.172826e-12    6.952355e-14
   60  141    8.005943e-13    2.743865e-14
   60  142    3.436210e-11   -8.400625e-14
   60  143    1.754979e-14   -3.144931e-16
   60  144    1.669958e-16   -7.306359e-18
   60  145    3.047882e-20   -1.774627e-21
   60  146    7.347073e-23   -6.118988e-24
   60  147    2.010947e-27   -1.926719e-28
   61  135    2.897473e-30    6.760923e-31
   61  136    1.803287e-28    3.766751e-29
   61  137    1.349073e-24    2.357070e-25
   61  138    4.606917e-23    6.841325e-24
   61  139    8.077745e-20    9.529000e-21
   61  140    8.204565e-19    8.282462e-20
   61  141    8.220299e-16    5.859370e-17
   61  142    3.530587e-15    1.586879e-16
   61  143    2.924614e-13    1.853780e-15
   61  144    8.180583e-16   -8.566812e-18
   61  145    1.730503e-17   -6.508194e-19
   61  146    1.294983e-20   -7.015101e-22
   61  147    7.282318e-23   -5.908820e-24
   61  148    9.289314e-27   -8.952591e-28
   61  149    4.900857e-26    1.370326e-29
   61  150    4.012606e-30    1.305512e-33
   62  137    3.642038e-30    9.061794e-31
   62  138    2.252438e-25    4.767762e-26
   62  139    1.518011e-23    2.866862e-24
   62  140    6.863469e-20    1.034872e-20
   62  141    1.195106e-18    1.512480e-19
   62  142    3.388744e-15    2.881723e-16
   62  143    2.778886e-14    1.602397e-15
   62  144    1.728574e-11    2.830143e-13
   62  145    1.161474e-13   -3.013103e-16
   62  146    1.242875e-14   -3.811661e-16
   62  147    2.403495e-17   -1.152569e-18
   62  148    5.932869e-19   -4.508938e-20
   62  149    2.189304e-22   -2.000600e-23
   62  150    2.897031e-24   -3.425067e-25
   62  151    6.725614e-28   -8.954460e-29
   62  152    2.959745e-26    1.894739e-28
   62  153    9.481727e-30    6.199454e-32
   63  141    6.174380e-27    9.071312e-28
   63  142    2.282605e-24    3.451045e-25
   63  143    7.421273e-20    1.054292e-20
   63  144    7.736752e-18    9.736153e-19
   63  145    1.268306e-14    1.116390e-15
   63  146    4.521863e-16    3.086437e-17
   63  147    1.556953e-16    3.931449e-18
   63  148    1.044461e-18   -8.949776e-22
   63  149    1.911455e-18   -1.348268e-19
   63  150    1.397298e-21   -1.230755e-22
   63  151    4.306524e-22   -5.398073e-23
   63  152    2.846874e-25   -4.111889e-26
   63  153    2.670246e-25   -4.942627e-26
   63  154    1.899474e-28   -3.904762e-29
   63  155    1.107642e-26    1.246243e-28
   63  156    4.044405e-30    4.359398e-32
   64  142    4.739134e-26    1.102337e-26
   64  143    1.745561e-23    3.586658e-24
   64  144    5.810049e-19    9.771071e-20
   64  145    6.892132e-17    9.706777e-18
   64  146    9.067781e-13    9.200182e-14
   64  147    7.271080e-14    6.199396e-15
   64  148    9.012207e-14    6.744853e-15
   64  149    2.015928e-15    1.087193e-16
   64  150    2.576197e-15    7.204474e-17
   64  151    1.276088e-17    1.367174e-19
   64  152    1.233296e-17   -3.480758e-19
   64  153    4.361710e-20   -2.009381e-21
   64  154    5.839521e-20   -4.945518e-21
   64  155    1.522207e-22   -1.585627e-23
   64  156    2.442347e-23   -3.350386e-24
   64  157    2.537500e-26   -3.976274e-27
   64  158    2.642888e-26    1.804761e-27
   64  159    9.284779e-29    3.327864e-31
   65  145    3.072669e-26    6.880682e-27
   65  146    4.814988e-23    8.269798e-24
   65  147    9.429514e-19    1.108286e-19
   65  148    2.457417e-18    2.077718e-19
   65  149    4.195343e-17    2.285581e-18
   65  150    2.151362e-18    5.627767e-20
   65  151    3.887383e-16    8.311961e-18
   65  152    1.324016e-18   -1.450512e-20
   65  153    3.768940e-16   -2.205712e-17
   65  154    3.134855e-18   -2.523770e-19
   65  155    1.333523e-17   -1.637705e-18
   65  156    8.627332e-20   -1.254870e-20
   65  157    5.861146e-20   -1.072382e-20
   65  158    1.504861e-22   -3.096437e-23
   65  159    1.122050e-23   -2.695644e-24
   65  160    6.368795e-27   -1.667144e-27
   65  161    5.461534e-27    1.075110e-28
   65  162    2.664733e-29    2.002073e-32
   66  146    8.372925e-26   -2.917701e-26
   66  147    1.556692e-22    3.516206e-23
   66  148    3.553667e-17    7.044538e-18
   66  149    3.186433e-17    5.758603e-18
   66  150    5.159247e-16    7.812770e-17
   66  151    1.046567e-15    1.323637e-16
   66  152    4.464410e-14    4.397223e-15
   66  153    6.169811e-15    4.495886e-16
   66  154    9.212718e-14    4.251566e-15
   66  155    3.322054e-15    8.465554e-17
   66  156    3.696467e-14   -5.303547e-16
   66  157    7.702632e-16   -2.756674e-17
   66  158    1.101172e-15   -7.850412e-17
   66  159    8.726499e-18   -8.067688e-19
   66  160    1.991329e-18   -2.512503e-19
   66  161    4.148587e-21   -6.080466e-22
   66  162    1.466778e-22   -2.620619e-23
   66  163    7.969062e-26   -1.579404e-26
   66  164    1.185176e-27    4.887706e-28
   66  165    8.901044e-30    2.940353e-32
   67  148    1.752262e-30    3.966888e-31
   67  149    3.537721e-25    6.955454e-26
   67  150    8.167392e-25    1.320138e-25
   67  151    2.263211e-21    2.643395e-22
   67  152    1.238816e-20    1.228689e-21
   67  153    1.152972e-17    8.348287e-19
   67  154    4.312053e-17    2.746582e-18
   67  155    3.757784e-15    1.474703e-16
   67  156    5.311496e-17    4.794342e-19
   67  157    2.661211e-14   -9.943908e-16
   67  158    1.118405e-15   -6.554718e-17
   67  159    1.101529e-14   -1.126912e-15
   67  160    8.369050e-17   -1.047506e-17
   67  161    2.249675e-16   -3.761627e-17
   67  162    3.876001e-19   -7.386712e-20
   67  163    1.952556e-19   -4.446557e-20
   67  164    2.539045e-22   -6.360221e-23
   67  165    1.065048e-23   -3.047104e-24
   67  166    2.139174e-27   -6.544985e-28
   67  167    4.517004e-28    1.222108e-30
   68  150    1.087463e-24    2.708170e-25
   68  151    3.234732e-23    7.924214e-24
   68  152    1.069743e-20    2.302823e-21
   68  153    5.951584e-19    1.153303e-19
   68  154    9.507171e-16    1.560516e-16
   68  155    4.140705e-15    6.091155e-16
   68  156    2.368090e-13    2.836781e-14
   68  157    2.773780e-14    2.798193e-15
   68  158    3.432654e-12    2.684854e-13
   68  159    2.455916e-13    1.352539e-14
   68  160    3.187422e-12    7.832060e-14
   68  161    1.668294e-13    4.899274e-16
   68  162    3.647975e-13   -1.122580e-14
   68  163    5.662022e-15   -2.939829e-16
   68  164    2.496577e-15   -2.141649e-16
   68  165    1.198523e-17   -1.276165e-18
   68  166    1.341521e-18   -1.874339e-19
   68  167    1.363304e-21   -2.179511e-22
   68  168    1.461957e-23   -2.776517e-24
   68  169    2.464797e-27   -5.128593e-28
   68  170    8.613175e-29    5.719944e-31
   69  153    2.585805e-29    5.677274e-30
   69  154    5.404903e-27    1.048022e-27
   69  155    9.111460e-23    1.560131e-23
   69  156    3.652695e-21    5.996386e-22
   69  157    3.656788e-18    5.168194e-19
   69  158    2.998216e-16    3.951405e-17
   69  159    1.713162e-15    1.599096e-16
   69  160    1.564230e-15    1.199691e-16
   69  161    8.771025e-14    4.629307e-15
   69  162    7.849775e-15    2.426142e-16
   69  163    1.462590e-13   -4.324832e-17
   69  164    2.665396e-15   -5.867757e-17
   69  165    1.051106e-14   -6.014294e-16
   69  166    7.867328e-17   -6.193160e-18
   69  167    4.356196e-17   -4.984244e-18
   69  168    1.397249e-19   -1.906303e-20
   69  169    7.091911e-21   -1.190595e-21
   69  170    4.846379e-24   -9.184230e-25
   69  171    3.300608e-26   -7.275461e-27
   69  172    1.401930e-28    9.041379e-30
   69  173    4.122602e-28   -1.278680e-33
   70  155    9.424650e-26    2.901656e-26
   70  156    1.108571e-21    3.049868e-22
   70  157    3.697236e-20    9.557511e-21
   70  158    4.935370e-17    1.124688e-17
   70  159    1.980988e-16    4.184605e-17
   70  160    4.470493e-14    8.210428e-15
   70  161    4.306709e-14    7.076533e-15
   70  162    2.453968e-12    3.297073e-13
   70  163    6.482421e-13    7.344971e-14
   70  164    1.350634e-11    1.110058e-12
   70  165    1.414755e-12    8.652133e-14
   70  166    5.499343e-12    1.552931e-13
   70  167    1.971513e-13    1.412067e-15
   70  168    1.857262e-13   -4.840859e-15
   70  169    1.722584e-15   -8.090446e-17
   70  170    1.998581e-16   -1.567813e-17
   70  171    5.536562e-19   -5.466157e-20
   70  172    1.312164e-20   -1.691562e-21
   70  173    7.332073e-24   -1.087771e-24
   70  174    2.950100e-26   -5.211801e-27
   70  175    2.651628e-29    6.692631e-31
   71  158    7.492081e-29    1.925913e-29
   71  159    3.086595e-25    7.138505e-26
   71  160    5.611667e-24    1.271454e-24
   71  161    2.366423e-20    4.976013e-21
   71  162    3.124737e-19    5.595399e-20
   71  163    1.880898e-16    2.725509e-17
   71  164    1.450565e-16    1.723351e-17
   71  165    1.108730e-14    9.840475e-16
   71  166    1.911210e-15    1.326774e-16
   71  167    2.933279e-13    1.364531e-14
   71  168    2.170071e-14    5.063204e-16
   71  169    1.582880e-13   -1.899664e-15
   71  170    1.727348e-15   -5.768168e-17
   71  171    1.958111e-15   -1.590642e-16
   71  172    9.375187e-18   -9.716874e-19
   71  173    1.117421e-18   -1.535292e-19
   71  174    1.514376e-21   -2.484021e-22
   71  175    2.122187e-22   -1.170416e-22
   71  176    4.519002e-26   -2.613888e-26
   71  177    7.901816e-27    7.768351e-27
   71  178    1.205843e-27    5.096807e-31
   72  159    2.242962e-28    7.268524e-29
   72  160    1.057532e-24    3.086825e-25
   72  161    1.196811e-22    3.343517e-23
   72  162    3.714538e-19    9.368162e-20
   72  163    4.089173e-18    9.704977e-19
   72  164    2.865604e-15    5.974017e-16
   72  165    1.780080e-15    3.340100e-16
   72  166    7.374297e-13    1.192116e-13
   72  167    2.808428e-13    3.925976e-14
   72  168    1.461006e-11    1.604838e-12
   72  169    2.698167e-12    2.389018e-13
   72  170    2.233746e-11    1.253870e-12
   72  171    1.409691e-12    4.953116e-14
   72  172    1.407255e-12    3.921138e-15
   72  173    2.751600e-14   -5.016895e-16
   72  174    4.508773e-15   -2.255294e-16
   72  175    1.962836e-17   -1.375653e-18
   72  176    7.390617e-19   -7.461345e-20
   72  177    5.606013e-22   -6.706263e-23
   72  178    4.984895e-24   -1.389162e-24
   72  179    1.450253e-27   -4.416525e-28
   72  180    5.591565e-26    1.363864e-28
   72  181    7.392713e-29    5.977782e-33
   73  163    4.510562e-28    1.147220e-28
   73  164    1.445302e-26    3.414992e-27
   73  165    6.303019e-23    1.434728e-23
   73  166    3.613481e-22    8.427529e-23
   73  167    1.719680e-18    3.455833e-19
   73  168    2.499491e-18    4.187769e-19
   73  169    3.389179e-16    4.054097e-17
   73  170    8.975597e-16    9.843399e-17
   73  171    8.796826e-14    7.490021e-15
   73  172    1.340762e-15    7.820625e-17
   73  173    1.813604e-13    2.954327e-15
   73  174    3.470069e-16   -1.345081e-18
   73  175    9.193628e-14   -9.745972e-15
   73  176    3.564732e-16   -4.569825e-17
   73  177    1.599491e-16   -2.642415e-17
   73  178    2.375253e-21   -5.043695e-22
   73  179    1.045050e-17   -6.173618e-18
   73  180    7.902929e-21   -4.899429e-21
   73  181    9.306216e-23   -6.163228e-23
   73  182    1.097083e-26   -7.537917e-27
   73  183    5.626350e-29    8.058575e-35
   74  165    4.536406e-26    1.295290e-26
   74  166    4.954297e-22    1.257238e-22
   74  167    1.376805e-20    3.363248e-21
   74  168    6.214614e-17    1.338093e-17
   74  169    2.160253e-16    4.239280e-17
   74  170    6.664200e-14    1.104359e-14
   74  171    6.781053e-14    9.793256e-15
   74  172    4.531809e-12    5.075259e-13
   74  173    2.030854e-12    1.844687e-13
   74  174    1.876016e-11    1.097690e-12
   74  175    2.439316e-12    9.014219e-14
   74  176    4.249649e-12    1.687018e-14
   74  177    1.105451e-13   -1.907596e-15
   74  178    4.749327e-14   -2.412484e-15
   74  179    4.702397e-16   -3.403288e-17
   74  180    6.148523e-17   -6.443303e-18
   74  181    2.069139e-19   -2.602959e-20
   74  182    6.094286e-21   -9.601985e-22
   74  183    2.320144e-24   -4.078031e-25
   74  184    5.431111e-27   -1.107594e-27
   74  185    3.826782e-29    3.261784e-31
   75  168    9.685274e-30    2.372835e-30
   75  169    7.618938e-26    1.645803e-26
   75  170    7.006889e-25    1.367045e-25
   75  171    1.574753e-21    2.517171e-22
   75  172    4.106295e-20    5.605543e-21
   75  173    9.489545e-17    1.089409e-17
   75  174    2.369533e-16    2.362482e-17
   75  175    3.440979e-14    2.774514e-15
   75  176    7.024414e-15    4.208775e-16
   75  177    1.242825e-13    5.254685e-15
   75  178    5.435002e-15    1.085935e-16
   75  179    1.944206e-14   -1.369658e-16
   75  180    4.982633e-16   -1.473061e-17
   75  181    5.085988e-16   -3.108261e-17
   75  182    3.256578e-18   -2.707197e-19
   75  183    6.113304e-19   -7.063165e-20
   75  184    4.941587e-22   -6.639139e-23
   75  185    5.701701e-24   -9.344536e-25
   75  186    1.572602e-27   -2.875279e-28
   75  187    2.066688e-27    3.429749e-30
   75  188    9.882869e-30    9.967258e-35
   76  171    1.154914e-25    2.672911e-26
   76  172    1.076153e-20    2.227966e-21
   76  173    3.203919e-19    6.061875e-20
   76  174    5.421641e-16    8.607291e-17
   76  175    3.664493e-15    5.069973e-16
   76  176    2.469656e-13    2.631087e-14
   76  177    2.788636e-13    2.385966e-14
   76  178    6.952245e-12    3.945892e-13
   76  179    1.628566e-12    5.547974e-14
   76  180    8.428114e-12    3.513170e-14
   76  181    6.156658e-13   -1.110419e-14
   76  182    8.929607e-13   -4.577260e-14
   76  183    2.746448e-14   -2.018664e-15
   76  184    7.404358e-15   -7.899111e-16
   76  185    2.777258e-17   -3.536753e-18
   76  186    1.221789e-18   -1.949802e-19
   76  187    1.117236e-21   -2.002461e-22
   76  188    1.707774e-23   -3.604202e-24
   76  189    4.000098e-27   -9.165909e-28
   76  190    6.650546e-27    2.456909e-29
   76  191    6.029936e-30    2.821446e-33
   77  173    3.100844e-30    6.522325e-31
   77  174    1.729488e-28    3.303485e-29
   77  175    6.522409e-25    1.050960e-25
   77  176    4.717369e-24    6.245578e-25
   77  177    1.527810e-19    1.605904e-20
   77  178    1.962000e-18    1.841825e-19
   77  179    6.585345e-16    5.081011e-17
   77  180    1.337960e-15    8.787000e-17
   77  181    7.598295e-14    3.593212e-15
   77  182    1.349045e-14    3.484468e-16
   77  183    9.693999e-14    4.584304e-16
   77  184    5.264413e-15   -9.409981e-17
   77  185    6.478303e-15   -3.127767e-16
   77  186    2.001643e-17   -1.367439e-18
   77  187    7.279020e-18   -7.307091e-19
   77  188    1.648607e-20   -1.979338e-21
   77  189    2.413586e-21   -3.700630e-22
   77  190    2.015689e-24   -3.491749e-25
   77  191    5.838042e-26   -1.201583e-26
   77  192    1.582055e-28    3.661934e-29
   77  193    4.448345e-26    4.929310e-31
   78  176    6.841871e-26    1.522301e-26
   78  177    2.367612e-23    4.871436e-24
   78  178    1.147783e-19    1.983773e-20
   78  179    3.210543e-18    4.940772e-19
   78  180    2.852096e-15    3.493765e-16
   78  181    8.661693e-15    8.726589e-16
   78  182    5.401176e-13    3.922163e-14
   78  183    2.691883e-13    1.345573e-14
   78  184    5.203637e-12    1.339184e-13
   78  185    6.541802e-13    1.684427e-15
   78  186    2.008815e-12   -5.676615e-14
   78  187    3.204877e-14   -1.630021e-15
   78  188    6.765385e-14   -5.438132e-15
   78  189    7.151121e-16   -7.414585e-17
   78  190    1.801882e-16   -2.514997e-17
   78  191    8.117106e-19   -1.299895e-19
   78  192    7.863009e-20   -1.539067e-20
   78  193    1.465583e-22   -3.172552e-23
   78  194    4.118104e-24   -1.036069e-24
   78  195    2.794504e-27   -7.589237e-28
   78  196    6.913527e-26    2.538316e-29
   78  197    1.138713e-29    5.492698e-33
   78  198    5.123679e-27    1.062400e-35
   79  179    3.576699e-29    6.360073e-30
   79  180    1.041581e-26    1.504277e-27
   79  181    1.501088e-22    1.837855e-23
   79  182    2.505045e-20    2.833725e-21
   79  183    1.494221e-17    1.419253e-18
   79  184    5.359860e-17    4.582393e-18
   79  185    6.167776e-15    3.967272e-16
   79  186    2.585939e-15    1.143497e-16
   79  187    5.294276e-14    1.322539e-15
   79  188    3.295322e-15    6.397215e-18
   79  189    2.132688e-14   -6.632057e-16
   79  190    1.152106e-15   -6.248104e-17
   79  191    1.524841e-15   -1.380848e-16
   79  192    1.251991e-17   -1.404113e-18
   79  193    1.150932e-17   -1.694535e-18
   79  194    4.159839e-20   -7.121698e-21
   79  195    9.924244e-21   -2.045076e-21
   79  196    1.907903e-23   -4.374445e-24
   79  197    6.068029e-25   -1.599375e-25
   79  198    5.559518e-28   -1.593410e-28
   79  199    2.931264e-27    4.123949e-30
   79  200    1.944385e-28    6.674452e-34
   79  201    4.508298e-26   -1.164221e-32
   80  181    1.853910e-28    4.250932e-29
   80  182    8.278201e-24    1.607502e-24
   80  183    1.595600e-21    2.737430e-22
   80  184    5.797602e-18    8.006077e-19
   80  185    4.584207e-17    5.430897e-18
   80  186    4.287879e-14    3.758248e-15
   80  187    4.789816e-14    3.170411e-15
   80  188    3.963414e-12    1.558355e-13
   80  189    1.935466e-12    3.286810e-14
   80  190    2.091587e-11   -2.979155e-13
   80  191    3.876036e-12   -1.397861e-13
   80  192    1.016933e-11   -7.316069e-13
   80  193    5.360070e-13   -5.111096e-14
   80  194    6.863911e-13   -9.024945e-14
   80  195    1.402960e-14   -2.157504e-15
   80  196    5.238376e-15   -9.991583e-16
   80  197    4.895636e-17   -1.047259e-17
   80  198    4.542967e-18   -1.137817e-18
   80  199    1.573350e-20   -4.310908e-21
   80  200    4.015773e-22   -1.240044e-22
   80  201    3.452457e-25   -1.144635e-25
   80  202    1.573047e-27   -5.723559e-28
   80  203    4.014239e-28    1.429401e-31
   80  204    8.808365e-26    2.889001e-34
   81  185    5.907908e-26    7.068040e-27
   81  186    1.213072e-24    1.188020e-25
   81  187    1.422377e-20    9.224749e-22
   81  188    2.982009e-19    1.657287e-20
   81  189    3.238201e-16    8.848053e-18
   81  190    1.991436e-15    4.388188e-17
   81  191    9.688785e-14   -4.562018e-16
   81  192    6.469290e-14   -1.745147e-15
   81  193    2.129208e-13   -1.265306e-14
   81  194    1.033321e-13   -7.990349e-15
   81  195    4.325478e-13   -4.418848e-14
   81  196    2.756957e-14   -3.530400e-15
   81  197    1.716061e-14   -2.847938e-15
   81  198    4.659114e-16   -8.899114e-17
   81  199    1.492855e-16   -3.395304e-17
   81  200    1.594741e-18   -4.038106e-19
   81  201    1.397890e-19   -4.020164e-20
   81  202    5.932712e-22   -1.864505e-22
   81  203    1.271774e-23   -4.429429e-24
   81  204    2.345901e-26   -8.783138e-27
   81  205    7.845700e-28    4.368940e-29
   81  206    9.696632e-27    1.247548e-32
   81  207    9.848935e-27   -1.326983e-33
   82  186    2.605947e-26    5.229345e-27
   82  187    1.052005e-24    1.849995e-25
   82  188    4.357393e-21    6.818242e-22
   82  189    3.627724e-20    5.372403e-21
   82  190    1.654935e-16    1.880071e-17
   82  191    8.422900e-16    8.038324e-17
   82  192    2.418950e-13    1.544774e-14
   82  193    1.333617e-13    5.483183e-15
   82  194    1.416586e-11    2.063161e-13
   82  195    5.019688e-12   -4.253980e-14
   82  196    5.893766e-11   -2.607044e-12
   82  197    9.132914e-12   -6.344137e-13
   82  198    3.290422e-11   -3.483029e-12
   82  199    1.688928e-12   -2.175498e-13
   82  200    2.649002e-12   -4.454978e-13
   82  201    8.602244e-14   -1.659884e-14
   82  202    2.465358e-14   -5.683167e-15
   82  203    3.730680e-16   -9.535020e-17
   82  204    3.010591e-17   -8.786681e-18
   82  205    1.923085e-19   -6.108077e-20
   82  206    4.475996e-21   -1.579322e-21
   82  207    7.128067e-24   -2.705470e-24
   82  208    2.888304e-26   -1.193529e-26
   83  190    7.473811e-30    1.143474e-30
   83  191    5.793779e-26    6.813114e-27
   83  192    1.283582e-24    3.903679e-26
   83  193    1.414896e-21   -2.745216e-22
   83  194    3.851153e-20   -1.176707e-20
   83  195    4.718799e-18   -1.649495e-18
   83  196    2.294498e-17   -8.729660e-18
   83  197    2.571291e-16   -1.120378e-16
   83  198    2.087666e-16   -9.563871e-17
   83  199    1.891945e-15   -9.385118e-16
   83  200    4.897957e-16   -2.588481e-16
   83  201    1.059160e-15   -6.071340e-16
   83  202    4.289641e-17   -2.623770e-17
   83  203    6.222801e-17   -4.062914e-17
   83  204    1.493176e-18   -1.030619e-18
   83  205    3.335245e-19   -2.449428e-19
   83  206    3.050505e-21   -2.351816e-21
   83  207    1.835631e-22   -1.494008e-22
   83  208    4.838347e-25   -4.113510e-25
   83  209    3.176955e-27   -2.832125e-27
   84  195    7.842539e-30   -2.174650e-30
   84  196    1.191141e-26   -3.763432e-27
   84  197    1.555255e-26   -5.390329e-27
   84  198    1.820089e-24   -7.282740e-25
   84  199    2.356595e-24   -9.946977e-25
   84  200    1.792207e-24   -8.175908e-25
   84  201    2.433973e-23   -1.158038e-23
   84  202    1.094261e-22   -5.394249e-23
   84  203    3.290676e-23   -9.551288e-24
   84  204    3.766916e-23   -1.619353e-23
   84  205    3.625653e-24   -1.127656e-24
   84  206    1.370676e-24   -4.134540e-25
   84  207    1.993247e-27   -7.800405e-28
   84  208    3.123118e-26   -7.498364e-27
   84  209    1.407307e-30   -5.576196e-31
    0    1    1.359972e-10    2.372520e-12
    1    1    1.072837e-06    3.517262e-09
    2    4    1.014506e-07    1.858327e-09
