2.7504e-01
1.2513e-04
2.3881e+00
3.2935e+05
    1    2    3.912492e-19    4.998996e-20
    1    3    8.185005e-19    1.666420e-19
    2    3    9.143296e-18    1.660307e-18
    3    6    2.904096e-23    4.292088e-24
    3    7    8.760318e-24    1.645431e-24
    4    7    5.909293e-24    9.646814e-25
    4    9    2.621894e-24    3.794989e-25
    4   10    4.262638e-23    5.854894e-24
    5   10    2.099238e-19    2.529477e-20
    5   11    2.480840e-13    3.166605e-14
    5   12    3.530043e-22    6.336148e-23
    5   13    1.183248e-27    2.580520e-28
    6   11    6.194586e-16    8.451528e-17
    6   12    7.657062e-04   -3.955268e-07
    6   13    1.810183e-09    9.838449e-11
    6   14    7.218394e-10    7.699621e-11
    6   15    8.785466e-23    1.586524e-23
    6   16    5.592146e-30    1.240481e-30
    7   12    6.045004e-28    1.112812e-28
    7   13    1.345898e-12    5.458269e-14
    7   14    5.043502e-08    4.148093e-09
    7   15    8.774076e-11    4.308375e-13
    7   16    6.721157e-21    5.032582e-22
    7   17    9.025774e-24    6.037066e-25
    8   14    2.687061e-16    1.404284e-17
    8   15    3.176565e-10    2.398892e-11
    8   16    4.605734e-02    1.565233e-05
    8   17    2.392763e-08    1.277082e-09
    8   18    4.813349e-11    2.350789e-12
    8   19    1.060585e-17    1.027147e-18
    8   20    4.750571e-23    4.910888e-24
    8   21    1.427255e-30    2.173960e-31
    9   16    2.418405e-24    3.373403e-25
    9   17    3.530950e-13    1.964525e-14
    9   18    1.356232e-10    7.760230e-12
    9   19    3.071939e-10   -1.138470e-11
    9   20    6.915022e-14   -8.064000e-16
    9   21    5.319185e-18    6.287768e-20
    9   22    7.313861e-25    2.789929e-26
   10   18    7.575207e-19    5.700408e-20
   10   19    6.830762e-14    4.158777e-15
   10   20    8.129082e-03   -2.027805e-05
   10   21    2.292642e-06    1.319371e-08
   10   22    2.891977e-07   -3.895041e-08
   10   23    4.507610e-12   -4.791582e-13
   10   24    6.497784e-16   -2.329993e-18
   10   25    1.218451e-22    5.801474e-24
   10   26    1.315211e-28    8.666151e-30
   11   20    2.401038e-22    2.302177e-23
   11   21    3.790386e-10    1.297958e-11
   11   22    4.164075e-08   -3.106457e-09
   11   23    2.863126e-05   -1.693502e-06
   11   24    1.089256e-08   -5.335392e-10
   11   25    2.861109e-12   -1.173584e-13
   11   26    8.799517e-17   -2.294129e-18
   11   27    3.930648e-21   -8.763755e-23
   11   28    9.735231e-30    3.661478e-31
   12   21    8.082507e-29    9.741205e-30
   12   22    1.369608e-13    2.195174e-15
   12   23    9.068976e-09   -5.242844e-10
   12   24    2.087353e-03    3.124653e-06
   12   25    3.772725e-04   -4.386907e-06
   12   26    3.039943e-04   -6.995528e-07
   12   27    5.013694e-08    8.971284e-10
   12   28    1.383855e-11    4.389293e-13
   12   29    5.696474e-19    4.961877e-20
   12   30    2.172774e-23    2.220583e-24
   13   23    1.086297e-25    8.137272e-27
   13   24    1.056350e-17   -1.472399e-19
   13   25    5.275811e-11    2.061624e-12
   13   26    4.198072e-05   -3.776725e-06
   13   27    2.368889e-04    1.342203e-06
   13   28    1.989218e-06   -4.747436e-08
   13   29    1.016517e-08   -8.119965e-11
   13   30    9.936657e-13    1.911479e-14
   13   31    2.368105e-16    9.028953e-18
   13   32    1.974614e-23    1.740648e-24
   13   33    7.216182e-28    8.560638e-29
   14   25    7.419195e-24    8.425562e-26
   14   26    1.640949e-14   -7.858692e-16
   14   27    1.817131e-07   -2.117882e-08
   14   28    3.216446e-04    5.863051e-06
   14   29    1.171358e-04    3.392598e-06
   14   30    4.541586e-05    1.257202e-06
   14   31    1.578955e-08    4.114166e-10
   14   32    1.200433e-10    1.074916e-11
   14   33    2.224616e-16    2.958621e-17
   14   34    2.439142e-20    3.569551e-21
   14   35    3.485810e-30    7.164045e-31
   15   27    2.142487e-25    1.747051e-27
   15   28    4.179901e-16   -2.998696e-17
   15   29    3.205078e-11    9.402082e-13
   15   30    2.687673e-07   -3.115552e-10
   15   31    4.613014e-06    1.960199e-07
   15   32    2.758890e-08    1.615280e-09
   15   33    2.251796e-09    2.410246e-10
   15   34    1.667896e-12    2.349073e-13
   15   35    1.300036e-15    2.317234e-16
   15   36    1.240154e-23    2.819906e-24
   15   37    4.292977e-27    1.145299e-27
   16   29    1.541170e-22   -6.694612e-24
   16   30    3.681251e-14   -4.206933e-15
   16   31    2.281837e-10   -4.733987e-12
   16   32    4.133499e-06    2.566174e-07
   16   33    2.183218e-07    1.550079e-08
   16   34    4.328341e-07    1.308708e-08
   16   35    1.170651e-09    1.211412e-10
   16   36    6.259701e-11    1.102604e-11
   16   37    8.618614e-17    1.877050e-17
   16   38    2.765802e-20    7.221688e-21
   16   39    2.811935e-26    8.378315e-27
   17   31    4.350010e-26   -2.121591e-27
   17   32    8.344656e-20    2.141757e-21
   17   33    6.822679e-14    6.644134e-15
   17   34    9.094672e-11    5.958484e-12
   17   35    3.809258e-08    2.821538e-09
   17   36    3.022252e-10    3.497923e-11
   17   37    2.955638e-11    4.448260e-12
   17   38    1.359624e-14    2.647131e-15
   17   39    4.803226e-17    1.185329e-17
   17   40    1.430569e-20    4.005023e-21
   17   41    3.750683e-23    1.234493e-23
   17   42    8.151981e-27    2.918731e-27
   18   33    3.099239e-26    1.577798e-27
   18   34    5.859167e-18    6.065651e-19
   18   35    2.703481e-13    1.693270e-14
   18   36    1.706282e-09    1.111614e-10
   18   37    3.896778e-11    3.437207e-12
   18   38    5.343315e-10    2.328396e-11
   18   39    2.187036e-12    2.173713e-13
   18   40    1.321460e-12    1.200206e-13
   18   41    3.080851e-15    4.489541e-16
   18   42    8.089433e-18    1.738953e-18
   18   43    3.236217e-21    8.163078e-22
   18   44    4.833124e-24    1.484558e-24
   18   45    1.178765e-28    3.972098e-29
   19   35    2.398389e-30    3.791264e-31
   19   36    8.675639e-23    9.071292e-24
   19   37    3.627864e-18    3.787506e-19
   19   38    1.197801e-14    1.042156e-15
   19   39    2.724356e-11    2.626536e-12
   19   40    1.296455e-12    1.442077e-13
   19   41    8.903977e-13    1.046813e-13
   19   42    1.568445e-14    3.021357e-15
   19   43    2.211020e-14    2.192408e-15
   19   44    1.791300e-16    2.986773e-17
   19   45    1.555322e-18    3.600106e-19
   19   46    2.208221e-21    6.438021e-22
   19   47    6.477127e-24    1.266180e-24
   19   48    1.771245e-29    4.131742e-30
   20   37    8.552181e-30    1.119199e-30
   20   38    1.885531e-22    2.111454e-23
   20   39    1.262920e-17    1.142496e-18
   20   40    6.714219e-12    7.574849e-13
   20   41    7.347179e-13    9.144506e-14
   20   42    4.514367e-08   -2.009506e-10
   20   43    1.493832e-08    3.728311e-11
   20   44    6.692890e-08   -2.867428e-10
   20   45    1.066085e-09    7.669498e-11
   20   46    2.145758e-10    3.159942e-12
   20   47    1.443413e-12    1.134812e-13
   20   48    1.802384e-09   -3.919837e-11
   20   49    7.274555e-14    1.489443e-15
   20   50    4.634807e-17    2.566067e-18
   20   51    3.849248e-23    3.923307e-24
   20   52    1.148303e-29    1.645470e-30
   21   40    2.751121e-29    3.899557e-30
   21   41    6.682855e-22    1.051068e-22
   21   42    9.785102e-18    1.361057e-18
   21   43    2.618731e-10   -5.765309e-13
   21   44    2.586726e-10    4.704845e-12
   21   45    9.627617e-09    2.495103e-10
   21   46    7.337892e-10    6.601024e-11
   21   47    3.679138e-11    4.669990e-12
   21   48    3.906487e-10    2.898279e-11
   21   49    6.838745e-11    5.171794e-12
   21   50    6.229794e-14    7.992750e-15
   21   51    9.539484e-17    1.896973e-17
   21   52    1.494062e-21    3.476210e-22
   21   53    3.079605e-26    8.094748e-27
   22   42    4.381193e-28    7.686193e-29
   22   43    3.964075e-21    5.670194e-22
   22   44    7.101376e-12    8.088793e-13
   22   45    6.808426e-12    3.954629e-13
   22   46    1.910159e-08   -7.879335e-11
   22   47    8.314075e-09    3.857339e-11
   22   48    1.434733e-08    5.377418e-12
   22   49    1.609521e-08   -1.050665e-10
   22   50    5.480954e-08   -1.081544e-10
   22   51    3.179804e-10    1.983344e-11
   22   52    1.406685e-12    1.980231e-13
   22   53    2.168089e-16    3.818070e-17
   22   54    2.293123e-19    5.387683e-20
   22   55    3.889346e-26    1.069998e-26
   23   44    7.488931e-30    1.330155e-30
   23   45    1.896106e-20    2.911460e-21
   23   46    5.983352e-16    3.011269e-17
   23   47    5.558549e-11   -5.019698e-13
   23   48    5.213873e-11    6.025684e-13
   23   49    1.153932e-09    9.780296e-11
   23   50    2.956316e-10    2.732215e-11
   23   51    5.974212e-09    9.606820e-11
   23   52    3.190978e-10    2.733588e-11
   23   53    2.983346e-12    4.687225e-13
   23   54    2.243747e-15    4.305223e-16
   23   55    1.391859e-17    3.512267e-18
   23   56    6.285257e-23    1.793106e-23
   23   57    4.666758e-26    1.470183e-26
   24   46    1.549425e-25    2.322157e-26
   24   47    1.344333e-19    5.840727e-21
   24   48    4.815399e-14    2.153658e-15
   24   49    1.197192e-13    3.868533e-15
   24   50    1.398405e-11    2.219051e-12
   24   51    1.694006e-10    1.582977e-11
   24   52    5.383735e-08   -1.603042e-10
   24   53    1.117236e-08    2.995901e-11
   24   54    1.331282e-07   -3.074444e-10
   24   55    1.042621e-09    4.305024e-11
   24   56    8.683162e-12    1.068066e-12
   24   57    9.922371e-16    1.579973e-16
   24   58    2.996459e-18    6.693917e-19
   24   59    1.344555e-24    3.560690e-25
   24   60    1.380928e-27    4.357313e-28
   25   48    3.390078e-28    2.754627e-29
   25   49    5.580944e-22    4.600023e-23
   25   50    3.391991e-18    9.001172e-20
   25   51    8.620398e-15    1.399391e-15
   25   52    3.895072e-13    4.795877e-14
   25   53    6.808928e-10    5.926779e-11
   25   54    1.470846e-09    1.393565e-10
   25   55    3.368032e-08   -5.304669e-11
   25   56    1.778762e-09    1.330607e-10
   25   57    3.628892e-11    5.434329e-12
   25   58    1.055432e-13    2.032706e-14
   25   59    1.421625e-15    3.665323e-16
   25   60    1.575168e-19    4.517859e-20
   25   61    8.786305e-22    2.945837e-22
   25   62    6.156813e-28    2.263639e-28
   26   50    2.261338e-27    2.137149e-28
   26   51    3.521493e-22    8.734700e-24
   26   52    2.558879e-18    4.544580e-19
   26   53    2.561114e-16    3.291898e-17
   26   54    4.155540e-09   -2.214096e-11
   26   55    1.280421e-09    1.084519e-10
   26   56    1.707608e-06   -4.864024e-09
   26   57    9.561665e-07   -3.491303e-09
   26   58    5.070494e-06   -6.913228e-09
   26   59    1.201937e-07    7.280696e-09
   26   60    1.853384e-09    2.599641e-10
   26   61    6.244461e-13    1.088877e-13
   26   62    3.510102e-15    8.385934e-16
   26   63    5.635854e-20    1.540623e-20
   26   64    1.285874e-22    4.205922e-23
   26   65    6.920655e-29    2.504780e-29
   27   53    3.060434e-27    6.539214e-28
   27   54    3.546150e-21    4.687933e-22
   27   55    1.548396e-12   -1.418943e-14
   27   56    8.671440e-13    8.199798e-14
   27   57    1.859871e-08    1.551000e-09
   27   58    8.698274e-09    8.160830e-10
   27   59    2.005086e-06   -1.911766e-09
   27   60    6.113105e-08    4.717651e-09
   27   61    3.140335e-09    4.779056e-10
   27   62    3.304684e-11    6.680349e-12
   27   63    8.954620e-13    2.402008e-13
   27   64    5.567442e-16    1.650126e-16
   27   65    8.707967e-18    3.059625e-18
   27   66    3.715929e-22    1.406935e-22
   27   67    2.150232e-24    9.052878e-25
   27   68    5.767323e-30    2.589207e-30
   28   55    7.263071e-26    9.814432e-27
   28   56    1.147385e-16    8.303096e-18
   28   57    9.727491e-15    1.270887e-15
   28   58    6.145669e-10    4.955729e-12
   28   59    9.844678e-09    8.581716e-10
   28   60    2.466129e-06   -1.583083e-08
   28   61    1.085038e-06    4.956908e-09
   28   62    2.336872e-06    7.271742e-09
   28   63    6.393417e-08    5.040555e-09
   28   64    1.378689e-06    1.246429e-10
   28   65    9.984206e-09    3.708794e-10
   28   66    1.765361e-10    2.119146e-11
   28   67    8.788971e-14    1.362535e-14
   28   68    4.325761e-16    9.659753e-17
   28   69    2.838370e-21    7.387256e-22
   28   70    3.470781e-24    1.100913e-24
   28   71    1.020259e-30    3.592612e-31
   29   57    8.282984e-28    1.016371e-28
   29   58    7.045683e-22    1.113581e-22
   29   59    2.558028e-15    8.003469e-17
   29   60    1.210285e-12    1.134329e-13
   29   61    1.270067e-09    4.388085e-12
   29   62    1.562849e-09    3.864527e-11
   29   63    6.938959e-07   -1.284514e-08
   29   64    1.555020e-07    9.333006e-09
   29   65    1.017174e-06   -1.851812e-09
   29   66    7.655843e-08    4.460246e-09
   29   67    8.766511e-09    1.227501e-09
   29   68    3.877411e-11    6.693978e-12
   29   69    1.253379e-12    2.998518e-13
   29   70    1.070886e-16    2.911281e-17
   29   71    1.795753e-18    5.876788e-19
   29   72    3.453686e-23    1.230329e-23
   29   73    4.054994e-25    1.633588e-25
   29   74    4.463054e-30    1.925249e-30
   30   59    4.494220e-29    8.267317e-30
   30   60    2.840651e-20    7.823271e-22
   30   61    1.300124e-16    1.316058e-17
   30   62    1.061371e-12    7.207766e-14
   30   63    1.606565e-12    5.467480e-14
   30   64    7.218597e-07   -9.237967e-09
   30   65    9.786801e-08    5.666632e-09
   30   66    1.220030e-06   -5.610959e-09
   30   67    3.030840e-07    1.205750e-09
   30   68    1.361230e-06    4.190439e-09
   30   69    2.576859e-08    1.068615e-09
   30   70    2.569491e-09    3.049297e-10
   30   71    5.866634e-12    8.960365e-13
   30   72    1.512636e-13    2.997967e-14
   30   73    5.044018e-17    1.159487e-17
   30   74    4.095444e-19    1.140225e-19
   30   75    7.749691e-24    2.402574e-24
   30   76    2.538091e-26    9.061420e-27
   31   62    9.718300e-24    1.266783e-24
   31   63    1.689701e-19    1.683698e-20
   31   64    2.869174e-17    1.499123e-18
   31   65    5.469551e-11    2.065642e-14
   31   66    5.044398e-11    3.426820e-12
   31   67    4.824281e-09    3.438150e-10
   31   68    1.292935e-09    1.319343e-10
   31   69    1.266047e-07   -2.013486e-09
   31   70    3.000451e-08    1.377273e-09
   31   71    1.436017e-07    1.013805e-09
   31   72    5.295021e-09    1.588242e-10
   31   73    1.239207e-09    1.256900e-10
   31   74    1.410611e-11    1.935465e-12
   31   75    7.240604e-13    1.516718e-13
   31   76    2.153509e-16    5.114335e-17
   31   77    7.718366e-18    2.309467e-18
   31   78    1.221414e-21    3.979054e-22
   31   79    9.103769e-24    3.426443e-24
   31   80    1.297899e-29    5.274649e-30
   32   64    8.044974e-25    8.968142e-26
   32   65    1.006349e-21    6.398088e-23
   32   66    1.367274e-14    3.399460e-16
   32   67    1.402489e-14    1.133674e-15
   32   68    8.835192e-12    1.421562e-12
   32   69    2.319757e-11    1.246598e-12
   32   70    1.866354e-07   -3.110437e-09
   32   71    3.458025e-08    1.987270e-09
   32   72    2.184233e-07   -8.268652e-10
   32   73    5.338128e-08    4.759786e-10
   32   74    1.807551e-07    8.426209e-10
   32   75    1.135400e-08    5.503809e-10
   32   76    5.887283e-10    7.532372e-11
   32   77    4.361681e-12    7.116603e-13
   32   78    9.615763e-14    2.189267e-14
   32   79    8.861669e-17    2.309297e-17
   32   80    5.253120e-19    1.658036e-19
   32   81    9.531649e-24    3.295911e-24
   32   82    1.301263e-26    5.128654e-27
   33   66    1.076410e-28    1.010829e-29
   33   67    3.130002e-22    1.922917e-23
   33   68    3.148370e-20    3.252640e-21
   33   69    8.618985e-17    1.568342e-17
   33   70    3.772454e-15    2.406924e-16
   33   71    1.575843e-10    2.850321e-12
   33   72    5.441210e-11    4.001082e-12
   33   73    8.352754e-10    6.715082e-11
   33   74    1.526859e-10    1.855006e-11
   33   75    1.062797e-08   -3.525554e-10
   33   76    8.050384e-09    1.911740e-10
   33   77    1.995690e-09    2.320129e-10
   33   78    5.368041e-11    8.437119e-12
   33   79    1.004506e-11    2.330903e-12
   33   80    9.599040e-14    2.617790e-14
   33   81    5.133428e-15    1.721757e-15
   33   82    7.845955e-19    2.833194e-19
   33   83    1.363173e-20    5.632912e-21
   33   84    1.958338e-27    8.700452e-28
   34   68    1.012668e-27    6.938209e-29
   34   69    1.573485e-24    1.768077e-25
   34   70    2.005656e-20    2.925861e-21
   34   71    6.931982e-19    5.026418e-20
   34   72    2.116755e-13    2.602957e-14
   34   73    6.340739e-14    9.163703e-15
   34   74    1.202716e-12    1.983652e-13
   34   75    2.548812e-11    1.335203e-12
   34   76    3.342400e-08   -1.097175e-09
   34   77    2.071386e-08   -7.178351e-11
   34   78    7.428562e-08    3.462107e-10
   34   79    8.029012e-09    5.347622e-10
   34   80    5.751970e-09    2.419725e-10
   34   81    3.173146e-10    2.658877e-11
   34   82    2.201716e-11    2.893996e-12
   34   83    4.640264e-14    7.565411e-15
   34   84    8.200508e-16    1.667886e-16
   34   85    3.381968e-21    8.195772e-22
   34   86    5.046621e-25    1.344803e-25
   35   71    1.124893e-28    2.048232e-29
   35   72    3.693867e-25    3.624532e-26
   35   73    5.454264e-19    8.100958e-20
   35   74    3.765562e-18    5.818353e-19
   35   75    2.229460e-16    3.699555e-17
   35   76    7.384209e-15    5.109754e-16
   35   77    6.152099e-11    3.341974e-12
   35   78    1.970662e-11    1.553960e-12
   35   79    2.911681e-09   -2.406128e-10
   35   80    3.347056e-09    1.054880e-11
   35   81    5.834699e-09   -2.530425e-11
   35   82    2.678333e-09    1.376260e-10
   35   83    9.391269e-10    1.252371e-10
   35   84    3.463156e-11    6.327419e-12
   35   85    2.750874e-12    6.955897e-13
   35   86    6.467415e-17    1.845558e-17
   35   87    6.534177e-20    2.052232e-20
   35   88    4.224137e-25    1.462588e-25
   35   89    3.116253e-29    1.150424e-29
   36   73    9.487501e-30    9.986737e-31
   36   74    2.924605e-23    4.689210e-24
   36   75    2.534040e-22    4.118704e-23
   36   76    1.009580e-18    1.473231e-19
   36   77    1.097065e-16    1.066536e-17
   36   78    4.108169e-14    5.652065e-15
   36   79    1.172000e-12   -3.217856e-15
   36   80    1.110330e-08   -6.062720e-10
   36   81    5.678618e-09    7.875378e-11
   36   82    4.435245e-08   -3.521318e-10
   36   83    1.930363e-08    1.972155e-10
   36   84    6.141502e-08    3.091727e-10
   36   85    4.093524e-09    3.265043e-10
   36   86    6.969416e-10    3.662493e-11
   36   87    2.438147e-13    2.096516e-14
   36   88    2.652782e-15    2.753407e-16
   36   89    6.021073e-20    8.590998e-21
   36   90    5.624686e-23    9.358020e-24
   36   91    1.723751e-29    3.610734e-30
   37   76    2.154534e-28    3.951778e-29
   37   77    1.894740e-24    3.188640e-25
   37   78    9.204899e-22    1.016822e-22
   37   79    2.633827e-18    3.947103e-19
   37   80    1.104278e-16    1.024912e-18
   37   81    5.340666e-12    1.908808e-14
   37   82    3.221798e-12    1.531816e-13
   37   83    3.841634e-11    2.504794e-12
   37   84    1.568003e-11    1.704808e-12
   37   85    5.600286e-09   -1.899326e-10
   37   86    2.287937e-09    1.101339e-10
   37   87    6.909089e-10    8.682872e-11
   37   88    2.204629e-12    3.507602e-13
   37   89    6.648160e-14    1.322312e-14
   37   90    1.845253e-17    4.212231e-18
   37   91    7.988883e-20    2.006374e-20
   37   92    5.289056e-25    1.506587e-25
   37   93    2.685320e-28    8.253815e-29
   38   78    4.156667e-29    6.612592e-30
   38   79    2.937322e-26    3.316033e-27
   38   80    2.597921e-21    2.611849e-22
   38   81    3.263882e-19    1.853515e-20
   38   82    1.781556e-15    1.706121e-16
   38   83    1.606186e-15    2.114838e-16
   38   84    1.686736e-14    2.773526e-15
   38   85    1.244222e-12    3.523326e-14
   38   86    1.739174e-08   -1.875348e-10
   38   87    1.288592e-08    6.874526e-12
   38   88    3.587550e-08    1.549613e-10
   38   89    3.485215e-10    2.268360e-11
   38   90    6.699797e-12    9.722569e-13
   38   91    1.125161e-14    1.994197e-15
   38   92    1.665324e-16    3.737698e-17
   38   93    2.260659e-20    5.786005e-21
   38   94    8.245519e-23    2.345300e-23
   38   95    4.581685e-29    1.470170e-29
   39   81    5.407798e-28    6.975964e-29
   39   82    1.355135e-24    1.032774e-25
   39   83    2.912559e-20    3.381989e-21
   39   84    3.682942e-20    5.377997e-21
   39   85    1.598216e-18    2.594737e-19
   39   86    1.262121e-16    7.432823e-18
   39   87    3.027856e-12    7.314244e-14
   39   88    4.292186e-12    2.568758e-13
   39   89    4.867621e-09   -1.270783e-11
   39   90    1.620353e-10    9.939615e-12
   39   91    3.401515e-11    4.721498e-12
   39   92    5.789697e-13    9.770128e-14
   39   93    7.492229e-14    1.611204e-14
   39   94    4.605260e-16    1.116564e-16
   39   95    5.330208e-18    1.403810e-18
   39   96    5.404388e-22    1.597477e-22
   39   97    2.471590e-26    7.860552e-27
   40   83    2.362483e-29    2.084217e-30
   40   84    1.020034e-24    1.585823e-25
   40   85    1.330758e-24    2.208845e-25
   40   86    3.797941e-21    5.177000e-22
   40   87    5.745910e-19    4.809594e-20
   40   88    5.233601e-16    5.963302e-17
   40   89    1.108521e-14    7.166183e-16
   40   90    2.128818e-09   -7.624799e-12
   40   91    5.897163e-10    1.303359e-12
   40   92    7.646524e-10    7.782526e-12
   40   93    1.434740e-10   -2.059734e-12
   40   94    4.129535e-10    1.319936e-13
   40   95    1.268554e-11    4.062999e-13
   40   96    1.864344e-12    1.259752e-13
   40   97    3.029247e-16    3.095458e-17
   40   98    6.785580e-19    8.656313e-20
   40   99    1.616728e-24    2.800204e-25
   40  100    1.277452e-26    2.458856e-27
   41   86    1.263544e-30    2.383515e-31
   41   87    1.107068e-26    1.742291e-27
   41   88    7.438284e-24    7.065055e-25
   41   89    1.136961e-20    1.605172e-21
   41   90    5.452504e-19    5.621185e-20
   41   91    2.838722e-13    2.109107e-14
   41   92    1.180651e-13    1.433466e-14
   41   93    1.703223e-13    1.350501e-14
   41   94    6.449568e-14    5.659480e-15
   41   95    2.856835e-14    3.922011e-15
   41   96    2.610769e-15    4.456271e-16
   41   97    7.893572e-16    1.851720e-16
   41   98    8.009665e-19    2.097730e-19
   41   99    2.234218e-20    6.369953e-21
   41  100    1.909973e-24    6.013806e-25
   41  101    1.056428e-25    3.814115e-26
   42   89    7.078555e-29    7.235762e-30
   42   90    3.819415e-25    7.623525e-26
   42   91    5.935634e-22    7.432931e-23
   42   92    5.471229e-17    3.436924e-18
   42   93    1.132979e-16    1.514525e-17
   42   94    1.800175e-12    8.564959e-14
   42   95    1.967038e-11   -9.619053e-13
   42   96    9.464838e-11    2.477435e-13
   42   97    1.548457e-11   -1.513874e-13
   42   98    8.711379e-11    7.465557e-13
   42   99    3.919422e-13    1.690500e-14
   42  100    1.499637e-13    1.490494e-14
   42  101    1.106739e-16    1.494246e-17
   42  102    6.320897e-18    1.198535e-18
   42  103    1.931819e-21    4.263787e-22
   42  104    6.802843e-23    1.799542e-23
   42  105    2.417701e-27    7.142924e-28
   43   92    3.492087e-27    4.781924e-28
   43   93    1.326815e-21    1.187691e-22
   43   94    5.797964e-20    7.740469e-21
   43   95    4.317337e-16    1.841256e-17
   43   96    8.245394e-16    4.973121e-17
   43   97    5.012447e-15    4.132842e-16
   43   98    2.491740e-15    2.156901e-16
   43   99    2.506662e-13   -8.158339e-16
   43  100    1.320393e-14    2.931165e-16
   43  101    1.272230e-14    1.088965e-15
   43  102    3.159923e-17    3.655113e-18
   43  103    1.286793e-17    2.237185e-18
   43  104    2.015091e-20    4.072830e-21
   43  105    3.691357e-21    9.301075e-22
   43  106    6.023153e-25    1.690954e-25
   43  107    9.602644e-27    2.947383e-27
   44   94    1.470119e-25    3.062717e-26
   44   95    5.576200e-22    6.903542e-23
   44   96    2.485709e-20    3.859407e-21
   44   97    1.550500e-18    1.954268e-19
   44   98    1.630417e-13    5.654337e-15
   44   99    2.932721e-12   -2.475718e-13
   44  100    3.038843e-11   -4.855675e-13
   44  101    4.407637e-12   -4.565552e-14
   44  102    1.069962e-11    7.230037e-13
   44  103    3.307571e-13    3.267223e-14
   44  104    1.008563e-13    1.715246e-14
   44  105    6.315753e-16    1.257948e-16
   44  106    5.939377e-17    1.544664e-17
   44  107    3.776921e-20    1.085360e-20
   44  108    3.167583e-21    1.067439e-21
   44  109    2.115777e-25    7.707903e-26
   44  110    3.378043e-27    3.378027e-27
   45   96    1.401988e-27    2.030990e-28
   45   97    4.834919e-25    8.882924e-26
   45   98    2.086830e-22    2.119062e-23
   45   99    2.391881e-17    1.701206e-19
   45  100    3.801012e-17    2.870638e-19
   45  101    1.068001e-15    6.891746e-17
   45  102    1.514140e-15    4.474340e-17
   45  103    4.662899e-12   -1.361994e-13
   45  104    9.417434e-13   -8.939149e-15
   45  105    1.775945e-12    1.336746e-13
   45  106    4.937550e-14    5.012210e-15
   45  107    3.734244e-14    6.380647e-15
   45  108    2.750371e-16    5.414306e-17
   45  109    1.062423e-16    2.679696e-17
   45  110    1.785953e-19    4.981064e-20
   45  111    1.684485e-20    5.320997e-21
   45  112    3.302878e-24    1.130846e-24
   45  113    1.121005e-25    4.109284e-26
   46   98    4.241276e-28    8.053353e-29
   46   99    2.830441e-24    2.595717e-25
   46  100    4.915333e-22    5.174513e-23
   46  101    3.723214e-21    5.318541e-22
   46  102    1.272805e-17    1.567027e-18
   46  103    6.975348e-16    2.735031e-17
   46  104    1.198922e-11   -5.766049e-13
   46  105    2.835403e-12   -1.248237e-13
   46  106    2.724727e-11    1.523090e-13
   46  107    1.785075e-12    4.221929e-14
   46  108    2.889569e-11    4.428018e-13
   46  109    6.942685e-13    3.093577e-14
   46  110    3.302874e-13    3.291293e-14
   46  111    7.968078e-16    1.050568e-16
   46  112    1.644469e-16    3.044139e-17
   46  113    5.564806e-20    1.209493e-20
   46  114    4.606771e-21    1.214535e-21
   46  115    3.433793e-25    1.013590e-25
   46  116    5.686982e-27    2.549451e-27
   47  100    2.007043e-30    2.371570e-31
   47  101    1.340694e-27    2.196419e-28
   47  102    8.814350e-27    1.578494e-27
   47  103    1.303618e-21    1.179350e-22
   47  104    1.914736e-19    3.342842e-21
   47  105    1.135237e-16    3.581826e-19
   47  106    2.526549e-16   -6.328689e-18
   47  107    1.149338e-12   -1.069162e-13
   47  108    6.442664e-13   -4.950390e-14
   47  109    6.247604e-12   -4.997231e-14
   47  110    6.284874e-13    9.285221e-15
   47  111    2.128030e-12    1.844396e-13
   47  112    5.673407e-14    6.401063e-15
   47  113    3.632749e-14    6.339194e-15
   47  114    6.925775e-17    1.405333e-17
   47  115    1.719404e-17    4.399794e-18
   47  116    3.435012e-21    9.777365e-22
   47  117    6.721622e-22    2.209184e-22
   47  118    7.654475e-26    2.719556e-26
   48  103    4.444218e-30    7.329394e-31
   48  104    3.235053e-25    3.789314e-26
   48  105    3.682102e-23    3.173674e-24
   48  106    3.644292e-20    3.571324e-21
   48  107    6.802548e-18   -3.325188e-20
   48  108    2.240301e-13   -8.895456e-15
   48  109    4.833108e-14   -3.210874e-16
   48  110    1.378592e-11   -3.933448e-13
   48  111    2.998704e-12   -7.202393e-14
   48  112    2.404458e-11    2.103299e-13
   48  113    1.416673e-12    4.326798e-14
   48  114    3.525788e-11    1.622368e-13
   48  115    5.644917e-13    2.020496e-14
   48  116    3.886056e-13    3.826701e-14
   48  117    1.285598e-15    1.691375e-16
   48  118    2.299140e-16    4.339113e-17
   48  119    8.115105e-20    1.791020e-20
   48  120    6.413238e-21    1.742536e-21
   48  121    9.018123e-25    2.725536e-25
   48  122    1.666363e-26    6.218473e-27
   49  106    2.328489e-29    2.637045e-30
   49  107    3.645476e-25    2.276059e-26
   49  108    8.099744e-23    1.347530e-24
   49  109    4.759373e-19   -7.186476e-21
   49  110    6.453376e-19    1.141132e-20
   49  111    1.277346e-16   -5.780405e-19
   49  112    5.113243e-16   -1.474679e-17
   49  113    1.902182e-12   -1.667858e-13
   49  114    7.417009e-13   -5.300517e-14
   49  115    2.841150e-12    1.429987e-13
   49  116    2.827179e-13    2.219555e-14
   49  117    3.226027e-13    5.265881e-14
   49  118    6.632383e-15    1.267092e-15
   49  119    2.944115e-15    7.569895e-16
   49  120    1.415998e-17    4.012001e-18
   49  121    3.199206e-18    1.079921e-18
   49  122    3.323124e-21    1.205593e-21
   49  123    3.545907e-22    1.450200e-22
   49  124    7.312314e-26    3.165740e-26
   50  108    1.884092e-29    3.008015e-30
   50  109    2.099824e-27    1.362448e-28
   50  110    1.685187e-24    1.556126e-25
   50  111    2.611768e-23    1.977897e-24
   50  112    6.525075e-20    7.731466e-21
   50  113    6.313000e-18    1.427686e-19
   50  114    3.228183e-13    7.174106e-15
   50  115    2.117217e-12   -1.641176e-13
   50  116    3.800182e-11   -2.531545e-13
   50  117    7.274920e-12   -4.653045e-14
   50  118    5.855856e-11    3.182264e-13
   50  119    4.386304e-12   -6.836937e-14
   50  120    6.775881e-11    1.196534e-13
   50  121    1.451894e-12    4.438041e-14
   50  122    8.831382e-13    4.222584e-14
   50  123    6.469952e-15    4.818551e-16
   50  124    5.786963e-14   -4.858749e-17
   50  125    1.564943e-16    5.181129e-18
   50  126    1.217774e-17    1.262038e-18
   50  127    1.156161e-20    1.613021e-21
   50  128    1.637269e-22    3.342143e-23
   50  129    5.496100e-26    1.304648e-26
   51  112    8.244078e-30    1.006807e-30
   51  113    5.299041e-26    5.535429e-27
   51  114    5.993079e-24    3.848723e-25
   51  115    3.905828e-19    3.556055e-21
   51  116    2.191446e-18   -7.703457e-20
   51  117    5.158689e-17    1.216748e-18
   51  118    5.020225e-17    2.824465e-18
   51  119    2.180952e-15    1.607874e-16
   51  120    1.859927e-15    1.016657e-16
   51  121    2.527453e-12   -5.336581e-14
   51  122    3.070290e-13    5.050843e-16
   51  123    6.689301e-13    4.714598e-14
   51  124    3.221196e-14    3.169653e-15
   51  125    1.451724e-14    2.316911e-15
   51  126    1.787657e-16    3.343084e-17
   51  127    2.905892e-17    7.022862e-18
   51  128    6.783233e-20    1.819921e-20
   51  129    4.208320e-21    1.337472e-21
   51  130    2.237858e-24    7.679893e-25
   51  131    4.259089e-26    1.707703e-26
   52  115    3.978256e-29    2.420555e-30
   52  116    9.908485e-25    3.462333e-26
   52  117    2.166992e-24    8.759087e-26
   52  118    1.696979e-22    2.562005e-23
   52  119    2.152253e-21    3.203293e-22
   52  120    1.333940e-16    1.194589e-17
   52  121    6.520739e-16    1.218349e-17
   52  122    5.886508e-12   -2.367191e-13
   52  123    1.195268e-12   -4.306490e-14
   52  124    2.037699e-11    4.589399e-14
   52  125    1.838623e-12    1.851998e-14
   52  126    2.858751e-11    1.429090e-13
   52  127    9.279388e-13    2.873814e-14
   52  128    1.025273e-12    4.832772e-14
   52  129    1.830256e-14    1.057713e-15
   52  130    1.778178e-12   -5.975308e-15
   52  131    7.127671e-15    2.118047e-16
   52  132    5.041499e-16    4.988734e-17
   52  133    8.192831e-19    1.098312e-19
   52  134    6.623674e-21    1.328817e-21
   52  135    1.170675e-28    2.904654e-29
   53  118    1.365933e-30    1.566675e-31
   53  119    2.895031e-28    7.243891e-29
   53  120    1.497779e-26    2.281812e-27
   53  121    1.198391e-21    6.046680e-23
   53  122    2.490323e-20    3.984629e-22
   53  123    1.028911e-17    9.117766e-20
   53  124    9.848548e-18    4.378055e-19
   53  125    2.705335e-15    2.096165e-16
   53  126    2.422325e-15    1.290382e-16
   53  127    2.748651e-12   -4.210468e-14
   53  128    4.034047e-13    2.539296e-15
   53  129    4.399122e-13    3.686696e-14
   53  130    1.444606e-14    1.599528e-15
   53  131    4.326793e-15    7.738837e-16
   53  132    4.650210e-17    9.591454e-18
   53  133    4.033661e-18    1.077886e-18
   53  134    2.308215e-20    6.843757e-21
   53  135    2.721612e-22    9.580128e-23
   53  136    3.119583e-30    1.212033e-30
   54  121    2.295825e-29    4.380353e-30
   54  122    1.457214e-26    1.127255e-27
   54  123    6.300705e-25    3.579695e-26
   54  124    5.915792e-22    1.249928e-22
   54  125    1.733501e-20    2.619683e-21
   54  126    4.577929e-16    4.546808e-17
   54  127    2.459779e-15    5.471645e-17
   54  128    6.935939e-12   -2.274574e-13
   54  129    1.850907e-12   -6.914127e-14
   54  130    2.193276e-11    1.587353e-13
   54  131    2.389820e-12    1.018852e-14
   54  132    4.064541e-11    4.711724e-14
   54  133    1.501738e-12    4.210759e-14
   54  134    5.999522e-13    5.354606e-14
   54  135    7.859281e-14    3.485536e-15
   54  136    7.888121e-12   -1.870096e-14
   54  137    2.796549e-18    1.431528e-19
   54  138    5.489812e-23    4.753297e-24
   54  139    8.240176e-30    1.131058e-30
   55  125    2.158671e-27    4.438435e-28
   55  126    2.200188e-25    3.055370e-26
   55  127    6.414388e-21    2.842982e-22
   55  128    7.981558e-20    1.507137e-21
   55  129    1.139597e-17    3.848596e-19
   55  130    1.143949e-17    8.042476e-19
   55  131    8.055924e-15    5.775862e-16
   55  132    5.701204e-15    2.180993e-16
   55  133    3.141933e-12   -7.313732e-14
   55  134    5.575106e-13   -2.830783e-15
   55  135    8.088953e-13    6.735800e-14
   55  136    5.235911e-14    6.493457e-15
   55  137    6.593108e-15    1.339354e-15
   55  138    6.844237e-21    1.665051e-21
   55  139    1.053722e-24    2.836058e-25
   56  127    2.377764e-28    4.525271e-29
   56  128    3.653946e-26    4.075498e-27
   56  129    1.179368e-24    1.253646e-25
   56  130    1.507832e-20    3.127261e-21
   56  131    1.971260e-19    2.949613e-20
   56  132    1.769159e-15    1.694584e-16
   56  133    5.948216e-15    1.681391e-16
   56  134    8.800516e-12   -1.708727e-13
   56  135    2.510293e-12   -7.692229e-14
   56  136    5.183454e-11    8.414621e-13
   56  137    2.491746e-11   -8.098024e-13
   56  138    4.022582e-10    2.155334e-13
   56  139    4.207312e-15    1.955528e-16
   56  140    3.329159e-18    2.477260e-19
   56  141    2.362860e-23    2.798424e-24
   56  142    4.059853e-27    5.940168e-28
   57  130    1.274318e-30    3.321454e-31
   57  131    4.124097e-26    7.245753e-27
   57  132    9.285027e-25    1.278204e-25
   57  133    1.045959e-20    6.105089e-22
   57  134    9.805146e-20    2.862088e-21
   57  135    8.151864e-18    3.534880e-19
   57  136    1.132336e-17    9.399104e-19
   57  137    9.183188e-16    1.239692e-16
   57  138    3.253454e-15    3.092540e-16
   57  139    3.734788e-11   -4.741431e-16
   57  140    2.516286e-15    1.073036e-16
   57  141    8.600632e-18    5.699064e-19
   57  142    2.494125e-22    2.662541e-23
   57  143    3.068430e-25    4.064773e-26
   58  133    2.046670e-28    4.067248e-29
   58  134    6.216891e-26    8.402793e-27
   58  135    1.293730e-24    2.176164e-25
   58  136    1.130517e-20    3.105370e-21
   58  137    2.972236e-19    6.328442e-20
   58  138    3.031629e-15    4.705858e-16
   58  139    4.507470e-14    3.708651e-15
   58  140    9.321972e-11    7.154463e-15
   58  141    2.962715e-14    1.135253e-15
   58  142    9.938373e-16   -9.392139e-17
   58  143    1.418271e-19   -7.213407e-21
   58  144    7.188854e-22   -3.373131e-23
   58  145    9.690392e-27    1.828971e-29
   58  146    1.983752e-28    2.197526e-31
   59  136    1.805485e-27    3.453121e-28
   59  137    1.251758e-22    1.864054e-23
   59  138    4.633277e-21    5.766785e-22
   59  139    9.092342e-17    6.978939e-18
   59  140    2.579022e-15    1.278585e-16
   59  141    7.780635e-12   -9.131951e-16
   59  142    1.932693e-14    6.834339e-16
   59  143    2.121899e-15    1.019008e-16
   59  144    9.409126e-19    7.846671e-20
   59  145    2.738274e-20    2.775623e-21
   59  146    5.027055e-25    7.104040e-26
   59  147    1.619168e-26    2.532476e-27
   60  137    5.435675e-30    1.200458e-30
   60  138    1.568221e-24    2.821655e-25
   60  139    2.429722e-22    3.821747e-23
   60  140    2.032780e-17    2.279969e-18
   60  141    1.545779e-15    1.021263e-16
   60  142    2.847763e-11    4.988417e-13
   60  143    7.959144e-13   -2.123924e-14
   60  144    5.698392e-12   -4.478802e-13
   60  145    1.564770e-14   -7.745504e-16
   60  146    3.355142e-15   -1.185339e-15
   60  147    9.961222e-19   -3.002323e-19
   60  148    4.424955e-20   -1.297580e-20
   60  149    4.396009e-24   -1.049470e-24
   60  150    2.148853e-23   -1.029779e-23
   60  151    4.451812e-27   -1.878395e-27
   60  152    9.610887e-27    8.008517e-33
   61  140    3.558932e-28    9.366681e-29
   61  141    1.549838e-22    3.717671e-23
   61  142    8.694716e-20    1.915454e-20
   61  143    4.076610e-15    7.584002e-16
   61  144    3.111164e-16    5.661763e-17
   61  145    1.704292e-15    1.562155e-16
   61  146    2.863823e-17    2.799616e-18
   61  147    8.090037e-17   -2.249899e-18
   61  148    1.517447e-19    1.288791e-21
   61  149    2.242129e-20    5.536739e-22
   61  150    1.056647e-23    6.399899e-25
   61  151    1.190999e-22    9.019187e-25
   61  152    8.057547e-26    3.510838e-27
   61  153    1.027402e-25   -3.598242e-27
   61  154    5.400524e-29    1.572101e-29
   61  155    1.964951e-30    2.369477e-31
   62  141    5.745450e-29    1.561058e-29
   62  142    1.992562e-22    4.618217e-23
   62  143    2.693847e-19    5.346830e-20
   62  144    1.420792e-13    2.090396e-14
   62  145    2.139777e-13    1.133658e-14
   62  146    3.617028e-12    6.733329e-14
   62  147    1.968520e-13   -1.106319e-16
   62  148    1.179542e-12   -1.376084e-13
   62  149    6.799890e-15   -5.385302e-16
   62  150    6.595622e-15   -4.566901e-16
   62  151    2.097727e-17   -7.347361e-19
   62  152    6.071326e-17   -6.982943e-18
   62  153    2.414109e-19   -2.796957e-20
   62  154    8.568101e-19   -6.260802e-19
   62  155    1.251837e-21   -8.429947e-22
   62  156    6.931705e-22   -4.145791e-22
   62  157    7.493864e-26   -4.007589e-26
   62  158    2.838200e-28   -1.406027e-28
   63  143    1.150505e-26    3.048989e-27
   63  144    1.384573e-22    3.332283e-23
   63  145    1.907708e-16    3.765676e-17
   63  146    3.377689e-16    5.874456e-17
   63  147    1.375594e-14    1.879582e-15
   63  148    2.680348e-15    3.502084e-16
   63  149    8.081188e-14    5.741734e-15
   63  150    1.566897e-15    1.158581e-16
   63  151    1.772750e-13   -3.961878e-15
   63  152    2.550147e-15    1.833175e-17
   63  153    1.017492e-13   -4.820317e-15
   63  154    1.684731e-15   -3.077610e-17
   63  155    1.146990e-14   -3.763726e-16
   63  156    7.430289e-17   -1.924042e-19
   63  157    1.995134e-17   -2.708423e-20
   63  158    9.554449e-21    3.289001e-22
   63  159    2.651409e-22    1.403040e-23
   63  160    1.206479e-26    1.115096e-27
   64  145    2.826666e-26    7.763545e-27
   64  146    4.299536e-19    9.926585e-20
   64  147    3.151631e-18    5.677202e-19
   64  148    7.448133e-16    1.094176e-16
   64  149    8.493612e-16    1.042760e-16
   64  150    4.551718e-14    4.251791e-15
   64  151    6.857506e-15    6.182168e-16
   64  152    4.840732e-13    1.240573e-14
   64  153    3.958753e-14    1.610072e-15
   64  154    2.450437e-12    3.662148e-14
   64  155    1.644713e-13    4.663290e-15
   64  156    2.753467e-12   -5.981720e-14
   64  157    6.453053e-14    3.222774e-16
   64  158    8.795500e-14   -1.970484e-15
   64  159    2.478238e-16    2.630717e-18
   64  160    4.043528e-17   -4.656925e-18
   64  161    1.463084e-20   -1.087204e-21
   64  162    1.688288e-22   -1.210897e-23
   64  163    9.479483e-27   -2.601959e-28
   65  147    3.115728e-27    9.076446e-28
   65  148    4.983318e-26    1.303674e-26
   65  149    2.322233e-23    6.393075e-24
   65  150    3.965172e-23    1.048010e-23
   65  151    3.606886e-20    9.150347e-21
   65  152    6.113116e-21    1.483431e-21
   65  153    1.243245e-17    2.463605e-18
   65  154    4.556967e-18    8.456029e-19
   65  155    3.443648e-15    4.383079e-16
   65  156    9.384599e-16    1.088630e-16
   65  157    1.386944e-13    7.356678e-15
   65  158    1.242218e-14    6.528542e-16
   65  159    2.104822e-13   -8.533093e-15
   65  160    2.778767e-15   -3.061922e-17
   65  161    1.815460e-15    3.586614e-18
   65  162    5.939818e-18    1.876736e-19
   65  163    2.763161e-19    1.353709e-20
   65  164    8.681385e-23    7.420264e-24
   65  165    4.785761e-25    5.175891e-26
   65  166    2.405975e-29    3.461023e-30
   66  151    3.166932e-26    8.167763e-27
   66  152    1.353088e-22    2.915095e-23
   66  153    6.158834e-22    1.194212e-22
   66  154    5.282840e-19    8.353786e-20
   66  155    7.276802e-19    1.048664e-19
   66  156    8.603563e-16    8.511033e-17
   66  157    7.155485e-16    7.323499e-17
   66  158    2.012484e-13    1.119435e-14
   66  159    5.456040e-14    3.488471e-15
   66  160    2.624240e-12   -6.626484e-15
   66  161    1.384602e-13    2.825388e-15
   66  162    4.716968e-13   -1.110083e-14
   66  163    5.319571e-15    3.311181e-17
   66  164    2.441798e-15    2.963095e-17
   66  165    1.917226e-18    9.001422e-20
   66  166    3.445915e-20    1.944441e-21
   66  167    3.435330e-24    3.233250e-25
   66  168    1.413389e-26    1.625039e-27
   66  169    1.958604e-30   -3.991961e-36
   67  154    1.718189e-28    5.867799e-29
   67  155    1.229978e-24    3.727862e-25
   67  156    1.115618e-24    3.137994e-25
   67  157    1.957081e-20    4.650919e-21
   67  158    3.759436e-20    8.614584e-21
   67  159    8.384205e-17    1.600949e-17
   67  160    3.014575e-17    5.445098e-18
   67  161    2.129216e-14    2.721363e-15
   67  162    1.612516e-15    1.916683e-16
   67  163    2.828148e-13    1.081386e-14
   67  164    1.018914e-14    6.211674e-16
   67  165    1.677088e-13   -1.433352e-14
   67  166    6.155515e-16   -3.141210e-17
   67  167    1.071036e-16   -4.008011e-18
   67  168    6.181638e-20   -7.394547e-23
   67  169    1.203547e-21    2.520244e-23
   67  170    1.208903e-25    7.038469e-27
   67  171    2.912601e-28    2.459464e-29
   68  157    3.444831e-26    6.617545e-27
   68  158    8.058411e-22    1.302605e-22
   68  159    3.703426e-21    5.524256e-22
   68  160    1.210112e-17    1.389522e-18
   68  161    3.142720e-17    3.180709e-18
   68  162    1.645360e-14    1.051587e-15
   68  163    9.147814e-15    7.060185e-16
   68  164    8.635137e-13    1.935526e-14
   68  165    1.220334e-13    5.285141e-15
   68  166    2.649692e-12   -2.887221e-14
   68  167    6.474157e-14    1.110911e-15
   68  168    4.751585e-14    1.380917e-15
   68  169    1.401277e-16    8.503215e-18
   68  170    8.548705e-18    6.625220e-19
   68  171    4.072170e-21    4.507497e-22
   68  172    3.392109e-23    4.373078e-24
   68  173    2.165254e-27    3.583041e-28
   68  174    6.325547e-29   -2.397906e-35
   69  159    4.723160e-30    1.368773e-30
   69  160    2.436090e-26    6.796889e-27
   69  161    3.098990e-22    7.284222e-23
   69  162    1.538608e-21    3.367673e-22
   69  163    6.180870e-18    1.109168e-18
   69  164    5.735394e-18    9.382340e-19
   69  165    5.354775e-15    6.398692e-16
   69  166    1.707200e-15    1.832427e-16
   69  167    2.512799e-13    1.027857e-14
   69  168    2.859709e-14    1.168439e-15
   69  169    2.391234e-13   -1.215182e-14
   69  170    4.408183e-15   -1.023183e-16
   69  171    1.721869e-15   -1.454724e-17
   69  172    3.952412e-18    8.888336e-20
   69  173    1.987632e-19    8.003929e-21
   69  174    9.590393e-23    7.220013e-24
   69  175    8.992514e-26    8.921452e-27
   69  176    3.568336e-30    1.901610e-34
   70  161    7.042981e-29    2.077223e-29
   70  162    1.718770e-24    4.399422e-25
   70  163    3.112823e-23    7.358346e-24
   70  164    2.309127e-19    4.565644e-20
   70  165    1.367573e-18    2.455649e-19
   70  166    1.493267e-15    2.076241e-16
   70  167    2.619362e-15    3.150468e-16
   70  168    5.771701e-13    4.135151e-14
   70  169    1.935621e-13    1.530861e-14
   70  170    4.599489e-12   -3.787061e-14
   70  171    3.543777e-13    3.714987e-15
   70  172    7.546825e-13   -2.277643e-14
   70  173    9.571316e-15   -2.125673e-17
   70  174    2.192260e-15    9.219690e-18
   70  175    1.894622e-18    7.264276e-20
   70  176    2.370432e-20    1.429747e-21
   70  177    7.632643e-24    7.211943e-25
   70  178    4.537383e-26    5.084435e-27
   71  164    4.494549e-29    1.407947e-29
   71  165    6.303629e-25    1.675107e-25
   71  166    4.601302e-24    1.162954e-24
   71  167    8.205012e-20    1.762093e-20
   71  168    3.792993e-19    7.646102e-20
   71  169    5.909948e-16    9.733806e-17
   71  170    3.051726e-16    4.548504e-17
   71  171    6.899447e-14    6.067492e-15
   71  172    1.420826e-14    1.073185e-15
   71  173    3.271660e-13   -1.663168e-15
   71  174    1.340450e-14    2.612448e-17
   71  175    3.285941e-14   -5.619608e-15
   71  176    1.458160e-16   -1.989921e-17
   71  177    9.744550e-18   -1.113490e-18
   71  178    1.018164e-20   -8.051250e-22
   71  179    2.047991e-22   -1.173190e-23
   71  180    5.863173e-26   -1.022058e-27
   71  181    4.626841e-29    3.472850e-32
   72  166    6.457790e-27    2.982334e-27
   72  167    2.343115e-25    6.170313e-26
   72  168    4.226702e-21    9.609968e-22
   72  169    5.006347e-20    1.041719e-20
   72  170    1.282330e-16    2.169527e-17
   72  171    4.269695e-16    6.555994e-17
   72  172    9.548101e-14    1.081959e-14
   72  173    8.468267e-14    8.421526e-15
   72  174    2.583795e-12    1.240569e-13
   72  175    3.395955e-13    2.152712e-14
   72  176    3.345027e-12   -1.639493e-13
   72  177    5.525227e-14   -1.016966e-15
   72  178    2.169583e-14   -9.952845e-17
   72  179    1.133149e-16    3.093962e-18
   72  180    1.161747e-17    5.018725e-19
   72  181    6.744845e-21    5.209525e-22
   72  182    3.444659e-23    3.450121e-24
   72  183    1.683861e-27    2.275923e-28
   72  184    1.358747e-28    1.011669e-34
   72  185    1.027357e-30   -4.245392e-37
   73  169    3.552218e-30    1.212286e-30
   73  170    8.930381e-28    2.985326e-28
   73  171    1.687187e-23    5.099888e-24
   73  172    2.463578e-23    7.105004e-24
   73  173    1.796151e-19    4.688481e-20
   73  174    1.644252e-20    4.169357e-21
   73  175    4.958411e-16    8.842535e-17
   73  176    8.572155e-17    1.432118e-17
   73  177    1.229952e-14    1.286010e-15
   73  178    1.466593e-17    9.913021e-19
   73  179    6.742160e-13    2.371888e-15
   73  180    1.349586e-14    3.917668e-16
   73  181    2.125232e-14   -4.153438e-15
   73  182    4.236907e-17   -6.613023e-18
   73  183    1.012455e-18   -1.333251e-19
   73  184    9.873471e-23   -8.729282e-24
   73  185    8.408029e-25   -5.371850e-26
   73  186    5.085316e-29   -1.076011e-30
   74  171    2.481930e-28    7.836024e-29
   74  172    7.952397e-24    2.217257e-24
   74  173    2.334843e-22    6.052254e-23
   74  174    7.047991e-19    1.575855e-19
   74  175    5.297083e-18    1.085790e-18
   74  176    2.099180e-15    3.526192e-16
   74  177    2.596368e-15    3.947586e-16
   74  178    2.376421e-13    2.595315e-14
   74  179    1.013267e-13    9.570071e-15
   74  180    2.602104e-12    8.181053e-14
   74  181    2.792277e-13    9.469055e-15
   74  182    1.701121e-12   -1.269524e-13
   74  183    1.217242e-14   -4.992396e-16
   74  184    1.546409e-15   -3.948607e-17
   74  185    1.891565e-18    1.969852e-20
   74  186    5.845560e-20    1.733945e-21
   74  187    1.182262e-23    7.893666e-25
   74  188    8.101708e-26    7.029857e-27
   75  174    2.074105e-28    5.623713e-29
   75  175    4.078905e-24    9.512902e-25
   75  176    4.930677e-23    1.046325e-23
   75  177    1.131229e-19    1.991021e-20
   75  178    2.784467e-19    4.488220e-20
   75  179    1.479480e-16    1.790267e-17
   75  180    1.883020e-16    2.088663e-17
   75  181    3.128242e-14    2.190979e-15
   75  182    8.205629e-15    5.192321e-16
   75  183    2.620898e-13   -8.176293e-16
   75  184    4.731475e-15    7.848087e-17
   75  185    8.477194e-15   -1.906664e-15
   75  186    4.638655e-17   -8.678477e-18
   75  187    6.743583e-18   -1.135640e-18
   75  188    5.774745e-21   -7.376724e-22
   75  189    2.862227e-22   -3.246254e-23
   75  190    4.907824e-26   -3.533926e-27
   75  191    1.626048e-27    4.639330e-30
   75  192    9.736480e-30    1.027140e-31
   76  176    2.564895e-27    1.194997e-27
   76  177    2.015474e-25    5.603986e-26
   76  178    1.354471e-21    3.239164e-22
   76  179    1.945650e-20    4.247404e-21
   76  180    2.275710e-17    4.038058e-18
   76  181    8.701628e-17    1.375027e-17
   76  182    2.650859e-14    3.078872e-15
   76  183    3.775616e-14    3.757094e-15
   76  184    1.753598e-12    1.025111e-13
   76  185    2.065975e-13    1.206408e-14
   76  186    2.456893e-12   -1.196813e-13
   76  187    4.927269e-14   -9.332254e-16
   76  188    6.019213e-14   -8.192423e-16
   76  189    2.386017e-16    4.708520e-18
   76  190    8.816707e-17    2.825590e-18
   76  191    1.446285e-19    9.402203e-21
   76  192    2.066944e-20    1.657222e-21
   76  193    6.845815e-24    7.696301e-25
   76  194    4.644101e-25   -3.177573e-25
   76  195    7.183815e-29   -4.467649e-29
   76  196    1.408206e-28    7.302520e-34
   77  180    8.613367e-26    2.729964e-26
   77  181    7.003697e-22    1.987679e-22
   77  182    7.416043e-21    1.985089e-21
   77  183    8.382841e-18    1.979743e-18
   77  184    2.617371e-17    5.858967e-18
   77  185    5.753453e-15    1.111326e-15
   77  186    6.940252e-16    1.280685e-16
   77  187    8.039551e-14    9.224685e-15
   77  188    6.121745e-15    6.696275e-16
   77  189    4.137608e-13    6.850966e-15
   77  190    8.930829e-15    1.916611e-16
   77  191    1.324632e-13   -1.812890e-14
   77  192    7.243363e-16   -7.341819e-17
   77  193    8.850239e-16   -7.891783e-17
   77  194    1.370082e-18   -7.301270e-20
   77  195    1.475142e-19   -6.948021e-21
   77  196    6.111695e-23   -5.755570e-25
   77  197    1.408127e-24    1.413866e-26
   77  198    2.279248e-28    1.051527e-29
   78  181    1.089262e-29    1.089160e-29
   78  182    2.170894e-25    6.774552e-26
   78  183    6.716520e-24    1.955633e-24
   78  184    2.345135e-20    5.983699e-21
   78  185    1.824701e-19    4.307072e-20
   78  186    1.028957e-16    2.094168e-17
   78  187    8.711803e-17    1.608579e-17
   78  188    3.102999e-14    4.241755e-15
   78  189    1.472432e-14    1.844730e-15
   78  190    9.366846e-13    6.279783e-14
   78  191    1.173419e-13    8.856393e-15
   78  192    3.505616e-12   -8.352538e-14
   78  193    1.475310e-13    7.255196e-16
   78  194    4.194296e-13    4.513877e-15
   78  195    5.345486e-15    2.227539e-16
   78  196    2.758769e-15    1.299801e-16
   78  197    1.046317e-17    2.414253e-19
   78  198    7.971096e-17   -3.082428e-17
   78  199    8.025372e-20   -2.710158e-20
   78  200    2.683864e-21   -8.551406e-22
   78  201    1.848503e-25   -4.921430e-26
   78  202    1.570068e-27   -3.808488e-28
   79  185    1.970263e-30    7.000258e-31
   79  186    3.853958e-26    1.327258e-26
   79  187    1.122441e-22    3.455785e-23
   79  188    4.071770e-22    1.190850e-22
   79  189    4.840731e-19    1.204348e-19
   79  190    1.377312e-18    3.271016e-19
   79  191    4.312213e-16    8.548843e-17
   79  192    1.507210e-16    2.824296e-17
   79  193    3.519350e-14    4.454688e-15
   79  194    6.031189e-15    6.821511e-16
   79  195    3.637488e-13    1.523501e-14
   79  196    2.500038e-14    8.566842e-16
   79  197    2.713853e-13   -2.091221e-14
   79  198    6.339823e-15   -3.034953e-16
   79  199    2.667703e-15   -1.269204e-16
   79  200    9.613500e-18   -1.603139e-19
   79  201    8.518901e-19   -8.924574e-21
   79  202    9.917235e-22    2.142288e-23
   79  203    2.371707e-23    8.669402e-25
   79  204    5.018889e-27    3.556341e-28
   80  189    1.318581e-25    4.201930e-26
   80  190    4.677947e-22    1.318028e-22
   80  191    4.618090e-21    1.214116e-21
   80  192    3.909726e-18    8.939487e-19
   80  193    1.171095e-17    2.433572e-18
   80  194    3.729753e-15    6.482603e-16
   80  195    3.478364e-15    5.405112e-16
   80  196    3.720811e-13    3.912542e-14
   80  197    1.378719e-13    1.378655e-14
   80  198    4.497751e-12    1.633981e-13
   80  199    8.065206e-13    2.452034e-14
   80  200    6.660380e-12   -6.964836e-14
   80  201    2.437841e-13   -1.316116e-14
   80  202    1.039526e-12   -1.556436e-13
   80  203    6.206688e-15   -6.811548e-16
   80  204    2.928869e-14   -2.887598e-15
   80  205    7.666852e-18   -4.546559e-19
   80  206    5.657778e-20   -1.338954e-21
   80  207    1.030590e-27    3.986699e-29
   81  192    7.975083e-27    3.336574e-27
   81  193    8.707009e-24    3.358055e-24
   81  194    2.344565e-22    8.626077e-23
   81  195    2.777968e-19    9.159735e-20
   81  196    1.358702e-18    4.126596e-19
   81  197    2.605346e-16    6.812700e-17
   81  198    4.730021e-16    1.087718e-16
   81  199    4.333081e-14    7.813158e-15
   81  200    3.541549e-14    4.759465e-15
   81  201    8.896672e-13    6.779862e-14
   81  202    3.520750e-13    3.356870e-15
   81  203    1.955445e-12   -7.539579e-14
   81  204    1.406475e-13   -1.950607e-15
   81  205    1.319719e-13   -6.537213e-15
   81  206    9.464935e-16   -2.145995e-17
   81  207    2.137282e-17    6.275734e-19
   81  208    5.024112e-25    4.330415e-26
   81  209    1.668142e-30    2.078107e-31
   82  195    6.965094e-28    3.138522e-28
   82  196    3.508524e-24    1.459091e-24
   82  197    5.740897e-23    2.205029e-23
   82  198    7.007778e-20    2.455347e-20
   82  199    3.376539e-19    1.050167e-19
   82  200    2.174494e-16    5.773787e-17
   82  201    8.453717e-16    1.828036e-16
   82  202    1.114648e-13    1.741319e-14
   82  203    2.483242e-13    2.403234e-14
   82  204    1.099762e-11    4.315456e-13
   82  205    8.017723e-12    1.384441e-13
   82  206    8.214086e-11    1.648308e-12
   82  207    3.305181e-11   -1.356681e-12
   82  208    1.193526e-10   -9.033045e-13
   82  209    3.431520e-17    1.623295e-18
   82  210    4.871100e-23    4.281263e-24
   82  211    6.959445e-30    9.522210e-31
   83  198    3.210694e-27    1.438435e-27
   83  199    9.041465e-24    3.752391e-24
   83  200    1.514421e-22    6.019192e-23
   83  201    9.012172e-20    3.283210e-20
   83  202    3.390549e-19    1.141246e-19
   83  203    9.405088e-17    2.848205e-17
   83  204    2.232359e-16    5.884774e-17
   83  205    1.494666e-14    3.131596e-15
   83  206    1.728327e-14    2.625646e-15
   83  207    5.786963e-13    5.257578e-14
   83  208    2.235945e-13    3.340782e-15
   83  209    2.271723e-12   -6.176278e-14
   83  210    3.000493e-18    7.418960e-20
   83  211    1.773035e-23    1.141743e-24
   83  212    3.742418e-30    4.273167e-31
   84  203    1.152037e-30    4.960796e-31
   84  204    8.828635e-28    3.542447e-28
   84  205    2.213064e-27    1.092008e-27
   84  206    1.763280e-25    6.454264e-26
   84  207    1.733934e-25    3.819864e-26
   84  208    5.391621e-24    1.158764e-24
   84  209    1.278333e-24    2.120501e-25
   84  210    1.295654e-23    1.374085e-24
   84  211    2.879423e-29    4.723757e-30
    0    1    3.044215e-11    2.838526e-12
    1    1    1.376530e-08    8.289503e-10
    2    4    2.477493e-06    7.169576e-08
