2.8491e-01
9.5697e-05
2.7850e+00
4.7939e+05
    1    2    1.421717e-18   -1.200424e-19
    1    3    4.499723e-18   -4.289056e-19
    2    3    1.636407e-16   -1.465927e-17
    3    6    1.796377e-21   -1.824518e-23
    3    7    3.492972e-23   -3.083608e-24
    4    7    1.128429e-22   -8.086780e-24
    4    9    2.279133e-22   -3.474869e-24
    4   10    1.514233e-22   -3.549543e-24
    5   10    1.789911e-18   -4.549626e-20
    5   11    6.211811e-14   -3.728214e-15
    5   12    2.755218e-23   -3.174568e-24
    5   13    1.205037e-29   -2.228933e-30
    6   11    2.755766e-15   -1.217892e-16
    6   12    5.670087e-04   -4.478568e-06
    6   13    4.679600e-10   -2.182576e-11
    6   14    6.216818e-11   -4.237253e-12
    6   15    1.081414e-23   -1.218064e-24
    7   12    1.096902e-26   -9.048844e-28
    7   13    1.604115e-12   -8.389166e-14
    7   14    1.242259e-08   -7.772306e-10
    7   15    3.633305e-11    3.359168e-13
    7   16    1.395692e-21   -5.827978e-23
    7   17    5.078394e-26   -8.753423e-27
    8   14    8.054162e-17   -9.206637e-18
    8   15    1.129357e-10   -9.824228e-12
    8   16    5.186603e-02    3.795911e-05
    8   17    4.699458e-09   -2.733494e-10
    8   18    9.319379e-13   -7.870718e-14
    8   19    4.654628e-20   -6.460901e-21
    8   20    1.800546e-25   -2.292839e-26
    9   16    9.029133e-24   -1.071593e-24
    9   17    1.646785e-12   -5.889217e-14
    9   18    1.029204e-11   -1.083673e-12
    9   19    2.505230e-12   -3.262593e-13
    9   20    1.652849e-16   -2.347689e-17
    9   21    9.864862e-20   -5.818605e-21
    9   22    5.861328e-27   -4.568786e-28
   10   18    1.389418e-18   -1.303410e-19
   10   19    7.428496e-15   -1.051230e-15
   10   20    5.748685e-04   -4.150594e-05
   10   21    5.574557e-08   -4.656682e-09
   10   22    1.886964e-09   -1.315935e-10
   10   23    6.677581e-15   -6.628288e-16
   10   24    2.999039e-17   -1.680896e-18
   10   25    1.007180e-24   -1.178860e-25
   11   19    1.151006e-30   -1.468158e-31
   11   20    3.274256e-23   -6.354905e-24
   11   21    3.249079e-11   -3.958283e-12
   11   22    1.683856e-09   -1.391926e-10
   11   23    3.312323e-06   -1.743742e-07
   11   24    3.212552e-10   -2.013342e-11
   11   25    9.382883e-14   -3.311088e-15
   11   26    4.048157e-19   -3.241629e-20
   11   27    4.519683e-24   -4.057961e-25
   12   21    7.316810e-30   -1.866430e-30
   12   22    1.334887e-14   -2.142726e-15
   12   23    3.047841e-08    1.275198e-09
   12   24    1.260636e-03   -1.937759e-05
   12   25    1.589338e-05   -6.179016e-07
   12   26    1.116533e-05   -5.062387e-07
   12   27    5.282405e-10   -2.949140e-11
   12   28    2.391215e-13   -6.658078e-15
   12   29    2.506944e-21   -2.126946e-22
   12   30    2.009539e-26   -2.268151e-27
   13   23    5.888328e-26   -1.179094e-26
   13   24    5.904211e-17   -4.666637e-21
   13   25    4.114300e-11   -2.545270e-12
   13   26    1.092147e-06   -5.570276e-08
   13   27    1.790296e-04   -1.564388e-06
   13   28    1.673651e-07   -4.292340e-09
   13   29    8.250230e-10   -2.675659e-11
   13   30    9.123033e-15   -7.771691e-16
   13   31    5.593041e-19   -5.312162e-20
   13   32    8.468687e-27   -1.343344e-27
   14   25    2.419880e-23   -1.263469e-24
   14   26    3.156418e-13    1.329776e-14
   14   27    3.689395e-08    9.545948e-10
   14   28    2.616277e-03    1.975785e-05
   14   29    2.066216e-04   -2.383274e-06
   14   30    3.979956e-04    6.885775e-07
   14   31    3.619543e-08   -1.810613e-10
   14   32    3.804240e-10   -2.031637e-13
   14   33    1.006685e-16   -6.075866e-18
   14   34    3.927290e-21   -2.375823e-22
   15   27    1.512739e-23    9.466383e-26
   15   28    1.291233e-16   -2.253044e-18
   15   29    1.977371e-10   -8.033685e-12
   15   30    8.548374e-07   -1.964425e-08
   15   31    7.259962e-05    5.535605e-07
   15   32    2.241218e-07    1.101026e-09
   15   33    1.345511e-07    1.528040e-09
   15   34    1.673974e-11   -5.543743e-13
   15   35    5.420009e-15   -2.071664e-16
   15   36    1.588157e-23   -1.495014e-24
   15   37    1.826295e-27   -2.351332e-28
   16   29    2.966018e-23   -2.075755e-24
   16   30    2.813958e-14   -3.244901e-16
   16   31    2.292505e-09    2.616110e-11
   16   32    5.198932e-04    6.541872e-06
   16   33    2.725618e-05    4.317099e-07
   16   34    5.317220e-05    1.730702e-06
   16   35    3.509081e-07   -2.472542e-09
   16   36    8.731651e-08   -1.667651e-11
   16   37    1.989575e-14   -1.174148e-15
   16   38    4.483300e-18   -2.951231e-19
   16   39    7.172119e-25   -9.257082e-26
   16   40    2.649179e-28   -3.611853e-29
   17   31    1.728764e-25   -8.068594e-27
   17   32    1.808570e-18   -5.390009e-20
   17   33    1.105384e-11   -3.609659e-13
   17   34    1.599281e-08   -2.078467e-10
   17   35    2.436185e-05   -5.099279e-08
   17   36    2.438882e-07    1.736739e-09
   17   37    1.097094e-07    1.705492e-09
   17   38    7.200763e-12   -3.088430e-13
   17   39    2.080934e-14   -1.069470e-15
   17   40    4.977509e-19   -6.014171e-20
   17   41    1.430650e-21   -1.907630e-22
   17   42    2.423288e-26   -5.050072e-27
   18   33    4.237442e-25   -3.505408e-26
   18   34    2.909090e-16   -2.680892e-17
   18   35    8.596352e-11   -2.978217e-12
   18   36    1.471400e-05    3.503149e-07
   18   37    2.123505e-07    5.417619e-09
   18   38    1.918604e-06    8.018101e-08
   18   39    5.563486e-09   -1.453271e-11
   18   40    1.758798e-09    2.244609e-11
   18   41    8.052675e-13   -3.516366e-14
   18   42    4.443574e-15   -1.272195e-16
   18   43    1.626456e-19   -1.559491e-20
   18   44    4.785659e-22   -4.628284e-23
   18   45    1.121811e-27   -1.866133e-28
   19   35    7.085420e-28   -9.134899e-29
   19   36    5.677744e-20   -4.437635e-21
   19   37    5.378324e-14   -1.002828e-15
   19   38    1.317715e-10    9.639861e-13
   19   39    8.862080e-07    1.533744e-08
   19   40    1.438795e-08    1.797961e-10
   19   41    6.964246e-10    1.022503e-11
   19   42    1.294727e-11   -9.466917e-14
   19   43    3.213048e-13   -3.360683e-15
   19   44    2.008424e-15   -9.590509e-17
   19   45    3.507519e-17   -1.786834e-18
   19   46    4.257083e-20   -4.339961e-21
   19   47    1.001741e-22   -1.029942e-23
   19   48    3.599407e-29   -6.112492e-30
   20   37    4.230372e-27   -5.590302e-28
   20   38    8.828121e-19   -6.805390e-20
   20   39    2.849778e-13   -3.718310e-15
   20   40    9.873078e-08    3.841219e-09
   20   41    5.722894e-09    1.803362e-10
   20   42    3.251106e-08    1.259121e-09
   20   43    4.296670e-09    5.001376e-11
   20   44    4.929901e-09   -5.334786e-11
   20   45    1.272574e-10   -4.238938e-12
   20   46    1.985995e-10   -1.042855e-11
   20   47    1.632339e-12   -1.203439e-13
   20   48    2.365414e-14   -1.904673e-15
   20   49    8.649356e-20   -1.293086e-20
   20   50    3.360537e-24   -7.703183e-25
   21   40    2.751143e-24   -1.361788e-25
   21   41    2.868030e-17    3.177607e-20
   21   42    3.612067e-14   -7.302617e-16
   21   43    1.096785e-10   -1.310487e-12
   21   44    2.699460e-10    3.676658e-12
   21   45    6.629675e-09   -1.426587e-10
   21   46    1.084247e-09   -3.843837e-11
   21   47    3.039521e-10   -1.512505e-11
   21   48    2.747553e-11   -1.882187e-12
   21   49    1.164921e-12   -9.575470e-14
   21   50    8.738391e-17   -1.363155e-17
   21   51    3.623448e-20   -8.677907e-21
   21   52    5.257451e-26   -1.674657e-26
   22   42    8.745253e-24   -4.613626e-25
   22   43    6.097672e-18   -4.715641e-19
   22   44    1.053950e-10    2.086583e-12
   22   45    6.478708e-11    3.412599e-14
   22   46    2.822866e-08   -1.871542e-10
   22   47    1.853150e-08   -2.161716e-10
   22   48    2.700169e-08   -9.240310e-11
   22   49    5.738256e-09   -5.030083e-11
   22   50    9.637821e-09   -2.106324e-10
   22   51    5.804783e-12   -5.389422e-13
   22   52    9.437909e-14   -1.375728e-14
   22   53    1.147637e-18   -2.535434e-19
   22   54    2.863053e-22   -8.907252e-23
   22   55    9.173843e-30   -3.549095e-30
   23   44    1.779535e-26   -2.226031e-27
   23   45    5.699267e-19   -1.236348e-20
   23   46    7.214006e-15   -2.587226e-16
   23   47    1.699570e-10   -5.644344e-12
   23   48    5.024740e-10   -2.304567e-12
   23   49    2.151409e-08    7.441475e-11
   23   50    5.266808e-09   -1.130896e-11
   23   51    1.804161e-08   -1.482032e-10
   23   52    4.124105e-10   -3.284989e-11
   23   53    5.832128e-11   -4.163534e-12
   23   54    2.748627e-15   -3.985835e-16
   23   55    2.041029e-17   -4.646973e-18
   23   56    9.918765e-24   -3.018037e-24
   23   57    4.355101e-28   -1.723222e-28
   24   46    6.134545e-24   -3.708085e-25
   24   47    2.626964e-18   -1.763851e-19
   24   48    1.662387e-12    2.949914e-15
   24   49    1.165625e-11    1.864450e-13
   24   50    1.655846e-08    2.754864e-10
   24   51    1.542241e-08    9.759392e-11
   24   52    4.885557e-08    2.658211e-10
   24   53    6.461456e-09   -6.232410e-11
   24   54    1.592322e-08   -4.849929e-10
   24   55    7.374224e-12   -7.532371e-13
   24   56    6.819804e-13   -9.000689e-14
   24   57    6.676963e-18   -1.369023e-18
   24   58    1.354159e-20   -4.093448e-21
   24   59    1.217509e-27   -4.588691e-28
   24   60    1.633595e-30   -2.781814e-31
   25   48    9.723088e-27   -1.117050e-27
   25   49    2.767710e-20   -1.195731e-21
   25   50    4.349298e-16   -8.336200e-18
   25   51    4.157915e-11    3.884016e-13
   25   52    2.167201e-10    2.788344e-12
   25   53    1.659414e-08    1.457949e-10
   25   54    1.444560e-08   -1.456207e-10
   25   55    2.322967e-08   -4.128971e-10
   25   56    3.590028e-10   -3.312497e-11
   25   57    1.882364e-10   -1.478353e-11
   25   58    3.738792e-14   -5.776953e-15
   25   59    1.838672e-15   -4.798361e-16
   25   60    1.489071e-20   -5.122839e-21
   25   61    1.253501e-23   -5.570745e-24
   25   62    1.276890e-30   -6.781251e-31
   25   63    3.272768e-30   -4.706200e-31
   26   50    4.194991e-26   -4.260556e-27
   26   51    9.050607e-20   -4.382704e-21
   26   52    4.205092e-14    1.047385e-15
   26   53    6.435669e-13    1.491216e-14
   26   54    1.957068e-08    2.180145e-10
   26   55    3.574072e-08    3.674878e-11
   26   56    5.984792e-07    1.962666e-09
   26   57    1.432120e-07   -3.217119e-09
   26   58    2.262979e-06   -3.437052e-08
   26   59    4.383224e-09   -3.838915e-10
   26   60    3.464382e-09   -2.576836e-10
   26   61    8.350857e-14   -1.216549e-14
   26   62    2.026596e-14   -3.892929e-15
   26   63    3.754715e-20   -9.984066e-21
   26   64    5.766711e-23   -2.134254e-23
   26   65    5.623948e-30   -2.528835e-30
   26   66    2.256811e-29   -1.815339e-30
   27   52    1.558351e-30   -1.378111e-31
   27   53    9.593338e-23   -1.616599e-24
   27   54    1.241402e-17   -1.687046e-19
   27   55    2.485250e-11    6.342846e-14
   27   56    1.269192e-10    7.139639e-13
   27   57    8.733896e-08   -6.257083e-10
   27   58    1.203777e-07   -3.018696e-10
   27   59    2.453904e-06   -7.640848e-10
   27   60    1.194809e-07   -6.655468e-09
   27   61    1.886553e-07   -6.217965e-09
   27   62    1.678197e-10   -1.786016e-11
   27   63    4.944878e-10   -4.541522e-11
   27   64    1.939890e-14   -3.209362e-15
   27   65    4.200343e-16   -1.125041e-16
   27   66    1.669415e-21   -5.818215e-22
   27   67    1.465535e-24   -6.627102e-25
   27   69    1.168169e-30   -7.309992e-32
   28   54    4.373719e-29   -3.144538e-30
   28   55    5.944447e-22   -2.343045e-23
   28   56    4.631918e-14    9.765635e-16
   28   57    2.145214e-12    3.436340e-14
   28   58    4.776882e-08    7.794432e-10
   28   59    3.653339e-07    4.917035e-09
   28   60    1.652465e-06    2.943635e-08
   28   61    7.176159e-07   -7.629074e-09
   28   62    5.085098e-06    2.691409e-08
   28   63    4.868322e-08   -3.178099e-09
   28   64    9.605020e-07   -1.548878e-08
   28   65    4.080030e-10   -3.511659e-11
   28   66    1.179862e-09   -5.354795e-11
   28   67    3.980587e-14   -4.596616e-15
   28   68    1.076704e-14   -1.851036e-15
   28   69    9.488961e-21   -2.306158e-21
   28   70    8.537530e-24   -2.928427e-24
   29   57    1.289792e-24   -1.962762e-26
   29   58    1.426358e-19   -4.500505e-21
   29   59    1.243188e-13   -4.266750e-15
   29   60    3.587488e-11   -1.331209e-12
   29   61    1.290018e-09   -3.640374e-11
   29   62    5.005431e-09   -7.871347e-11
   29   63    7.292272e-07    5.525460e-09
   29   64    1.842866e-07   -7.261866e-09
   29   65    1.511920e-06   -6.946724e-09
   29   66    9.625944e-09   -7.255675e-10
   29   67    2.298513e-07   -6.366300e-09
   29   68    5.371126e-11   -5.331581e-12
   29   69    9.737682e-11   -1.513086e-11
   29   70    8.347789e-16   -1.903567e-16
   29   71    3.145761e-17   -1.114231e-17
   29   72    6.093406e-23   -2.677625e-23
   29   73    2.866795e-25   -1.600365e-25
   29   75    5.685082e-29   -1.413052e-30
   30   59    7.652873e-27   -6.298450e-28
   30   60    6.418767e-18   -2.183258e-19
   30   61    1.426515e-14   -7.394403e-16
   30   62    1.555579e-11   -1.370927e-13
   30   63    4.763127e-11    9.370390e-13
   30   64    2.014631e-07    4.781298e-09
   30   65    1.799029e-07    1.144056e-09
   30   66    1.633297e-06    2.818432e-08
   30   67    5.160016e-08   -2.735716e-09
   30   68    1.761574e-06   -1.259787e-08
   30   69    1.991172e-09   -1.514244e-10
   30   70    5.571537e-08   -1.428895e-09
   30   71    8.494375e-12   -8.017544e-13
   30   72    7.481516e-11   -3.037458e-12
   30   73    1.947856e-15   -2.116158e-16
   30   74    1.954672e-15   -2.317930e-16
   30   75    3.869809e-21   -7.306288e-22
   30   76    1.620296e-22   -4.949723e-23
   30   77    7.164065e-29   -2.764247e-29
   30   78    5.559412e-29   -9.117914e-31
   31   61    2.169951e-29   -1.519668e-30
   31   62    9.982419e-22   -1.024012e-22
   31   63    2.543271e-18   -1.446084e-19
   31   64    4.301368e-16   -1.409946e-17
   31   65    8.666484e-12   -2.432565e-13
   31   66    1.445266e-10   -5.438962e-12
   31   67    1.360775e-08   -4.526402e-10
   31   68    5.528172e-09   -2.026686e-10
   31   69    7.604619e-07    9.561517e-09
   31   70    2.311693e-08   -1.344658e-09
   31   71    4.110492e-07   -5.694885e-09
   31   72    6.222571e-10   -5.283272e-11
   31   73    2.911056e-08   -7.691532e-10
   31   74    1.757335e-11   -1.734028e-12
   31   75    1.850869e-10   -1.637511e-11
   31   76    2.995129e-15   -4.885011e-16
   31   77    5.797162e-16   -1.747207e-16
   31   78    5.517267e-21   -2.151211e-21
   31   79    1.248953e-23   -6.206609e-24
   31   80    2.514024e-30   -1.475739e-30
   31   81    5.195168e-29   -5.691764e-31
   32   63    2.289784e-30   -3.517751e-31
   32   64    4.929321e-23   -2.758598e-24
   32   65    3.596569e-20   -2.108182e-21
   32   66    4.185129e-14   -1.132288e-15
   32   67    2.579676e-13   -6.946366e-15
   32   68    1.322349e-09    2.974221e-11
   32   69    2.769588e-09    6.936119e-11
   32   70    2.654574e-07    1.004788e-08
   32   71    4.551413e-08   -1.272571e-09
   32   72    3.639038e-07    4.787659e-09
   32   73    7.847455e-09   -4.285600e-10
   32   74    3.979201e-07   -2.801823e-09
   32   75    1.381490e-09   -1.078684e-10
   32   76    3.229618e-08   -4.735189e-10
   32   77    1.375298e-11   -1.168369e-12
   32   78    8.404529e-11   -5.420779e-12
   32   79    5.813004e-15   -7.898950e-16
   32   80    1.821944e-15   -3.643328e-16
   32   81    3.453136e-21   -9.510122e-22
   32   82    1.674799e-24   -6.257081e-25
   33   66    3.873120e-27   -4.212951e-28
   33   67    1.221989e-21   -9.074126e-23
   33   68    3.388860e-19   -2.725966e-20
   33   69    8.831528e-15   -2.406427e-16
   33   70    3.327648e-13   -8.672444e-15
   33   71    2.381266e-10   -3.818621e-12
   33   72    2.235095e-10   -9.221926e-12
   33   73    1.845488e-08    2.731854e-10
   33   74    3.954986e-09   -4.892201e-11
   33   75    1.719779e-07    3.036623e-09
   33   76    5.447377e-09   -3.050867e-10
   33   77    8.675670e-08   -2.177648e-10
   33   78    1.101619e-10   -8.144047e-12
   33   79    6.905077e-09   -1.400542e-10
   33   80    4.414482e-12   -4.112324e-13
   33   81    2.900752e-11   -3.490254e-12
   33   82    3.167772e-16   -6.151422e-17
   33   83    7.714716e-18   -2.305929e-18
   33   84    2.152345e-25   -8.042227e-26
   34   68    1.538570e-26   -1.201543e-27
   34   69    1.934883e-23   -2.578378e-24
   34   70    2.137480e-17   -4.201101e-19
   34   71    3.153719e-16   -4.575801e-18
   34   72    9.622627e-12   -4.346140e-14
   34   73    1.311388e-11    3.412881e-13
   34   74    2.228525e-09    1.586626e-10
   34   75    5.479055e-09    1.375596e-10
   34   76    2.367781e-08    1.105965e-09
   34   77    3.757820e-09   -5.699402e-11
   34   78    3.867649e-08    7.721870e-10
   34   79    1.250379e-09   -4.576931e-11
   34   80    8.799346e-08   -4.485760e-10
   34   81    5.270743e-10   -3.846133e-11
   34   82    1.516329e-08   -1.873768e-10
   34   83    2.184784e-12   -1.770765e-13
   34   84    7.177140e-12   -4.456757e-13
   34   85    4.413757e-18   -5.539225e-19
   34   86    3.112860e-23   -6.374640e-24
   34   87    2.651185e-30   -7.231260e-31
   35   71    2.103595e-25   -1.344190e-26
   35   72    1.165398e-22   -7.689194e-24
   35   73    2.086520e-17   -1.126208e-18
   35   74    5.779718e-16   -1.442666e-17
   35   75    5.736068e-13    1.361940e-14
   35   76    8.335017e-12    1.250635e-13
   35   77    3.093479e-10    1.071968e-11
   35   78    7.693828e-11    1.051749e-12
   35   79    3.364410e-09    1.847747e-10
   35   80    9.278513e-10   -9.428820e-12
   35   81    1.346136e-08    4.472359e-10
   35   82    1.157634e-09   -3.843052e-11
   35   83    2.505258e-08   -2.243444e-11
   35   84    6.945560e-11   -4.816106e-12
   35   85    2.558713e-09   -7.905588e-11
   35   86    6.261163e-15   -5.974671e-16
   35   87    2.910420e-19   -5.068759e-20
   35   88    2.465822e-25   -6.051155e-26
   35   89    1.051054e-30   -3.464299e-31
   36   72    1.533113e-30   -1.307949e-31
   36   73    8.050407e-27   -7.857594e-28
   36   74    9.341552e-21   -3.626049e-22
   36   75    3.017845e-19   -2.392466e-21
   36   76    1.883883e-14    6.104471e-16
   36   77    3.430146e-14    1.469470e-15
   36   78    4.730314e-12    3.300564e-13
   36   79    1.513103e-11    9.856953e-13
   36   80    1.574858e-10    1.238160e-11
   36   81    1.634623e-10    5.985787e-12
   36   82    1.627969e-09    8.603170e-11
   36   83    5.707362e-10   -1.940800e-12
   36   84    5.743583e-08    8.366004e-11
   36   85    2.056371e-09   -1.419535e-10
   36   86    7.352617e-08   -1.672411e-10
   36   87    1.922919e-12   -1.313066e-13
   36   88    9.527949e-16   -1.407912e-16
   36   89    2.209997e-21   -4.862392e-22
   36   90    9.162266e-26   -2.807597e-26
   37   75    1.704244e-28   -1.469028e-29
   37   76    1.617940e-25   -9.698244e-27
   37   77    2.757251e-20   -4.393149e-22
   37   78    1.592531e-19   -1.337874e-21
   37   79    3.700112e-16    9.464416e-18
   37   80    3.721237e-15    1.217852e-16
   37   81    3.742966e-13    2.040390e-14
   37   82    4.195918e-13    1.845728e-14
   37   83    2.237883e-11    1.457070e-12
   37   84    2.077703e-11    5.868897e-13
   37   85    1.612646e-09    5.557973e-11
   37   86    1.745471e-09    7.935121e-12
   37   87    2.108156e-08    1.750939e-10
   37   88    4.029065e-12   -2.400047e-13
   37   89    7.685889e-15   -1.073986e-15
   37   90    1.403230e-19   -3.024488e-20
   37   91    2.335763e-23   -7.077172e-24
   37   92    1.784647e-29   -6.843727e-30
   37   93    1.338065e-29   -2.162338e-32
   38   77    6.902017e-30   -6.105872e-31
   38   78    1.519069e-24   -9.648152e-27
   38   79    3.619232e-23    1.749575e-25
   38   80    1.598776e-18    7.322932e-20
   38   81    4.637126e-18    2.523936e-19
   38   82    1.914506e-15    1.307432e-16
   38   83    9.936785e-15    7.717798e-16
   38   84    5.007566e-13    3.655740e-14
   38   85    4.182885e-12    1.917657e-13
   38   86    1.796569e-10    1.420345e-12
   38   87    6.475524e-10    2.605020e-12
   38   88    6.332860e-08   -2.455970e-11
   38   89    5.463166e-11   -3.914034e-12
   38   90    7.958329e-13   -1.353702e-13
   38   91    8.272451e-17   -2.061423e-17
   38   92    6.798732e-20   -2.344572e-20
   38   93    7.726182e-25   -3.335656e-25
   38   94    1.089151e-28   -5.857310e-29
   39   80    5.273249e-30   -2.349359e-31
   39   81    3.077046e-25   -1.589683e-28
   39   82    1.169099e-23    5.909631e-26
   39   83    2.972769e-20    6.625783e-22
   39   84    1.932369e-19    5.943821e-21
   39   85    2.287398e-16    1.164017e-17
   39   86    3.401992e-15    1.747277e-16
   39   87    4.261498e-13    8.769970e-15
   39   88    2.048681e-12    5.472751e-14
   39   89    8.498488e-09    5.709116e-11
   39   90    4.419417e-11   -2.933383e-12
   39   91    1.584627e-12   -2.437338e-13
   39   92    1.026494e-15   -2.441583e-16
   39   93    6.027842e-18   -2.004524e-18
   39   94    1.958835e-21   -8.309076e-22
   39   95    5.681134e-25   -3.024301e-25
   39   96    6.047081e-30   -3.799492e-30
   40   82    3.434734e-29    2.883591e-31
   40   83    1.447174e-27    9.970646e-30
   40   84    2.506730e-23    1.068328e-24
   40   85    7.424720e-23    3.763850e-24
   40   86    1.763979e-18    1.134631e-19
   40   87    6.526747e-18    3.380269e-19
   40   88    3.550024e-15    2.325970e-16
   40   89    6.498444e-13    1.924553e-14
   40   90    3.338849e-09    8.359059e-11
   40   91    2.292001e-10   -1.410067e-11
   40   92    6.759898e-10   -6.337296e-11
   40   93    3.113524e-12   -5.437046e-13
   40   94    2.475792e-13   -7.340454e-14
   40   95    3.382702e-16   -1.318051e-16
   40   96    3.987233e-18   -2.035140e-18
   40   97    4.496106e-23   -2.743677e-23
   40   98    4.107586e-27   -2.977706e-27
   41   86    5.464111e-29    1.806049e-31
   41   87    4.555805e-24    8.267644e-26
   41   88    1.968591e-22    2.821379e-24
   41   89    7.068542e-19    3.521746e-20
   41   90    3.242195e-16    1.376213e-17
   41   91    3.471954e-11    1.949077e-12
   41   92    9.106917e-12   -7.468059e-14
   41   93    3.608592e-11   -1.558268e-12
   41   94    7.793451e-13   -9.593326e-14
   41   95    2.466916e-13   -5.587240e-14
   41   96    1.098512e-15   -3.477519e-16
   41   97    5.549530e-17   -2.372653e-17
   41   98    3.549165e-21   -1.854774e-21
   41   99    2.987661e-24   -1.901465e-24
   41  100    2.325271e-29   -1.722951e-29
   41  101    1.012864e-27   -6.780045e-31
   41  102    4.481771e-30   -3.363593e-33
   42   88    5.701285e-28    1.644332e-29
   42   89    1.751382e-26    5.585930e-28
   42   90    2.163564e-21    1.822097e-22
   42   91    6.107430e-18    5.173681e-19
   42   92    5.340578e-13    7.805077e-14
   42   93    1.932810e-12    2.362176e-13
   42   94    8.722752e-11    5.308492e-12
   42   95    1.151248e-11   -1.415244e-13
   42   96    1.150634e-10   -5.340237e-12
   42   97    8.086172e-13   -1.008379e-13
   42   98    3.654134e-13   -9.278075e-14
   42   99    1.007970e-16   -3.409311e-17
   42  100    6.435941e-18   -2.997556e-18
   42  101    3.743541e-22   -2.100956e-22
   42  102    1.316530e-23   -1.053429e-23
   42  103    2.949630e-28   -2.709158e-28
   42  104    3.390634e-28   -1.631426e-31
   43   91    3.656266e-27    1.633053e-28
   43   92    9.787159e-23    5.106814e-24
   43   93    7.816052e-17    1.003950e-17
   43   94    1.173286e-15    1.481263e-16
   43   95    1.963903e-13    2.027050e-14
   43   96    1.043126e-13    5.384335e-15
   43   97    1.851408e-12    3.876131e-14
   43   98    4.749006e-14   -2.611232e-15
   43   99    3.009345e-13   -3.501948e-14
   43  100    5.670722e-16   -1.115345e-16
   43  101    5.109249e-16   -1.662118e-16
   43  102    6.737782e-20   -2.801095e-20
   43  103    2.470262e-20   -1.456241e-20
   43  104    2.174840e-24   -1.516677e-24
   43  105    7.266314e-26   -6.156631e-26
   43  107    1.160035e-28   -4.888536e-32
   43  108    4.237925e-30   -1.984909e-33
   44   93    8.624208e-27    1.140393e-27
   44   94    2.006847e-19    3.229528e-20
   44   95    8.880695e-18    1.182143e-18
   44   96    2.701132e-15    5.723132e-16
   44   97    1.361702e-14    2.370546e-15
   44   98    3.118147e-12    3.636299e-13
   44   99    1.065349e-12    5.665634e-14
   44  100    4.051636e-11    2.597132e-13
   44  101    5.051296e-13   -3.877804e-14
   44  102    3.526111e-12   -6.262473e-13
   44  103    6.087718e-15   -1.610043e-15
   44  104    3.441366e-14   -1.306112e-14
   44  105    1.198257e-17   -5.678349e-18
   44  106    3.237982e-18   -2.112142e-18
   44  107    1.351672e-22   -1.030470e-22
   44  108    1.942865e-24   -1.762777e-24
   44  109    1.156163e-29   -1.190148e-29
   44  110    4.853404e-28   -1.622523e-31
   45   95    2.593215e-25    3.198964e-26
   45   96    3.595729e-23    3.475795e-24
   45   97    1.960369e-19    3.981893e-20
   45   98    2.296034e-18    4.643613e-19
   45   99    1.324605e-14    2.465870e-15
   45  100    1.131297e-14    1.527376e-15
   45  101    2.003470e-12    1.723053e-13
   45  102    1.024705e-13    1.717891e-15
   45  103    4.970029e-12   -8.689028e-14
   45  104    3.500145e-14   -3.299528e-15
   45  105    5.419638e-13   -9.107286e-14
   45  106    6.181360e-16   -1.553060e-16
   45  107    5.285176e-16   -2.092735e-16
   45  108    1.803110e-19   -8.892174e-20
   45  109    8.162293e-21   -5.055597e-21
   45  110    8.427202e-25   -6.135081e-25
   45  111    3.303673e-27   -2.856747e-27
   45  112    1.765692e-30   -5.123414e-34
   45  113    3.150057e-28   -1.042052e-31
   46   96    1.661615e-29    1.669059e-30
   46   97    6.401924e-27    1.395463e-27
   46   98    5.669052e-22    1.435489e-22
   46   99    7.172548e-20    1.535377e-20
   46  100    9.990040e-17    2.550288e-17
   46  101    8.675708e-16    1.828541e-16
   46  102    6.058568e-13    1.068350e-13
   46  103    3.596975e-13    4.258288e-14
   46  104    3.248566e-11    2.176686e-12
   46  105    1.667531e-12   -1.039982e-14
   46  106    3.756604e-11   -2.085567e-12
   46  107    1.693003e-13   -2.303994e-14
   46  108    7.366964e-13   -1.995644e-13
   46  109    8.953174e-16   -3.245459e-16
   46  110    4.165705e-15   -2.129801e-15
   46  111    6.258507e-19   -3.834524e-19
   46  112    4.584677e-20   -3.468780e-20
   46  113    1.230513e-24   -1.071500e-24
   46  114    1.354943e-26   -1.390660e-26
   47   99    1.933771e-28    4.218212e-29
   47  100    4.834503e-26    8.530710e-27
   47  101    9.213679e-22    2.196912e-22
   47  102    8.520775e-20    2.276433e-20
   47  103    5.138168e-16    1.270016e-16
   47  104    1.618251e-15    3.352883e-16
   47  105    5.447707e-13    8.297630e-14
   47  106    1.468718e-13    1.301740e-14
   47  107    6.594806e-12    2.313968e-13
   47  108    1.859997e-13   -7.201412e-15
   47  109    3.558993e-12   -3.155745e-13
   47  110    1.388429e-14   -2.329730e-15
   47  111    2.795381e-14   -8.126201e-15
   47  112    3.051635e-17   -1.167005e-17
   47  113    1.410965e-17   -7.794260e-18
   47  114    1.534334e-21   -1.008830e-21
   47  115    8.649995e-23   -7.046182e-23
   47  116    1.326774e-27   -1.237296e-27
   47  117    3.056109e-27   -4.969450e-31
   48  101    1.727593e-30    4.844756e-31
   48  102    6.870051e-25    2.071583e-25
   48  103    1.481691e-22    3.974503e-23
   48  104    5.049791e-19    1.273526e-19
   48  105    7.634206e-18    1.578890e-18
   48  106    4.886635e-15    1.215231e-15
   48  107    1.126021e-14    2.280365e-15
   48  108    3.176325e-12    4.603630e-13
   48  109    6.478712e-13    5.505966e-14
   48  110    4.578991e-11    1.826316e-12
   48  111    1.133778e-12   -4.007564e-14
   48  112    2.750807e-11   -2.215513e-12
   48  113    9.542354e-14   -1.527895e-14
   48  114    2.338961e-13   -7.293339e-14
   48  115    2.091003e-16   -8.405284e-17
   48  116    5.965884e-17   -3.388876e-17
   48  117    1.316572e-20   -8.856814e-21
   48  118    6.650920e-22   -5.624471e-22
   48  119    1.826155e-26   -1.764216e-26
   48  120    1.288699e-27   -6.859662e-32
   48  121    1.842885e-30   -1.999364e-34
   48  122    8.285501e-28    2.273467e-39
   48  123    1.038108e-30   -2.870910e-43
   49  104    2.359295e-29    5.522144e-30
   49  105    3.826181e-25    8.295487e-26
   49  106    1.738229e-23    3.525558e-24
   49  107    3.560561e-19    1.078475e-19
   49  108    6.133904e-18    1.743497e-18
   49  109    6.978956e-15    1.615971e-15
   49  110    6.493701e-15    1.150726e-15
   49  111    1.053183e-12    1.240333e-13
   49  112    1.395804e-13    7.153927e-15
   49  113    4.253726e-12   -1.040366e-14
   49  114    1.166224e-13   -9.251682e-15
   49  115    6.699728e-13   -1.132374e-13
   49  116    2.990745e-15   -7.547352e-16
   49  117    3.435969e-15   -1.330254e-15
   49  118    3.659433e-18   -1.766086e-18
   49  119    8.768052e-19   -5.581092e-19
   49  120    2.516466e-22   -1.879314e-22
   49  121    1.407783e-23   -1.280985e-23
   49  122    1.051765e-27   -1.089201e-27
   49  123    3.671162e-27   -9.461960e-32
   49  124    2.056643e-30   -1.968108e-34
   49  125    7.198456e-27   -7.249923e-31
   49  126    1.708076e-30   -2.071909e-34
   49  127    6.734075e-27   -1.229404e-34
   50  106    1.247063e-29    2.541444e-30
   50  107    5.042376e-27    1.631986e-27
   50  108    1.102398e-22    3.337580e-23
   50  109    1.985900e-21    5.079634e-22
   50  110    2.784303e-18    7.260205e-19
   50  111    1.291448e-17    2.860242e-18
   50  112    1.071447e-14    2.612161e-15
   50  113    1.241822e-14    2.489540e-15
   50  114    3.562331e-12    5.088570e-13
   50  115    6.564382e-13    5.677306e-14
   50  116    6.806802e-11    3.890748e-12
   50  117    1.689871e-12   -1.686728e-14
   50  118    9.853761e-11   -2.932275e-12
   50  119    4.353688e-13   -4.991143e-14
   50  120    8.017559e-12   -1.390307e-12
   50  121    9.851912e-15   -2.570950e-15
   50  122    2.947916e-14   -1.165423e-14
   50  123    1.326555e-17   -6.514227e-18
   50  124    2.461206e-18   -1.665872e-18
   50  125    4.407574e-22   -3.482336e-22
   50  126    2.235058e-23   -2.310574e-23
   50  127    1.647047e-27   -1.924140e-27
   50  128    2.111801e-26   -1.067600e-30
   50  129    2.248206e-30   -1.209242e-34
   50  130    3.467489e-27    9.291169e-40
   50  131    4.601038e-30    1.006840e-40
   51  110    1.191401e-28    2.668733e-29
   51  111    8.990927e-26    2.043044e-26
   51  112    9.916420e-24    2.142486e-24
   51  113    8.165114e-20    1.854614e-20
   51  114    1.787800e-18    3.834372e-19
   51  115    4.013770e-15    7.196138e-16
   51  116    3.732943e-15    5.216887e-16
   51  117    5.643320e-13    6.038924e-14
   51  118    9.362271e-14    3.941659e-15
   51  119    1.874769e-12   -3.966007e-15
   51  120    4.263586e-14   -3.240493e-15
   51  121    8.211322e-13   -9.754058e-14
   51  122    4.421904e-15   -8.891244e-16
   51  123    1.488010e-14   -5.091025e-15
   51  124    3.384478e-17   -1.480727e-17
   51  125    1.951112e-17   -1.225961e-17
   51  126    1.199267e-20   -8.888594e-21
   51  127    2.236800e-21   -2.213876e-21
   51  128    3.108803e-25   -3.501615e-25
   51  129    8.243989e-25   -1.158232e-24
   51  130    2.922695e-29   -4.573821e-29
   51  131    4.767452e-26   -2.021473e-30
   51  132    1.663077e-30   -8.359787e-35
   51  133    9.638001e-26   -1.340101e-33
   52  113    4.069598e-28    1.623838e-28
   52  114    1.102608e-22    4.211318e-23
   52  115    1.404871e-21    5.043572e-22
   52  116    4.577900e-17    1.474009e-17
   52  117    5.887880e-17    1.637839e-17
   52  118    8.001414e-14    1.836283e-14
   52  119    2.761215e-14    4.841508e-15
   52  120    6.154123e-12    7.899031e-13
   52  121    5.745064e-13    3.699922e-14
   52  122    3.945682e-11    9.481599e-13
   52  123    7.936060e-13   -4.308318e-14
   52  124    1.410650e-11   -1.655368e-12
   52  125    7.333531e-14   -1.502661e-14
   52  126    2.695645e-13   -9.335226e-14
   52  127    4.581918e-16   -2.049641e-16
   52  128    1.028845e-15   -6.431376e-16
   52  129    6.591186e-19   -4.867275e-19
   52  130    2.580644e-19   -2.544134e-19
   52  131    6.166350e-23   -6.920314e-23
   52  132    1.225752e-23   -1.709962e-23
   52  133    5.059862e-27   -5.971315e-27
   52  134    1.849088e-25   -1.963258e-25
   53  116    1.308090e-28    4.312559e-29
   53  117    8.123478e-24    2.388181e-24
   53  118    5.938214e-22    1.831507e-22
   53  119    2.638156e-18    7.447024e-19
   53  120    8.335158e-18    2.160045e-18
   53  121    9.825503e-15    2.155259e-15
   53  122    4.362994e-15    7.122937e-16
   53  123    7.420250e-13    8.407749e-14
   53  124    5.115319e-14    2.332243e-15
   53  125    2.061595e-12    7.626965e-15
   53  126    3.887765e-14   -2.795610e-15
   53  127    7.196223e-13   -8.891067e-14
   53  128    3.744574e-15   -7.783735e-16
   53  129    2.205960e-14   -7.014446e-15
   53  130    2.953697e-17   -1.218218e-17
   53  131    3.388760e-17   -2.052284e-17
   53  132    1.721830e-20   -1.240416e-20
   53  133    5.409043e-20   -4.577662e-20
   53  134    1.715180e-23   -1.670005e-23
   53  135    3.667879e-23   -3.343735e-23
   54  118    2.113584e-26    1.043551e-26
   54  119    1.639735e-24    7.547951e-25
   54  120    4.410479e-20    1.833221e-20
   54  121    4.162231e-19    1.552237e-19
   54  122    1.262067e-15    4.016217e-16
   54  123    2.117324e-15    5.664075e-16
   54  124    8.301911e-13    1.718999e-13
   54  125    2.702987e-13    4.028249e-14
   54  126    2.486211e-11    2.314812e-12
   54  127    1.944835e-12    4.347145e-14
   54  128    4.945897e-11   -1.254432e-12
   54  129    9.219136e-13   -1.015026e-13
   54  130    5.455062e-12   -1.132157e-12
   54  131    2.898087e-14   -8.846533e-15
   54  132    1.259159e-13   -5.399216e-14
   54  133    2.650809e-16   -1.433192e-16
   54  134    1.825420e-15   -1.121489e-15
   54  135    3.468873e-18   -2.416749e-18
   54  136    5.435014e-17   -3.756162e-17
   54  137    3.831977e-24   -3.020566e-24
   54  138    5.241415e-30   -4.749122e-30
   55  121    9.945815e-28    3.864382e-28
   55  122    1.021766e-25    3.508518e-26
   55  123    5.126052e-21    1.626599e-21
   55  124    1.137252e-19    3.470201e-20
   55  125    3.562776e-16    9.492632e-17
   55  126    6.985877e-16    1.553949e-16
   55  127    2.072064e-13    3.513269e-14
   55  128    4.759367e-14    5.038931e-15
   55  129    2.419965e-12    1.311558e-13
   55  130    1.289588e-13   -2.626088e-15
   55  131    1.567348e-12   -1.399316e-13
   55  132    2.119759e-14   -3.668212e-15
   55  133    1.464149e-13   -3.783620e-14
   55  134    1.014247e-15   -3.572264e-16
   55  135    6.884999e-16   -3.421672e-16
   55  136    2.964521e-18   -1.817795e-18
   55  137    4.048888e-17   -2.602499e-17
   55  138    6.874364e-24   -5.084288e-24
   55  139    5.834473e-29   -5.004856e-29
   56  123    8.323535e-27    4.381014e-27
   56  124    4.478407e-22    2.158109e-22
   56  125    7.832758e-21    3.469235e-21
   56  126    1.015378e-16    3.982952e-17
   56  127    3.305023e-16    1.143823e-16
   56  128    2.240689e-13    6.487392e-14
   56  129    1.567844e-13    3.701716e-14
   56  130    3.019587e-11    5.418631e-12
   56  131    4.431945e-12    5.176445e-13
   56  132    1.967416e-10    1.377856e-11
   56  133    1.039942e-11   -2.744331e-14
   56  134    1.807659e-10   -8.727807e-12
   56  135    4.025044e-12   -5.142725e-13
   56  136    4.507884e-11   -7.134725e-12
   56  137    8.994371e-13   -1.800620e-13
   56  138    1.724030e-11   -3.230523e-12
   56  139    2.203621e-17   -5.733830e-18
   56  140    7.299079e-22   -2.544227e-22
   56  141    6.909244e-28   -2.974762e-28
   56  142    2.199770e-30   -2.064894e-40
   57  125    3.538707e-30    1.624476e-30
   57  126    5.952934e-28    2.476998e-28
   57  127    1.054420e-23    3.840183e-24
   57  128    1.897272e-22    6.343624e-23
   57  129    1.504335e-18    4.900830e-19
   57  130    8.198059e-18    2.520460e-18
   57  131    5.790781e-15    1.540610e-15
   57  132    2.388790e-15    5.176407e-16
   57  133    4.347108e-13    7.740685e-14
   57  134    8.079230e-14    9.333354e-15
   57  135    1.944439e-12    1.355199e-13
   57  136    1.581351e-13    3.077911e-16
   57  137    1.348632e-12   -2.770095e-14
   57  138    6.805438e-14   -4.811757e-15
   57  139    3.343905e-11   -2.003728e-13
   57  140    2.230423e-16   -1.546974e-17
   57  141    2.379418e-20   -3.496134e-21
   57  142    7.106781e-26   -1.555686e-26
   57  143    4.527954e-30   -5.170423e-35
   58  128    2.525209e-26    1.353332e-26
   58  129    1.143002e-24    5.710242e-25
   58  130    1.185402e-20    5.383525e-21
   58  131    1.081354e-19    4.470222e-20
   58  132    1.418242e-16    5.117382e-17
   58  133    2.671508e-16    8.393261e-17
   58  134    9.844483e-14    2.528003e-14
   58  135    6.033984e-14    1.223765e-14
   58  136    4.049475e-12    6.094585e-13
   58  137    7.489984e-13    6.833185e-14
   58  138    2.939445e-11    1.405578e-12
   58  139    2.601014e-12   -5.201898e-14
   58  140    5.666646e-11   -2.055957e-12
   58  141    1.367682e-15   -1.420545e-16
   58  142    9.408834e-19   -1.749595e-19
   58  143    1.180119e-23   -3.091053e-24
   58  144    1.695543e-27   -6.009046e-28
   59  131    2.706498e-28    1.162446e-28
   59  132    1.575331e-26    5.993624e-27
   59  133    7.702238e-22    2.739692e-22
   59  134    3.359676e-20    1.149978e-20
   59  135    6.635826e-17    2.014294e-17
   59  136    1.486402e-16    3.876246e-17
   59  137    3.187677e-14    6.744366e-15
   59  138    1.730716e-14    2.670544e-15
   59  139    1.112801e-12    1.113628e-13
   59  140    4.120416e-13    1.289539e-14
   59  141    6.139499e-12   -1.463680e-13
   59  142    9.598655e-16   -8.843340e-17
   59  143    2.253953e-18   -3.955303e-19
   59  144    6.867064e-23   -1.738099e-23
   59  145    4.965773e-26   -1.721787e-26
   60  133    4.764719e-28    2.410903e-28
   60  134    9.263365e-24    4.256036e-24
   60  135    2.462615e-22    1.029811e-22
   60  136    7.705739e-19    2.807487e-19
   60  137    5.354103e-18    1.690760e-18
   60  138    2.823609e-15    7.173805e-16
   60  139    5.060705e-15    9.984204e-16
   60  140    8.291177e-13    1.066686e-13
   60  141    6.361992e-13    4.027851e-14
   60  142    3.829124e-11   -1.389673e-13
   60  143    1.734040e-14   -1.261820e-15
   60  144    1.638604e-16   -2.575038e-17
   60  145    2.604358e-20   -6.121680e-21
   60  146    6.095105e-23   -2.010944e-23
   60  147    1.415682e-27   -5.896030e-28
   61  136    3.546843e-30    1.390204e-30
   61  137    4.306178e-26    1.383240e-26
   61  138    5.873340e-24    1.494678e-24
   61  139    3.262852e-20    7.148793e-21
   61  140    5.430403e-19    1.021242e-19
   61  141    7.553728e-16    1.018156e-16
   61  142    3.613312e-15    2.512980e-16
   61  143    3.778569e-13   -3.964363e-15
   61  144    9.516637e-16   -7.755687e-17
   61  145    2.032562e-17   -3.414781e-18
   61  146    1.354812e-20   -3.372384e-21
   61  147    7.584743e-23   -2.634034e-23
   61  148    8.438875e-27   -3.697679e-27
   61  149    1.350978e-27    3.090331e-29
   61  150    4.697272e-29    1.588057e-33
   62  138    4.999097e-26    2.007168e-26
   62  139    3.534295e-24    1.249870e-24
   62  140    2.091624e-20    6.112799e-21
   62  141    3.901278e-19    9.240063e-20
   62  142    1.445686e-15    2.360227e-16
   62  143    1.302104e-14    1.256200e-15
   62  144    1.022495e-11    1.324302e-13
   62  145    6.387690e-14   -3.765006e-15
   62  146    7.184293e-15   -1.049129e-15
   62  147    1.251648e-17   -2.834555e-18
   62  148    3.453690e-19   -1.094598e-19
   62  149    1.121711e-22   -4.549333e-23
   62  150    1.372844e-24   -7.102696e-25
   62  151    2.760249e-28   -1.707354e-28
   62  152    4.457492e-26    1.078078e-28
   62  153    1.747135e-28    2.860998e-32
   63  141    1.945247e-28    4.499599e-29
   63  142    5.317344e-25    7.775290e-26
   63  143    4.039987e-20    3.748899e-21
   63  144    5.356888e-18    2.525703e-19
   63  145    1.185979e-14   -4.061778e-16
   63  146    4.214754e-16   -4.518799e-17
   63  147    3.186196e-16   -3.757690e-17
   63  148    2.489222e-18   -4.482599e-19
   63  149    1.239504e-17   -1.968208e-18
   63  150    8.114184e-21   -1.946440e-21
   63  151    3.794461e-21   -1.379885e-21
   63  152    2.216971e-24   -1.018980e-24
   63  153    6.597766e-25   -3.860623e-25
   63  154    4.226738e-28   -2.946639e-28
   63  155    4.085251e-26    6.463406e-28
   63  156    1.846343e-29    2.159543e-31
   63  157    2.858422e-26    8.679310e-34
   64  142    1.335682e-26    4.528276e-27
   64  143    5.533522e-24    1.567323e-24
   64  144    2.406496e-19    5.182864e-20
   64  145    3.207652e-17    4.816200e-18
   64  146    5.413318e-13    3.708739e-14
   64  147    4.271483e-14    9.276164e-17
   64  148    6.383328e-14   -3.239757e-15
   64  149    1.599871e-15   -2.026609e-16
   64  150    3.858994e-15   -5.816068e-16
   64  151    1.802588e-17   -4.150803e-18
   64  152    4.452922e-17   -1.056538e-17
   64  153    1.394480e-19   -4.533978e-20
   64  154    7.054139e-20   -3.074611e-20
   64  155    1.684607e-22   -9.066902e-23
   64  156    2.501680e-23   -1.666572e-23
   64  157    2.360015e-26   -1.849123e-26
   64  158    1.368232e-26    4.156163e-27
   64  159    1.488458e-28    7.289413e-31
   64  160    3.656937e-27   -9.861172e-34
   65  145    1.118370e-27    1.937708e-28
   65  146    1.078761e-23    1.301503e-24
   65  147    8.550340e-19    2.546948e-20
   65  148    3.828413e-18    3.359683e-20
   65  149    8.639452e-17   -1.347586e-18
   65  150    5.650863e-18   -3.295736e-19
   65  151    1.115023e-15   -6.456898e-17
   65  152    4.338664e-18   -5.875197e-19
   65  153    2.169910e-15   -3.034271e-16
   65  154    1.708090e-17   -3.871590e-18
   65  155    1.256193e-16   -4.495440e-17
   65  156    7.596384e-19   -3.477980e-19
   65  157    6.538426e-19   -3.825534e-19
   65  158    1.552476e-21   -1.086739e-21
   65  159    1.233210e-22   -1.035452e-22
   65  160    6.325247e-26   -6.133252e-26
   65  161    6.349456e-28   -7.136693e-28
   65  162    1.152556e-29    8.633127e-32
   65  163    2.186870e-28   -1.851355e-34
   66  146    2.302356e-26    7.951378e-27
   66  147    2.750504e-23    8.053928e-24
   66  148    8.162105e-18    2.038497e-18
   66  149    7.799673e-18    1.605931e-18
   66  150    1.605534e-16    2.002134e-17
   66  151    4.600958e-16    2.565125e-17
   66  152    2.822486e-14    2.969975e-17
   66  153    5.121893e-15   -4.223107e-16
   66  154    1.201994e-13   -1.445267e-14
   66  155    4.550117e-15   -9.120737e-16
   66  156    1.206988e-13   -2.788745e-14
   66  157    2.363804e-15   -7.636576e-16
   66  158    4.822817e-15   -2.090940e-15
   66  159    3.549133e-17   -1.910394e-17
   66  160    9.477624e-18   -6.348604e-18
   66  161    1.799737e-20   -1.420095e-20
   66  162    6.372856e-22   -5.955399e-22
   66  163    3.104549e-25   -3.321001e-25
   66  164    2.164618e-27   -2.667600e-27
   66  165    4.264784e-30    2.394927e-32
   67  149    3.645702e-26    3.710922e-27
   67  150    5.332244e-25    5.729966e-26
   67  151    2.315203e-21    1.872296e-22
   67  152    1.561966e-20    9.953169e-22
   67  153    1.983426e-17    7.536270e-19
   67  154    7.773404e-17    1.982189e-18
   67  155    8.499890e-15   -7.853008e-18
   67  156    1.323953e-16   -8.530820e-18
   67  157    1.149502e-13   -5.254244e-15
   67  158    4.614144e-15   -5.699229e-16
   67  159    7.425148e-14   -1.356989e-14
   67  160    5.314820e-16   -1.438333e-16
   67  161    2.163259e-15   -8.170235e-16
   67  162    3.474075e-18   -1.663120e-18
   67  163    2.034337e-18   -1.228779e-18
   67  164    2.423268e-21   -1.742835e-21
   67  165    1.062292e-22   -9.133964e-23
   67  166    1.889362e-26   -1.866393e-26
   67  167    2.712549e-28    1.220954e-30
   67  168    5.415670e-30    5.073678e-35
   68  150    2.628640e-25    1.884081e-25
   68  151    3.227620e-24    1.180880e-24
   68  152    1.280020e-21    3.873482e-22
   68  153    9.401843e-20    2.664223e-20
   68  154    2.199759e-16    5.634204e-17
   68  155    1.103170e-15    2.532790e-16
   68  156    8.034324e-14    1.513845e-14
   68  157    9.927187e-15    1.356938e-15
   68  158    1.661530e-12    1.802196e-13
   68  159    1.199463e-13    4.646333e-15
   68  160    2.245970e-12   -5.283090e-14
   68  161    1.137301e-13   -1.153266e-14
   68  162    3.388431e-13   -6.491223e-14
   68  163    4.924829e-15   -1.376122e-15
   68  164    2.613468e-15   -1.019166e-15
   68  165    1.156399e-17   -5.671666e-18
   68  166    1.442293e-18   -8.893686e-19
   68  167    1.330602e-21   -9.731662e-22
   68  168    1.413133e-23   -1.226596e-23
   68  169    2.105531e-27   -2.097532e-27
   68  170    1.467622e-28    1.646301e-31
   68  171    5.532642e-30   -1.305067e-37
   69  154    2.330300e-28    5.452100e-29
   69  155    2.205341e-23    4.683936e-24
   69  156    1.727241e-21    3.488405e-22
   69  157    2.374207e-18    4.382972e-19
   69  158    2.128148e-16    3.684972e-17
   69  159    1.537869e-15    1.628214e-16
   69  160    1.423685e-15    9.486421e-17
   69  161    1.014240e-13    4.441154e-15
   69  162    9.005168e-15   -2.351565e-16
   69  163    2.407362e-13   -1.531090e-14
   69  164    4.197410e-15   -6.041238e-16
   69  165    2.442396e-14   -5.716063e-15
   69  166    1.711582e-16   -5.560536e-17
   69  167    1.148006e-16   -5.016180e-17
   69  168    3.422628e-19   -1.854271e-19
   69  169    1.797879e-20   -1.197439e-20
   69  170    1.124957e-23   -8.837633e-24
   69  171    7.567453e-26   -6.918900e-26
   69  172    7.939587e-30   -8.305203e-30
   69  173    2.242736e-28    2.916297e-31
   70  155    4.772903e-27    2.147883e-27
   70  156    9.226418e-23    3.912244e-23
   70  157    3.755185e-21    1.522137e-21
   70  158    7.286084e-18    2.711593e-18
   70  159    3.229842e-17    1.098554e-17
   70  160    9.310319e-15    2.773046e-15
   70  161    9.353543e-15    2.325217e-15
   70  162    6.740853e-13    1.305956e-13
   70  163    1.811237e-13    2.398715e-14
   70  164    4.991587e-12    3.552794e-13
   70  165    5.126275e-13    6.994268e-18
   70  166    2.667176e-12   -2.094563e-13
   70  167    9.136370e-14   -1.458673e-14
   70  168    1.086544e-13   -2.820761e-14
   70  169    9.423140e-16   -3.319330e-16
   70  170    1.190349e-16   -5.535812e-17
   70  171    3.031441e-19   -1.729718e-19
   70  172    7.262459e-21   -5.061859e-21
   70  173    3.666509e-24   -2.994351e-24
   70  174    1.445616e-26   -1.382591e-26
   70  175    1.935288e-29    6.734813e-30
   70  176    1.006719e-28    2.260626e-33
   71  159    3.299223e-27    1.144912e-27
   71  160    2.453378e-25    7.722193e-26
   71  161    4.295643e-21    1.010409e-21
   71  162    9.465030e-20    1.839025e-20
   71  163    8.096166e-17    1.279695e-17
   71  164    7.224956e-17    8.515046e-18
   71  165    7.318654e-15    6.521111e-16
   71  166    1.275965e-15    4.799551e-17
   71  167    2.642358e-13    8.579688e-15
   71  168    1.943040e-14   -8.048414e-16
   71  169    2.048591e-13   -1.952669e-14
   71  170    2.118129e-15   -3.717949e-16
   71  171    4.020888e-15   -7.551197e-16
   71  172    1.809614e-17   -4.977413e-18
   71  173    2.437396e-18   -9.027364e-19
   71  174    4.433939e-21   -1.862050e-21
   71  175    1.649146e-20   -5.345438e-21
   71  176    3.067441e-24   -1.278715e-24
   71  177    4.644710e-27   -2.431083e-27
   71  178    9.085900e-28    1.873989e-29
   71  179    3.954553e-27    8.536206e-33
   72  160    7.204744e-26    3.356277e-26
   72  161    8.071762e-24    3.612246e-24
   72  162    3.440980e-20    1.432628e-20
   72  163    4.158145e-19    1.615740e-19
   72  164    3.759073e-16    1.298545e-16
   72  165    2.518334e-16    7.525709e-17
   72  166    1.344668e-13    3.473741e-14
   72  167    5.352452e-14    1.081253e-14
   72  168    3.589228e-12    5.293623e-13
   72  169    6.622217e-13    5.450610e-14
   72  170    7.172722e-12    1.143132e-13
   72  171    4.349277e-13   -2.545250e-14
   72  172    5.178565e-13   -7.633630e-14
   72  173    9.575076e-15   -2.225876e-15
   72  174    1.788185e-15   -5.780308e-16
   72  175    7.178046e-18   -3.006125e-18
   72  176    2.877306e-19   -1.526939e-19
   72  177    1.989523e-22   -1.259519e-22
   72  178    5.164557e-24   -2.054319e-24
   72  179    2.107508e-27   -9.532829e-28
   72  180    4.590324e-26    5.693902e-27
   72  181    1.405347e-30    1.528067e-31
   72  182    1.259278e-28    1.733108e-35
   73  163    2.899305e-30    1.146616e-30
   73  164    1.122933e-28    4.119320e-29
   73  165    2.383875e-24    9.264021e-25
   73  166    3.294900e-23    1.085497e-23
   73  167    3.133352e-19    7.709515e-20
   73  168    6.993319e-19    1.177068e-19
   73  169    1.663352e-16    1.791722e-17
   73  170    4.561119e-16    3.785233e-17
   73  171    5.633281e-14    2.619054e-15
   73  172    9.043710e-16   -2.472294e-17
   73  173    2.207472e-13   -4.768341e-15
   73  174    3.985153e-16   -3.772657e-17
   73  175    2.963781e-13   -2.026175e-14
   73  176    1.071353e-15   -1.572449e-16
   73  177    5.851537e-16   -1.486015e-16
   73  178    1.799984e-20   -5.971580e-21
   73  179    8.643463e-16   -2.747622e-16
   73  180    5.974327e-19   -2.463009e-19
   73  181    7.014294e-21   -3.675617e-21
   73  182    7.280631e-25   -4.573257e-25
   73  183    4.380612e-28   -3.281160e-28
   74  165    2.466814e-27    1.134865e-27
   74  166    4.092001e-23    1.763264e-23
   74  167    1.238177e-21    5.136745e-22
   74  168    7.770157e-18    2.973264e-18
   74  169    2.998280e-17    1.041812e-17
   74  170    1.180326e-14    3.543329e-15
   74  171    1.277876e-14    3.222922e-15
   74  172    1.098649e-12    2.195039e-13
   74  173    4.991828e-13    7.086453e-14
   74  174    5.782486e-12    4.821254e-13
   74  175    7.343096e-13    1.064290e-14
   74  176    1.584367e-12   -8.598742e-14
   74  177    3.908414e-14   -5.178101e-15
   74  178    1.946494e-14   -4.299363e-15
   74  179    1.810235e-16   -5.623299e-17
   74  180    2.597644e-17   -1.079298e-17
   74  181    8.061662e-20   -4.172823e-20
   74  182    2.473157e-21   -1.581592e-21
   74  183    8.367320e-25   -6.298496e-25
   74  184    1.901804e-27   -1.688173e-27
   74  185    8.083418e-30    8.097715e-32
   75  169    6.697538e-28    2.408073e-28
   75  170    1.272214e-26    2.993613e-27
   75  171    4.147774e-22    5.090031e-23
   75  172    2.005548e-20    2.008370e-21
   75  173    6.079827e-17    4.622022e-18
   75  174    1.688123e-16    8.028464e-18
   75  175    2.903636e-14    4.628283e-16
   75  176    6.028898e-15   -2.873035e-16
   75  177    1.302646e-13   -9.043835e-15
   75  178    5.550106e-15   -8.361343e-16
   75  179    2.556088e-14   -5.363256e-15
   75  180    6.290295e-16   -1.895107e-16
   75  181    7.849785e-16   -3.128282e-16
   75  182    4.726494e-18   -2.371995e-18
   75  183    9.704948e-19   -6.056900e-19
   75  184    7.059699e-22   -5.210698e-22
   75  185    8.177955e-24   -7.157724e-24
   75  186    2.015058e-27   -2.026660e-27
   75  187    4.209133e-28    3.148931e-30
   75  188    9.963749e-30    2.132599e-34
   76  171    9.823591e-27    4.092668e-27
   76  172    1.032434e-21    4.057801e-22
   76  173    3.783015e-20    1.417069e-20
   76  174    8.998087e-17    3.090651e-17
   76  175    7.008718e-16    2.189236e-16
   76  176    6.069896e-14    1.623673e-14
   76  177    7.369465e-14    1.657557e-14
   76  178    2.326082e-12    4.309221e-13
   76  179    5.562612e-13    7.139688e-14
   76  180    3.820938e-12    3.548076e-13
   76  181    2.705281e-13    6.820820e-15
   76  182    5.019748e-13   -1.824179e-14
   76  183    1.465908e-14   -1.655521e-15
   76  184    4.502351e-15   -8.911823e-16
   76  185    1.551431e-17   -4.404875e-18
   76  186    7.210745e-19   -2.782058e-19
   76  187    5.940955e-22   -2.870061e-22
   76  188    9.062460e-24   -5.451544e-24
   76  189    1.869287e-27   -1.329043e-27
   76  190    1.103941e-27    9.863726e-30
   76  191    2.110832e-29    9.857223e-34
   77  174    1.438292e-30    5.059574e-31
   77  175    1.129427e-26    2.914021e-27
   77  176    9.962810e-25    1.394635e-25
   77  177    9.074462e-20    1.071394e-20
   77  178    1.315001e-18    1.368864e-19
   77  179    5.201193e-16    4.269419e-17
   77  180    1.110559e-15    6.211231e-17
   77  181    7.369615e-14    1.987104e-15
   77  182    1.307624e-14   -4.971439e-16
   77  183    1.154634e-13   -7.231201e-15
   77  184    6.067103e-15   -8.619329e-16
   77  185    9.112921e-15   -1.878486e-15
   77  186    2.597841e-17   -7.617566e-18
   77  187    1.067327e-17   -4.189092e-18
   77  188    2.202073e-20   -1.082517e-20
   77  189    3.658460e-21   -2.214712e-21
   77  190    2.762255e-24   -1.984769e-24
   77  191    8.360450e-26   -7.146928e-26
   77  192    2.126598e-29   -2.091023e-29
   77  193    4.461354e-27    4.725019e-31
   77  194    1.933719e-29    4.506217e-35
   78  176    5.550487e-27    2.312988e-27
   78  177    2.122380e-24    8.492210e-25
   78  178    1.559184e-20    5.814355e-21
   78  179    5.420732e-19    1.919697e-19
   78  180    6.935616e-16    2.261612e-16
   78  181    2.488309e-15    7.359792e-16
   78  182    2.005962e-13    5.247261e-14
   78  183    1.093305e-13    2.387585e-14
   78  184    2.705955e-12    5.209416e-13
   78  185    3.392151e-13    4.476914e-14
   78  186    1.331941e-12    1.122582e-13
   78  187    2.031469e-14    3.150091e-16
   78  188    5.315174e-14   -2.702089e-15
   78  189    5.329094e-16   -6.883530e-17
   78  190    1.530444e-16   -3.415657e-17
   78  191    6.285658e-19   -1.950908e-19
   78  192    6.744652e-20   -2.824525e-20
   78  193    1.136594e-22   -5.898357e-23
   78  194    3.198659e-24   -2.057783e-24
   78  195    1.933561e-27   -1.464037e-27
   78  196    1.691990e-27    1.872805e-29
   78  197    1.804321e-29    3.914698e-33
   78  198    4.204000e-28    7.383207e-36
   79  180    3.045779e-27    7.807594e-28
   79  181    7.298035e-23    1.754591e-23
   79  182    1.384649e-20    3.202727e-21
   79  183    1.006539e-17    2.126616e-18
   79  184    3.826210e-17    7.394565e-18
   79  185    5.426927e-15    9.045751e-16
   79  186    2.415334e-15    2.909276e-16
   79  187    6.167771e-14    6.077491e-15
   79  188    3.790632e-15    1.040517e-16
   79  189    3.552953e-14   -1.403669e-15
   79  190    1.851233e-15   -2.196795e-16
   79  191    3.176633e-15   -6.623929e-16
   79  192    2.429246e-17   -7.219299e-18
   79  193    2.878826e-17   -1.193133e-17
   79  194    9.796616e-20   -5.087754e-20
   79  195    2.653221e-20   -1.725937e-20
   79  196    4.717101e-23   -3.632809e-23
   79  197    1.576884e-24   -1.442944e-24
   79  198    1.318746e-27   -1.387303e-27
   79  199    8.746687e-28    6.072324e-30
   79  200    1.810008e-29    1.002305e-33
   79  201    4.124313e-28   -1.981130e-35
   80  181    1.222646e-29    4.838236e-30
   80  182    8.928385e-25    3.298604e-25
   80  183    2.329261e-22    8.173163e-23
   80  184    1.292999e-18    4.180784e-19
   80  185    1.266770e-17    3.839181e-18
   80  186    1.690203e-14    4.652960e-15
   80  187    2.166264e-14    5.226000e-15
   80  188    2.332298e-12    4.910936e-13
   80  189    1.188892e-12    1.878344e-13
   80  190    1.670329e-11    1.891907e-12
   80  191    3.030105e-12    1.450077e-13
   80  192    1.009644e-11   -2.294359e-13
   80  193    5.138219e-13   -5.121167e-14
   80  194    8.400575e-13   -1.559857e-13
   80  195    1.607843e-14   -4.377487e-15
   80  196    7.714114e-15   -2.893711e-15
   80  197    6.702593e-17   -3.183563e-17
   80  198    7.409440e-18   -4.415400e-18
   80  199    2.405422e-20   -1.708943e-20
   80  200    6.791223e-22   -5.759519e-22
   80  201    5.354067e-25   -5.238703e-25
   80  202    2.505925e-27   -2.838958e-27
   80  203    5.006416e-29    1.507891e-30
   80  204    2.493325e-26    6.571932e-31
   80  205    4.692279e-28    2.699475e-34
   81  185    3.748105e-26    9.907931e-27
   81  186    1.002892e-24    2.447440e-25
   81  187    1.734884e-20    3.826185e-21
   81  188    3.986950e-19    8.447767e-20
   81  189    5.939893e-16    1.104848e-16
   81  190    3.632766e-15    6.118599e-16
   81  191    2.142573e-13    2.707627e-14
   81  192    1.468878e-13    9.903799e-15
   81  193    5.993155e-13    5.360787e-15
   81  194    2.849445e-13   -1.530391e-14
   81  195    1.421410e-12   -1.540240e-13
   81  196    8.854539e-14   -1.710948e-14
   81  197    6.567697e-14   -1.926055e-14
   81  198    1.705057e-15   -6.648806e-16
   81  199    6.567053e-16   -3.315669e-16
   81  200    6.679442e-18   -4.117809e-18
   81  201    6.709401e-19   -5.017987e-19
   81  202    2.727640e-21   -2.392061e-21
   81  203    6.270908e-23   -6.437689e-23
   81  204    1.126624e-25   -1.322054e-25
   81  205    7.253106e-28   -9.742153e-28
   81  206    2.830708e-29    9.747037e-32
   81  207    1.356241e-28    7.418244e-34
   82  186    4.827637e-27    4.827637e-27
   82  187    2.651709e-25    9.903513e-26
   82  188    1.368961e-21    4.888171e-22
   82  189    1.182305e-20    3.972712e-21
   82  190    8.228513e-17    2.530336e-17
   82  191    4.925802e-16    1.400677e-16
   82  192    1.912450e-13    4.721308e-14
   82  193    1.164801e-13    2.332726e-14
   82  194    1.609701e-11    2.661130e-12
   82  195    5.960440e-12    6.179359e-13
   82  196    9.404088e-11    3.895731e-12
   82  197    1.518139e-11   -5.093475e-13
   82  198    7.413886e-11   -8.240364e-12
   82  199    3.763302e-12   -7.369183e-13
   82  200    9.870066e-12   -2.858377e-12
   82  201    3.140187e-13   -1.215039e-13
   82  202    1.423834e-13   -7.236467e-14
   82  203    2.130532e-15   -1.323992e-15
   82  204    3.351263e-16   -2.635726e-16
   82  205    2.191503e-18   -2.020873e-18
   82  206    9.412312e-20   -1.099485e-19
   82  207    1.169254e-21   -1.747415e-21
   82  208    4.845099e-21   -7.423455e-21
   82  209    2.957097e-28   -4.957109e-28
   83  191    1.893062e-26    3.171000e-27
   83  192    1.150190e-23    1.517398e-24
   83  193    6.140314e-20    6.901399e-21
   83  194    2.535636e-18    2.546247e-19
   83  195    4.069450e-16    2.649916e-17
   83  196    2.185139e-15    3.447749e-17
   83  197    3.196424e-14   -1.876160e-15
   83  198    2.551578e-14   -2.967879e-15
   83  199    2.842373e-13   -4.783163e-14
   83  200    7.262265e-14   -1.843166e-14
   83  201    1.915073e-13   -6.432359e-14
   83  202    7.725909e-15   -3.396534e-15
   83  203    1.421989e-14   -7.626096e-15
   83  204    3.320376e-16   -2.166432e-16
   83  205    9.198274e-17   -7.157107e-17
   83  206    8.098264e-19   -7.369886e-19
   83  207    6.480469e-20   -6.867693e-20
   83  208    1.630302e-22   -1.974008e-22
   83  209    1.309193e-24   -1.813679e-24
   84  194    2.122680e-30    2.202273e-31
   84  195    2.866500e-29    2.445851e-30
   84  196    5.533599e-26    2.947307e-27
   84  197    1.204892e-25   -5.862967e-29
   84  198    1.383315e-23   -9.383890e-25
   84  199    1.044414e-23   -1.316900e-24
   84  200    1.543706e-22   -3.036037e-23
   84  201    9.658795e-23   -2.550516e-23
   84  202    1.016171e-21   -3.188533e-22
   84  203    1.974200e-22   -7.988627e-23
   84  204    2.867573e-22   -1.426984e-22
   84  205    1.420411e-23   -8.660684e-24
   84  206    6.416188e-24   -4.642148e-24
   84  207    6.852041e-26   -5.845826e-26
   84  208    1.248109e-26   -1.242260e-26
   84  209    2.339829e-28   -5.952854e-29
   84  210    4.225852e-29   -2.012069e-29
    0    1    8.343060e-11   -3.099163e-12
    1    1    7.364794e-08   -2.586894e-09
    2    4    5.954736e-06   -2.192098e-07
