2.7836e-01
5.7600e-05
2.5299e+00
3.7395e+05
    1    2    4.905267e-18    1.392066e-19
    1    3    6.142772e-17    1.818673e-18
    2    3    4.439062e-16    1.910478e-17
    3    6    6.099666e-22    1.918323e-23
    3    7    4.303693e-22    1.258729e-23
    4    7    1.559646e-22    6.239376e-24
    4    9    7.094323e-23    2.526384e-24
    4   10    6.561550e-22    2.997595e-24
    5   10    2.018974e-18    3.866020e-20
    5   11    2.026289e-12   -9.460666e-15
    5   12    7.591426e-21   -4.296171e-23
    5   13    5.448728e-26   -6.522453e-28
    6   11    6.205755e-15    1.460580e-16
    6   12    7.448190e-04   -5.999893e-07
    6   13    3.961650e-09   -2.392341e-11
    6   14    3.889821e-09   -4.779802e-11
    6   15    2.323201e-21   -6.770563e-24
    6   16    3.100374e-28   -2.291774e-30
    7   12    1.829976e-26    8.252898e-28
    7   13    2.744689e-12    4.267014e-14
    7   14    1.609936e-07    1.729280e-10
    7   15    2.185863e-10   -4.088069e-12
    7   16    6.038659e-20   -7.733535e-22
    7   17    3.272716e-22    7.065647e-26
    8   14    5.534611e-16    1.120800e-17
    8   15    5.382877e-10    7.035804e-12
    8   16    4.707475e-02    3.103406e-05
    8   17    5.444746e-08   -1.638053e-10
    8   18    1.674581e-10   -3.906837e-12
    8   19    7.952644e-17   -2.271537e-18
    8   20    5.549112e-22   -2.094776e-23
    8   21    3.923895e-29   -1.593928e-30
    9   16    1.791921e-23    7.271846e-25
    9   17    1.095419e-12    2.499041e-14
    9   18    2.831338e-10   -2.838580e-14
    9   19    4.439343e-10   -6.068104e-12
    9   20    1.585192e-13   -4.294992e-15
    9   21    2.052971e-17   -7.498447e-19
    9   22    5.107438e-24   -2.350377e-25
    9   23    9.083592e-30   -1.745498e-31
   10   18    2.920335e-18    8.967751e-20
   10   19    9.092476e-14    1.399204e-15
   10   20    6.727453e-03   -4.267385e-05
   10   21    3.593302e-06   -5.738248e-08
   10   22    1.687625e-07   -2.529210e-09
   10   23    4.023630e-12   -1.109702e-13
   10   24    1.949127e-15   -4.317213e-17
   10   25    7.849710e-22   -2.068176e-23
   10   26    1.416173e-27   -5.605174e-29
   11   19    1.147553e-30    6.478599e-32
   11   20    6.078142e-22    1.820706e-23
   11   21    5.876812e-10    4.892647e-12
   11   22    3.369641e-08   -1.464579e-10
   11   23    1.984247e-05   -8.751375e-08
   11   24    1.100587e-08   -2.072346e-10
   11   25    4.574603e-12   -1.194179e-13
   11   26    2.046317e-16   -8.104090e-18
   11   27    1.331872e-20   -7.330983e-22
   11   28    8.541863e-29   -4.786271e-30
   12   21    3.014851e-28    1.219808e-29
   12   22    1.287708e-13    2.550862e-15
   12   23    3.927228e-09    1.174489e-11
   12   24    2.150961e-03    7.214406e-07
   12   25    2.527506e-04   -2.860958e-06
   12   26    1.850649e-04   -3.236218e-06
   12   27    4.857835e-08   -1.556649e-09
   12   28    2.198984e-11   -9.076390e-13
   12   29    2.257218e-18   -9.685144e-20
   12   30    1.379243e-22   -8.036170e-24
   13   23    3.485579e-25    1.510051e-26
   13   24    9.700707e-18    1.889119e-19
   13   25    1.044641e-10    1.598287e-12
   13   26    5.276053e-06   -5.809632e-10
   13   27    2.542006e-04   -3.861679e-07
   13   28    1.627332e-06   -2.154125e-08
   13   29    8.913380e-09   -1.684919e-10
   13   30    1.287465e-12   -4.154446e-14
   13   31    4.767536e-16   -2.288576e-17
   13   32    8.668574e-23   -4.499676e-24
   13   33    4.984304e-27   -3.162150e-28
   14   25    9.453436e-24    2.771721e-25
   14   26    1.037064e-14    2.547585e-16
   14   27    1.305334e-08    1.542122e-10
   14   28    6.429888e-04    9.934812e-06
   14   29    2.659831e-04    3.263544e-06
   14   30    1.330654e-04    2.867202e-06
   14   31    6.155992e-08    4.670636e-10
   14   32    1.250949e-09    3.092413e-12
   14   33    4.572474e-15   -1.334614e-17
   14   34    8.932305e-19   -1.519788e-20
   14   35    4.383164e-28   -5.854952e-30
   15   27    3.918938e-25    1.781578e-26
   15   28    6.151200e-17    1.698362e-18
   15   29    8.987642e-11    2.507152e-12
   15   30    3.144598e-07    6.860280e-09
   15   31    1.753461e-05    4.242283e-07
   15   32    1.507527e-07    2.246701e-09
   15   33    3.056537e-08    7.704225e-10
   15   34    4.290119e-11    5.176618e-13
   15   35    7.830402e-14   -9.875871e-17
   15   36    1.997676e-21   -3.305119e-24
   15   37    2.054570e-24   -2.718218e-26
   16   29    3.269979e-23    1.234928e-24
   16   30    4.269877e-15    1.384991e-16
   16   31    1.530559e-10    4.692590e-12
   16   32    3.136623e-05    1.199565e-06
   16   33    1.392172e-06    5.101930e-08
   16   34    2.084332e-06    7.975983e-08
   16   35    3.057866e-08    1.367479e-09
   16   36    9.889416e-09    5.872109e-10
   16   37    2.866235e-14    1.583503e-15
   16   38    3.191588e-17    1.572151e-18
   16   39    6.697972e-23    3.005366e-24
   16   40    1.211582e-25    5.290895e-27
   17   31    1.676146e-26    9.259584e-28
   17   32    1.315428e-19    6.346695e-21
   17   33    9.943702e-13    5.233162e-14
   17   34    3.813402e-10    1.831507e-11
   17   35    4.711043e-07    2.606113e-08
   17   36    8.609827e-09    4.604682e-10
   17   37    3.240001e-09    2.231490e-10
   17   38    3.355592e-12    2.040805e-13
   17   39    4.725035e-14    2.799605e-15
   17   40    2.488022e-17    1.247659e-18
   17   41    3.475839e-19    1.914941e-20
   17   42    1.302730e-22    6.011963e-24
   17   43    6.192052e-25    3.462604e-26
   17   44    1.099327e-30    5.719118e-32
   18   33    6.894974e-26    4.017184e-27
   18   34    7.659232e-17    4.543091e-18
   18   35    7.230638e-13    4.321494e-14
   18   36    3.835783e-08    2.666928e-09
   18   37    7.497520e-10    5.341086e-11
   18   38    5.590701e-09    3.484904e-10
   18   39    7.900347e-11    4.867956e-12
   18   40    2.686046e-11    1.458709e-12
   18   41    1.717086e-13    8.007636e-15
   18   42    2.479489e-15    1.213445e-16
   18   43    1.886088e-18    7.651610e-20
   18   44    1.984731e-20    1.065256e-21
   18   45    8.354280e-25    3.869322e-26
   18   46    5.502137e-27    3.678708e-28
   19   35    1.098691e-28    9.038529e-30
   19   36    5.350412e-22    4.095805e-23
   19   37    1.752530e-16    1.491460e-17
   19   38    1.566538e-13    1.298275e-14
   19   39    7.333364e-10    5.590521e-11
   19   40    2.725994e-11    1.879365e-12
   19   41    8.838746e-12    3.988609e-13
   19   42    8.597048e-13    3.491460e-14
   19   43    2.828320e-13    5.545365e-15
   19   44    1.290277e-14    3.836289e-16
   19   45    7.911236e-16    3.833500e-17
   19   46    7.463164e-18    4.812127e-19
   19   47    4.426925e-20    3.820923e-21
   19   48    2.324981e-25    1.885138e-26
   19   49    7.167869e-30    5.196311e-31
   20   37    8.191978e-29    7.151715e-30
   20   38    8.592482e-21    7.871795e-22
   20   39    1.119446e-16    1.062087e-17
   20   40    4.624956e-11    1.886504e-12
   20   41    4.258892e-12    2.146130e-13
   20   42    3.002062e-08   -4.027040e-10
   20   43    1.514295e-08   -7.607124e-11
   20   44    5.260262e-08   -4.244277e-10
   20   45    5.029658e-09    1.477478e-11
   20   46    2.061592e-09    7.706533e-11
   20   47    4.535835e-11    2.373932e-12
   20   48    4.155927e-10   -2.219110e-11
   20   49    2.810938e-14   -1.741283e-15
   20   50    3.459369e-17   -2.597821e-18
   20   51    5.830080e-23   -4.686447e-24
   20   52    3.265737e-29   -2.843291e-30
   21   40    7.605265e-28    8.770177e-29
   21   41    1.219381e-20    7.315267e-22
   21   42    6.208158e-17    3.653874e-18
   21   43    1.309098e-10   -1.930818e-13
   21   44    1.955917e-10    1.880664e-12
   21   45    1.796550e-08    1.986864e-10
   21   46    6.791981e-09    1.295928e-10
   21   47    1.725652e-09    7.511297e-11
   21   48    1.065900e-09    5.302194e-12
   21   49    2.316730e-10    8.193968e-13
   21   50    4.343646e-13   -2.773302e-15
   21   51    4.520957e-15    1.002114e-18
   21   52    1.195664e-19   -9.259288e-22
   21   53    3.863975e-24   -6.602551e-26
   21   54    8.509764e-30   -1.889235e-31
   22   42    1.020292e-26    6.948450e-28
   22   43    2.064727e-20    1.397009e-21
   22   44    1.311793e-11    2.508324e-13
   22   45    1.284234e-11    4.109634e-13
   22   46    1.538815e-08    1.928692e-11
   22   47    9.978780e-09    3.960289e-11
   22   48    1.627576e-08    6.761145e-11
   22   49    1.208030e-08   -7.983380e-11
   22   50    4.998822e-08   -1.605690e-10
   22   51    8.559901e-10   -9.640836e-12
   22   52    4.112011e-11    8.817263e-13
   22   53    1.036695e-14    1.308901e-16
   22   54    6.558723e-17    1.370180e-18
   22   55    2.458816e-23    4.304928e-25
   22   56    4.519283e-28    3.930357e-30
   23   44    8.036548e-29    6.642048e-30
   23   45    8.058812e-20    2.946352e-21
   23   46    7.597856e-16    3.363273e-17
   23   47    3.108814e-11    4.828901e-13
   23   48    4.583585e-11    8.748549e-13
   23   49    4.229944e-09    6.618725e-11
   23   50    2.031253e-09    4.143635e-11
   23   51    1.114959e-08    1.741608e-10
   23   52    3.240705e-09    8.015376e-11
   23   53    2.529244e-10    1.252350e-11
   23   54    3.066814e-13    1.208495e-14
   23   55    1.575965e-14    9.626818e-16
   23   56    1.264186e-19    6.890122e-21
   23   57    1.556257e-22    6.851019e-24
   23   58    2.796329e-29    1.140711e-30
   24   46    4.810306e-25    2.353626e-26
   24   47    1.155992e-19    6.586315e-21
   24   48    2.614779e-14    8.425227e-16
   24   49    1.588194e-13    5.989577e-15
   24   50    4.212528e-10    1.978436e-11
   24   51    9.285354e-10    3.149674e-11
   24   52    4.155159e-08   -3.067226e-10
   24   53    1.298443e-08   -3.674095e-12
   24   54    1.186308e-07   -4.597002e-10
   24   55    1.561829e-09   -2.558047e-11
   24   56    1.533818e-10    2.653838e-12
   24   57    2.894393e-14    2.594363e-16
   24   58    8.256768e-16    2.764054e-17
   24   59    8.375912e-22    2.554010e-23
   24   60    2.278721e-24    5.023090e-26
   25   48    5.882139e-28    4.225439e-29
   25   49    6.088398e-22    2.883979e-23
   25   50    3.162006e-18    1.590485e-19
   25   51    2.241904e-13    1.389278e-14
   25   52    2.156495e-12    1.052988e-13
   25   53    2.960343e-09    5.416675e-11
   25   54    7.691369e-09    1.614447e-10
   25   55    3.234456e-08    1.129833e-10
   25   56    9.359405e-09    9.018717e-11
   25   57    1.845166e-09    7.169229e-11
   25   58    1.029625e-11    2.997267e-13
   25   59    1.446150e-12    8.517117e-14
   25   60    2.487624e-16    1.243415e-17
   25   61    5.960167e-18    2.984447e-19
   25   62    8.355339e-24    3.779537e-25
   25   63    1.426691e-25    7.341342e-27
   26   50    2.565504e-27    1.411612e-28
   26   51    2.370036e-22    1.522986e-23
   26   52    3.550902e-17    2.609762e-18
   26   53    1.486421e-15    8.514379e-17
   26   54    2.758513e-09   -1.842465e-11
   26   55    5.159300e-09    8.726476e-11
   26   56    1.286552e-06   -1.168625e-08
   26   57    7.217886e-07   -6.615594e-09
   26   58    4.992190e-06    1.881034e-09
   26   59    3.014394e-07   -2.989210e-09
   26   60    5.755508e-08    1.595359e-09
   26   61    3.047484e-11    5.581368e-13
   26   62    2.038132e-12    1.086818e-13
   26   63    5.995636e-17    2.824690e-18
   26   64    1.252858e-18    8.885069e-20
   26   65    1.464310e-24    9.877507e-26
   26   66    1.811171e-26    1.379410e-27
   27   53    9.547759e-26    8.557420e-27
   27   54    1.629878e-20    1.141289e-21
   27   55    7.494999e-13    6.770045e-15
   27   56    3.039926e-12    9.909735e-14
   27   57    4.811816e-08    3.940445e-10
   27   58    3.499743e-08    5.248466e-10
   27   59    1.817012e-06   -2.664836e-09
   27   60    3.511161e-07    4.712477e-09
   27   61    1.784418e-07    7.735840e-09
   27   62    4.447629e-09    1.573956e-10
   27   63    1.385333e-09    9.598905e-11
   27   64    1.295607e-12    7.713195e-14
   27   65    2.020470e-13    1.763523e-14
   27   66    1.452904e-17    1.162982e-18
   27   67    3.846034e-19    3.159510e-20
   27   68    2.039395e-24    1.576591e-25
   27   69    1.182538e-27    7.742645e-29
   28   55    2.592387e-25    2.173160e-26
   28   56    1.203145e-16    4.896262e-18
   28   57    5.093287e-14    1.846246e-15
   28   58    1.609828e-09    4.730567e-11
   28   59    2.895087e-08    4.770708e-10
   28   60    1.302359e-06   -2.459437e-08
   28   61    1.076839e-06   -8.767261e-09
   28   62    3.215910e-06    2.495813e-08
   28   63    4.605683e-07    8.094001e-09
   28   64    1.594063e-06    6.062699e-09
   28   65    1.794294e-08   -1.373162e-10
   28   66    3.854511e-09    1.102326e-10
   28   67    3.008355e-12    5.646046e-14
   28   68    1.790127e-13    9.725295e-15
   28   69    2.283683e-18    1.119791e-19
   28   70    2.613446e-20    1.906358e-21
   28   71    1.640230e-26    1.135485e-27
   29   57    2.564311e-27    1.578119e-28
   29   58    6.037429e-21    2.934744e-22
   29   59    9.068234e-15    3.609346e-16
   29   60    3.310944e-12    9.853854e-14
   29   61    6.072985e-10   -3.657906e-13
   29   62    1.347943e-09    1.245541e-11
   29   63    1.565167e-07   -3.915652e-09
   29   64    1.655887e-07   -4.487148e-09
   29   65    1.178318e-06    3.081304e-09
   29   66    1.923222e-07   -9.531422e-10
   29   67    2.804073e-07    9.286635e-09
   29   68    1.803831e-09    3.917828e-11
   29   69    7.217076e-10    4.149804e-11
   29   70    1.064276e-13    5.369316e-15
   29   71    1.915044e-14    1.548552e-15
   29   72    6.375716e-19    4.720201e-20
   29   73    5.625534e-20    5.108938e-21
   29   74    1.065332e-24    8.944520e-26
   29   75    6.527201e-27    4.972480e-28
   30   59    6.190963e-28    3.734455e-29
   30   60    7.627447e-20    4.173022e-21
   30   61    2.992721e-16    1.356397e-17
   30   62    6.809600e-13    1.475508e-14
   30   63    9.123816e-13    1.631224e-14
   30   64    1.915985e-07   -8.176856e-09
   30   65    8.915320e-08   -2.826243e-09
   30   66    8.515975e-07   -9.139389e-09
   30   67    2.882795e-07   -3.041559e-09
   30   68    1.893833e-06    1.524901e-08
   30   69    5.499185e-08   -1.509742e-10
   30   70    6.036838e-08    1.934938e-09
   30   71    2.127863e-10    4.735602e-12
   30   72    5.415200e-11    3.129258e-12
   30   73    2.888183e-14    1.422663e-15
   30   74    2.419150e-15    2.020527e-16
   30   75    8.092111e-20    6.227074e-21
   30   76    2.667577e-21    2.900574e-22
   30   77    1.812933e-26    1.871747e-27
   31   62    3.759562e-23    2.169004e-24
   31   63    1.897113e-19    6.625438e-21
   31   64    1.907021e-17    5.261857e-19
   31   65    1.578582e-11   -4.876444e-13
   31   66    4.243455e-11   -6.608488e-13
   31   67    7.116594e-09    3.782225e-11
   31   68    3.227799e-09    1.892716e-11
   31   69    5.862590e-08    1.597973e-10
   31   70    2.533122e-08   -2.145249e-10
   31   71    2.584356e-07    2.386532e-09
   31   72    1.166205e-08   -4.081452e-11
   31   73    2.562450e-08    8.330154e-10
   31   74    4.474059e-10    9.512565e-12
   31   75    2.598948e-10    1.504255e-11
   31   76    1.082371e-13    5.108605e-15
   31   77    4.242268e-14    3.396898e-15
   31   78    9.956527e-18    6.990643e-19
   31   79    4.781560e-19    3.908304e-20
   31   80    1.345537e-24    1.034424e-25
   31   81    5.301647e-27    3.524551e-28
   32   64    7.083470e-25    3.493931e-26
   32   65    5.441729e-22    2.157455e-23
   32   66    3.961142e-15   -3.673310e-17
   32   67    1.066362e-14    2.718070e-17
   32   68    5.569027e-11    1.153082e-12
   32   69    3.081704e-11    6.852627e-13
   32   70    3.687727e-08   -1.805258e-09
   32   71    2.901787e-08   -1.044825e-09
   32   72    1.856558e-07   -1.730055e-09
   32   73    6.041497e-08   -6.956672e-10
   32   74    3.230518e-07    4.586575e-09
   32   75    3.268370e-08    1.094736e-10
   32   76    1.825536e-08    6.859827e-10
   32   77    2.097175e-10    5.614356e-12
   32   78    5.394686e-11    3.352051e-12
   32   79    8.423776e-14    4.494345e-15
   32   80    5.661787e-15    4.946800e-16
   32   81    1.819592e-19    1.470783e-20
   32   82    1.795478e-21    1.715927e-22
   32   83    2.107101e-28    1.991825e-29
   33   66    9.629732e-29    5.054362e-30
   33   67    1.735074e-22    1.001672e-24
   33   68    3.272814e-20    4.162486e-22
   33   69    7.555382e-16    2.400330e-17
   33   70    4.757839e-15    1.683596e-16
   33   71    3.757738e-11   -1.122296e-12
   33   72    3.314406e-11   -6.949480e-13
   33   73    1.932526e-09    1.780458e-11
   33   74    6.413405e-10    7.839195e-12
   33   75    5.794414e-09    9.318429e-11
   33   76    5.478728e-09    2.301550e-12
   33   77    1.961715e-08    4.011590e-10
   33   78    8.037907e-10    6.230538e-12
   33   79    2.358196e-09    1.076065e-10
   33   80    4.275443e-11    1.512584e-12
   33   81    3.241609e-11    2.371568e-12
   33   82    7.592977e-15    4.876953e-16
   33   83    1.501775e-15    1.412510e-16
   33   84    4.820877e-22    4.390937e-23
   33   85    2.091375e-26    1.715517e-27
   34   68    4.303993e-28    9.035563e-30
   34   69    1.455469e-24    4.046025e-26
   34   70    9.561661e-20    4.758353e-21
   34   71    6.847882e-19    3.075620e-20
   34   72    1.824613e-13   -1.556091e-15
   34   73    1.211217e-13    1.997152e-15
   34   74    1.024037e-11    2.878922e-13
   34   75    2.930460e-11    8.020611e-13
   34   76    1.484375e-09   -1.388287e-10
   34   77    1.769043e-09   -1.650959e-10
   34   78    5.347250e-08   -1.246587e-09
   34   79    1.702141e-08   -3.565173e-10
   34   80    5.643778e-08    1.432139e-09
   34   81    7.587550e-09    2.019827e-10
   34   82    3.522950e-09    2.256279e-10
   34   83    1.212656e-11    6.720290e-13
   34   84    1.605225e-12    1.434054e-13
   34   85    1.334098e-17    1.131739e-18
   34   86    2.756329e-21    2.032426e-22
   34   87    2.481909e-27    1.774864e-28
   35   71    1.163068e-27    7.653346e-29
   35   72    5.423969e-25    3.014174e-26
   35   73    7.237033e-19    2.946198e-21
   35   74    7.237777e-18    2.148251e-19
   35   75    1.784235e-15    7.854117e-17
   35   76    8.194438e-15    3.616278e-16
   35   77    8.300446e-12   -6.334575e-13
   35   78    3.762580e-12   -2.698696e-13
   35   79    1.564710e-10   -1.163907e-12
   35   80    2.380163e-10   -2.886017e-12
   35   81    9.702589e-10   -3.889021e-11
   35   82    1.179857e-09   -6.891637e-11
   35   83    1.259799e-08    1.196173e-10
   35   84    1.006316e-09   -1.070853e-12
   35   85    1.371687e-09    6.413202e-11
   35   86    5.647109e-14    2.250625e-15
   35   87    8.545658e-17    2.341482e-18
   35   88    1.056914e-21    2.301610e-23
   35   89    1.091856e-25    1.207681e-27
   36   73    1.200869e-29    8.551686e-31
   36   74    3.771014e-23    8.703056e-25
   36   75    4.561592e-22    2.144554e-23
   36   76    2.363794e-18    1.450090e-19
   36   77    2.882518e-17   -1.148720e-18
   36   78    1.866309e-14   -1.092208e-15
   36   79    7.482890e-14    1.119902e-16
   36   80    5.203819e-11   -9.432761e-12
   36   81    7.447638e-11   -1.319574e-11
   36   82    9.620102e-09   -6.031954e-10
   36   83    9.250014e-09   -4.763666e-10
   36   84    8.018732e-08   -1.880230e-10
   36   85    2.848436e-08    3.891643e-10
   36   86    1.818944e-08    8.714146e-10
   36   87    1.001666e-11    3.942518e-13
   36   88    1.823360e-13    5.435131e-15
   36   89    7.227230e-18    1.642182e-19
   36   90    9.178845e-21    9.575509e-23
   36   91    6.062732e-27    3.964393e-29
   37   75    1.004858e-30    3.806405e-32
   37   76    5.380262e-28    3.082100e-29
   37   77    6.335461e-24    4.615817e-25
   37   78    2.742247e-22   -7.701708e-24
   37   79    1.302031e-18   -5.361414e-20
   37   80    6.445361e-18    1.104571e-19
   37   81    3.598823e-14   -5.720467e-15
   37   82    3.866286e-14   -5.960053e-15
   37   83    1.649360e-11   -6.137489e-13
   37   84    1.266887e-11   -3.949718e-13
   37   85    4.129353e-10   -1.659628e-11
   37   86    7.507589e-10   -4.373357e-11
   37   87    8.316648e-09    9.596513e-11
   37   88    4.116946e-11    1.667643e-14
   37   89    3.470348e-12   -4.161428e-14
   37   90    1.418123e-15   -3.156049e-17
   37   91    7.912308e-18   -2.892778e-19
   37   92    9.542564e-23   -4.139053e-24
   37   93    6.341979e-26   -3.576928e-27
   38   78    6.421318e-29    4.427164e-30
   38   79    7.961556e-27   -7.743071e-29
   38   80    3.901274e-22    2.138646e-24
   38   81    5.487186e-21   -5.654064e-22
   38   82    3.107012e-17   -4.278177e-18
   38   83    5.216329e-16   -9.742201e-18
   38   84    3.672283e-14   -6.334164e-16
   38   85    1.320299e-13   -3.390566e-15
   38   86    5.565749e-09   -2.094498e-10
   38   87    8.280637e-09   -1.927471e-10
   38   88    5.097224e-08    3.871131e-10
   38   89    1.266042e-09    5.105321e-13
   38   90    2.639257e-10    8.380518e-12
   38   91    6.580125e-13    1.416625e-14
   38   92    2.333947e-14    2.293538e-16
   38   93    5.138996e-18    6.762068e-21
   38   94    2.766907e-20   -3.614235e-22
   38   95    3.266566e-26   -5.613700e-28
   39   81    1.337220e-28    2.463175e-30
   39   82    2.831757e-26   -2.568390e-27
   39   83    6.226593e-22   -7.538353e-23
   39   84    1.268207e-20   -5.267119e-23
   39   85    3.312398e-18    5.731254e-21
   39   86    2.809203e-17   -7.671655e-20
   39   87    1.105446e-12   -1.660857e-14
   39   88    2.628428e-12   -2.140351e-14
   39   89    4.037303e-09   -1.035122e-11
   39   90    4.821667e-10    4.784110e-12
   39   91    7.177248e-10    1.292690e-11
   39   92    1.632932e-11    7.065726e-14
   39   93    4.435165e-12   -4.424163e-14
   39   94    3.798618e-14   -8.266480e-16
   39   95    4.904299e-16   -1.910822e-17
   39   96    8.759636e-20   -4.065019e-21
   39   97    5.213346e-24   -3.075352e-25
   39   98    2.556953e-29   -1.604831e-30
   40   84    1.143337e-25   -3.390543e-28
   40   85    4.397472e-25    6.193612e-27
   40   86    1.725439e-21    2.929749e-23
   40   87    4.342169e-19    6.487799e-21
   40   88    4.141769e-16    2.758291e-18
   40   89    1.735577e-14    4.067692e-16
   40   90    1.468068e-09   -1.578161e-11
   40   91    5.700527e-10   -4.197267e-12
   40   92    1.315486e-09    1.707490e-11
   40   93    1.937898e-10    1.040802e-12
   40   94    4.789301e-10    2.234126e-12
   40   95    2.059659e-11   -1.416613e-13
   40   96    1.270803e-11   -5.137543e-15
   40   97    3.106661e-15   -3.165823e-17
   40   98    8.887660e-18   -2.095498e-19
   40   99    4.667234e-23   -1.266127e-24
   40  100    7.307510e-25   -2.905365e-26
   40  101    1.577601e-29   -7.416029e-31
   41   87    6.724354e-27    2.047597e-28
   41   88    5.777733e-24    1.912644e-25
   41   89    1.042477e-20    2.743819e-22
   41   90    1.047569e-18    4.338903e-20
   41   91    4.545082e-13    4.821123e-15
   41   92    4.617184e-13    5.697077e-15
   41   93    1.585912e-12    4.386723e-14
   41   94    6.955072e-13    1.748878e-14
   41   95    1.596145e-12    8.171439e-14
   41   96    2.305978e-13    1.000339e-14
   41   97    4.262919e-13    2.247698e-14
   41   98    6.209051e-16    2.659404e-17
   41   99    2.106033e-17    5.907737e-19
   41  100    3.001596e-21    6.073883e-23
   41  101    5.171284e-22    6.129915e-24
   41  102    1.206344e-25    2.868736e-28
   41  103    1.537326e-27   -1.866244e-29
   42   89    5.361672e-29    2.783056e-30
   42   90    7.282955e-25    3.823488e-26
   42   91    2.439088e-21    1.054956e-22
   42   92    3.380335e-16    9.997738e-18
   42   93    5.012350e-16    5.921954e-18
   42   94    6.585709e-13   -3.577284e-14
   42   95    7.628892e-13   -4.296555e-14
   42   96    5.552994e-11   -7.089758e-13
   42   97    1.127288e-11   -1.550406e-13
   42   98    1.475430e-10    9.031990e-13
   42   99    9.532619e-13   -3.825975e-15
   42  100    2.419662e-12    3.896281e-14
   42  101    2.821834e-15    2.062237e-17
   42  102    1.465132e-15    5.751318e-17
   42  103    6.885728e-19    2.079940e-20
   42  104    9.432107e-20    2.767467e-21
   42  105    5.645718e-24    1.223856e-25
   42  106    5.191760e-26    4.278896e-28
   43   91    1.064958e-30    7.205226e-32
   43   92    1.516307e-26    9.257834e-28
   43   93    1.095442e-20    5.098298e-22
   43   94    9.988967e-20   -5.445188e-22
   43   95    7.424838e-17   -2.059571e-18
   43   96    3.446783e-16   -6.736364e-19
   43   97    8.990594e-15    1.883135e-16
   43   98    5.935517e-15    1.117502e-16
   43   99    2.336938e-13    1.547119e-15
   43  100    1.419183e-14   -9.475529e-17
   43  101    1.294164e-13    2.617174e-15
   43  102    4.324944e-16    3.921022e-18
   43  103    1.706513e-15    6.795476e-17
   43  104    3.705975e-18    1.083017e-19
   43  105    4.239994e-18    1.775506e-19
   43  106    1.065023e-21    3.507602e-23
   43  107    2.004409e-23    3.532218e-25
   43  108    3.212152e-27    3.071487e-29
   44   94    1.353895e-24    4.689399e-26
   44   95    2.305032e-22   -1.028749e-24
   44   96    5.009134e-20   -4.491174e-22
   44   97    1.194508e-18   -4.607107e-20
   44   98    1.693446e-14   -1.617110e-15
   44   99    1.161507e-14   -1.170263e-15
   44  100    2.925731e-12   -1.976544e-13
   44  101    5.769058e-13   -3.302338e-14
   44  102    3.643494e-11    6.563769e-15
   44  103    1.599057e-12   -1.677045e-14
   44  104    7.308205e-12    2.375692e-13
   44  105    6.434764e-14    1.397203e-15
   44  106    7.270785e-14    4.150763e-15
   44  107    6.826838e-17    3.246876e-18
   44  108    3.486009e-17    1.947202e-18
   44  109    3.850653e-21    1.853044e-22
   44  110    3.122360e-22    1.211600e-23
   44  111    7.196336e-27    2.321301e-28
   45   95    1.595883e-30    7.672653e-32
   45   96    6.965049e-28    8.509164e-30
   45   97    1.017937e-24   -4.258766e-27
   45   98    7.622582e-23   -3.955349e-24
   45   99    5.279398e-19   -3.762609e-20
   45  100    1.581949e-18   -7.575220e-20
   45  101    3.044658e-16   -4.659167e-18
   45  102    4.004346e-16   -5.156389e-18
   45  103    2.984285e-13   -1.695820e-14
   45  104    6.816350e-14   -4.544336e-15
   45  105    4.908077e-12   -2.300556e-14
   45  106    1.682989e-13   -2.814621e-15
   45  107    1.974076e-12    4.682222e-14
   45  108    1.892944e-14    2.263039e-16
   45  109    4.476162e-14    7.648543e-16
   45  110    1.077967e-16    7.231812e-19
   45  111    2.200624e-17   -1.487868e-19
   45  112    6.668106e-21   -1.075380e-22
   45  113    3.168478e-22   -1.005481e-23
   45  114    5.129579e-27   -1.983241e-28
   46   98    4.206234e-28   -1.113027e-29
   46   99    1.527931e-25   -6.443230e-27
   46  100    4.398811e-23   -1.469841e-24
   46  101    2.432181e-21    4.756522e-24
   46  102    2.860591e-18   -2.739205e-19
   46  103    2.805548e-17   -3.055455e-18
   46  104    9.154901e-14   -1.430374e-14
   46  105    2.886688e-14   -3.748633e-15
   46  106    6.757815e-12   -2.956883e-13
   46  107    6.540885e-13   -2.365591e-14
   46  108    5.669357e-11    1.283923e-13
   46  109    1.800360e-12   -1.618866e-14
   46  110    7.672816e-12    2.223488e-13
   46  111    2.676493e-14    5.070305e-16
   46  112    4.248107e-14    1.872003e-15
   46  113    2.274450e-17    8.086087e-19
   46  114    9.728351e-18    4.255316e-19
   46  115    1.246015e-21    4.548989e-23
   46  116    5.490429e-23    1.417092e-24
   46  117    1.308566e-27    2.584798e-29
   47  101    2.833532e-28   -1.174565e-30
   47  102    7.678316e-27    5.522913e-29
   47  103    9.202675e-23   -7.879137e-24
   47  104    3.882561e-21   -4.572564e-22
   47  105    1.551456e-18   -1.388997e-19
   47  106    6.171072e-18   -1.803426e-19
   47  107    1.605874e-15   -3.470072e-17
   47  108    1.585820e-15   -2.867359e-17
   47  109    6.397287e-13   -1.258875e-14
   47  110    8.246887e-14   -2.228036e-15
   47  111    7.589639e-12   -2.868477e-14
   47  112    2.508817e-13   -4.019789e-15
   47  113    2.316441e-12    4.759129e-14
   47  114    6.145258e-15    6.037997e-17
   47  115    1.310647e-14    3.941226e-16
   47  116    4.057885e-18    8.596896e-20
   47  117    3.833711e-18    9.037613e-20
   47  118    6.912305e-22    1.030031e-23
   47  119    6.101247e-23    1.867775e-25
   47  120    1.967603e-27   -8.250641e-30
   48  103    2.383160e-30   -1.262772e-31
   48  104    1.939989e-26   -1.774126e-27
   48  105    1.151057e-24   -7.771308e-26
   48  106    3.763640e-21   -3.179716e-22
   48  107    1.469007e-19   -1.429269e-20
   48  108    3.940502e-15   -5.355720e-16
   48  109    1.209565e-15   -1.528433e-16
   48  110    6.345643e-13   -5.963394e-14
   48  111    1.676274e-13   -1.499826e-14
   48  112    1.511587e-11   -3.157703e-13
   48  113    1.224993e-12   -2.864036e-14
   48  114    5.352464e-11    2.571384e-13
   48  115    1.182374e-12   -5.884874e-15
   48  116    6.787970e-12    1.658862e-13
   48  117    3.354759e-14    4.997462e-16
   48  118    4.700856e-14    1.781361e-15
   48  119    2.610837e-17    7.628577e-19
   48  120    1.349110e-17    5.896445e-19
   48  121    3.182989e-21    1.147798e-22
   48  122    2.741241e-22    1.027631e-23
   48  123    8.764816e-27    2.777503e-28
   49  106    1.747317e-30   -8.847415e-32
   49  107    2.336482e-26   -1.550521e-27
   49  108    4.143614e-24   -3.848012e-25
   49  109    1.059378e-20   -1.119622e-21
   49  110    3.093193e-20   -2.372974e-21
   49  111    4.527288e-18   -1.302736e-19
   49  112    1.320262e-17   -1.286267e-19
   49  113    3.935213e-15   -7.784508e-17
   49  114    3.452418e-15   -5.845314e-17
   49  115    8.909332e-13   -2.534228e-14
   49  116    1.166504e-13   -4.352591e-15
   49  117    4.145563e-12    9.755284e-15
   49  118    1.153793e-13   -1.008917e-15
   49  119    8.146079e-13    2.090322e-14
   49  120    5.568599e-15    8.535632e-17
   49  121    1.260255e-14    4.613881e-16
   49  122    1.994412e-17    5.472862e-19
   49  123    1.747614e-17    7.863755e-19
   49  124    5.842758e-21    2.155339e-22
   49  125    2.047980e-21    1.121841e-22
   49  126    1.800479e-25    8.561967e-27
   49  127    1.414775e-26    1.181373e-27
   50  108    7.754526e-29   -3.784707e-31
   50  109    1.224656e-28   -8.679580e-30
   50  110    1.205374e-25   -7.478308e-27
   50  111    2.038530e-24   -1.230594e-26
   50  112    7.121987e-20   -2.155692e-21
   50  113    1.291206e-18   -6.479022e-20
   50  114    3.964637e-14   -3.314993e-15
   50  115    2.465336e-14   -1.976686e-15
   50  116    1.219520e-11   -4.349431e-13
   50  117    2.670304e-12   -1.102229e-13
   50  118    6.385943e-11   -1.614865e-13
   50  119    5.231847e-12   -5.356145e-14
   50  120    8.624795e-11    5.558772e-13
   50  121    2.546902e-12   -9.072257e-15
   50  122    7.788712e-12    2.134236e-13
   50  123    8.336719e-14    1.520320e-15
   50  124    1.242921e-13    3.443663e-15
   50  125    4.974018e-16    9.181782e-18
   50  126    2.436158e-16    8.286534e-18
   50  127    3.746987e-19    9.448073e-21
   50  128    4.792736e-20    2.404032e-21
   50  129    2.698424e-23    1.138813e-24
   50  130    1.103350e-24    7.192724e-26
   50  131    1.952945e-28    1.135621e-29
   51  112    1.158781e-30    1.201868e-32
   51  113    4.819277e-26   -5.847274e-28
   51  114    2.119780e-24   -6.779192e-26
   51  115    3.784734e-20   -2.133569e-21
   51  116    8.116700e-20   -3.782872e-21
   51  117    2.113670e-17   -1.742983e-19
   51  118    2.635243e-17   -1.808263e-19
   51  119    1.461289e-15    4.517620e-18
   51  120    9.960628e-16   -1.089494e-17
   51  121    3.161934e-13   -1.318445e-14
   51  122    4.797117e-14   -2.337630e-15
   51  123    2.186439e-12   -4.905309e-15
   51  124    1.403143e-13   -1.844109e-15
   51  125    8.301853e-13    2.121604e-14
   51  126    1.372219e-14    1.941956e-16
   51  127    2.440827e-14    1.172023e-15
   51  128    8.091723e-17    3.052757e-18
   51  129    5.374230e-17    3.897694e-18
   51  130    4.265348e-20    2.696086e-21
   51  131    8.475777e-21    8.096836e-22
   51  132    3.799111e-24    3.282090e-25
   51  133    1.170052e-25    1.440928e-26
   52  115    6.022263e-29   -9.410153e-31
   52  116    8.010437e-26   -1.635607e-27
   52  117    5.087243e-25    7.027256e-27
   52  118    1.656986e-22    1.235241e-24
   52  119    1.352666e-21   -1.386971e-23
   52  120    1.579498e-17   -1.092423e-18
   52  121    3.518631e-17   -2.635720e-18
   52  122    1.023716e-13   -1.028247e-14
   52  123    3.319303e-14   -2.416332e-15
   52  124    8.961641e-12   -2.316602e-13
   52  125    1.085508e-12   -2.971757e-14
   52  126    3.969440e-11    8.736909e-14
   52  127    1.719006e-12   -1.275303e-14
   52  128    8.531561e-12    2.110832e-13
   52  129    1.470519e-13    1.952208e-15
   52  130    1.352376e-12   -1.356355e-14
   52  131    7.835433e-15   -1.625183e-16
   52  132    5.524345e-15    5.035358e-17
   52  133    1.431809e-17   -1.093153e-20
   52  134    1.380277e-18    5.174024e-20
   52  135    6.438006e-26    2.372125e-27
   53  119    2.104706e-27    1.019318e-29
   53  120    7.000947e-27   -1.635376e-28
   53  121    8.886714e-23   -3.890673e-24
   53  122    1.178163e-21   -6.940085e-23
   53  123    1.239358e-18    1.641671e-20
   53  124    3.117079e-18    3.662989e-20
   53  125    2.749950e-15    2.197129e-17
   53  126    1.916983e-15   -1.243324e-17
   53  127    6.698184e-13   -2.025849e-14
   53  128    1.122951e-13   -4.744260e-15
   53  129    2.337317e-12    1.291986e-14
   53  130    9.537243e-14   -6.856528e-16
   53  131    3.873092e-13    1.240831e-14
   53  132    5.581207e-15    1.123255e-16
   53  133    5.949016e-15    3.403064e-16
   53  134    5.218048e-17    2.416676e-18
   53  135    7.250469e-18    5.934245e-19
   53  136    2.029120e-25    1.625795e-26
   53  137    4.144709e-30    3.033257e-31
   54  121    3.046617e-29   -1.016286e-30
   54  122    2.444475e-27    7.560488e-29
   54  123    1.501164e-25    5.736496e-27
   54  124    1.354024e-21    1.138531e-23
   54  125    1.584714e-20   -6.645171e-23
   54  126    1.239030e-16   -4.487309e-18
   54  127    2.715842e-16   -1.024638e-17
   54  128    2.859923e-13   -1.662262e-14
   54  129    1.270543e-13   -4.673420e-15
   54  130    1.605602e-11   -1.857768e-13
   54  131    2.204647e-12   -3.790536e-14
   54  132    4.858053e-11    1.190560e-13
   54  133    2.381461e-12   -1.904378e-14
   54  134    7.765152e-12    2.063703e-13
   54  135    2.699641e-13    2.602861e-15
   54  136    6.153161e-12   -6.406518e-14
   54  137    4.932946e-18   -6.689506e-20
   54  138    1.448646e-22   -3.400850e-24
   54  139    5.178540e-29   -1.337751e-30
   55  125    3.356943e-27    8.242684e-29
   55  126    1.660317e-25    8.534124e-28
   55  127    9.503702e-22   -8.552578e-25
   55  128    8.504666e-21   -1.222848e-22
   55  129    5.001372e-18    1.722878e-19
   55  130    1.059015e-17    2.799221e-19
   55  131    4.870886e-15    4.799458e-17
   55  132    2.537159e-15   -3.462687e-18
   55  133    5.050881e-13   -8.579992e-15
   55  134    1.205737e-13   -2.522578e-15
   55  135    3.004463e-12   -3.366523e-15
   55  136    3.026919e-13   -4.014182e-15
   55  137    6.426629e-13    1.851370e-14
   55  138    1.394159e-18    3.424943e-20
   55  139    2.949040e-22    4.002648e-24
   55  140    5.620302e-28    4.948880e-30
   56  126    1.753399e-30    5.393101e-32
   56  127    3.608222e-28   -8.295741e-28
   56  128    1.154627e-25    9.927801e-27
   56  129    3.836514e-24    2.607011e-25
   56  130    7.006224e-20    2.974864e-21
   56  131    4.188335e-19    1.176475e-20
   56  132    1.238611e-15    1.940278e-18
   56  133    2.145780e-15   -1.555092e-17
   56  134    1.277621e-12   -3.797805e-14
   56  135    5.803571e-13   -7.425484e-15
   56  136    6.011226e-11    1.686716e-13
   56  137    1.724577e-11   -6.950754e-14
   56  138    4.110988e-10   -5.398852e-14
   56  139    8.019981e-15   -5.086935e-17
   56  140    7.825506e-18   -1.526539e-19
   56  141    1.076791e-22   -2.717809e-24
   56  142    2.407699e-26   -9.069063e-28
   57  130    4.945409e-30    4.119961e-31
   57  131    1.449255e-25    8.699057e-27
   57  132    1.845192e-24    7.997220e-26
   57  133    6.158032e-21    2.539246e-22
   57  134    4.296926e-20    1.383777e-21
   57  135    2.263725e-17    1.823165e-18
   57  136    7.546512e-17    5.211729e-18
   57  137    1.994549e-14    1.065793e-15
   57  138    3.763579e-14    1.321005e-15
   57  139    3.729939e-11   -2.072505e-15
   57  140    4.309092e-15   -3.278679e-17
   57  141    1.621748e-17   -3.681082e-19
   57  142    8.203270e-22   -2.473084e-23
   57  143    1.220057e-24   -5.358195e-26
   57  144    6.662624e-30   -3.332966e-31
   58  132    1.276279e-29    7.332993e-31
   58  133    2.730790e-28    3.967009e-29
   58  134    1.249207e-23    1.685412e-24
   58  135    3.715258e-22    4.357054e-23
   58  136    2.587630e-18    2.331536e-19
   58  137    1.895720e-17    1.371010e-18
   58  138    5.202972e-14    2.324362e-15
   58  139    1.957306e-13    5.069842e-15
   58  140    9.316727e-11   -5.740953e-15
   58  141    4.595870e-14   -4.279728e-16
   58  142    1.287542e-15   -3.338663e-17
   58  143    3.015036e-19   -1.037791e-20
   58  144    1.602887e-21   -8.067979e-23
   58  145    4.104740e-26   -2.320972e-27
   58  146    1.996019e-28    3.803445e-33
   59  135    6.235166e-29    9.503115e-30
   59  136    7.156956e-26    8.614562e-27
   59  137    1.775952e-21    1.652430e-22
   59  138    4.655401e-20    3.505635e-21
   59  139    3.280700e-16    1.537841e-17
   59  140    6.419707e-15    1.782530e-16
   59  141    7.770027e-12    3.307085e-16
   59  142    2.779079e-14   -2.896161e-16
   59  143    3.064095e-15   -8.752060e-17
   59  144    2.022459e-18   -7.827331e-20
   59  145    6.043940e-20   -3.379576e-21
   59  146    1.994063e-24   -1.257729e-25
   59  147    6.707443e-26   -5.454026e-27
   59  148    4.155657e-30    3.920488e-34
   60  137    5.149652e-28    6.594432e-29
   60  138    4.792754e-23    4.749630e-24
   60  139    4.815073e-21    3.868272e-22
   60  140    1.288709e-16    6.487181e-18
   60  141    5.376801e-15    1.636781e-16
   60  142    3.603813e-11    5.607838e-14
   60  143    4.449109e-13   -4.936741e-15
   60  144    2.495043e-13   -8.727112e-15
   60  145    9.465640e-16   -4.378964e-17
   60  146    1.084320e-16   -7.143458e-18
   60  147    5.050461e-20   -3.811186e-21
   60  148    2.045125e-21   -1.925801e-22
   60  149    3.470849e-25   -3.557056e-26
   60  150    2.356596e-26   -2.914165e-27
   60  151    3.195641e-29    3.120099e-32
   60  152    9.611312e-27    2.326022e-33
   61  139    2.842964e-28    4.398810e-29
   61  140    1.570205e-25    1.887271e-26
   61  141    2.558649e-20    2.351445e-21
   61  142    8.232282e-18    5.831854e-19
   61  143    1.335368e-13    5.519335e-15
   61  144    1.010296e-14    2.863036e-16
   61  145    1.393495e-14    8.828816e-17
   61  146    2.548524e-16   -1.530536e-18
   61  147    8.430941e-17   -2.479505e-18
   61  148    2.232940e-19   -9.036068e-21
   61  149    2.943971e-20   -1.740768e-21
   61  150    2.040928e-23   -1.424086e-24
   61  151    3.321861e-23   -3.847633e-24
   61  152    3.137612e-26   -4.014377e-27
   61  153    9.406996e-26    4.548937e-27
   61  154    7.196678e-29    3.146302e-30
   61  155    4.488348e-29    1.533588e-31
   62  141    1.063497e-26    1.130489e-27
   62  142    9.666822e-21    7.149698e-22
   62  143    6.388130e-18    3.328530e-19
   62  144    9.315279e-13    1.929003e-14
   62  145    2.523611e-13    7.018438e-16
   62  146    2.107053e-12   -4.103185e-14
   62  147    1.096056e-13   -3.617408e-15
   62  148    1.823221e-13   -1.003062e-14
   62  149    1.442874e-15   -9.626251e-17
   62  150    1.066499e-15   -9.462531e-17
   62  151    4.899127e-18   -4.898514e-19
   62  152    9.417740e-18   -1.168368e-18
   62  153    4.817600e-20   -6.601954e-21
   62  154    3.961397e-20   -6.352080e-21
   62  155    7.853902e-23   -1.360311e-23
   62  156    3.830253e-24   -7.397750e-25
   62  157    6.547390e-28   -1.333419e-28
   62  158    3.089903e-28    3.232491e-31
   63  143    1.298668e-24    1.317399e-25
   63  144    7.455629e-21    5.849533e-22
   63  145    2.859543e-15    1.328128e-16
   63  146    3.702251e-15    1.121799e-16
   63  147    6.834897e-14    4.587390e-16
   63  148    1.187723e-14   -9.186602e-17
   63  149    1.124495e-13   -3.531570e-15
   63  150    2.127187e-15   -9.638600e-17
   63  151    2.473145e-14   -1.916642e-15
   63  152    4.313333e-16   -3.956047e-17
   63  153    9.038906e-15   -1.067561e-15
   63  154    1.776241e-16   -2.366928e-17
   63  155    8.739336e-16   -1.378021e-16
   63  156    6.907506e-18   -1.193704e-18
   63  157    1.766980e-18   -3.429204e-19
   63  158    1.216996e-21   -2.512860e-22
   63  159    3.378774e-23   -7.652243e-24
   63  160    2.569245e-27   -6.070359e-28
   64  144    4.670643e-28    8.804677e-29
   64  145    6.142435e-24    1.030336e-24
   64  146    2.497964e-17    3.475409e-18
   64  147    9.598161e-17    1.188470e-17
   64  148    1.069092e-14    1.092454e-15
   64  149    8.632626e-15    7.613218e-16
   64  150    2.251772e-13    1.545383e-14
   64  151    3.228071e-14    1.820516e-15
   64  152    7.754625e-13    3.101429e-14
   64  153    7.481813e-14    2.048214e-15
   64  154    2.602990e-12    1.072076e-14
   64  155    1.981413e-13   -1.928076e-15
   64  156    1.929352e-12   -6.326294e-14
   64  157    5.451190e-14   -2.536315e-15
   64  158    5.655368e-14   -3.849037e-15
   64  159    2.121017e-16   -1.708289e-17
   64  160    2.555972e-17   -2.561124e-18
   64  161    1.366905e-20   -1.519178e-21
   64  162    1.570007e-22   -2.027275e-23
   64  163    1.466737e-26   -2.026560e-27
   64  164    8.503717e-29   -5.845177e-35
   65  147    6.337881e-25    1.105153e-25
   65  148    1.301762e-23    2.158982e-24
   65  149    4.454296e-21    6.574577e-22
   65  150    4.261217e-21    5.614248e-22
   65  151    2.297010e-18    2.659143e-19
   65  152    2.898086e-19    2.916357e-20
   65  153    2.301608e-16    1.949761e-17
   65  154    6.988399e-17    4.909402e-18
   65  155    1.782198e-14    8.377187e-16
   65  156    4.128567e-15    1.319522e-16
   65  157    2.243982e-13    2.078581e-15
   65  158    1.896030e-14   -1.096293e-16
   65  159    1.024991e-13   -2.843121e-15
   65  160    1.609387e-15   -6.695214e-17
   65  161    8.723268e-16   -5.395592e-17
   65  162    3.528848e-18   -2.664803e-19
   65  163    1.615095e-19   -1.515176e-20
   65  164    7.787869e-23   -8.104364e-24
   65  165    4.734593e-25   -5.702951e-26
   65  166    3.807907e-29   -4.957691e-30
   66  149    7.905753e-29    1.666114e-29
   66  150    2.012329e-25    3.735170e-26
   66  151    5.291155e-24    9.053593e-25
   66  152    6.764701e-21    1.007810e-21
   66  153    2.281076e-20    3.092586e-21
   66  154    8.195871e-18    9.259598e-19
   66  155    9.832540e-18    9.735850e-19
   66  156    4.667913e-15    3.483093e-16
   66  157    3.647470e-15    2.175131e-16
   66  158    4.487288e-13    1.604382e-14
   66  159    1.211688e-13    2.544043e-15
   66  160    2.418301e-12   -3.408638e-15
   66  161    1.476241e-13   -2.274051e-15
   66  162    3.488656e-13   -1.307979e-14
   66  163    4.893786e-15   -2.485163e-16
   66  164    1.866270e-15   -1.331363e-16
   66  165    2.078886e-18   -1.720249e-19
   66  166    3.822747e-20   -3.850773e-21
   66  167    6.104166e-24   -6.730346e-25
   66  168    2.731420e-26   -3.469993e-27
   66  169    5.802216e-30   -1.860828e-36
   67  153    7.398887e-29    1.269912e-29
   67  154    9.488343e-26    1.624527e-26
   67  155    2.725059e-22    4.033408e-23
   67  156    1.676689e-22    2.209832e-23
   67  157    1.082394e-18    1.173823e-19
   67  158    1.730110e-18    1.619889e-19
   67  159    1.519284e-15    1.046326e-16
   67  160    4.406166e-16    2.358108e-17
   67  161    1.128421e-13    3.443744e-15
   67  162    7.008332e-15    1.049245e-16
   67  163    3.120099e-13   -1.790656e-15
   67  164    1.243344e-14   -2.521595e-16
   67  165    3.802834e-14   -1.621140e-15
   67  166    1.808014e-16   -9.985697e-18
   67  167    2.740614e-17   -2.046664e-18
   67  168    2.223868e-20   -1.918096e-21
   67  169    4.523964e-22   -4.675776e-23
   67  170    6.921707e-26   -7.877462e-27
   67  171    2.726595e-28    2.946312e-33
   68  155    8.169036e-29    1.656222e-29
   68  156    4.463261e-25    7.967134e-26
   68  157    1.928386e-24    3.159731e-25
   68  158    1.888339e-20    2.631613e-21
   68  159    6.905527e-20    8.508170e-21
   68  160    1.004062e-16    9.923888e-18
   68  161    2.226995e-16    1.856326e-17
   68  162    5.441581e-14    3.214040e-15
   68  163    3.043573e-14    1.345372e-15
   68  164    1.340276e-12    2.838894e-14
   68  165    2.054400e-13    1.391830e-15
   68  166    2.050356e-12   -3.080851e-14
   68  167    5.911510e-14   -1.709359e-15
   68  168    3.529332e-14   -1.741848e-15
   68  169    1.376696e-16   -8.498997e-18
   68  170    7.842907e-18   -6.307385e-19
   68  171    5.391222e-21   -4.939695e-22
   68  172    4.692573e-23   -5.133731e-24
   68  173    5.060563e-27   -5.971867e-28
   68  174    6.325841e-29    2.714029e-35
   69  159    1.199596e-25    2.014693e-26
   69  160    2.997482e-24    4.585123e-25
   69  161    1.279115e-20    1.620757e-21
   69  162    4.886264e-20    5.429454e-21
   69  163    7.830435e-17    6.745575e-18
   69  164    5.824262e-17    4.115225e-18
   69  165    2.270826e-14    1.057490e-15
   69  166    6.188318e-15    1.941948e-16
   69  167    3.374516e-13    2.766243e-15
   69  168    3.681565e-14   -2.621724e-16
   69  169    1.257449e-13   -3.584591e-15
   69  170    2.614302e-15   -1.131117e-16
   69  171    8.788821e-16   -5.525974e-17
   69  172    2.548126e-18   -1.940128e-19
   69  173    1.286372e-19   -1.210100e-20
   69  174    9.079262e-23   -9.549844e-24
   69  175    9.526898e-26   -1.155023e-26
   69  176    9.327047e-30   -1.212137e-30
   70  161    1.177690e-26    2.111824e-27
   70  162    1.041809e-22    1.605928e-23
   70  163    1.374580e-21    1.897330e-22
   70  164    3.983112e-18    4.491920e-19
   70  165    1.857201e-17    1.801409e-18
   70  166    8.670971e-15    6.266402e-16
   70  167    1.257446e-14    7.126152e-16
   70  168    1.234017e-12    4.026408e-14
   70  169    4.072378e-13    7.087205e-15
   70  170    3.980023e-12   -1.930625e-14
   70  171    3.426499e-13   -6.657629e-15
   70  172    5.212026e-13   -2.136063e-14
   70  173    7.955760e-15   -4.364573e-16
   70  174    1.590202e-15   -1.186647e-16
   70  175    1.911306e-18   -1.651282e-19
   70  176    2.488838e-20   -2.574316e-21
   70  177    1.168419e-23   -1.340312e-24
   70  178    7.549507e-26   -9.956776e-27
   71  163    2.781931e-30    4.903340e-31
   71  164    9.444006e-27    1.585891e-27
   71  165    4.894216e-23    6.992478e-24
   71  166    2.797612e-22    3.570259e-23
   71  167    1.931160e-18    1.978357e-19
   71  168    6.763701e-18    5.806097e-19
   71  169    4.518363e-15    2.770038e-16
   71  170    1.885313e-15    8.646697e-17
   71  171    1.600034e-13    3.678442e-15
   71  172    2.818892e-14    2.042783e-16
   71  173    2.439014e-13   -3.443716e-15
   71  174    1.040625e-14   -3.028641e-16
   71  175    9.379542e-15   -4.638688e-16
   71  176    5.094424e-17   -3.215327e-18
   71  177    3.264184e-18   -2.649514e-19
   71  178    4.417365e-21   -4.163425e-22
   71  179    9.115916e-23   -1.017376e-23
   71  180    3.941825e-26   -4.820400e-27
   71  181    7.406968e-29    1.208419e-31
   72  165    1.758551e-29    3.395868e-30
   72  166    9.212324e-25    1.549280e-25
   72  167    1.990973e-23    3.010471e-24
   72  168    1.399863e-19    1.767793e-20
   72  169    1.236707e-18    1.361170e-19
   72  170    1.301426e-15    1.105453e-16
   72  171    3.495142e-15    2.412597e-16
   72  172    3.605059e-13    1.630876e-14
   72  173    2.706281e-13    8.000342e-15
   72  174    3.807119e-12    2.641719e-14
   72  175    5.278977e-13   -4.071218e-15
   72  176    1.505002e-12   -4.534568e-14
   72  177    3.025060e-14   -1.319817e-15
   72  178    9.799634e-15   -6.268956e-16
   72  179    6.648724e-17   -5.107843e-18
   72  180    6.054803e-18   -5.846187e-19
   72  181    5.023225e-21   -5.430086e-22
   72  182    2.788003e-23   -3.476600e-24
   72  183    2.119438e-27   -2.860521e-28
   72  184    1.359136e-28    4.339679e-34
   72  185    1.027347e-30   -1.970657e-37
   73  169    5.850808e-26    1.051377e-26
   73  170    2.283851e-24    3.776853e-25
   73  171    1.550764e-20    2.177659e-21
   73  172    1.439804e-20    1.762775e-21
   73  173    4.790251e-17    4.839393e-18
   73  174    3.381790e-18    2.897355e-19
   73  175    1.813316e-14    1.165739e-15
   73  176    2.527425e-15    1.243782e-16
   73  177    1.101732e-13    2.975234e-15
   73  178    7.205493e-17    6.449648e-19
   73  179    5.685592e-13   -3.677334e-15
   73  180    1.290564e-14   -2.683022e-16
   73  181    8.701180e-15   -3.593513e-16
   73  182    2.316169e-17   -1.236614e-18
   73  183    5.551464e-19   -3.913587e-20
   73  184    8.327534e-23   -6.693428e-24
   73  185    7.614024e-25   -7.370819e-26
   73  186    7.390345e-29   -7.855610e-30
   74  171    6.096432e-26    1.100982e-26
   74  172    6.704148e-22    1.038416e-22
   74  173    1.415430e-20    1.966416e-21
   74  174    1.711725e-17    1.953786e-18
   74  175    9.836394e-17    9.669836e-18
   74  176    1.760978e-14    1.315269e-15
   74  177    1.798210e-14    1.066734e-15
   74  178    7.493044e-13    2.697136e-14
   74  179    2.716578e-13    5.594015e-15
   74  180    2.916889e-12   -4.642903e-15
   74  181    3.122419e-13   -5.115839e-15
   74  182    6.484108e-13   -2.493429e-14
   74  183    5.961556e-15   -3.049052e-16
   74  184    6.641487e-16   -4.683583e-17
   74  185    1.143305e-18   -9.383234e-20
   74  186    3.374386e-20   -3.392741e-21
   74  187    1.041632e-23   -1.155858e-24
   74  188    7.488451e-26   -9.625640e-27
   74  189    1.821261e-30    2.484229e-34
   75  173    2.086645e-30    3.714103e-31
   75  174    2.135832e-26    3.719906e-27
   75  175    1.649926e-22    2.475609e-23
   75  176    1.443318e-21    1.929651e-22
   75  177    1.479516e-18    1.628937e-19
   75  178    2.916909e-18    2.743095e-19
   75  179    7.350584e-16    5.203593e-17
   75  180    7.967983e-16    4.358773e-17
   75  181    6.623886e-14    2.085185e-15
   75  182    1.579893e-14    2.498238e-16
   75  183    2.382952e-13   -1.539421e-15
   75  184    5.124070e-15   -1.008450e-16
   75  185    3.405559e-15   -1.369962e-16
   75  186    2.356288e-17   -1.254785e-18
   75  187    3.046433e-18   -2.204105e-19
   75  188    3.648242e-21   -3.064932e-22
   75  189    1.718576e-22   -1.757928e-23
   75  190    4.396946e-26   -4.972353e-27
   75  191    1.852049e-27    2.337813e-30
   75  192    1.706773e-29    5.686077e-32
   76  175    4.547287e-29    8.892062e-30
   76  176    4.146090e-25    7.064300e-26
   76  177    1.954803e-23    3.011262e-24
   76  178    5.018193e-20    6.496617e-21
   76  179    5.295654e-19    6.001314e-20
   76  180    2.548596e-16    2.258356e-17
   76  181    7.769670e-16    5.658710e-17
   76  182    1.050642e-13    5.083969e-15
   76  183    1.254731e-13    4.088599e-15
   76  184    2.877031e-12    2.687467e-14
   76  185    3.337541e-13   -1.688838e-15
   76  186    1.107241e-12   -3.083931e-14
   76  187    2.705267e-14   -1.118903e-15
   76  188    2.527935e-14   -1.592521e-15
   76  189    1.339046e-16   -1.008947e-17
   76  190    4.063199e-17   -3.919224e-18
   76  191    9.165979e-20   -9.963038e-21
   76  192    1.153595e-20   -1.489590e-21
   76  193    5.379078e-24   -7.600581e-25
   76  194    1.494513e-25   -2.393619e-26
   76  195    3.545884e-29   -6.061010e-30
   76  196    1.408277e-28    4.744156e-35
   77  178    8.642966e-29    1.643517e-29
   77  179    7.725118e-25    1.289270e-25
   77  180    3.222046e-23    4.844066e-24
   77  181    1.002579e-19    1.262227e-20
   77  182    7.568860e-19    8.293653e-20
   77  183    3.596932e-16    3.067732e-17
   77  184    8.511421e-16    5.872495e-17
   77  185    8.450813e-14    3.833366e-15
   77  186    8.626153e-15    2.660949e-16
   77  187    2.690879e-13    2.459807e-15
   77  188    1.835873e-14   -9.520253e-17
   77  189    2.357349e-13   -6.308352e-15
   77  190    5.396702e-15   -2.185049e-16
   77  191    1.098753e-14   -6.909255e-16
   77  192    7.674786e-17   -5.832039e-18
   77  193    7.243461e-17   -7.100666e-18
   77  194    1.497091e-19   -1.658398e-20
   77  195    1.435728e-20   -1.877573e-21
   77  196    8.597306e-24   -1.224770e-24
   77  197    1.997262e-25   -3.216413e-26
   77  198    4.710811e-29   -8.147297e-30
   78  181    1.001137e-26    1.985630e-27
   78  182    5.036866e-23    8.794962e-24
   78  183    1.009545e-21    1.599380e-22
   78  184    1.358401e-18    1.826548e-19
   78  185    7.685998e-18    9.119043e-19
   78  186    1.933727e-15    1.844621e-16
   78  187    1.275940e-15    1.022445e-16
   78  188    1.923037e-13    1.119805e-14
   78  189    7.848916e-14    3.381244e-15
   78  190    1.958502e-12    3.840265e-14
   78  191    2.594652e-13    1.531259e-15
   78  192    2.306580e-12   -3.963176e-14
   78  193    1.179512e-13   -3.626001e-15
   78  194    2.337143e-13   -1.255457e-14
   78  195    3.866008e-15   -2.573742e-16
   78  196    1.563529e-15   -1.385106e-16
   78  197    7.085041e-18   -7.153216e-19
   78  198    6.189777e-19   -7.534443e-20
   78  199    8.666899e-22   -1.160521e-22
   78  200    1.683797e-23   -2.578284e-24
   78  201    1.827963e-27   -2.987031e-28
   78  202    7.692085e-28    3.549629e-35
   79  184    2.419306e-28    5.050383e-29
   79  185    1.405769e-24    2.602319e-25
   79  186    2.101316e-23    3.562991e-24
   79  187    2.255790e-20    3.295176e-21
   79  188    6.060581e-20    7.938332e-21
   79  189    2.570427e-17    2.752013e-18
   79  190    5.789180e-17    5.310591e-18
   79  191    7.271745e-15    4.923007e-16
   79  192    2.105592e-15    1.116404e-16
   79  193    1.633265e-13    5.038694e-15
   79  194    2.234033e-14    3.364104e-16
   79  195    4.268634e-13   -2.664669e-15
   79  196    2.652284e-14   -5.628555e-16
   79  197    6.026045e-14   -2.624379e-15
   79  198    1.625943e-15   -9.449750e-17
   79  199    5.343582e-16   -4.210654e-17
   79  200    2.401546e-18   -2.223095e-19
   79  201    2.000819e-19   -2.243296e-20
   79  202    3.089719e-22   -3.869515e-23
   79  203    7.880376e-24   -1.130450e-24
   79  204    2.476725e-27   -3.837314e-28
   80  187    7.263803e-28    1.561628e-28
   80  188    4.887550e-24    9.319966e-25
   80  189    1.001182e-22    1.757648e-23
   80  190    1.271282e-19    1.916461e-20
   80  191    9.545019e-19    1.299138e-19
   80  192    3.189012e-16    3.554957e-17
   80  193    7.059406e-16    6.784294e-17
   80  194    9.685576e-14    7.008719e-15
   80  195    7.034981e-14    4.060967e-15
   80  196    2.696585e-12    9.242624e-14
   80  197    8.509062e-13    1.656390e-14
   80  198    7.479653e-12   -2.710075e-14
   80  199    8.528082e-13   -1.643521e-14
   80  200    1.701035e-12   -7.343773e-14
   80  201    4.092087e-14   -2.342053e-15
   80  202    1.050953e-14   -8.302468e-16
   80  203    6.794486e-17   -6.345100e-18
   80  204    1.374276e-17   -2.951377e-18
   80  205    5.152394e-21   -1.173368e-21
   80  206    5.790660e-23   -1.653969e-23
   80  207    2.900750e-30   -8.284124e-31
   81  190    2.105869e-28    4.583697e-29
   81  191    9.733226e-25    1.880465e-25
   81  192    2.780584e-23    4.948181e-24
   81  193    1.074378e-20    1.654109e-21
   81  194    2.008567e-19    2.791424e-20
   81  195    8.435562e-17    9.698891e-18
   81  196    2.565855e-16    2.534938e-17
   81  197    1.780466e-14    1.336985e-15
   81  198    1.989089e-14    1.179722e-15
   81  199    6.193729e-13    2.238490e-14
   81  200    2.640824e-13    5.227041e-15
   81  201    1.829498e-12   -3.044421e-15
   81  202    3.035187e-13   -5.700387e-15
   81  203    4.529004e-13   -1.862761e-14
   81  204    3.065112e-14   -1.775970e-15
   81  205    1.227221e-14   -9.936450e-16
   81  206    1.066585e-16   -1.020305e-17
   81  207    4.275177e-18   -4.875620e-19
   81  208    2.603906e-25   -2.995302e-26
   81  209    1.453635e-30   -1.800283e-31
   82  193    2.627736e-28    6.608431e-29
   82  194    2.732652e-24    6.242689e-25
   82  195    4.612718e-23    9.849010e-24
   82  196    7.573285e-20    1.438418e-20
   82  197    6.128071e-19    1.067074e-19
   82  198    2.647678e-16    4.001304e-17
   82  199    5.914924e-16    8.037657e-17
   82  200    1.151908e-13    1.291561e-14
   82  201    1.776243e-13    1.697632e-14
   82  202    5.978268e-12    4.336440e-13
   82  203    4.660470e-12    2.530614e-13
   82  204    5.635436e-11    1.812592e-12
   82  205    2.165030e-11    2.605028e-13
   82  206    9.535409e-11   -7.453826e-13
   82  207    1.310559e-11   -3.111554e-13
   82  208    5.652483e-11   -1.733265e-12
   82  209    3.773209e-17   -1.262014e-18
   82  210    9.214928e-23   -3.787094e-24
   82  211    2.974424e-29   -1.322634e-30
   83  196    1.509385e-27    3.379464e-28
   83  197    2.740591e-24    5.448179e-25
   83  198    6.880550e-23    1.268043e-23
   83  199    6.342816e-20    1.012271e-20
   83  200    6.976918e-19    1.005167e-19
   83  201    1.504895e-16    1.809319e-17
   83  202    3.128107e-16    3.223925e-17
   83  203    3.467547e-14    2.797122e-15
   83  204    3.858628e-14    2.433194e-15
   83  205    6.931273e-13    2.745910e-14
   83  206    2.758272e-13    5.562269e-15
   83  207    1.659731e-12   -1.355808e-14
   83  208    1.752153e-13   -5.382115e-15
   83  209    2.284875e-13   -1.939130e-14
   83  210    6.336018e-19   -5.672498e-20
   83  211    6.020791e-24   -5.963775e-25
   83  212    2.860005e-30   -2.932793e-31
   84  201    1.143864e-28    2.097032e-29
   84  202    2.922236e-26    4.745551e-27
   84  203    3.284405e-26    4.864869e-27
   84  204    3.799774e-24    4.773670e-25
   84  205    6.389071e-24    7.209538e-25
   84  206    1.394356e-22    1.279961e-23
   84  207    5.630716e-23    4.384908e-24
   84  208    4.769218e-22    2.689290e-23
   84  209    6.315199e-23    2.681383e-24
   84  210    4.162288e-23   -1.438629e-25
   84  211    2.627443e-28   -1.054486e-30
    0    1    1.964682e-10    2.641543e-12
    1    1    4.704411e-08    1.122888e-09
    2    4    5.454348e-06    8.441103e-08
