1.9725e+01
2.7470e-01
5.1246e-01
4.4350e+03
    1    2    3.692657e-25    3.336183e-27
    1    3    9.058499e-19   -1.659800e-26
    2    3    9.607105e-18   -1.267806e-26
    3    6    2.398550e-26   -8.600413e-34
    3    7    3.266805e-25    6.544093e-28
    4    7    1.805233e-26    1.386336e-28
    4   10    8.423321e-28   -1.883345e-41
    5   10    1.267323e-24   -1.882922e-35
    5   11    7.523804e-16    2.728004e-23
    6   11    1.748360e-19   -2.728649e-23
    6   12    6.724222e-04    0.000000e+00
    6   13    1.320133e-10    1.434802e-20
    6   14    8.038612e-11   -8.510913e-23
    7   13    4.576320e-17   -1.454988e-20
    7   14    5.388234e-09    1.373120e-22
    7   15    3.544661e-11    2.024900e-13
    7   16    7.347878e-28   -1.962219e-29
    7   17    2.874578e-25   -1.312544e-26
    8   14    2.422450e-20   -6.533237e-23
    8   15    1.297432e-10   -2.024900e-13
    8   16    4.799615e-02    0.000000e+00
    8   17    1.729784e-10    9.543596e-23
    8   18    4.109276e-12    9.264681e-16
    8   19    2.952630e-21   -2.089935e-23
    8   20    7.492579e-26   -1.056759e-27
    9   17    1.509940e-25   -2.207408e-26
    9   18    3.206547e-11   -9.264681e-16
    9   19    1.962157e-11    4.555502e-17
    9   20    1.680883e-15   -2.883307e-17
    9   21    2.017080e-20   -9.232236e-22
    9   22    2.750907e-27   -1.102050e-28
   10   18    7.257973e-28   -8.275145e-29
   10   19    4.115163e-15   -4.555500e-17
   10   20    5.363521e-03    2.862294e-17
   10   21    7.779638e-07    8.814318e-16
   10   22    2.497767e-08    4.141992e-17
   10   23    1.391512e-13   -7.122318e-16
   10   24    2.178142e-17   -2.042989e-20
   11   21    1.041584e-13   -8.814309e-16
   11   22    1.786045e-08   -3.280901e-17
   11   23    1.010703e-05    4.546157e-10
   11   24    3.892951e-09   -1.372585e-14
   11   25    6.785621e-13   -2.186150e-15
   11   26    2.155816e-22   -3.836231e-23
   12   22    1.754705e-16   -8.610908e-18
   12   23    2.698032e-08   -4.546150e-10
   12   24    2.329683e-03    1.372600e-14
   12   25    1.902095e-04    2.328541e-15
   12   26    1.119121e-04    1.293115e-10
   12   27    1.883049e-08   -6.323462e-12
   12   28    5.529607e-12   -1.398289e-17
   12   29    4.157346e-26   -6.089051e-27
   13   24    1.138281e-23   -1.057230e-24
   13   25    5.369114e-15   -1.423822e-16
   13   26    8.712936e-06   -1.293115e-10
   13   27    2.784193e-04    1.168053e-10
   13   28    1.143899e-06   -1.625401e-09
   13   29    3.325546e-09   -1.607106e-12
   13   30    5.967381e-15   -3.138715e-16
   13   31    1.599964e-24   -4.730456e-25
   14   26    5.693907e-17   -4.861662e-18
   14   27    2.408022e-09   -1.104818e-10
   14   28    8.997844e-04    1.625401e-09
   14   29    3.098184e-04    1.607633e-12
   14   30    1.961727e-04    1.009735e-09
   14   31    6.563645e-08   -1.323890e-12
   14   32    8.013698e-10   -3.159168e-20
   14   33    3.917672e-18   -1.220857e-19
   14   34    5.270904e-22   -3.623121e-23
   15   28    1.977208e-30    2.721049e-32
   15   29    1.146728e-14   -5.273967e-16
   15   30    7.954680e-07   -1.009735e-09
   15   31    3.530399e-05    1.823487e-12
   15   32    1.714038e-07   -2.653435e-14
   15   33    3.209985e-08   -2.790789e-15
   15   34    1.159039e-11   -1.779725e-13
   15   35    4.096123e-14   -1.648882e-16
   15   36    3.457142e-26   -1.175453e-27
   15   37    2.770732e-28   -2.283810e-29
   16   30    2.047197e-20   -3.303350e-21
   16   31    6.743357e-12   -4.995971e-13
   16   32    6.464902e-05    2.653438e-14
   16   33    2.811955e-06    2.791289e-15
   16   34    4.693089e-06    2.353708e-13
   16   35    5.224964e-08   -1.152764e-15
   16   36    2.344744e-08    9.926167e-24
   16   37    4.172639e-16   -2.622070e-19
   16   38    8.344743e-18   -1.557716e-22
   16   39    3.512133e-26   -5.815008e-28
   16   40    1.495235e-27   -3.235201e-29
   17   33    4.976893e-18   -3.775370e-19
   17   34    4.612264e-13   -5.739833e-14
   17   35    1.415943e-06    1.853269e-15
   17   36    2.265116e-08   -4.532950e-22
   17   37    1.033265e-08    1.525203e-16
   17   38    5.980315e-12   -5.106173e-16
   17   39    9.248397e-14   -5.225336e-18
   17   40    1.236917e-17   -2.907591e-20
   17   41    2.458506e-19   -1.219037e-21
   17   42    4.564549e-24   -1.278098e-25
   17   43    5.817386e-27   -3.538824e-28
   18   34    2.033413e-25   -4.581905e-26
   18   35    5.007224e-15   -5.356172e-16
   18   36    1.388736e-07    4.499863e-22
   18   37    2.422996e-09   -1.522581e-16
   18   38    1.866034e-08    8.913898e-16
   18   39    2.105459e-10    5.220614e-18
   18   40    6.208118e-11    2.907592e-20
   18   41    2.485575e-13   -7.191283e-18
   18   42    3.759662e-15   -5.605141e-25
   18   43    6.402513e-19   -3.785933e-22
   18   44    1.485905e-20   -3.973639e-24
   18   45    2.063186e-26   -1.827155e-28
   18   46    3.927686e-28   -8.902914e-30
   19   37    1.363680e-24   -2.110554e-25
   19   38    9.159135e-13   -3.807724e-16
   19   39    2.993691e-09    5.036703e-21
   19   40    9.491445e-11    0.000000e+00
   19   41    2.158562e-11    7.192503e-18
   19   42    1.775104e-12   -7.612368e-18
   19   43    2.293629e-13   -5.434990e-19
   19   44    1.159602e-14   -1.660092e-18
   19   45    9.122284e-16   -1.623287e-19
   19   46    9.154353e-18   -1.660032e-20
   19   47    4.134874e-20   -4.498868e-22
   19   48    9.814880e-28   -2.716890e-29
   20   39    1.422457e-21   -3.149325e-22
   20   40    9.205724e-11    0.000000e+00
   20   41    9.631702e-12   -5.703023e-25
   20   42    2.571017e-08    7.612368e-18
   20   43    1.328341e-08    1.239579e-15
   20   44    4.757323e-08    2.863115e-15
   20   45    5.160010e-09   -7.001413e-17
   20   46    3.060685e-09    2.221289e-16
   20   47    8.462911e-11   -4.110740e-17
   20   48    2.381368e-10    0.000000e+00
   20   49    1.141780e-15   -4.156787e-19
   20   50    9.143612e-19   -1.252509e-20
   20   51    7.103541e-27   -1.352543e-28
   21   42    5.825469e-25   -1.628778e-25
   21   43    9.110380e-11   -1.239035e-15
   21   44    2.149053e-10   -2.861453e-15
   21   45    1.992281e-08    1.668835e-16
   21   46    8.445300e-09   -4.442247e-16
   21   47    3.049778e-09   -1.968193e-15
   21   48    1.256541e-09   -1.523912e-15
   21   49    2.713466e-10   -1.506238e-14
   21   50    1.816740e-13   -3.391186e-16
   21   51    1.100150e-15   -1.689299e-17
   21   52    9.556461e-22   -2.221006e-23
   21   53    8.637609e-29   -6.852676e-30
   22   43    1.280224e-30   -4.788994e-31
   22   44    1.784346e-11   -1.797525e-21
   22   45    5.637711e-12   -9.670706e-17
   22   46    1.572125e-08    2.221123e-16
   22   47    1.030250e-08    5.381791e-15
   22   48    1.705422e-08    1.531042e-15
   22   49    1.193538e-08    1.509115e-14
   22   50    4.930672e-08    3.391312e-16
   22   51    5.540623e-10   -3.048852e-13
   22   52    4.444878e-11   -8.297259e-14
   22   53    1.133418e-15   -6.599608e-18
   22   54    9.292253e-21   -1.179524e-21
   22   55    3.308909e-30   -4.846389e-31
   23   46    5.670388e-27   -2.552410e-27
   23   47    3.471586e-11   -3.372490e-15
   23   48    5.167771e-11   -7.037721e-18
   23   49    4.244029e-09   -2.138552e-17
   23   50    2.518748e-09    0.000000e+00
   23   51    1.268122e-08    3.049773e-13
   23   52    4.268560e-09   -3.529268e-12
   23   53    4.198593e-10   -8.633103e-13
   23   54    1.763568e-13   -6.742771e-16
   23   55    3.548357e-15   -1.033064e-16
   24   47    3.025740e-29   -1.152225e-29
   24   48    3.770457e-14   -9.251770e-20
   24   49    9.296618e-14   -6.968974e-18
   24   50    5.126344e-10    0.000000e+00
   24   51    9.438285e-10   -5.605241e-17
   24   52    3.837887e-08    3.612242e-12
   24   53    1.291242e-08    8.633169e-13
   24   54    1.207583e-07    7.150685e-16
   24   55    7.571122e-10   -6.863607e-13
   24   56    1.705242e-10   -9.120413e-14
   24   57    1.586042e-15   -1.431221e-17
   24   58    9.759137e-17   -2.654554e-18
   24   59    2.364025e-29   -4.286863e-30
   25   51    2.784653e-13   -1.914104e-17
   25   52    2.439329e-12   -9.613318e-19
   25   53    2.911643e-09    3.482190e-19
   25   54    5.784413e-09   -4.079026e-17
   25   55    3.239608e-08    6.864747e-13
   25   56    1.104347e-08   -1.353827e-13
   25   57    2.812689e-09   -6.271036e-12
   25   58    1.568625e-13   -9.953156e-15
   25   59    1.722572e-13   -7.145673e-15
   25   61    1.492022e-25   -4.242661e-26
   26   52    4.214388e-17   -2.692679e-22
   26   53    9.345439e-16   -3.482236e-19
   26   54    2.219598e-09    1.182868e-22
   26   55    4.840702e-09   -8.881327e-18
   26   56    1.152731e-06    2.265869e-13
   26   57    6.428233e-07    6.271365e-12
   26   58    5.168992e-06    1.069783e-14
   26   59    2.257879e-07   -4.049832e-15
   26   60    8.194031e-08   -1.852885e-22
   26   61    7.050498e-12   -3.739380e-15
   26   62    1.886382e-12   -5.281969e-15
   26   63    1.952231e-19   -6.093677e-21
   26   64    1.398045e-21   -1.330971e-22
   27   55    5.839349e-13   -1.762009e-18
   27   56    2.502262e-12   -7.140262e-20
   27   57    3.887176e-08   -3.149526e-16
   27   58    2.385044e-08   -7.507993e-16
   27   59    1.737286e-06    1.119551e-14
   27   60    3.860034e-07   -4.427560e-16
   27   61    3.030745e-07   -9.711157e-12
   27   62    4.713994e-09   -9.967682e-12
   27   63    1.857009e-09   -1.290441e-11
   27   64    2.467184e-22   -2.348947e-23
   27   65    1.105635e-17   -1.814810e-18
   27   67    2.484449e-30   -1.113055e-30
   28   56    8.617300e-17   -3.125184e-23
   28   57    3.885882e-15   -5.780370e-21
   28   58    1.283985e-09    8.777384e-18
   28   59    1.849881e-08    1.738304e-19
   28   60    1.012563e-06    5.566857e-16
   28   61    9.228888e-07    9.719786e-12
   28   62    3.530162e-06    1.025609e-11
   28   63    5.444509e-07    1.290437e-11
   28   64    1.719373e-06    2.583698e-13
   28   65    8.215538e-09   -1.726549e-13
   28   66    4.410341e-09   -4.262568e-15
   28   67    4.533858e-13   -4.110779e-15
   28   68    1.191777e-13   -7.824802e-16
   28   69    1.015368e-20   -1.726159e-22
   28   70    1.393381e-21   -4.421783e-23
   29   58    1.834284e-26   -1.091427e-27
   29   59    7.503445e-17   -1.752985e-19
   29   60    8.496696e-13   -1.139295e-16
   29   61    3.081543e-10   -4.889316e-15
   29   62    8.624561e-10   -2.831278e-13
   29   63    1.077879e-07    6.023312e-17
   29   64    1.008339e-07   -4.201103e-13
   29   65    1.170805e-06    1.731438e-13
   29   66    1.692360e-07   -1.049576e-10
   29   67    4.311322e-07   -3.640184e-13
   29   68    8.430387e-10   -5.193972e-12
   29   69    1.112991e-09   -1.239285e-12
   29   70    6.014153e-15   -2.573311e-17
   29   71    1.024517e-14   -1.005524e-16
   29   72    3.525364e-21   -1.012435e-22
   29   73    1.435894e-21   -6.509533e-23
   29   74    9.986151e-30   -1.195854e-30
   30   60    5.212846e-21   -6.940881e-24
   30   61    7.271435e-17   -1.553891e-19
   30   62    3.307563e-13   -1.902641e-18
   30   63    3.364961e-13   -2.773592e-17
   30   64    1.156763e-07    1.617405e-13
   30   65    5.396973e-08   -2.972173e-16
   30   66    7.280060e-07    1.049620e-10
   30   67    2.410407e-07    3.712414e-13
   30   68    2.132245e-06    5.295057e-12
   30   69    3.373580e-08   -6.611503e-13
   30   70    7.737287e-08    1.163078e-14
   30   71    5.428252e-11   -7.020960e-14
   30   72    6.253968e-11   -7.130166e-17
   30   73    2.265638e-15   -1.835690e-17
   30   74    1.991125e-15   -3.965661e-18
   30   75    6.937698e-22   -1.295067e-23
   30   76    1.613353e-22   -5.389300e-24
   31   63    6.014639e-23   -3.534621e-25
   31   64    3.253099e-19   -3.920274e-22
   31   65    9.090990e-13   -1.897993e-16
   31   66    1.740867e-11   -9.690758e-17
   31   67    4.609430e-09   -3.111616e-15
   31   68    2.138743e-09   -1.003018e-13
   31   69    4.357257e-08    1.900452e-12
   31   70    1.887845e-08   -2.830359e-12
   31   71    2.873164e-07    7.339708e-14
   31   72    8.141745e-09   -3.044373e-14
   31   73    3.639663e-08   -3.959740e-13
   31   74    3.788191e-10   -1.481045e-13
   31   75    4.203246e-10   -6.351686e-13
   31   76    3.808511e-14   -2.224400e-16
   31   77    2.678482e-14   -3.863593e-16
   31   78    3.543049e-19   -1.325365e-20
   31   79    5.475099e-21   -3.657840e-22
   31   80    1.005260e-29   -1.129522e-30
   32   64    1.325617e-26   -3.962363e-29
   32   65    2.090511e-23   -1.288163e-25
   32   66    5.274849e-16   -1.233847e-20
   32   67    3.344521e-15   -5.635475e-19
   32   68    3.437552e-11   -2.797003e-19
   32   69    1.215757e-11   -1.641667e-17
   32   70    1.996482e-08    2.818754e-12
   32   71    1.601710e-08   -3.078615e-15
   32   72    1.586048e-07    3.053862e-14
   32   73    4.785577e-08    3.960260e-13
   32   74    3.916608e-07    1.481410e-13
   32   75    2.570892e-08   -3.497577e-13
   32   76    2.679930e-08    9.214362e-15
   32   77    1.262616e-10   -2.043214e-16
   32   78    8.409140e-11   -3.032446e-15
   32   79    1.387784e-14   -1.390736e-16
   32   80    4.931992e-15   -3.183310e-17
   32   81    1.316104e-21   -3.297267e-23
   32   82    5.965671e-23   -2.490971e-24
   33   67    4.381202e-27   -1.962818e-29
   33   68    1.230880e-22   -1.541878e-25
   33   69    5.810653e-18   -1.213133e-21
   33   70    6.792240e-16   -4.092588e-20
   33   71    1.025738e-11   -8.311248e-18
   33   72    1.159646e-11   -2.357496e-17
   33   73    1.224426e-09   -3.342862e-17
   33   74    3.988317e-10   -4.931215e-17
   33   75    4.044074e-09    9.849265e-13
   33   76    4.397818e-09   -1.785264e-14
   33   77    2.276189e-08   -3.036650e-14
   33   78    9.909230e-10   -3.165044e-14
   33   79    4.516552e-09   -1.589465e-12
   33   80    2.325108e-11   -2.912246e-13
   33   81    5.685163e-11   -3.250686e-13
   33   82    1.345757e-15   -1.341562e-17
   33   83    1.124295e-15   -1.597539e-17
   33   84    1.411715e-25   -6.399924e-27
   33   85    1.385773e-30   -5.303279e-32
   34   68    1.398041e-30   -7.498370e-33
   34   69    1.419145e-26   -9.861691e-29
   34   70    5.039671e-21   -3.884901e-25
   34   71    6.855808e-20   -4.596377e-23
   34   72    5.693178e-14   -1.493147e-20
   34   73    2.231416e-14   -1.653121e-19
   34   74    5.384875e-12    1.676614e-17
   34   75    1.408742e-11   -2.485866e-19
   34   76    4.161859e-10    8.860721e-15
   34   77    5.038674e-10    3.095849e-14
   34   78    3.886313e-08    3.499140e-14
   34   79    1.222487e-08    1.589604e-12
   34   80    7.382867e-08    2.928739e-13
   34   81    8.494932e-09   -1.132112e-12
   34   82    7.055806e-09    7.215737e-16
   34   83    7.441650e-12   -1.041428e-15
   34   84    2.637269e-12   -2.561974e-15
   34   85    1.325847e-19   -7.673124e-22
   34   86    4.553903e-23   -6.063526e-25
   35   72    2.696660e-28   -6.532483e-31
   35   73    8.058771e-22   -7.521714e-25
   35   74    3.571630e-19   -4.474018e-23
   35   75    3.601389e-16   -1.182274e-20
   35   76    2.238209e-15   -7.308143e-21
   35   77    1.408784e-12   -1.308417e-18
   35   78    6.271081e-13   -3.085363e-16
   35   79    6.881691e-11    1.940638e-20
   35   80    1.084877e-10   -1.948721e-14
   35   81    5.223840e-10    1.457180e-12
   35   82    4.726466e-10   -1.416741e-15
   35   83    1.320267e-08   -2.898971e-13
   35   84    8.493780e-10   -8.211112e-14
   35   85    2.212490e-09   -2.421077e-12
   35   86    2.772133e-15   -9.579420e-18
   35   87    8.201725e-18   -2.803661e-20
   35   88    8.900488e-25   -1.039692e-26
   35   89    4.223049e-30   -1.575270e-31
   36   74    4.430624e-25   -1.222634e-28
   36   75    1.754001e-23   -1.299492e-26
   36   76    4.261375e-19   -1.522305e-24
   36   77    8.222420e-19   -3.510275e-23
   36   78    2.599262e-15    3.085312e-20
   36   79    1.267608e-14   -1.914977e-20
   36   80    8.051615e-12    1.786976e-14
   36   81    9.137684e-12    2.794581e-20
   36   82    4.527448e-09    7.141945e-16
   36   83    4.796845e-09    2.909546e-13
   36   84    7.499048e-08    8.467333e-14
   36   85    3.234669e-08    2.421058e-12
   36   86    2.943134e-08    9.582229e-18
   36   87    2.706484e-12   -1.124893e-16
   36   88    9.414601e-14   -1.757427e-18
   36   89    1.047784e-19   -1.055568e-22
   36   90    2.047060e-22   -1.206718e-24
   37   77    7.287787e-27   -6.139935e-30
   37   78    5.616101e-25   -1.008797e-28
   37   79    4.739822e-20   -6.587455e-24
   37   80    3.720813e-19   -2.121134e-21
   37   81    2.421671e-15   -2.794604e-20
   37   82    2.225270e-15   -5.611913e-18
   37   83    4.657630e-12   -1.189900e-19
   37   84    3.670733e-12   -2.461017e-19
   37   85    1.991657e-10    1.816938e-17
   37   86    3.382882e-10   -4.000357e-17
   37   87    8.954311e-09    1.125166e-16
   37   88    1.510635e-11   -2.686379e-15
   37   89    2.014397e-12   -4.219460e-16
   37   90    1.105474e-16   -1.332183e-19
   37   91    5.456363e-19   -1.778956e-21
   37   92    1.260932e-26   -5.346603e-28
   37   93    1.180125e-29   -3.794143e-31
   38   79    2.015119e-29   -2.842122e-32
   38   80    1.705114e-23   -5.088697e-28
   38   81    5.463423e-23   -7.763116e-27
   38   82    1.711873e-18   -1.488382e-25
   38   83    3.218960e-17   -5.238599e-23
   38   84    9.124869e-15    9.598117e-21
   38   85    2.787241e-14   -9.400002e-22
   38   86    3.761176e-09    4.000149e-17
   38   87    6.329214e-09    2.449480e-19
   38   88    5.502759e-08    2.688158e-15
   38   89    8.899542e-10    3.831705e-16
   38   90    3.486166e-10    6.043909e-20
   38   91    2.000818e-13   -1.096111e-18
   38   92    1.541928e-14   -3.064601e-19
   38   93    2.291726e-19   -9.783725e-23
   38   94    2.613061e-21   -6.607434e-24
   38   95    1.119771e-29   -8.920899e-32
   39   82    2.625291e-30   -6.022486e-32
   39   83    2.756972e-24   -1.235156e-27
   39   84    1.495057e-22   -1.201102e-26
   39   85    3.889174e-19   -7.673702e-24
   39   86    1.644630e-18   -5.896665e-24
   39   87    3.692329e-13   -2.449480e-19
   39   88    1.013504e-12   -2.095035e-20
   39   89    3.782967e-09    3.877711e-17
   39   90    3.894148e-10   -3.209028e-16
   39   91    1.053758e-09   -3.855386e-17
   39   92    1.739291e-11   -2.604561e-16
   39   93    6.831698e-12   -3.554114e-17
   39   94    1.935620e-14   -3.290615e-18
   39   95    3.781483e-16   -1.165069e-19
   39   96    1.999218e-22   -7.128470e-24
   39   97    1.804802e-27   -9.158277e-29
   40   84    1.394727e-27   -1.713309e-31
   40   85    3.525380e-27   -1.422143e-30
   40   86    8.548657e-23   -2.740134e-28
   40   87    8.908077e-21   -2.803513e-25
   40   88    1.050755e-16   -2.774847e-24
   40   89    2.323944e-15   -1.569041e-21
   40   90    1.268764e-09    3.209756e-16
   40   91    5.200989e-10    3.965175e-17
   40   92    1.473742e-09    2.607625e-16
   40   93    1.740639e-10    3.554124e-17
   40   94    5.885016e-10    3.290621e-18
   40   95    1.560852e-11   -4.209168e-19
   40   96    1.877163e-11    7.127970e-24
   40   97    6.682708e-16   -2.110148e-21
   40   98    1.018367e-18   -6.315989e-21
   40   99    9.786139e-29   -8.872968e-30
   40  100    3.311915e-27    0.000000e+00
   41   87    6.807488e-30   -5.760791e-33
   41   88    4.014305e-26   -8.755329e-30
   41   89    1.202465e-21   -3.132077e-26
   41   90    7.463688e-20   -2.701701e-25
   41   91    2.309601e-13   -2.039881e-24
   41   92    1.846899e-13   -7.163667e-16
   41   93    1.148471e-12    6.526972e-25
   41   94    5.239656e-13   -1.556012e-25
   41   95    1.816923e-12    4.228731e-19
   41   96    2.272176e-13   -5.144128e-19
   41   97    8.031083e-13   -3.531317e-17
   41   98    3.061418e-18   -1.974968e-19
   41   99    5.219545e-18   -6.625522e-20
   41  100    3.241543e-26   -4.114692e-27
   41  101    1.928262e-23   -5.171106e-25
   41  102    1.511390e-28   -6.692448e-30
   42   90    4.830487e-26   -4.598735e-31
   42   91    2.711692e-23   -5.557793e-27
   42   92    5.724857e-14    7.163667e-16
   42   93    1.711883e-16    1.208318e-25
   42   94    2.411139e-13    2.440041e-25
   42   95    2.331007e-13    1.145780e-19
   42   96    3.936002e-11    5.144336e-19
   42   97    6.048345e-12    3.531528e-17
   42   98    1.702369e-10    2.038128e-19
   42   99    2.354495e-13   -1.221163e-19
   42  100    2.812501e-12    1.118296e-21
   42  101    2.414578e-16   -5.242205e-20
   42  102    1.348197e-15   -3.786170e-19
   42  103    5.641323e-20   -1.591316e-22
   42  104    3.895044e-20   -1.236050e-22
   42  105    8.570964e-26   -4.584121e-28
   42  106    7.844070e-28   -1.710817e-29
   43   92    6.283313e-29   -4.691624e-32
   43   93    6.296021e-21   -1.210903e-25
   43   94    8.170407e-21   -8.837384e-26
   43   95    1.036526e-17   -2.741169e-23
   43   96    4.043360e-17   -2.181716e-23
   43   97    2.919277e-15    4.966195e-26
   43   98    1.823528e-15   -2.761013e-30
   43   99    1.925704e-13    1.883715e-19
   43  100    3.501112e-15   -4.300819e-17
   43  101    1.636007e-13   -3.698697e-17
   43  102    2.440498e-17   -5.014625e-19
   43  103    1.905056e-15   -6.692298e-18
   43  104    1.241755e-18   -9.133614e-23
   43  105    5.837042e-18   -2.437261e-21
   43  106    1.051994e-22   -5.626348e-25
   43  107    3.937571e-24   -3.536485e-26
   43  108    5.112034e-30   -1.882681e-31
   44   94    2.299909e-25   -1.408080e-29
   44   95    7.193672e-24   -2.317613e-28
   44   96    5.434175e-21    1.010334e-24
   44   97    6.390546e-20   -4.966362e-26
   44   98    4.363956e-15    1.396284e-28
   44   99    2.368275e-15    1.191969e-26
   44  100    1.114748e-12    4.300707e-17
   44  101    1.654578e-13    3.703939e-17
   44  102    3.752971e-11    8.800799e-19
   44  103    7.714650e-13    6.649129e-18
   44  104    9.311854e-12    2.222637e-19
   44  105    2.308962e-14   -2.723235e-19
   44  106    9.820164e-14   -5.819176e-22
   44  107    1.340179e-17   -1.134114e-20
   44  108    3.611251e-17   -2.518664e-20
   44  109    1.456417e-22   -8.037950e-25
   44  110    3.572819e-23   -5.864479e-25
   45   96    3.992275e-30   -1.279714e-33
   45   97    2.469032e-26   -2.554980e-30
   45   98    3.760652e-25   -1.368845e-28
   45   99    4.682724e-20   -6.414446e-27
   45  100    7.155777e-20   -1.819110e-25
   45  101    3.607533e-17   -6.549992e-26
   45  102    3.694269e-17   -3.929634e-25
   45  103    7.220963e-14    4.332865e-20
   45  104    1.096226e-14   -4.934421e-17
   45  105    4.423601e-12   -6.357016e-18
   45  106    5.774715e-14   -3.652914e-16
   45  107    2.758588e-12   -4.040256e-16
   45  108    5.050970e-15   -5.722051e-17
   45  109    6.776165e-14   -1.612764e-16
   45  110    5.220039e-19   -3.312987e-20
   45  111    7.481388e-18   -1.294988e-19
   45  112    4.099945e-23   -1.697058e-24
   45  113    1.010071e-24   -6.868651e-26
   46   98    1.480359e-28   -2.659116e-32
   46   99    1.363449e-27   -2.028172e-31
   46  100    1.848643e-24   -1.120943e-30
   46  101    8.780230e-23   -5.481253e-28
   46  102    1.151295e-19    8.645653e-26
   46  103    9.815176e-19   -1.271006e-25
   46  104    1.770889e-14    4.912216e-17
   46  105    3.853978e-15    6.631777e-18
   46  106    3.330766e-12    3.652920e-16
   46  107    2.139972e-13    4.040369e-16
   46  108    5.983566e-11    5.725061e-17
   46  109    7.429339e-13    1.584071e-16
   46  110    9.650118e-12    3.076484e-19
   46  111    5.918329e-15   -6.754123e-19
   46  112    5.315255e-14   -1.336830e-19
   46  113    1.889644e-18   -3.868718e-21
   46  114    8.096576e-18   -1.063185e-20
   46  115    2.333949e-23   -1.777571e-25
   46  116    5.269151e-24   -8.502299e-26
   47  101    2.160273e-30   -6.176050e-34
   47  102    8.418749e-29   -2.071007e-32
   47  103    6.299957e-25   -3.044522e-29
   47  104    1.893123e-23   -8.684569e-28
   47  105    6.619405e-20   -3.529928e-27
   47  106    2.219102e-19   -2.948893e-23
   47  107    1.652561e-16    1.914097e-26
   47  108    1.294984e-16   -1.724271e-19
   47  109    2.149883e-13    2.869313e-18
   47  110    1.182242e-14   -9.150608e-17
   47  111    7.192010e-12   -1.321401e-18
   47  112    1.318587e-13   -2.088129e-18
   47  113    3.314385e-12   -3.269336e-17
   47  114    1.211942e-16   -5.005866e-18
   47  115    2.015680e-14   -3.198282e-18
   47  116    6.455771e-19   -5.185693e-22
   47  117    3.425889e-18   -8.960212e-21
   47  118    1.888384e-24   -9.562692e-26
   47  119    5.871628e-29   -1.211198e-29
   48  104    2.120986e-27   -1.167179e-31
   48  105    8.184604e-27   -4.679826e-31
   48  106    1.265571e-22    2.934157e-25
   48  107    2.327919e-21   -1.894215e-26
   48  108    9.519059e-16    1.675129e-19
   48  109    2.183983e-16   -1.034534e-24
   48  110    2.130029e-13    9.123156e-17
   48  111    4.219606e-14    2.126312e-18
   48  112    1.109857e-11    2.221913e-18
   48  113    4.694090e-13    3.269723e-17
   48  114    5.840921e-11    5.019331e-18
   48  115    4.048486e-13    2.796813e-18
   48  116    8.039658e-12    3.473559e-20
   48  117    6.899192e-15   -1.376506e-19
   48  118    5.407976e-14   -3.409596e-18
   48  119    2.128039e-18   -2.516688e-21
   48  120    9.169889e-18   -3.436975e-20
   48  121    4.972519e-23   -7.013277e-25
   48  122    1.103907e-23   -4.011266e-25
   49  107    6.531096e-28   -6.410024e-32
   49  108    8.951919e-27   -4.897939e-31
   49  109    6.043188e-22   -7.670971e-27
   49  110    9.258293e-22   -1.001536e-26
   49  111    3.225021e-19   -2.537426e-25
   49  112    8.394334e-19   -1.779869e-22
   49  113    4.728233e-16    4.507354e-28
   49  114    2.139949e-16   -5.666987e-19
   49  115    4.269780e-13    4.014694e-19
   49  116    1.266956e-14   -1.710874e-16
   49  117    4.393923e-12   -3.228719e-16
   49  118    3.267201e-15   -1.210088e-16
   49  119    1.061748e-12   -1.403890e-15
   49  120    2.997361e-17   -1.818589e-18
   49  121    1.152857e-14   -9.502504e-17
   49  122    1.200918e-21   -1.520388e-22
   49  123    3.086512e-18   -9.524925e-20
   49  124    1.005914e-23   -6.138779e-25
   49  125    1.006249e-23   -8.118358e-25
   49  126    2.781117e-30   -3.461022e-31
   50  109    4.062479e-29   -7.162155e-33
   50  110    2.473157e-26   -3.181772e-31
   50  111    2.034312e-26   -1.827095e-30
   50  112    9.041445e-21    7.831433e-23
   50  113    2.352966e-20   -4.505735e-28
   50  114    1.301044e-14    5.638653e-19
   50  115    7.001227e-15    2.544644e-25
   50  116    8.188667e-12    1.710532e-16
   50  117    1.534104e-12    3.230185e-16
   50  118    6.277185e-11    1.244220e-16
   50  119    3.401348e-12    1.403893e-15
   50  120    9.433572e-11    1.877897e-18
   50  121    1.300916e-12    9.247938e-17
   50  122    9.276170e-12    4.322051e-22
   50  123    3.406799e-14    9.467006e-20
   50  124    1.475915e-13    2.660697e-21
   50  125    1.502147e-16   -3.352381e-23
   50  126    2.632035e-16   -6.557406e-30
   50  127    6.580759e-20   -1.657414e-24
   50  128    4.289524e-20   -2.307196e-24
   50  129    2.133510e-24   -3.031570e-27
   50  130    6.694817e-25   -5.716275e-28
   50  131    6.247635e-30   -2.124257e-32
   51  113    2.980909e-28   -1.418939e-31
   51  114    4.852303e-27   -4.420554e-30
   51  115    2.579337e-21   -2.544643e-25
   51  116    5.325954e-21   -1.069706e-24
   51  117    3.298807e-18   -6.218908e-23
   51  118    4.172880e-18   -3.678407e-21
   51  119    2.638142e-16   -3.666337e-22
   51  120    1.248224e-16   -2.507168e-20
   51  121    1.449861e-13    2.545653e-18
   51  122    1.432748e-14   -1.160799e-20
   51  123    2.115789e-12    5.791904e-22
   51  124    7.266375e-14   -5.320705e-21
   51  125    1.163672e-12   -2.509454e-21
   51  126    7.287045e-15   -1.296693e-21
   51  127    4.060654e-14   -2.321674e-20
   51  128    3.281607e-17   -1.905474e-22
   51  129    8.937859e-17   -1.077066e-21
   51  130    1.175149e-20   -9.435355e-25
   51  131    1.193504e-20   -1.646729e-24
   51  132    9.606740e-25   -1.095305e-27
   51  133    1.362040e-25   -1.852409e-28
   52  116    6.696022e-26   -1.422934e-30
   52  117    3.399380e-27   -1.739939e-31
   52  118    4.914705e-24   -1.806606e-30
   52  119    1.413279e-23   -4.654964e-29
   52  120    5.550726e-19    1.328885e-22
   52  121    6.504976e-19   -7.460697e-26
   52  122    2.056677e-14    1.132823e-20
   52  123    4.333434e-15    1.528055e-25
   52  124    5.934578e-12    2.660671e-21
   52  125    4.405992e-13    2.556459e-21
   52  126    4.193993e-11    1.314959e-21
   52  127    8.853948e-13   -4.979084e-18
   52  128    1.078499e-11    4.015640e-19
   52  129    6.246314e-14   -2.844205e-18
   52  130    1.559172e-12    2.638185e-19
   52  131    2.564644e-15   -3.255460e-19
   52  132    6.259109e-15   -4.302326e-21
   52  133    3.967613e-18   -1.007264e-21
   52  134    1.424971e-18   -1.080962e-22
   52  135    7.687582e-30   -7.703958e-32
   53  119    2.846298e-29   -4.712591e-33
   53  120    3.433727e-30   -1.334283e-34
   53  121    3.670497e-25   -9.159541e-30
   53  122    4.394874e-24   -3.838516e-27
   53  123    3.820053e-20   -1.528055e-25
   53  124    9.302630e-20   -4.964211e-26
   53  125    3.413370e-16   -1.266913e-23
   53  126    2.038753e-16   -3.465996e-23
   53  127    3.437623e-13    5.002303e-18
   53  128    4.582676e-14   -5.817066e-18
   53  129    2.553997e-12    2.845282e-18
   53  130    6.165423e-14   -5.276098e-19
   53  131    5.963399e-13    1.617014e-19
   53  132    4.175570e-15   -9.195062e-20
   53  133    1.126837e-14   -2.759878e-20
   53  134    4.607319e-17   -2.676840e-21
   53  135    1.573528e-17   -1.264218e-22
   53  136    3.681494e-28   -8.404959e-31
   54  122    9.806608e-27   -2.578968e-32
   54  123    3.764630e-28   -9.570089e-33
   54  124    9.377460e-24    5.745309e-28
   54  125    7.050063e-23   -2.206828e-28
   54  126    6.095447e-18    1.639422e-23
   54  127    7.553439e-18   -4.579604e-25
   54  128    7.029546e-14    5.415695e-18
   54  129    2.108666e-14    2.578818e-25
   54  130    1.230399e-11    2.638185e-19
   54  131    1.094056e-12    1.639581e-19
   54  132    5.273874e-11    9.632386e-20
   54  133    1.451265e-12   -5.813655e-19
   54  134    9.446684e-12    2.784936e-21
   54  135    1.346962e-13   -7.794433e-19
   54  136    6.564548e-12    0.000000e+00
   54  137    1.018804e-20   -8.470999e-24
   54  138    1.153504e-25   -2.599196e-29
   55  125    1.351567e-27   -9.190845e-32
   55  126    6.828143e-29   -1.321252e-31
   55  127    5.161078e-24   -4.365639e-29
   55  128    5.247212e-23   -4.541329e-26
   55  129    1.551613e-19   -2.568991e-25
   55  130    2.463176e-19   -2.680003e-23
   55  131    4.917652e-16   -1.118677e-22
   55  132    2.125613e-16   -7.227101e-23
   55  133    1.986105e-13    6.099716e-19
   55  134    3.724546e-14   -1.087668e-22
   55  135    3.029371e-12    7.795697e-19
   55  136    2.507918e-13   -4.226003e-20
   55  137    1.065585e-12   -2.053318e-22
   55  138    1.346680e-20   -1.282048e-24
   55  139    1.545518e-24   -5.292697e-28
   56  127    7.215253e-29   -1.802906e-32
   56  128    7.885151e-27   -7.149193e-33
   56  129    3.562925e-27   -8.448304e-32
   56  130    5.726867e-22    4.287782e-25
   56  131    2.253929e-21   -4.301472e-28
   56  132    8.965592e-17    1.351545e-24
   56  133    9.626388e-17   -5.432189e-26
   56  134    4.649711e-13    1.089774e-22
   56  135    1.424553e-13    4.373874e-24
   56  136    5.220748e-11    4.392632e-20
   56  137    1.138562e-11    2.138036e-22
   56  138    4.261282e-10    1.292470e-24
   56  139    1.406536e-16   -5.377714e-21
   56  140    2.077187e-19   -3.595626e-26
   56  141    2.770030e-26   -4.794775e-30
   56  142    9.466078e-30   -2.833950e-33
   57  131    2.981491e-26   -1.603647e-30
   57  132    1.276345e-27   -1.404714e-32
   57  133    5.320099e-23   -7.184137e-28
   57  134    4.287311e-22   -2.109351e-25
   57  135    1.609639e-18   -4.365913e-24
   57  136    5.180788e-18   -1.666730e-21
   57  137    8.734677e-15    2.533346e-24
   57  138    2.173756e-14    0.000000e+00
   57  139    3.732834e-11    6.171123e-21
   57  140    1.743045e-16   -2.288493e-22
   57  141    1.284090e-18   -1.734021e-23
   57  142    2.283384e-24   -7.947915e-29
   57  143    2.796155e-27   -6.248829e-31
   58  133    2.033445e-28   -6.652499e-33
   58  134    3.477342e-26   -2.425374e-32
   58  135    1.070339e-24   -3.199472e-30
   58  136    9.787291e-20    4.332134e-25
   58  137    4.312231e-19   -2.534019e-24
   58  138    1.357062e-14    2.993869e-25
   58  139    4.958877e-14   -5.425051e-22
   58  140    9.372865e-11    6.123588e-19
   58  141    5.167360e-15   -3.327998e-22
   58  142    3.270411e-16    3.065759e-24
   58  143    4.087090e-21   -6.538817e-27
   58  144    4.650304e-23   -3.594270e-31
   58  145    1.593852e-29   -1.676664e-32
   59  136    9.873234e-30   -2.391738e-33
   59  137    5.047949e-24   -2.084923e-28
   59  138    1.367962e-22   -2.993860e-25
   59  139    2.095238e-17   -2.509030e-22
   59  140    6.526251e-16   -6.121251e-19
   59  141    7.821034e-12    1.036888e-20
   59  142    5.538906e-15   -1.532850e-20
   59  143    1.392544e-15   -2.266206e-22
   59  144    1.167061e-19   -2.136667e-23
   59  145    7.102629e-21   -6.290235e-26
   59  146    8.938078e-27   -1.173690e-30
   59  147    3.614034e-27   -8.558820e-31
   59  148    2.209670e-30   -3.071041e-33
   60  138    5.923446e-26   -6.231098e-31
   60  139    9.066185e-24   -9.697996e-28
   60  140    7.499380e-18   -4.906884e-24
   60  141    4.714601e-16   -1.001867e-20
   60  142    3.835482e-11    1.693327e-20
   60  143    1.875362e-13    1.893451e-21
   60  144    2.237659e-13    6.944013e-23
   60  145    1.760937e-16    9.385717e-24
   60  146    5.177116e-17    1.220938e-25
   60  147    1.740466e-21   -3.483378e-28
   60  148    2.326399e-22    3.071050e-33
   60  149    1.384867e-27   -4.239288e-32
   60  150    9.513238e-27    0.000000e+00
   60  151    1.936454e-29   -4.942481e-33
   60  152    1.047403e-26    0.000000e+00
   61  140    1.658569e-29   -3.432582e-31
   61  141    4.388828e-22   -6.685231e-26
   61  142    3.419942e-19   -1.607836e-21
   61  143    2.004767e-13   -1.641084e-21
   61  144    7.927632e-15   -1.438865e-21
   61  145    2.737127e-14    2.406784e-22
   61  146    1.700184e-16   -1.849875e-25
   61  147    2.494499e-16   -5.733072e-25
   61  148    1.248838e-19   -5.124415e-26
   61  149    4.358605e-20   -4.345185e-26
   61  150    6.608025e-24   -1.303825e-28
   61  151    4.841934e-23   -9.038362e-29
   61  152    9.146045e-27   -7.050408e-30
   61  153    9.318641e-26   -5.632712e-29
   61  154    2.274906e-29   -2.690378e-32
   61  155    7.191910e-29   -3.299681e-31
   62  142    3.814269e-23   -1.669557e-27
   62  143    7.095257e-20   -2.573272e-23
   62  144    3.539309e-13    1.390820e-21
   62  145    3.860147e-14   -2.059765e-22
   62  146    6.901324e-13    4.961630e-23
   62  147    1.753687e-14    3.294536e-22
   62  148    1.151681e-13    2.006428e-23
   62  149    1.902398e-16    1.563194e-21
   62  150    7.140685e-16    9.092657e-26
   62  151    4.385976e-19    6.099767e-29
   62  152    5.408176e-18    1.242005e-25
   62  153    6.979602e-21   -7.901147e-27
   62  154    2.021300e-20    4.983729e-29
   62  155    8.412030e-24   -1.194957e-27
   62  156    7.468826e-25   -4.207506e-30
   62  157    9.987472e-30   -3.945336e-33
   62  158    3.886535e-28   -2.327099e-31
   63  143    1.320833e-28   -1.622528e-31
   63  144    1.558390e-24   -2.909061e-26
   63  145    1.183839e-16   -4.402460e-23
   63  146    1.035788e-16   -4.954718e-23
   63  147    3.592754e-15   -3.285764e-22
   63  148    4.950520e-16   -2.010728e-23
   63  149    6.600862e-14   -1.542615e-21
   63  150    5.531582e-16   -9.539936e-22
   63  151    3.406282e-14    3.722696e-23
   63  152    3.862830e-16   -1.722443e-25
   63  153    2.821624e-14    8.193123e-23
   63  154    3.544596e-16   -2.490524e-25
   63  155    4.536880e-15   -5.757512e-24
   63  156    1.880603e-17   -2.733259e-24
   63  157    7.239731e-18   -2.524682e-23
   63  158    8.507138e-22   -5.890133e-26
   63  159    4.054534e-23   -7.082546e-27
   63  160    1.356567e-28   -6.797266e-31
   63  161    4.866730e-28   -3.564025e-30
   64  145    4.575791e-28   -6.313415e-32
   64  146    1.355798e-19   -6.190891e-27
   64  147    2.236105e-19   -3.107609e-25
   64  148    3.089301e-17    9.425816e-26
   64  149    8.649668e-17   -2.053495e-23
   64  150    2.953402e-14    9.539028e-22
   64  151    2.092080e-15   -3.721824e-23
   64  152    2.509831e-13    5.023466e-26
   64  153    8.949606e-15   -6.961946e-23
   64  154    2.066768e-12    8.233840e-24
   64  155    8.397010e-14    1.890200e-21
   64  156    3.345687e-12    3.801497e-22
   64  157    4.764220e-14    4.109544e-23
   64  158    1.378035e-13    4.366124e-25
   64  159    1.393091e-16   -3.988558e-22
   64  160    3.260111e-17    6.840903e-31
   64  161    2.223358e-21   -1.924257e-24
   64  162    4.330357e-23   -1.635948e-26
   64  163    1.883123e-28   -5.272844e-31
   64  164    5.450436e-29   -2.306212e-31
   65  147    5.130740e-29   -1.655795e-33
   65  148    3.875373e-28   -2.049690e-32
   65  149    3.079059e-30   -3.299783e-35
   65  150    7.303852e-26   -1.112545e-30
   65  151    2.895540e-21   -8.695381e-27
   65  152    7.215970e-22   -2.179082e-27
   65  153    1.305265e-17   -1.230377e-23
   65  154    3.249338e-18   -7.993036e-24
   65  155    4.552677e-15   -1.883939e-21
   65  156    9.157377e-16   -4.411077e-22
   65  157    1.864386e-13    1.687861e-21
   65  158    1.350954e-14   -4.528740e-25
   65  159    1.614090e-13    1.013971e-21
   65  160    1.628813e-15   -4.962150e-23
   65  161    2.130780e-15   -6.799626e-22
   65  162    3.896778e-18   -1.627087e-21
   65  163    2.272277e-19   -3.697885e-23
   65  164    1.031371e-23   -1.090964e-26
   65  165    6.648239e-26   -9.967350e-29
   65  166    1.162105e-30   -8.815525e-33
   66  152    8.144553e-26   -1.807704e-30
   66  153    3.288122e-24   -2.721683e-29
   66  154    1.245365e-19    7.993468e-27
   66  155    9.388517e-20   -5.021297e-25
   66  156    3.774711e-16    6.369121e-23
   66  157    2.621842e-16   -1.700719e-21
   66  158    1.840852e-13    4.842874e-24
   66  159    4.038364e-14    1.380663e-20
   66  160    2.510798e-12    5.823902e-21
   66  161    9.382426e-14    1.140782e-18
   66  162    6.621765e-13    8.064948e-19
   66  163    3.946307e-15    3.743219e-23
   66  164    4.156581e-15    8.381283e-19
   66  165    7.844751e-19   -1.778174e-23
   66  166    2.363483e-20   -1.530591e-26
   66  167    2.649714e-25   -1.356222e-28
   66  168    1.643484e-27   -5.994768e-31
   66  169    2.404486e-30   -1.173903e-32
   67  155    2.462832e-25   -1.628242e-29
   67  156    2.298131e-25   -1.302304e-29
   67  157    1.187501e-20   -2.990823e-24
   67  158    1.697708e-20   -4.766917e-24
   67  159    1.499711e-16   -1.442173e-20
   67  160    4.670262e-17   -5.769777e-21
   67  161    5.347117e-14   -1.140026e-18
   67  162    3.804442e-15   -8.231950e-19
   67  163    3.428458e-13    2.026266e-19
   67  164    1.276533e-14   -1.396884e-18
   67  165    7.107182e-14    5.139380e-19
   67  166    1.528845e-16   -3.013432e-22
   67  167    3.739108e-17   -6.592091e-22
   67  168    5.628282e-21   -5.986867e-24
   67  169    1.469107e-22   -9.884241e-26
   67  170    2.391932e-27   -2.743583e-30
   67  171    2.000815e-28   -7.188027e-31
   68  157    1.271748e-28   -2.162017e-32
   68  158    3.436583e-23   -7.941015e-28
   68  159    1.337984e-22   -1.179430e-26
   68  160    2.435997e-18   -4.503134e-24
   68  161    4.514291e-18   -7.409409e-23
   68  162    8.784769e-15    1.832729e-20
   68  163    4.788892e-15   -2.025421e-19
   68  164    8.566404e-13    5.615639e-19
   68  165    1.006804e-13   -5.040850e-19
   68  166    2.681911e-12    9.614626e-21
   68  167    4.375706e-14    7.013945e-20
   68  168    8.091519e-14    6.835612e-22
   68  169    8.986516e-17   -2.100022e-23
   68  170    1.030753e-17    8.622797e-26
   68  171    1.109979e-21   -7.797990e-27
   68  172    1.348921e-23   -1.451100e-29
   68  173    6.181972e-29   -1.401279e-31
   68  174    5.192247e-29   -5.149094e-32
   69  159    1.903012e-30   -6.612041e-34
   69  160    5.128756e-28   -1.731443e-31
   69  161    4.206041e-23   -4.424552e-27
   69  162    1.580984e-22   -2.314705e-26
   69  163    2.908293e-18   -8.493111e-23
   69  164    1.769865e-18   -2.806846e-21
   69  165    5.578671e-15   -9.789826e-21
   69  166    1.354891e-15   -8.656324e-21
   69  167    2.915536e-13    8.728245e-20
   69  168    2.861539e-14   -6.776421e-22
   69  169    1.993322e-13    1.167351e-20
   69  170    3.866826e-15   -6.632773e-23
   69  171    2.544964e-15   -7.988604e-24
   69  172    3.831471e-18   -3.185665e-24
   69  173    1.699711e-19   -1.089691e-24
   69  174    1.606940e-23   -9.443407e-27
   69  175    1.568988e-26   -3.275692e-30
   69  176    3.511207e-30   -5.864477e-33
   70  162    5.253068e-26   -8.851353e-30
   70  163    7.193296e-25   -2.065813e-28
   70  164    3.325007e-20   -1.391410e-24
   70  165    1.416071e-19   -4.539180e-23
   70  166    7.038601e-16   -6.569432e-22
   70  167    8.644818e-16   -1.567614e-19
   70  168    5.273639e-13    5.441651e-23
   70  169    1.695243e-13   -1.065288e-20
   70  170    4.473079e-12    3.677448e-22
   70  171    2.659822e-13    2.439771e-20
   70  172    1.090439e-12    5.332788e-21
   70  173    8.649679e-15    1.419724e-21
   70  174    3.567786e-15    2.083519e-23
   70  175    8.949061e-19   -4.707031e-25
   70  176    1.640750e-20    5.880105e-33
   70  177    1.052674e-24   -2.913277e-29
   70  178    7.950528e-27   -3.409511e-31
   71  164    1.455734e-30   -1.474358e-33
   71  165    3.804162e-26   -1.124739e-29
   71  166    2.228005e-25   -2.668051e-28
   71  167    2.088997e-20   -1.287223e-24
   71  168    9.419503e-20   -5.429776e-23
   71  169    6.456558e-16   -9.959563e-22
   71  170    2.755203e-16   -1.365648e-22
   71  171    9.120804e-14   -2.380998e-20
   71  172    1.620725e-14   -5.029164e-21
   71  173    3.218791e-13    1.418475e-19
   71  174    1.137499e-14   -1.081205e-22
   71  175    1.794523e-14    1.194491e-20
   71  176    5.763704e-17    4.314083e-31
   71  177    5.721454e-18   -1.897857e-24
   71  178    2.466470e-21   -2.762496e-25
   71  179    5.096751e-23   -5.881641e-28
   71  180    2.525667e-27   -1.406138e-30
   71  181    5.572119e-29   -5.052169e-32
   72  167    3.138595e-27   -4.858544e-30
   72  168    4.179529e-22   -5.101308e-26
   72  169    3.641058e-21   -3.573580e-24
   72  170    4.989656e-17   -1.649382e-22
   72  171    1.327480e-16   -5.797206e-22
   72  172    9.309931e-14   -3.004180e-22
   72  173    6.395540e-14   -1.431734e-19
   72  174    3.399331e-12    1.226336e-22
   72  175    3.795344e-13    2.576258e-20
   72  176    2.510443e-12    6.324418e-21
   72  177    2.567350e-14    1.148674e-19
   72  178    2.761165e-14    5.888205e-20
   72  179    6.094346e-17    1.874256e-21
   72  180    1.744191e-17    6.231891e-20
   72  181    1.826960e-21   -9.499218e-29
   72  182    1.204939e-23    2.013034e-37
   72  183    9.381611e-29   -4.880614e-33
   72  184    1.023075e-28   -1.316209e-33
   73  169    1.203386e-30   -7.793560e-34
   73  170    1.043975e-27   -4.895971e-31
   73  171    1.129485e-22   -1.536135e-26
   73  172    2.286656e-22   -1.953126e-26
   73  173    5.501417e-18   -9.269508e-23
   73  174    7.609582e-19   -2.014697e-23
   73  175    7.485956e-15   -3.762158e-20
   73  176    9.665729e-16    2.249997e-20
   73  177    1.230688e-13   -8.667812e-20
   73  178    1.727455e-16   -2.936442e-20
   73  179    5.650356e-13    7.767904e-18
   73  180    1.118920e-14   -7.246376e-20
   73  181    1.237280e-14    4.551896e-21
   73  182    1.055980e-17   -2.028825e-25
   73  183    3.542323e-19   -1.529436e-25
   73  184    7.390498e-24   -4.495604e-29
   73  185    5.484657e-26   -3.528045e-30
   73  186    2.334323e-30   -7.055048e-34
   74  171    1.479270e-30   -1.969642e-33
   74  172    3.528653e-25   -1.696642e-28
   74  173    8.538191e-24   -3.565129e-27
   74  174    1.587773e-19   -1.519194e-23
   74  175    9.468688e-19   -8.544428e-23
   74  176    1.362461e-15   -2.882438e-20
   74  177    1.172473e-15   -2.818454e-20
   74  178    2.899068e-13   -2.951038e-20
   74  179    9.059134e-14   -7.761857e-18
   74  180    3.094751e-12    8.010218e-20
   74  181    2.510180e-13    6.991060e-20
   74  182    1.216673e-12    5.469498e-21
   74  183    3.952800e-15    1.005750e-20
   74  184    1.067418e-15    2.144651e-22
   74  185    3.346118e-19   -9.813213e-27
   74  186    2.207053e-20    9.694866e-25
   74  187    7.814886e-25   -1.722130e-30
   74  188    7.285696e-27   -2.300469e-34
   75  175    9.906072e-26   -5.343229e-29
   75  176    1.223319e-24   -7.324732e-28
   75  177    1.239271e-20   -2.809063e-24
   75  178    2.901977e-20   -6.935867e-24
   75  179    4.867314e-17   -7.920567e-21
   75  180    5.364255e-17   -6.900792e-20
   75  181    2.800204e-14   -7.390685e-20
   75  182    6.606344e-15    4.410204e-20
   75  183    3.195719e-13    7.858480e-20
   75  184    3.446555e-15   -2.151196e-22
   75  185    5.308416e-15    4.666710e-21
   75  186    2.188044e-17   -1.297796e-23
   75  187    4.937625e-18    1.725633e-30
   75  188    2.437998e-21   -7.585167e-27
   75  189    8.052947e-23   -1.752372e-28
   75  190    2.635059e-27   -2.697458e-30
   75  191    2.231758e-27   -7.226801e-31
   75  192    1.045688e-29   -1.244400e-31
   76  177    6.615335e-28   -6.997719e-31
   76  178    6.427631e-23   -4.079514e-26
   76  179    9.436969e-22   -4.607282e-25
   76  180    6.432233e-18   -9.494005e-22
   76  181    1.838505e-17   -5.555237e-22
   76  182    2.046251e-14   -4.957086e-20
   76  183    2.178647e-14   -8.794411e-20
   76  184    2.512082e-12    5.875709e-22
   76  185    1.982708e-13    9.453479e-20
   76  186    1.764942e-12    7.516037e-21
   76  187    1.985522e-14    9.808905e-19
   76  188    6.125064e-14    1.438575e-20
   76  189    9.116888e-17    5.675145e-20
   76  190    9.806536e-17    7.594707e-22
   76  191    4.674454e-20   -6.691289e-27
   76  192    2.002094e-20    1.075822e-25
   76  193    1.955399e-24   -3.447323e-30
   76  194    5.015232e-26   -5.052353e-35
   76  195    7.290856e-30   -2.570769e-33
   76  196    1.685640e-28   -1.535664e-32
   77  180    1.011321e-27   -2.139559e-30
   77  181    1.920853e-22   -1.244013e-25
   77  182    2.267492e-21   -4.797105e-25
   77  183    1.253808e-17   -6.980404e-22
   77  184    3.421525e-17   -5.866403e-22
   77  185    2.698907e-14   -9.920083e-20
   77  186    2.360605e-15   -6.309411e-21
   77  187    1.947357e-13   -9.803197e-19
   77  188    1.125733e-14   -7.885377e-21
   77  189    3.398016e-13   -9.997190e-21
   77  190    4.068392e-15   -1.619461e-21
   77  191    2.167454e-14    7.719851e-20
   77  192    7.573042e-17   -2.260005e-24
   77  193    2.455992e-16    6.294127e-24
   77  194    2.232556e-19   -6.124915e-25
   77  195    1.972913e-20   -4.173916e-25
   77  196    1.470586e-24   -5.384693e-27
   77  197    7.060614e-26   -3.863114e-29
   77  198    1.772231e-30   -4.218025e-32
   78  182    8.209048e-30   -9.765045e-33
   78  183    1.136279e-26   -5.547509e-30
   78  184    1.499609e-21   -2.745496e-25
   78  185    1.481392e-20   -6.636772e-25
   78  186    4.699324e-17   -1.194620e-21
   78  187    2.535885e-17   -5.707337e-22
   78  188    3.007636e-14   -6.500362e-21
   78  189    9.601181e-15   -4.671358e-20
   78  190    1.295103e-12    9.267515e-22
   78  191    9.933129e-14   -5.993611e-20
   78  192    2.875347e-12    3.005665e-21
   78  193    5.222917e-14    2.211240e-19
   78  194    7.673702e-13    1.452623e-20
   78  195    3.949683e-15    5.707940e-21
   78  196    5.675636e-15    7.546221e-21
   78  197    5.809341e-18   -1.544805e-23
   78  198    8.928095e-19    4.217787e-32
   78  199    2.027235e-22   -2.086467e-26
   78  200    7.982182e-24   -3.347614e-29
   78  201    5.428269e-29   -6.890424e-32
   78  202    9.692479e-28   -1.167990e-33
   79  186    1.533794e-29   -4.548926e-33
   79  187    5.426311e-24   -2.074685e-27
   79  188    1.457679e-23   -5.236556e-27
   79  189    3.674686e-19   -4.067901e-23
   79  190    9.011118e-19   -6.671362e-23
   79  191    1.033542e-15   -1.726230e-20
   79  192    2.807931e-16   -2.924651e-21
   79  193    7.374647e-14   -2.209545e-19
   79  194    1.045202e-14   -1.452541e-20
   79  195    4.825892e-13    3.243785e-20
   79  196    2.271512e-14   -8.114263e-21
   79  197    1.169456e-13    2.615631e-19
   79  198    1.960112e-15   -1.601787e-21
   79  199    1.214591e-15   -8.533399e-22
   79  200    2.286030e-18   -1.500929e-22
   79  201    2.856186e-19   -3.486107e-23
   79  202    8.381883e-23   -5.619535e-25
   79  203    3.273734e-24   -1.038884e-26
   79  204    1.403619e-28   -6.714969e-31
   80  188    1.914557e-28   -1.869442e-31
   80  189    1.018434e-26   -4.252480e-30
   80  190    2.997356e-22   -4.755908e-26
   80  191    1.531471e-21   -9.918309e-26
   80  192    7.248380e-18   -7.886177e-23
   80  193    1.265260e-17   -1.758452e-22
   80  194    1.471714e-14   -1.669103e-25
   80  195    7.592690e-15   -3.807612e-20
   80  196    1.370013e-12    6.991371e-22
   80  197    3.173155e-13   -2.194646e-19
   80  198    8.496402e-12    2.423382e-20
   80  199    6.158024e-13    2.279948e-18
   80  200    2.926580e-12    2.536010e-19
   80  201    3.538112e-14    1.451736e-18
   80  202    1.713862e-14    4.964148e-20
   80  203    4.057394e-17   -1.906578e-24
   80  204    1.278451e-17    1.612500e-24
   80  205    7.387206e-22   -4.566746e-25
   80  206    1.199770e-23   -4.577977e-27
   81  192    3.864330e-27   -1.277404e-30
   81  193    2.038967e-23   -2.986376e-27
   81  194    3.458033e-22   -3.325364e-26
   81  195    1.520394e-18   -6.925601e-23
   81  196    4.557753e-18   -1.310900e-22
   81  197    2.254405e-15   -4.208201e-20
   81  198    2.270379e-15   -2.234754e-20
   81  199    3.195823e-13   -2.278428e-18
   81  200    1.251299e-13   -1.885306e-19
   81  201    2.005147e-12   -1.276363e-18
   81  202    2.763582e-13   -4.964050e-20
   81  203    7.631742e-13    2.031600e-18
   81  204    3.451213e-14   -5.521976e-23
   81  205    2.199734e-14    4.612817e-25
   81  206    9.656288e-17   -7.296045e-20
   81  207    3.903768e-18   -2.598941e-21
   81  208    1.372255e-28   -1.427778e-31
   82  195    1.497451e-26   -3.168006e-30
   82  196    4.438225e-22    0.000000e+00
   82  197    2.704229e-21   -1.059459e-24
   82  198    1.290965e-17   -2.844971e-22
   82  199    1.890786e-17   -6.666596e-22
   82  200    2.639153e-14   -6.492015e-20
   82  201    3.094144e-14   -1.751521e-19
   82  202    3.605523e-12    4.351826e-22
   82  203    1.995322e-12   -1.993264e-18
   82  204    5.457856e-11    4.695297e-20
   82  205    1.321089e-11    7.296478e-20
   82  206    1.139720e-10    1.367346e-19
   82  207    9.410912e-12    2.976739e-21
   82  208    5.709078e-11    0.000000e+00
   82  209    5.778685e-20   -9.404131e-25
   82  210    8.965990e-27   -2.435401e-36
   83  197    2.546629e-27   -8.658726e-31
   83  198    1.668215e-26   -5.139744e-30
   83  199    2.546515e-22   -2.993020e-26
   83  200    2.821731e-21   -2.464545e-25
   83  201    6.039916e-18   -1.860872e-22
   83  202    1.409260e-17   -4.355961e-22
   83  203    8.516727e-15   -3.833445e-20
   83  204    9.951111e-15   -4.689936e-20
   83  205    5.058593e-13   -7.296479e-20
   83  206    1.805355e-13   -6.377419e-20
   83  207    1.976313e-12   -3.777986e-22
   83  208    1.769255e-13   -2.903008e-27
   83  209    2.478583e-13    9.404232e-25
   83  210    3.732494e-21   -1.641288e-27
   83  211    3.323810e-29    0.000000e+00
   84  202    1.140722e-30   -7.948811e-35
   84  203    8.042544e-29   -6.952931e-33
   84  204    1.660010e-26   -2.472098e-31
   84  205    1.977972e-26   -6.013795e-31
   84  206    2.222122e-24   -5.263867e-31
   84  207    1.005091e-24   -9.154967e-30
   84  208    2.633007e-23   -2.192297e-36
   84  209    3.169955e-24   -8.996205e-37
   84  210    5.582158e-25    1.641309e-27
    0    1    1.978745e-28    3.368795e-31
    1    1    9.901376e-25   -1.937400e-26
    2    4    1.399100e-14   -2.444314e-19
