2.0000e+01
2.7470e-01
5.1724e-01
4.5511e+03
    1    2    3.727081e-25    3.442354e-27
    1    3    9.058499e-19   -1.734302e-26
    2    3    9.607105e-18   -1.336494e-26
    3    6    2.398550e-26   -1.223995e-33
    3    7    3.273685e-25    6.879683e-28
    4    7    1.820072e-26    1.483923e-28
    4   10    8.423321e-28   -2.062711e-41
    5   10    1.267323e-24   -2.152973e-35
    5   11    7.523804e-16    2.727488e-23
    6   11    1.748088e-19   -2.728224e-23
    6   12    6.724222e-04    0.000000e+00
    6   13    1.320133e-10    1.430630e-20
    6   14    8.038612e-11   -8.513498e-23
    7   13    4.574865e-17   -1.454348e-20
    7   14    5.388234e-09    1.356576e-22
    7   15    3.564878e-11    2.021745e-13
    7   16    7.156760e-28   -1.911182e-29
    7   17    2.749055e-25   -1.255230e-26
    8   14    2.415934e-20   -6.515664e-23
    8   15    1.295410e-10   -2.021745e-13
    8   16    4.799615e-02    0.000000e+00
    8   17    1.729784e-10    9.928752e-23
    8   18    4.110202e-12    9.264414e-16
    8   19    2.931878e-21   -2.075246e-23
    8   20    7.388372e-26   -1.042061e-27
    9   17    1.333689e-25   -1.762512e-26
    9   18    3.206454e-11   -9.264414e-16
    9   19    1.962162e-11    4.505624e-17
    9   20    1.652537e-15   -2.834682e-17
    9   21    1.928798e-20   -8.828168e-22
    9   22    2.644947e-27   -1.059601e-28
   10   18    6.515151e-28   -7.428220e-29
   10   19    4.070107e-15   -4.505622e-17
   10   20    5.363521e-03    2.862294e-17
   10   21    7.779638e-07    8.740353e-16
   10   22    2.497767e-08    4.141992e-17
   10   23    1.384426e-13   -7.086049e-16
   10   24    2.176101e-17   -2.041075e-20
   11   21    1.032844e-13   -8.740344e-16
   11   22    1.786045e-08   -3.321181e-17
   11   23    1.010747e-05    4.470825e-10
   11   24    3.892937e-09   -1.372580e-14
   11   25    6.763830e-13   -2.179129e-15
   11   26    1.830145e-22   -3.256706e-23
   12   22    1.672624e-16   -8.208109e-18
   12   23    2.653324e-08   -4.470817e-10
   12   24    2.329683e-03    1.372600e-14
   12   25    1.902095e-04    2.317835e-15
   12   26    1.119122e-04    1.356149e-10
   12   27    1.882417e-08   -6.321340e-12
   12   28    5.529593e-12   -1.398285e-17
   12   29    3.626230e-26   -5.311154e-27
   13   24    1.041543e-23   -9.673792e-25
   13   25    5.230411e-15   -1.387039e-16
   13   26    8.712801e-06   -1.356149e-10
   13   27    2.784195e-04    1.119565e-10
   13   28    1.142275e-06   -1.623094e-09
   13   29    3.323940e-09   -1.606330e-12
   13   30    5.669194e-15   -2.981875e-16
   13   31    1.234864e-24   -3.651000e-25
   14   26    5.245986e-17   -4.479211e-18
   14   27    2.302387e-09   -1.056352e-10
   14   28    8.997861e-04    1.623094e-09
   14   29    3.098184e-04    1.606834e-12
   14   30    1.961737e-04    1.008455e-09
   14   31    6.563512e-08   -1.323863e-12
   14   32    8.013698e-10   -3.159168e-20
   14   33    3.799276e-18   -1.183962e-19
   14   34    4.931894e-22   -3.390093e-23
   15   28    2.020836e-30    4.362770e-32
   15   29    1.096307e-14   -5.042074e-16
   15   30    7.944596e-07   -1.008455e-09
   15   31    3.530400e-05    1.788999e-12
   15   32    1.714038e-07   -2.653435e-14
   15   33    3.209985e-08   -2.790792e-15
   15   34    1.141511e-11   -1.752810e-13
   15   35    4.079700e-14   -1.642271e-16
   15   36    3.343462e-26   -1.136801e-27
   15   37    2.559742e-28   -2.109899e-29
   16   30    1.762759e-20   -2.844382e-21
   16   31    6.278221e-12   -4.651364e-13
   16   32    6.464902e-05    2.653438e-14
   16   33    2.811955e-06    2.791262e-15
   16   34    4.693089e-06    2.263269e-13
   16   35    5.224964e-08   -1.153425e-15
   16   36    2.344744e-08    9.926167e-24
   16   37    4.170019e-16   -2.620423e-19
   16   38    8.344587e-18   -1.557687e-22
   16   39    3.454930e-26   -5.720297e-28
   16   40    1.463568e-27   -3.166684e-29
   17   33    4.625976e-18   -3.509172e-19
   17   34    4.101805e-13   -5.104582e-14
   17   35    1.415943e-06    1.801511e-15
   17   36    2.265116e-08   -4.532950e-22
   17   37    1.033265e-08    1.525202e-16
   17   38    5.979804e-12   -5.105737e-16
   17   39    9.247874e-14   -5.225041e-18
   17   40    1.234016e-17   -2.900772e-20
   17   41    2.446376e-19   -1.213022e-21
   17   42    4.440220e-24   -1.243285e-25
   17   43    5.483797e-27   -3.335895e-28
   18   34    1.659481e-25   -3.739321e-26
   18   35    4.523365e-15   -4.838593e-16
   18   36    1.388736e-07    4.499863e-22
   18   37    2.422996e-09   -1.522581e-16
   18   38    1.866034e-08    8.911880e-16
   18   39    2.105459e-10    5.220319e-18
   18   40    6.208118e-11    2.900772e-20
   18   41    2.485504e-13   -7.191081e-18
   18   42    3.759662e-15   -5.639953e-25
   18   43    6.398729e-19   -3.783696e-22
   18   44    1.485508e-20   -3.972576e-24
   18   45    2.045074e-26   -1.811116e-28
   18   46    3.840630e-28   -8.705584e-30
   19   37    1.180919e-24   -1.827610e-25
   19   38    9.155329e-13   -3.806141e-16
   19   39    2.993691e-09    4.979627e-21
   19   40    9.491445e-11    0.000000e+00
   19   41    2.158563e-11    7.192294e-18
   19   42    1.775096e-12   -7.612335e-18
   19   43    2.293624e-13   -5.434980e-19
   19   44    1.159436e-14   -1.659854e-18
   19   45    9.120661e-16   -1.622998e-19
   19   46    9.137783e-18   -1.657027e-20
   19   47    4.090370e-20   -4.450446e-22
   19   48    9.550509e-28   -2.643709e-29
   20   39    1.164611e-21   -2.578454e-22
   20   40    9.205724e-11    0.000000e+00
   20   41    9.631702e-12   -5.703023e-25
   20   42    2.571017e-08    7.612335e-18
   20   43    1.328341e-08    1.239562e-15
   20   44    4.757323e-08    2.863076e-15
   20   45    5.160010e-09   -7.001415e-17
   20   46    3.060686e-09    2.221289e-16
   20   47    8.462907e-11   -4.110738e-17
   20   48    2.381368e-10    0.000000e+00
   20   49    1.141364e-15   -4.155274e-19
   20   50    9.020053e-19   -1.235583e-20
   20   51    6.970814e-27   -1.327271e-28
   21   42    4.552585e-25   -1.272885e-25
   21   43    9.110256e-11   -1.239018e-15
   21   44    2.149024e-10   -2.861415e-15
   21   45    1.992281e-08    1.668819e-16
   21   46    8.445300e-09   -4.442247e-16
   21   47    3.049776e-09   -1.968192e-15
   21   48    1.256539e-09   -1.523910e-15
   21   49    2.713316e-10   -1.506155e-14
   21   50    1.813356e-13   -3.384869e-16
   21   51    1.083512e-15   -1.663752e-17
   21   52    9.339405e-22   -2.170560e-23
   21   53    8.002711e-29   -6.348978e-30
   22   44    1.784346e-11   -1.797525e-21
   22   45    5.637614e-12   -9.670540e-17
   22   46    1.572125e-08    2.221123e-16
   22   47    1.030250e-08    5.381462e-15
   22   48    1.705422e-08    1.531040e-15
   22   49    1.193540e-08    1.509032e-14
   22   50    4.930672e-08    3.384993e-16
   22   51    5.537575e-10   -3.047177e-13
   22   52    4.436596e-11   -8.281799e-14
   22   53    1.126857e-15   -6.561402e-18
   22   54    8.245589e-21   -1.046664e-21
   22   55    2.886184e-30   -4.227246e-31
   23   46    3.910263e-27   -1.760126e-27
   23   47    3.471249e-11   -3.372162e-15
   23   48    5.167770e-11   -7.037720e-18
   23   49    4.244029e-09   -2.138605e-17
   23   50    2.518748e-09    0.000000e+00
   23   51    1.268153e-08    3.048096e-13
   23   52    4.265034e-09   -3.526438e-12
   23   53    4.189977e-10   -8.615388e-13
   23   54    1.756851e-13   -6.717091e-16
   23   55    3.447973e-15   -1.003839e-16
   24   47    2.191283e-29   -8.344571e-30
   24   48    3.770448e-14   -9.251747e-20
   24   49    9.295921e-14   -6.968451e-18
   24   50    5.126344e-10    0.000000e+00
   24   51    9.438285e-10   -5.605373e-17
   24   52    3.838248e-08    3.609257e-12
   24   53    1.291328e-08    8.615454e-13
   24   54    1.207583e-07    7.125003e-16
   24   55    7.564265e-10   -6.857419e-13
   24   56    1.704330e-10   -9.115537e-14
   24   57    1.571858e-15   -1.418422e-17
   24   58    9.500711e-17   -2.584260e-18
   24   59    2.001143e-29   -3.628822e-30
   25   51    2.784462e-13   -1.913972e-17
   25   52    2.439328e-12   -9.613314e-19
   25   53    2.911643e-09    3.480892e-19
   25   54    5.784413e-09   -4.079026e-17
   25   55    3.239677e-08    6.858529e-13
   25   56    1.104334e-08   -1.354287e-13
   25   57    2.806431e-09   -6.257086e-12
   25   58    1.475033e-13   -9.359212e-15
   25   59    1.653961e-13   -6.861059e-15
   25   61    1.161688e-25   -3.303336e-26
   26   52    4.214361e-17   -2.692661e-22
   26   53    9.341958e-16   -3.480939e-19
   26   54    2.219598e-09    1.182868e-22
   26   55    4.840702e-09   -8.881332e-18
   26   56    1.152731e-06    2.265841e-13
   26   57    6.428295e-07    6.257415e-12
   26   58    5.168992e-06    1.010382e-14
   26   59    2.257878e-07   -4.334446e-15
   26   60    8.194031e-08   -1.852885e-22
   26   61    7.046761e-12   -3.737398e-15
   26   62    1.881115e-12   -5.267221e-15
   26   63    1.893139e-19   -5.909227e-21
   26   64    1.276518e-21   -1.215275e-22
   27   55    5.839332e-13   -1.762004e-18
   27   56    2.502262e-12   -7.140262e-20
   27   57    3.887176e-08   -3.149526e-16
   27   58    2.385044e-08   -7.507993e-16
   27   59    1.737286e-06    1.119551e-14
   27   60    3.860034e-07   -4.427560e-16
   27   61    3.030648e-07   -9.710848e-12
   27   62    4.704047e-09   -9.946653e-12
   27   63    1.844194e-09   -1.281535e-11
   27   64    2.252713e-22   -2.144709e-23
   27   65    9.497428e-18   -1.558925e-18
   27   67    1.715769e-30   -7.686799e-31
   28   56    8.617297e-17   -3.125183e-23
   28   57    3.885877e-15   -5.780361e-21
   28   58    1.283985e-09    8.777384e-18
   28   59    1.849881e-08    1.734234e-19
   28   60    1.012563e-06    5.566705e-16
   28   61    9.228985e-07    9.719475e-12
   28   62    3.530172e-06    1.023496e-11
   28   63    5.444637e-07    1.281532e-11
   28   64    1.719374e-06    2.583688e-13
   28   65    8.215366e-09   -1.726516e-13
   28   66    4.410337e-09   -4.262564e-15
   28   67    4.493120e-13   -4.073842e-15
   28   68    1.184003e-13   -7.773762e-16
   28   69    9.983951e-21   -1.697304e-22
   28   70    1.350524e-21   -4.285777e-23
   29   58    1.731271e-26   -1.030132e-27
   29   59    7.485956e-17   -1.748900e-19
   29   60    8.495557e-13   -1.139142e-16
   29   61    3.081494e-10   -4.889239e-15
   29   62    8.621731e-10   -2.830349e-13
   29   63    1.077879e-07    6.023160e-17
   29   64    1.008335e-07   -4.201086e-13
   29   65    1.170805e-06    1.731401e-13
   29   66    1.691311e-07   -1.048926e-10
   29   67    4.311319e-07   -3.640551e-13
   29   68    8.378765e-10   -5.162168e-12
   29   69    1.111753e-09   -1.237906e-12
   29   70    5.988530e-15   -2.562348e-17
   29   71    1.014559e-14   -9.957513e-17
   29   72    3.426947e-21   -9.841706e-23
   29   73    1.373621e-21   -6.227226e-23
   29   74    8.918187e-30   -1.067964e-30
   30   60    5.205914e-21   -6.931652e-24
   30   61    7.255929e-17   -1.550577e-19
   30   62    3.307544e-13   -1.902631e-18
   30   63    3.364684e-13   -2.773363e-17
   30   64    1.156765e-07    1.617398e-13
   30   65    5.396973e-08   -2.972569e-16
   30   66    7.281109e-07    1.048969e-10
   30   67    2.410410e-07    3.712411e-13
   30   68    2.132251e-06    5.263243e-12
   30   69    3.373513e-08   -6.624913e-13
   30   70    7.737288e-08    1.162893e-14
   30   71    5.421240e-11   -7.011975e-14
   30   72    6.253961e-11   -7.130158e-17
   30   73    2.247429e-15   -1.820936e-17
   30   74    1.987167e-15   -3.957779e-18
   30   75    6.810565e-22   -1.271335e-23
   30   76    1.561202e-22   -5.215094e-24
   31   63    5.979500e-23   -3.513971e-25
   31   64    3.249184e-19   -3.915555e-22
   31   65    9.089092e-13   -1.897596e-16
   31   66    1.740858e-11   -9.690704e-17
   31   67    4.609427e-09   -3.111614e-15
   31   68    2.138643e-09   -1.002971e-13
   31   69    4.357447e-08    1.900414e-12
   31   70    1.887562e-08   -2.829935e-12
   31   71    2.873164e-07    7.330625e-14
   31   72    8.141715e-09   -3.044362e-14
   31   73    3.639624e-08   -3.959698e-13
   31   74    3.786711e-10   -1.480466e-13
   31   75    4.196904e-10   -6.342102e-13
   31   76    3.786397e-14   -2.211484e-16
   31   77    2.640396e-14   -3.808655e-16
   31   78    3.415292e-19   -1.277574e-20
   31   79    5.132222e-21   -3.428768e-22
   31   80    9.037175e-30   -1.015427e-30
   32   64    1.321666e-26   -3.950555e-29
   32   65    2.077708e-23   -1.280274e-25
   32   66    5.274725e-16   -1.233818e-20
   32   67    3.343957e-15   -5.634526e-19
   32   68    3.437552e-11   -2.797003e-19
   32   69    1.215755e-11   -1.641664e-17
   32   70    1.996764e-08    2.818332e-12
   32   71    1.601710e-08   -3.078614e-15
   32   72    1.586048e-07    3.053851e-14
   32   73    4.785617e-08    3.960216e-13
   32   74    3.916610e-07    1.480831e-13
   32   75    2.570857e-08   -3.507027e-13
   32   76    2.679931e-08    9.213033e-15
   32   77    1.262614e-10   -2.098143e-16
   32   78    8.408836e-11   -3.032337e-15
   32   79    1.374014e-14   -1.376938e-16
   32   80    4.900364e-15   -3.162895e-17
   32   81    1.283937e-21   -3.216679e-23
   32   82    5.726558e-23   -2.391129e-24
   33   67    4.361661e-27   -1.954064e-29
   33   68    1.229340e-22   -1.539949e-25
   33   69    5.809441e-18   -1.212879e-21
   33   70    6.791831e-16   -4.092341e-20
   33   71    1.025737e-11   -8.311241e-18
   33   72    1.159643e-11   -2.357491e-17
   33   73    1.224426e-09   -3.342862e-17
   33   74    3.988316e-10   -4.931215e-17
   33   75    4.045059e-09    9.849131e-13
   33   76    4.397800e-09   -1.785256e-14
   33   77    2.276186e-08   -3.036646e-14
   33   78    9.908913e-10   -3.164944e-14
   33   79    4.514963e-09   -1.588907e-12
   33   80    2.296345e-11   -2.876219e-13
   33   81    5.652841e-11   -3.232205e-13
   33   82    1.332473e-15   -1.328321e-17
   33   83    1.108543e-15   -1.575157e-17
   33   84    1.350492e-25   -6.122370e-27
   33   85    1.334695e-30   -5.107806e-32
   34   68    1.390583e-30   -7.458367e-33
   34   69    1.409351e-26   -9.793635e-29
   34   70    5.039282e-21   -3.884602e-25
   34   71    6.851214e-20   -4.593297e-23
   34   72    5.693176e-14   -1.493147e-20
   34   73    2.231400e-14   -1.653109e-19
   34   74    5.384892e-12    1.676614e-17
   34   75    1.408742e-11   -2.485870e-19
   34   76    4.161948e-10    8.860685e-15
   34   77    5.038983e-10    3.095845e-14
   34   78    3.886316e-08    3.499014e-14
   34   79    1.222646e-08    1.589045e-12
   34   80    7.382896e-08    2.892707e-13
   34   81    8.493798e-09   -1.133765e-12
   34   82    7.055806e-09    7.214392e-16
   34   83    7.440608e-12   -1.041503e-15
   34   84    2.634710e-12   -2.559487e-15
   34   85    1.318218e-19   -7.628973e-22
   34   86    4.494064e-23   -5.983851e-25
   35   72    2.690143e-28   -6.516697e-31
   35   73    8.051257e-22   -7.514700e-25
   35   74    3.571182e-19   -4.473458e-23
   35   75    3.601271e-16   -1.182235e-20
   35   76    2.238202e-15   -7.308119e-21
   35   77    1.408783e-12   -1.308416e-18
   35   78    6.267997e-13   -3.083845e-16
   35   79    6.881691e-11    1.940638e-20
   35   80    1.084682e-10   -1.948371e-14
   35   81    5.238410e-10    1.456986e-12
   35   82    4.726452e-10   -1.416736e-15
   35   83    1.320238e-08   -2.898908e-13
   35   84    8.492959e-10   -8.210542e-14
   35   85    2.210072e-09   -2.418430e-12
   35   86    2.762586e-15   -9.546431e-18
   35   87    8.173784e-18   -2.794110e-20
   35   88    8.797719e-25   -1.027687e-26
   35   89    4.071187e-30   -1.518623e-31
   36   74    4.429401e-25   -1.222297e-28
   36   75    1.752703e-23   -1.298530e-26
   36   76    4.261360e-19   -1.522299e-24
   36   77    8.222069e-19   -3.510126e-23
   36   78    2.599293e-15    3.083795e-20
   36   79    1.267606e-14   -1.914974e-20
   36   80    8.069482e-12    1.786655e-14
   36   81    9.137684e-12    2.794548e-20
   36   82    4.527448e-09    7.141783e-16
   36   83    4.797136e-09    2.909482e-13
   36   84    7.499056e-08    8.466515e-14
   36   85    3.234911e-08    2.418412e-12
   36   86    2.943134e-08    9.549238e-18
   36   87    2.706372e-12   -1.124847e-16
   36   88    9.414426e-14   -1.757395e-18
   36   89    1.046730e-19   -1.054506e-22
   36   90    2.035063e-22   -1.199646e-24
   37   77    7.281652e-27   -6.134766e-30
   37   78    5.615093e-25   -1.008616e-28
   37   79    4.739163e-20   -6.586540e-24
   37   80    3.699722e-19   -2.109110e-21
   37   81    2.421643e-15   -2.794572e-20
   37   82    2.219672e-15   -5.597796e-18
   37   83    4.657630e-12   -1.189900e-19
   37   84    3.670732e-12   -2.461017e-19
   37   85    1.991657e-10    1.817073e-17
   37   86    3.382881e-10   -4.000356e-17
   37   87    8.954311e-09    1.125119e-16
   37   88    1.510367e-11   -2.685901e-15
   37   89    2.013975e-12   -4.218576e-16
   37   90    1.104144e-16   -1.330579e-19
   37   91    5.438631e-19   -1.773175e-21
   37   92    1.209641e-26   -5.129118e-28
   37   93    1.143365e-29   -3.675959e-31
   38   79    2.012281e-29   -2.838119e-32
   38   80    1.705063e-23   -5.088545e-28
   38   81    5.462646e-23   -7.762013e-27
   38   82    1.711873e-18   -1.488382e-25
   38   83    3.218955e-17   -5.238590e-23
   38   84    9.124878e-15    9.598117e-21
   38   85    2.787241e-14   -9.400003e-22
   38   86    3.761176e-09    4.000149e-17
   38   87    6.329214e-09    2.449480e-19
   38   88    5.502760e-08    2.687680e-15
   38   89    8.899546e-10    3.830822e-16
   38   90    3.486166e-10    6.027877e-20
   38   91    2.000807e-13   -1.096111e-18
   38   92    1.541898e-14   -3.064541e-19
   38   93    2.290748e-19   -9.779550e-23
   38   94    2.606470e-21   -6.590769e-24
   38   95    1.110921e-29   -8.850390e-32
   39   82    2.566417e-30   -5.887427e-32
   39   83    2.755737e-24   -1.234603e-27
   39   84    1.494937e-22   -1.201005e-26
   39   85    3.889097e-19   -7.673551e-24
   39   86    1.644624e-18   -5.896644e-24
   39   87    3.692327e-13   -2.449479e-19
   39   88    1.013504e-12   -2.095035e-20
   39   89    3.782967e-09    3.877713e-17
   39   90    3.894145e-10   -3.209026e-16
   39   91    1.053758e-09   -3.855386e-17
   39   92    1.739264e-11   -2.604522e-16
   39   93    6.831662e-12   -3.554096e-17
   39   94    1.935291e-14   -3.290056e-18
   39   95    3.780318e-16   -1.164710e-19
   39   96    1.930387e-22   -6.883046e-24
   39   97    1.717642e-27   -8.715993e-29
   40   84    1.394556e-27   -1.713099e-31
   40   85    3.523959e-27   -1.421569e-30
   40   86    8.548630e-23   -2.740126e-28
   40   87    8.907797e-21   -2.803425e-25
   40   88    1.050755e-16   -2.774847e-24
   40   89    2.323942e-15   -1.569040e-21
   40   90    1.268764e-09    3.209754e-16
   40   91    5.200989e-10    3.965175e-17
   40   92    1.473742e-09    2.607586e-16
   40   93    1.740639e-10    3.554105e-17
   40   94    5.885016e-10    3.290062e-18
   40   95    1.560852e-11   -4.209527e-19
   40   96    1.877163e-11    6.882401e-24
   40   97    6.682687e-16   -2.110141e-21
   40   98    1.012090e-18   -6.277058e-21
   40   99    8.972605e-29   -8.135347e-30
   40  100    3.311915e-27    0.000000e+00
   41   87    6.801732e-30   -5.755920e-33
   41   88    4.013429e-26   -8.753419e-30
   41   89    1.202433e-21   -3.131995e-26
   41   90    7.463661e-20   -2.701691e-25
   41   91    2.309601e-13   -2.039881e-24
   41   92    1.839763e-13   -7.135988e-16
   41   93    1.148471e-12    6.526972e-25
   41   94    5.239656e-13   -1.556012e-25
   41   95    1.816923e-12    4.228731e-19
   41   96    2.272171e-13   -5.144116e-19
   41   97    8.030730e-13   -3.531162e-17
   41   98    2.876212e-18   -1.852057e-19
   41   99    5.154120e-18   -6.542474e-20
   41  100    2.876421e-26   -3.651220e-27
   41  101    1.877902e-23   -5.036052e-25
   41  102    1.447303e-28   -6.408671e-30
   42   90    4.830441e-26   -4.598691e-31
   42   91    2.711137e-23   -5.556654e-27
   42   92    5.796217e-14    7.135988e-16
   42   93    1.711883e-16    1.208294e-25
   42   94    2.411139e-13    2.440041e-25
   42   95    2.331008e-13    1.145780e-19
   42   96    3.936002e-11    5.144324e-19
   42   97    6.048380e-12    3.531373e-17
   42   98    1.702369e-10    1.914828e-19
   42   99    2.354494e-13   -1.229467e-19
   42  100    2.812501e-12    1.104725e-21
   42  101    2.414054e-16   -5.241068e-20
   42  102    1.347818e-15   -3.785107e-19
   42  103    5.625455e-20   -1.586840e-22
   42  104    3.882723e-20   -1.232140e-22
   42  105    8.525367e-26   -4.559733e-28
   42  106    7.676640e-28   -1.674300e-29
   43   92    6.278625e-29   -4.688123e-32
   43   93    6.295900e-21   -1.210880e-25
   43   94    8.170318e-21   -8.837288e-26
   43   95    1.036524e-17   -2.741161e-23
   43   96    4.043357e-17   -2.181715e-23
   43   97    2.919277e-15    4.966195e-26
   43   98    1.823528e-15   -2.761013e-30
   43   99    1.925705e-13    1.883714e-19
   43  100    3.458626e-15   -4.248628e-17
   43  101    1.635637e-13   -3.697861e-17
   43  102    2.392087e-17   -4.841111e-19
   43  103    1.898387e-15   -6.668871e-18
   43  104    1.241663e-18   -9.171128e-23
   43  105    5.834605e-18   -2.436244e-21
   43  106    1.046398e-22   -5.596419e-25
   43  107    3.902521e-24   -3.505005e-26
   43  108    4.930453e-30   -1.815808e-31
   44   94    2.299768e-25   -1.407994e-29
   44   95    7.193440e-24   -2.317538e-28
   44   96    5.435186e-21    1.010333e-24
   44   97    6.390541e-20   -4.966358e-26
   44   98    4.363956e-15    1.396284e-28
   44   99    2.368275e-15    1.191969e-26
   44  100    1.114790e-12    4.248517e-17
   44  101    1.654948e-13    3.703102e-17
   44  102    3.752971e-11    8.626221e-19
   44  103    7.714716e-13    6.625701e-18
   44  104    9.311854e-12    2.212686e-19
   44  105    2.308935e-14   -2.723213e-19
   44  106    9.820164e-14   -5.819206e-22
   44  107    1.339046e-17   -1.133155e-20
   44  108    3.608734e-17   -2.516908e-20
   44  109    1.448423e-22   -7.993832e-25
   44  110    3.515121e-23   -5.769773e-25
   45   96    3.990996e-30   -1.279304e-33
   45   97    2.468776e-26   -2.554716e-30
   45   98    3.759284e-25   -1.368347e-28
   45   99    4.682724e-20   -6.414445e-27
   45  100    7.155759e-20   -1.819106e-25
   45  101    3.607533e-17   -6.549992e-26
   45  102    3.694269e-17   -3.929634e-25
   45  103    7.220967e-14    4.332903e-20
   45  104    1.091314e-14   -4.912309e-17
   45  105    4.423594e-12   -6.357010e-18
   45  106    5.738416e-14   -3.629952e-16
   45  107    2.758184e-12   -4.039665e-16
   45  108    4.994391e-15   -5.657928e-17
   45  109    6.760076e-14   -1.608935e-16
   45  110    4.908512e-19   -3.115269e-20
   45  111    7.354092e-18   -1.272954e-19
   45  112    3.936985e-23   -1.629605e-24
   45  113    9.457577e-25   -6.431311e-26
   46   98    1.480093e-28   -2.658638e-32
   46   99    1.363246e-27   -2.027870e-31
   46  100    1.848642e-24   -1.120943e-30
   46  101    8.780175e-23   -5.481219e-28
   46  102    1.151296e-19    8.645653e-26
   46  103    9.815174e-19   -1.271006e-25
   46  104    1.775779e-14    4.890204e-17
   46  105    3.860609e-15    6.631767e-18
   46  106    3.331129e-12    3.629958e-16
   46  107    2.144012e-13    4.039778e-16
   46  108    5.983572e-11    5.660936e-17
   46  109    7.430919e-13    1.580236e-16
   46  110    9.650118e-12    3.035627e-19
   46  111    5.917652e-15   -6.775235e-19
   46  112    5.315241e-14   -1.336828e-19
   46  113    1.885783e-18   -3.860817e-21
   46  114    8.085958e-18   -1.061791e-20
   46  115    2.316308e-23   -1.764135e-25
   46  116    5.185478e-24   -8.367285e-26
   47  101    2.159656e-30   -6.174285e-34
   47  102    8.416678e-29   -2.070498e-32
   47  103    6.299653e-25   -3.044375e-29
   47  104    1.893036e-23   -8.684171e-28
   47  105    6.619405e-20   -3.529928e-27
   47  106    2.218807e-19   -2.948501e-23
   47  107    1.652561e-16    1.914119e-26
   47  108    1.293262e-16   -1.721978e-19
   47  109    2.149911e-13    2.869923e-18
   47  110    1.173162e-14   -9.080326e-17
   47  111    7.192008e-12   -1.321493e-18
   47  112    1.318566e-13   -2.088094e-18
   47  113    3.314353e-12   -3.269305e-17
   47  114    1.163873e-16   -4.806911e-18
   47  115    2.015360e-14   -3.197774e-18
   47  116    6.450590e-19   -5.181543e-22
   47  117    3.416952e-18   -8.936839e-21
   47  118    1.797366e-24   -9.101782e-26
   47  119    4.867550e-29   -1.004077e-29
   48  104    2.120870e-27   -1.167115e-31
   48  105    8.184136e-27   -4.679559e-31
   48  106    1.268505e-22    2.933767e-25
   48  107    2.327900e-21   -1.894200e-26
   48  108    9.520732e-16    1.672902e-19
   48  109    2.183983e-16   -1.034534e-24
   48  110    2.130934e-13    9.053085e-17
   48  111    4.219818e-14    2.126312e-18
   48  112    1.109857e-11    2.221878e-18
   48  113    4.694416e-13    3.269691e-17
   48  114    5.840921e-11    4.820355e-18
   48  115    4.048514e-13    2.796302e-18
   48  116    8.039659e-12    3.427927e-20
   48  117    6.899054e-15   -1.376711e-19
   48  118    5.407635e-14   -3.409381e-18
   48  119    2.125525e-18   -2.513715e-21
   48  120    9.135648e-18   -3.424141e-20
   48  121    4.903361e-23   -6.915737e-25
   48  122    1.065201e-23   -3.870619e-25
   49  107    6.530455e-28   -6.409395e-32
   49  108    8.951429e-27   -4.897671e-31
   49  109    6.043111e-22   -7.670873e-27
   49  110    9.258193e-22   -1.001525e-26
   49  111    3.225018e-19   -2.537424e-25
   49  112    8.392555e-19   -1.779492e-22
   49  113    4.728233e-16    4.507354e-28
   49  114    2.134297e-16   -5.652020e-19
   49  115    4.269784e-13    4.014722e-19
   49  116    1.250075e-14   -1.688079e-16
   49  117    4.393600e-12   -3.228481e-16
   49  118    3.150631e-15   -1.165699e-16
   49  119    1.060346e-12   -1.402036e-15
   49  120    2.826078e-17   -1.712831e-18
   49  121    1.143433e-14   -9.424819e-17
   49  122    1.065992e-21   -1.349259e-22
   49  123    2.994114e-18   -9.239787e-20
   49  124    9.480568e-24   -5.785696e-25
   49  125    9.311261e-24   -7.512272e-25
   49  126    2.473319e-30   -3.077977e-31
   50  109    4.061763e-29   -7.160892e-33
   50  110    2.473125e-26   -3.181731e-31
   50  111    2.034129e-26   -1.826930e-30
   50  112    9.119743e-21    7.829773e-23
   50  113    2.352966e-20   -4.505735e-28
   50  114    1.301100e-14    5.623760e-19
   50  115    7.001227e-15    2.544392e-25
   50  116    8.188836e-12    1.687741e-16
   50  117    1.534427e-12    3.229948e-16
   50  118    6.277197e-11    1.199829e-16
   50  119    3.402750e-12    1.402039e-15
   50  120    9.433572e-11    1.772006e-18
   50  121    1.301008e-12    9.170236e-17
   50  122    9.276170e-12    4.150783e-22
   50  123    3.406808e-14    9.181868e-20
   50  124    1.475915e-13    2.660661e-21
   50  125    1.502147e-16   -3.358441e-23
   50  126    2.632035e-16   -6.606710e-30
   50  127    6.580593e-20   -1.657372e-24
   50  128    4.289294e-20   -2.307071e-24
   50  129    2.130482e-24   -3.027268e-27
   50  130    6.689106e-25   -5.711398e-28
   50  131    6.226464e-30   -2.117059e-32
   51  113    2.979490e-28   -1.418264e-31
   51  114    4.847886e-27   -4.416531e-30
   51  115    2.579082e-21   -2.544392e-25
   51  116    5.324884e-21   -1.069491e-24
   51  117    3.298745e-18   -6.218791e-23
   51  118    4.169204e-18   -3.675167e-21
   51  119    2.638139e-16   -3.666332e-22
   51  120    1.247973e-16   -2.506664e-20
   51  121    1.449886e-13    2.545832e-18
   51  122    1.432747e-14   -1.160798e-20
   51  123    2.115789e-12    5.791920e-22
   51  124    7.266375e-14   -5.320704e-21
   51  125    1.163672e-12   -2.509454e-21
   51  126    7.287044e-15   -1.296693e-21
   51  127    4.060651e-14   -2.321672e-20
   51  128    3.281588e-17   -1.905464e-22
   51  129    8.937751e-17   -1.077053e-21
   51  130    1.175055e-20   -9.434602e-25
   51  131    1.193339e-20   -1.646501e-24
   51  132    9.595799e-25   -1.094058e-27
   51  133    1.360190e-25   -1.849893e-28
   52  116    6.695879e-26   -1.422904e-30
   52  117    3.399206e-27   -1.739850e-31
   52  118    4.914703e-24   -1.806605e-30
   52  119    1.413275e-23   -4.654949e-29
   52  120    5.552055e-19    1.328618e-22
   52  121    6.504975e-19   -7.460696e-26
   52  122    2.056678e-14    1.132822e-20
   52  123    4.333434e-15    1.528047e-25
   52  124    5.934578e-12    2.660671e-21
   52  125    4.405992e-13    2.556459e-21
   52  126    4.193993e-11    1.314959e-21
   52  127    8.853898e-13   -4.979056e-18
   52  128    1.078500e-11    4.015131e-19
   52  129    6.246030e-14   -2.844075e-18
   52  130    1.559172e-12    2.638163e-19
   52  131    2.564319e-15   -3.255047e-19
   52  132    6.259105e-15   -4.302323e-21
   52  133    3.966606e-18   -1.007008e-21
   52  134    1.424863e-18   -1.080880e-22
   52  135    7.611306e-30   -7.627520e-32
   53  119    2.845827e-29   -4.711811e-33
   53  120    3.433594e-30   -1.334231e-34
   53  121    3.670405e-25   -9.159312e-30
   53  122    4.391039e-24   -3.835167e-27
   53  123    3.820038e-20   -1.528048e-25
   53  124    9.302625e-20   -4.964208e-26
   53  125    3.413370e-16   -1.266913e-23
   53  126    2.038752e-16   -3.465996e-23
   53  127    3.437673e-13    5.002275e-18
   53  128    4.582095e-14   -5.816328e-18
   53  129    2.554000e-12    2.845152e-18
   53  130    6.165370e-14   -5.276052e-19
   53  131    5.963401e-13    1.616600e-19
   53  132    4.175478e-15   -9.194850e-20
   53  133    1.126834e-14   -2.759897e-20
   53  134    4.607051e-17   -2.676686e-21
   53  135    1.573515e-17   -1.264208e-22
   53  136    3.673108e-28   -8.385814e-31
   54  122    9.806582e-27   -2.578962e-32
   54  123    3.764535e-28   -9.569846e-33
   54  124    9.378034e-24    5.745306e-28
   54  125    7.050041e-23   -2.206821e-28
   54  126    6.095463e-18    1.639421e-23
   54  127    7.553439e-18   -4.579604e-25
   54  128    7.030088e-14    5.415008e-18
   54  129    2.108666e-14    2.578818e-25
   54  130    1.230399e-11    2.638163e-19
   54  131    1.094056e-12    1.639582e-19
   54  132    5.273874e-11    9.632174e-20
   54  133    1.451265e-12   -5.813654e-19
   54  134    9.446684e-12    2.784775e-21
   54  135    1.346954e-13   -7.794388e-19
   54  136    6.564548e-12    0.000000e+00
   54  137    1.017958e-20   -8.463962e-24
   54  138    1.153244e-25   -2.598610e-29
   55  125    1.351475e-27   -9.190220e-32
   55  126    6.814956e-29   -1.318701e-31
   55  127    5.161034e-24   -4.365603e-29
   55  128    5.242674e-23   -4.537402e-26
   55  129    1.551610e-19   -2.568986e-25
   55  130    2.462908e-19   -2.679712e-23
   55  131    4.917651e-16   -1.118676e-22
   55  132    2.125613e-16   -7.227098e-23
   55  133    1.986111e-13    6.099714e-19
   55  134    3.724546e-14   -1.087668e-22
   55  135    3.029372e-12    7.795652e-19
   55  136    2.507917e-13   -4.226002e-20
   55  137    1.065585e-12   -2.053389e-22
   55  138    1.346552e-20   -1.281926e-24
   55  139    1.544989e-24   -5.290885e-28
   56  127    7.213450e-29   -1.802456e-32
   56  128    7.885144e-27   -7.149186e-33
   56  129    3.562840e-27   -8.448104e-32
   56  130    5.731155e-22    4.287315e-25
   56  131    2.253929e-21   -4.301472e-28
   56  132    8.965592e-17    1.351544e-24
   56  133    9.626388e-17   -5.432189e-26
   56  134    4.649711e-13    1.089772e-22
   56  135    1.424553e-13    4.373849e-24
   56  136    5.220748e-11    4.392578e-20
   56  137    1.138562e-11    2.138036e-22
   56  138    4.261282e-10    1.292470e-24
   56  139    1.406482e-16   -5.377509e-21
   56  140    2.077187e-19   -3.595626e-26
   56  141    2.769551e-26   -4.793945e-30
   56  142    9.463245e-30   -2.833102e-33
   57  131    2.981331e-26   -1.603561e-30
   57  132    1.276331e-27   -1.404698e-32
   57  133    5.320027e-23   -7.184040e-28
   57  134    4.285202e-22   -2.108314e-25
   57  135    1.609635e-18   -4.365901e-24
   57  136    5.179122e-18   -1.666194e-21
   57  137    8.734677e-15    2.533332e-24
   57  138    2.173756e-14    0.000000e+00
   57  139    3.732834e-11    6.170916e-21
   57  140    1.743043e-16   -2.288490e-22
   57  141    1.284073e-18   -1.733997e-23
   57  142    2.283304e-24   -7.947638e-29
   57  143    2.795531e-27   -6.247433e-31
   58  133    2.033379e-28   -6.652281e-33
   58  134    3.477340e-26   -2.425372e-32
   58  135    1.070335e-24   -3.199463e-30
   58  136    9.787334e-20    4.330741e-25
   58  137    4.312206e-19   -2.534004e-24
   58  138    1.357062e-14    2.987322e-25
   58  139    4.958877e-14   -5.425081e-22
   58  140    9.372865e-11    6.117852e-19
   58  141    5.167360e-15   -3.328000e-22
   58  142    3.270411e-16    3.065751e-24
   58  143    4.087083e-21   -6.538807e-27
   58  144    4.650304e-23   -3.594293e-31
   58  145    1.592177e-29   -1.674902e-32
   59  136    9.870843e-30   -2.391158e-33
   59  137    5.047741e-24   -2.084837e-28
   59  138    1.364975e-22   -2.987322e-25
   59  139    2.095213e-17   -2.509000e-22
   59  140    6.520135e-16   -6.115514e-19
   59  141    7.821034e-12    1.036866e-20
   59  142    5.538890e-15   -1.532845e-20
   59  143    1.392543e-15   -2.266206e-22
   59  144    1.166848e-19   -2.136275e-23
   59  145    7.102566e-21   -6.290179e-26
   59  146    8.936905e-27   -1.173536e-30
   59  147    3.613178e-27   -8.556793e-31
   59  148    2.206603e-30   -3.066778e-33
   60  138    5.923384e-26   -6.231032e-31
   60  139    9.065215e-24   -9.696959e-28
   60  140    7.499375e-18   -4.906881e-24
   60  141    4.714501e-16   -1.001846e-20
   60  142    3.835482e-11    1.692571e-20
   60  143    1.875362e-13    1.893451e-21
   60  144    2.237659e-13    6.943622e-23
   60  145    1.760937e-16    9.385717e-24
   60  146    5.177116e-17    1.220938e-25
   60  147    1.740466e-21   -3.483379e-28
   60  148    2.326399e-22    3.066771e-33
   60  149    1.384825e-27   -4.239158e-32
   60  150    9.513238e-27    0.000000e+00
   60  151    1.935960e-29   -4.941220e-33
   60  152    1.047403e-26    0.000000e+00
   61  140    1.624939e-29   -3.362981e-31
   61  141    4.388159e-22   -6.684213e-26
   61  142    3.403939e-19   -1.600312e-21
   61  143    2.004767e-13   -1.641093e-21
   61  144    7.927631e-15   -1.438864e-21
   61  145    2.737127e-14    2.406784e-22
   61  146    1.700184e-16   -1.849874e-25
   61  147    2.494499e-16   -5.733072e-25
   61  148    1.248838e-19   -5.124413e-26
   61  149    4.358601e-20   -4.345181e-26
   61  150    6.607894e-24   -1.303799e-28
   61  151    4.841925e-23   -9.038345e-29
   61  152    9.139000e-27   -7.044977e-30
   61  153    9.313012e-26   -5.629309e-29
   61  154    2.272219e-29   -2.687200e-32
   61  155    7.159064e-29   -3.284611e-31
   62  142    3.814102e-23   -1.669484e-27
   62  143    7.092685e-20   -2.572339e-23
   62  144    3.539309e-13    1.390820e-21
   62  145    3.860147e-14   -2.059766e-22
   62  146    6.901324e-13    4.961620e-23
   62  147    1.753688e-14    3.294536e-22
   62  148    1.151681e-13    2.006428e-23
   62  149    1.902413e-16    1.563194e-21
   62  150    7.140685e-16    9.092647e-26
   62  151    4.385976e-19    6.099805e-29
   62  152    5.408176e-18    1.242005e-25
   62  153    6.979594e-21   -7.901172e-27
   62  154    2.021300e-20    4.983725e-29
   62  155    8.410835e-24   -1.194789e-27
   62  156    7.468784e-25   -4.207482e-30
   62  157    9.983528e-30   -3.943779e-33
   62  158    3.884210e-28   -2.325706e-31
   63  143    1.319212e-28   -1.620538e-31
   63  144    1.529832e-24   -2.855752e-26
   63  145    1.183838e-16   -4.402458e-23
   63  146    1.035787e-16   -4.954716e-23
   63  147    3.592753e-15   -3.285764e-22
   63  148    4.950520e-16   -2.010728e-23
   63  149    6.600862e-14   -1.542615e-21
   63  150    5.531572e-16   -9.539920e-22
   63  151    3.406282e-14    3.722696e-23
   63  152    3.862830e-16   -1.722441e-25
   63  153    2.821624e-14    8.193123e-23
   63  154    3.544596e-16   -2.490523e-25
   63  155    4.536880e-15   -5.757512e-24
   63  156    1.880603e-17   -2.733259e-24
   63  157    7.239706e-18   -2.524673e-23
   63  158    8.506549e-22   -5.889725e-26
   63  159    4.053826e-23   -7.081309e-27
   63  160    1.349804e-28   -6.763377e-31
   63  161    4.831349e-28   -3.538115e-30
   64  145    4.575159e-28   -6.312544e-32
   64  146    1.355798e-19   -6.190891e-27
   64  147    2.236102e-19   -3.107605e-25
   64  148    3.089301e-17    9.425815e-26
   64  149    8.649666e-17   -2.053495e-23
   64  150    2.953402e-14    9.539012e-22
   64  151    2.092080e-15   -3.721824e-23
   64  152    2.509831e-13    5.023466e-26
   64  153    8.949606e-15   -6.961947e-23
   64  154    2.066768e-12    8.233840e-24
   64  155    8.397010e-14    1.890199e-21
   64  156    3.345687e-12    3.801497e-22
   64  157    4.764220e-14    4.109536e-23
   64  158    1.378035e-13    4.366124e-25
   64  159    1.393087e-16   -3.988547e-22
   64  160    3.260111e-17    6.779273e-31
   64  161    2.221436e-21   -1.922593e-24
   64  162    4.328722e-23   -1.635330e-26
   64  163    1.877865e-28   -5.258121e-31
   64  164    5.427471e-29   -2.296495e-31
   65  147    5.130575e-29   -1.655741e-33
   65  148    3.875168e-28   -2.049582e-32
   65  149    3.079026e-30   -3.299748e-35
   65  150    7.303741e-26   -1.112528e-30
   65  151    2.895531e-21   -8.695355e-27
   65  152    7.215948e-22   -2.179075e-27
   65  153    1.305264e-17   -1.230376e-23
   65  154    3.249330e-18   -7.993016e-24
   65  155    4.552675e-15   -1.883938e-21
   65  156    9.157372e-16   -4.411075e-22
   65  157    1.864386e-13    1.687850e-21
   65  158    1.350954e-14   -4.528740e-25
   65  159    1.614090e-13    1.013970e-21
   65  160    1.628813e-15   -4.962150e-23
   65  161    2.130779e-15   -6.799640e-22
   65  162    3.895152e-18   -1.626408e-21
   65  163    2.271907e-19   -3.697284e-23
   65  164    1.030281e-23   -1.089811e-26
   65  165    6.638287e-26   -9.952429e-29
   65  166    1.153356e-30   -8.749155e-33
   66  152    8.144372e-26   -1.807664e-30
   66  153    3.288095e-24   -2.721660e-29
   66  154    1.245365e-19    7.993449e-27
   66  155    9.388466e-20   -5.021270e-25
   66  156    3.774711e-16    6.369118e-23
   66  157    2.621825e-16   -1.700709e-21
   66  158    1.840852e-13    4.841536e-24
   66  159    4.038365e-14    1.380524e-20
   66  160    2.510798e-12    5.823188e-21
   66  161    9.382540e-14    1.140758e-18
   66  162    6.621774e-13    8.063200e-19
   66  163    3.946307e-15    3.742618e-23
   66  164    4.157419e-15    8.380366e-19
   66  165    7.844573e-19   -1.778134e-23
   66  166    2.363482e-20   -1.530590e-26
   66  167    2.648358e-25   -1.355528e-28
   66  168    1.642884e-27   -5.992583e-31
   66  169    2.392804e-30   -1.168199e-32
   67  155    2.462669e-25   -1.628134e-29
   67  156    2.298001e-25   -1.302230e-29
   67  157    1.187202e-20   -2.990070e-24
   67  158    1.697232e-20   -4.765578e-24
   67  159    1.499566e-16   -1.442034e-20
   67  160    4.669685e-17   -5.769064e-21
   67  161    5.347003e-14   -1.140002e-18
   67  162    3.803619e-15   -8.230169e-19
   67  163    3.428460e-13    2.026180e-19
   67  164    1.276393e-14   -1.396731e-18
   67  165    7.107233e-14    5.139354e-19
   67  166    1.528842e-16   -3.013426e-22
   67  167    3.739042e-17   -6.591975e-22
   67  168    5.622301e-21   -5.980506e-24
   67  169    1.468119e-22   -9.877596e-26
   67  170    2.389191e-27   -2.740440e-30
   67  171    1.993653e-28   -7.162297e-31
   68  157    1.271532e-28   -2.161650e-32
   68  158    3.436504e-23   -7.940832e-28
   68  159    1.337866e-22   -1.179326e-26
   68  160    2.435992e-18   -4.503126e-24
   68  161    4.514217e-18   -7.409287e-23
   68  162    8.784787e-15    1.832333e-20
   68  163    4.788689e-15   -2.025336e-19
   68  164    8.566410e-13    5.614984e-19
   68  165    1.006798e-13   -5.040824e-19
   68  166    2.681912e-12    9.614566e-21
   68  167    4.375713e-14    7.013946e-20
   68  168    8.091519e-14    6.835548e-22
   68  169    8.986514e-17   -2.100028e-23
   68  170    1.030753e-17    8.622796e-26
   68  171    1.109971e-21   -7.797938e-27
   68  172    1.348920e-23   -1.451099e-29
   68  173    6.167991e-29   -1.398110e-31
   68  174    5.187103e-29   -5.143993e-32
   69  159    1.902351e-30   -6.609745e-34
   69  160    5.127025e-28   -1.730859e-31
   69  161    4.205599e-23   -4.424087e-27
   69  162    1.580752e-22   -2.314366e-26
   69  163    2.908208e-18   -8.492863e-23
   69  164    1.767063e-18   -2.802400e-21
   69  165    5.578662e-15   -9.789824e-21
   69  166    1.354882e-15   -8.656265e-21
   69  167    2.915536e-13    8.725401e-20
   69  168    2.861539e-14   -6.776421e-22
   69  169    1.993323e-13    1.167351e-20
   69  170    3.866826e-15   -6.632773e-23
   69  171    2.544964e-15   -7.988604e-24
   69  172    3.831467e-18   -3.185663e-24
   69  173    1.699701e-19   -1.089684e-24
   69  174    1.605997e-23   -9.437861e-27
   69  175    1.568661e-26   -3.275008e-30
   69  176    3.505352e-30   -5.854699e-33
   70  162    5.252183e-26   -8.849862e-30
   70  163    7.191230e-25   -2.065220e-28
   70  164    3.324868e-20   -1.391352e-24
   70  165    1.415617e-19   -4.537725e-23
   70  166    7.038595e-16   -6.569426e-22
   70  167    8.643250e-16   -1.567330e-19
   70  168    5.273639e-13    5.438521e-23
   70  169    1.695242e-13   -1.065288e-20
   70  170    4.473079e-12    3.677440e-22
   70  171    2.659822e-13    2.439770e-20
   70  172    1.090439e-12    5.332786e-21
   70  173    8.649681e-15    1.419725e-21
   70  174    3.567786e-15    2.083519e-23
   70  175    8.949056e-19   -4.707028e-25
   70  176    1.640750e-20    5.871077e-33
   70  177    1.052645e-24   -2.913196e-29
   70  178    7.950187e-27   -3.409365e-31
   71  164    1.454261e-30   -1.472867e-33
   71  165    3.803037e-26   -1.124407e-29
   71  166    2.225340e-25   -2.664860e-28
   71  167    2.088868e-20   -1.287143e-24
   71  168    9.414076e-20   -5.426645e-23
   71  169    6.456548e-16   -9.959583e-22
   71  170    2.755201e-16   -1.365652e-22
   71  171    9.120801e-14   -2.380997e-20
   71  172    1.620724e-14   -5.029163e-21
   71  173    3.218793e-13    1.418472e-19
   71  174    1.137499e-14   -1.081205e-22
   71  175    1.794524e-14    1.194491e-20
   71  176    5.763704e-17    4.560602e-31
   71  177    5.721452e-18   -1.897857e-24
   71  178    2.466194e-21   -2.762186e-25
   71  179    5.096692e-23   -5.881573e-28
   71  180    2.524262e-27   -1.405355e-30
   71  181    5.567071e-29   -5.047593e-32
   72  167    3.133744e-27   -4.851035e-30
   72  168    4.179019e-22   -5.100685e-26
   72  169    3.637488e-21   -3.570077e-24
   72  170    4.989640e-17   -1.649377e-22
   72  171    1.327474e-16   -5.797180e-22
   72  172    9.309931e-14   -3.004180e-22
   72  173    6.395525e-14   -1.431731e-19
   72  174    3.399331e-12    1.226328e-22
   72  175    3.795344e-13    2.576239e-20
   72  176    2.510443e-12    6.324565e-21
   72  177    2.567362e-14    1.148673e-19
   72  178    2.761171e-14    5.887205e-20
   72  179    6.094533e-17    1.874282e-21
   72  180    1.750423e-17    6.231850e-20
   72  181    1.826960e-21   -9.499221e-29
   72  182    1.204939e-23    2.042421e-37
   72  183    9.381123e-29   -4.880360e-33
   72  184    1.023062e-28   -1.316192e-33
   73  169    1.202608e-30   -7.788516e-34
   73  170    1.043486e-27   -4.893676e-31
   73  171    1.129332e-22   -1.535926e-26
   73  172    2.286461e-22   -1.952966e-26
   73  173    5.501324e-18   -9.269351e-23
   73  174    7.609381e-19   -2.014749e-23
   73  175    7.485918e-15   -3.762140e-20
   73  176    9.665954e-16    2.249921e-20
   73  177    1.230687e-13   -8.667871e-20
   73  178    1.727161e-16   -2.935442e-20
   73  179    5.650434e-13    7.767238e-18
   73  180    1.118912e-14   -7.246329e-20
   73  181    1.237280e-14    4.551897e-21
   73  182    1.055979e-17   -2.028824e-25
   73  183    3.542322e-19   -1.529436e-25
   73  184    7.390453e-24   -4.495577e-29
   73  185    5.484305e-26   -3.527818e-30
   73  186    2.333618e-30   -7.052916e-34
   74  171    1.477303e-30   -1.967023e-33
   74  172    3.526957e-25   -1.695827e-28
   74  173    8.534628e-24   -3.563641e-27
   74  174    1.587621e-19   -1.519049e-23
   74  175    9.467834e-19   -8.543657e-23
   74  176    1.362433e-15   -2.882377e-20
   74  177    1.172445e-15   -2.818386e-20
   74  178    2.899068e-13   -2.951038e-20
   74  179    9.058358e-14   -7.761192e-18
   74  180    3.094751e-12    8.001223e-20
   74  181    2.510180e-13    6.991040e-20
   74  182    1.216673e-12    5.469535e-21
   74  183    3.952810e-15    1.005750e-20
   74  184    1.067418e-15    2.144651e-22
   74  185    3.346118e-19   -9.813212e-27
   74  186    2.207150e-20    9.694861e-25
   74  187    7.814869e-25   -1.722126e-30
   74  188    7.285696e-27   -2.300469e-34
   75  175    9.900732e-26   -5.340348e-29
   75  176    1.222587e-24   -7.320349e-28
   75  177    1.238990e-20   -2.808427e-24
   75  178    2.901283e-20   -6.934226e-24
   75  179    4.866522e-17   -7.919278e-21
   75  180    5.357363e-17   -6.891818e-20
   75  181    2.800197e-14   -7.390667e-20
   75  182    6.606388e-15    4.410189e-20
   75  183    3.195720e-13    7.858444e-20
   75  184    3.446554e-15   -2.151196e-22
   75  185    5.308421e-15    4.666712e-21
   75  186    2.188042e-17   -1.297795e-23
   75  187    4.937625e-18    1.725633e-30
   75  188    2.437990e-21   -7.585144e-27
   75  189    8.052929e-23   -1.752369e-28
   75  190    2.632365e-27   -2.694699e-30
   75  191    2.231036e-27   -7.224461e-31
   75  192    1.033390e-29   -1.229765e-31
   76  177    6.608345e-28   -6.990325e-31
   76  178    6.423554e-23   -4.076926e-26
   76  179    9.432364e-22   -4.605033e-25
   76  180    6.431284e-18   -9.492604e-22
   76  181    1.838450e-17   -5.555070e-22
   76  182    2.046246e-14   -4.957074e-20
   76  183    2.178638e-14   -8.794379e-20
   76  184    2.512082e-12    5.875608e-22
   76  185    1.982709e-13    9.453443e-20
   76  186    1.764942e-12    7.516017e-21
   76  187    1.985620e-14    9.808855e-19
   76  188    6.125065e-14    1.438574e-20
   76  189    9.122563e-17    5.675145e-20
   76  190    9.806612e-17    7.594704e-22
   76  191    4.674453e-20   -6.691288e-27
   76  192    2.002105e-20    1.075822e-25
   76  193    1.955396e-24   -3.447317e-30
   76  194    5.015232e-26   -5.052353e-35
   76  195    7.288286e-30   -2.569863e-33
   76  196    1.685486e-28   -1.535524e-32
   77  180    1.009186e-27   -2.135042e-30
   77  181    1.919609e-22   -1.243208e-25
   77  182    2.267012e-21   -4.796090e-25
   77  183    1.253738e-17   -6.980015e-22
   77  184    3.421466e-17   -5.866303e-22
   77  185    2.698897e-14   -9.920046e-20
   77  186    2.360599e-15   -6.309421e-21
   77  187    1.947347e-13   -9.803148e-19
   77  188    1.125733e-14   -7.885369e-21
   77  189    3.398016e-13   -9.997416e-21
   77  190    4.068390e-15   -1.619460e-21
   77  191    2.167462e-14    7.719847e-20
   77  192    7.573042e-17   -2.260005e-24
   77  193    2.455993e-16    6.294153e-24
   77  194    2.232549e-19   -6.124899e-25
   77  195    1.972871e-20   -4.173828e-25
   77  196    1.465221e-24   -5.365049e-27
   77  197    7.056753e-26   -3.861001e-29
   77  198    1.731031e-30   -4.119967e-32
   78  182    8.199294e-30   -9.753443e-33
   78  183    1.135725e-26   -5.544802e-30
   78  184    1.499334e-21   -2.744994e-25
   78  185    1.481326e-20   -6.636475e-25
   78  186    4.699204e-17   -1.194589e-21
   78  187    2.535828e-17   -5.707208e-22
   78  188    3.007635e-14   -6.500361e-21
   78  189    9.601134e-15   -4.671336e-20
   78  190    1.295103e-12    9.267462e-22
   78  191    9.933123e-14   -5.993635e-20
   78  192    2.875347e-12    3.005633e-21
   78  193    5.222939e-14    2.211234e-19
   78  194    7.673702e-13    1.452621e-20
   78  195    3.949688e-15    5.707941e-21
   78  196    5.675643e-15    7.546218e-21
   78  197    5.809326e-18   -1.544801e-23
   78  198    8.928095e-19    4.121490e-32
   78  199    2.027027e-22   -2.086252e-26
   78  200    7.982149e-24   -3.347600e-29
   78  201    5.421387e-29   -6.881689e-32
   78  202    9.692467e-28   -1.167989e-33
   79  186    1.533339e-29   -4.547577e-33
   79  187    5.424237e-24   -2.073892e-27
   79  188    1.457155e-23   -5.234675e-27
   79  189    3.674279e-19   -4.067450e-23
   79  190    9.010451e-19   -6.670868e-23
   79  191    1.033525e-15   -1.726201e-20
   79  192    2.807902e-16   -2.924620e-21
   79  193    7.374625e-14   -2.209538e-19
   79  194    1.045201e-14   -1.452539e-20
   79  195    4.825893e-13    3.243766e-20
   79  196    2.271511e-14   -8.114260e-21
   79  197    1.169459e-13    2.615630e-19
   79  198    1.960110e-15   -1.601786e-21
   79  199    1.214590e-15   -8.533393e-22
   79  200    2.285880e-18   -1.500831e-22
   79  201    2.855838e-19   -3.485682e-23
   79  202    8.326062e-23   -5.582110e-25
   79  203    3.263378e-24   -1.035598e-26
   79  204    1.396936e-28   -6.682998e-31
   80  188    1.912689e-28   -1.867618e-31
   80  189    1.018009e-26   -4.250705e-30
   80  190    2.996880e-22   -4.755154e-26
   80  191    1.531371e-21   -9.917667e-26
   80  192    7.248301e-18   -7.886092e-23
   80  193    1.265242e-17   -1.758428e-22
   80  194    1.471714e-14   -1.669135e-25
   80  195    7.592652e-15   -3.807593e-20
   80  196    1.370013e-12    6.991332e-22
   80  197    3.173153e-13   -2.194652e-19
   80  198    8.496402e-12    2.423360e-20
   80  199    6.158047e-13    2.279931e-18
   80  200    2.926581e-12    2.536007e-19
   80  201    3.538257e-14    1.451735e-18
   80  202    1.713867e-14    4.964146e-20
   80  203    4.057394e-17   -1.906610e-24
   80  204    1.278451e-17    1.612500e-24
   80  205    7.382642e-22   -4.563924e-25
   80  206    1.199312e-23   -4.576231e-27
   81  192    3.863053e-27   -1.276982e-30
   81  193    2.038668e-23   -2.985938e-27
   81  194    3.457700e-22   -3.325044e-26
   81  195    1.520324e-18   -6.925286e-23
   81  196    4.557622e-18   -1.310863e-22
   81  197    2.254363e-15   -4.208123e-20
   81  198    2.270356e-15   -2.234732e-20
   81  199    3.195800e-13   -2.278411e-18
   81  200    1.251297e-13   -1.885303e-19
   81  201    2.005146e-12   -1.276363e-18
   81  202    2.763581e-13   -4.964049e-20
   81  203    7.631762e-13    2.031598e-18
   81  204    3.451213e-14   -5.521976e-23
   81  205    2.199734e-14    4.610008e-25
   81  206    9.648997e-17   -7.290537e-20
   81  207    3.901170e-18   -2.597212e-21
   81  208    1.370829e-28   -1.426294e-31
   82  195    1.497134e-26   -3.167336e-30
   82  196    4.438225e-22    0.000000e+00
   82  197    2.703170e-21   -1.059044e-24
   82  198    1.290937e-17   -2.844908e-22
   82  199    1.890720e-17   -6.666361e-22
   82  200    2.639147e-14   -6.491999e-20
   82  201    3.094126e-14   -1.751511e-19
   82  202    3.605523e-12    4.351689e-22
   82  203    1.995320e-12   -1.993262e-18
   82  204    5.457856e-11    4.695275e-20
   82  205    1.321089e-11    7.296477e-20
   82  206    1.139720e-10    1.366795e-19
   82  207    9.410912e-12    2.975010e-21
   82  208    5.709078e-11    0.000000e+00
   82  209    5.778591e-20   -9.403978e-25
   82  210    8.965990e-27   -2.435401e-36
   83  197    2.545763e-27   -8.655783e-31
   83  198    1.667701e-26   -5.138161e-30
   83  199    2.546216e-22   -2.992668e-26
   83  200    2.821484e-21   -2.464330e-25
   83  201    6.039730e-18   -1.860815e-22
   83  202    1.409217e-17   -4.355826e-22
   83  203    8.516689e-15   -3.833427e-20
   83  204    9.951064e-15   -4.689914e-20
   83  205    5.058593e-13   -7.296478e-20
   83  206    1.805354e-13   -6.377417e-20
   83  207    1.976313e-12   -3.777986e-22
   83  208    1.769255e-13   -2.903008e-27
   83  209    2.478583e-13    9.404232e-25
   83  210    3.732492e-21   -1.641287e-27
   83  211    3.323810e-29    0.000000e+00
   84  202    1.140643e-30   -7.948258e-35
   84  203    8.041849e-29   -6.952330e-33
   84  204    1.659985e-26   -2.472061e-31
   84  205    1.977912e-26   -6.013613e-31
   84  206    2.222121e-24   -5.263866e-31
   84  207    1.005081e-24   -9.154884e-30
   84  208    2.633007e-23   -2.192297e-36
   84  209    3.169955e-24   -8.996205e-37
   84  210    5.598571e-25    1.641308e-27
    0    1    1.990953e-28    1.220803e-30
    1    1    9.806552e-25   -9.482421e-27
    2    4    1.399070e-14   -2.991560e-19
