5.6766e-01
4.5576e-04
2.2997e+00
3.0747e+05
    1    2    6.567995e-20    5.897177e-21
    1    3    2.772101e-19    4.999802e-20
    2    3    2.913613e-18    4.508420e-19
    3    6    4.557007e-24    4.888694e-25
    3    7    1.552392e-24    2.441732e-25
    4    7    7.490640e-25    8.938726e-26
    4    9    3.124698e-25    3.220433e-26
    4   10    1.216168e-23    1.369430e-24
    5   10    5.610042e-20    5.025492e-21
    5   11    1.208120e-13    1.328207e-14
    5   12    1.042449e-22    1.600736e-23
    5   13    2.919199e-28    5.545619e-29
    6   11    1.730646e-16    1.779970e-17
    6   12    7.615178e-04   -6.354938e-07
    6   13    1.387892e-09    6.501073e-11
    6   14    4.873001e-10    4.673695e-11
    6   15    2.340062e-23    3.588028e-24
    6   16    1.061847e-30    2.016258e-31
    7   12    6.512112e-29    8.620185e-30
    7   13    6.633596e-13    1.532299e-14
    7   14    3.277973e-08    2.229386e-09
    7   15    6.930649e-11    1.085048e-12
    7   16    2.531715e-21    1.774965e-22
    7   17    4.437782e-24    2.594587e-25
    8   14    1.083688e-16    3.107841e-18
    8   15    2.469037e-10    1.479191e-11
    8   16    4.610179e-02    1.821035e-05
    8   17    1.624704e-08    7.305288e-10
    8   18    3.543248e-11    2.053998e-12
    8   19    5.523258e-18    5.499704e-19
    8   20    2.315710e-23    2.644478e-24
    9   16    5.634090e-25    5.590535e-26
    9   17    1.359960e-13    4.535886e-15
    9   18    1.019218e-10    4.959969e-12
    9   19    2.236164e-10   -4.273394e-12
    9   20    5.139560e-14    4.506212e-16
    9   21    4.020390e-18    1.332448e-19
    9   22    5.332824e-25    3.154605e-26
   10   18    2.066794e-19    9.052760e-21
   10   19    4.914393e-14    2.360862e-15
   10   20    8.060128e-03   -2.468388e-05
   10   21    2.020977e-06    3.688709e-08
   10   22    1.907653e-07   -2.658685e-08
   10   23    2.942250e-12   -3.232577e-13
   10   24    4.012435e-16   -2.425852e-19
   10   25    5.245569e-23    2.256805e-24
   10   26    5.771113e-29    3.740329e-30
   11   20    9.148297e-23    6.269534e-24
   11   21    2.012814e-10    3.644344e-12
   11   22    3.515365e-08   -1.928668e-09
   11   23    2.463266e-05   -1.364003e-06
   11   24    1.001818e-08   -3.961439e-10
   11   25    2.503254e-12   -7.387219e-14
   11   26    7.773566e-17   -7.834464e-19
   11   27    3.753393e-21   -8.602429e-25
   11   28    5.687750e-30    2.731458e-31
   12   21    1.941870e-29    1.605721e-30
   12   22    7.410426e-14   -3.116035e-16
   12   23    1.291338e-08   -6.327207e-10
   12   24    2.106794e-03    4.055808e-06
   12   25    3.720530e-04   -4.411066e-06
   12   26    3.019849e-04   -1.183222e-06
   12   27    5.287052e-08    1.093541e-09
   12   28    1.496065e-11    5.922746e-13
   12   29    3.862517e-19    3.287029e-20
   12   30    1.609588e-23    1.685798e-24
   13   23    2.084506e-26    6.636159e-28
   13   24    7.399040e-18   -1.748419e-19
   13   25    2.801678e-11    6.621465e-13
   13   26    3.849125e-05   -3.511956e-06
   13   27    2.409833e-04    1.547958e-06
   13   28    1.973893e-06   -3.770350e-08
   13   29    9.230529e-09   -7.069351e-11
   13   30    9.179281e-13    1.949062e-14
   13   31    2.411520e-16    1.039580e-17
   13   32    1.384167e-23    1.180877e-24
   13   33    4.746633e-28    5.483782e-29
   14   25    3.399979e-24   -3.240832e-26
   14   26    1.377955e-14   -8.669401e-16
   14   27    1.668597e-07   -2.040550e-08
   14   28    3.317897e-04    6.253395e-06
   14   29    1.225173e-04    3.553593e-06
   14   30    4.723406e-05    1.348030e-06
   14   31    1.727328e-08    5.425215e-10
   14   32    1.259641e-10    1.148060e-11
   14   33    1.726622e-16    2.223720e-17
   14   34    2.164127e-20    3.071935e-21
   14   35    1.559652e-30    2.949981e-31
   15   27    7.154881e-26   -2.084460e-27
   15   28    1.933430e-16   -1.858370e-17
   15   29    1.860144e-11    3.474282e-13
   15   30    2.777491e-07   -7.392555e-10
   15   31    4.953017e-06    2.192416e-07
   15   32    2.803562e-08    1.696215e-09
   15   33    2.448245e-09    2.615763e-10
   15   34    1.978402e-12    2.814827e-13
   15   35    1.722475e-15    3.110101e-16
   15   36    9.846764e-24    2.172980e-24
   15   37    3.880556e-27    1.013278e-27
   16   29    4.562832e-23   -3.652433e-24
   16   30    2.175985e-14   -2.802252e-15
   16   31    2.410168e-10   -6.194130e-12
   16   32    4.546462e-06    2.843518e-07
   16   33    2.389862e-07    1.643000e-08
   16   34    4.579946e-07    1.489715e-08
   16   35    1.307231e-09    1.372012e-10
   16   36    7.932061e-11    1.385369e-11
   16   37    7.767199e-17    1.633986e-17
   16   38    2.812262e-20    7.167989e-21
   16   39    2.049834e-26    5.878115e-27
   17   31    9.296480e-27   -8.279510e-28
   17   32    4.040734e-20    6.841622e-23
   17   33    3.949154e-14    3.275019e-15
   17   34    1.008507e-10    5.890188e-12
   17   35    4.176777e-08    3.104977e-09
   17   36    3.514807e-10    4.067782e-11
   17   37    3.403273e-11    5.183004e-12
   17   38    1.660083e-14    3.254355e-15
   17   39    6.567642e-17    1.628037e-17
   17   40    1.932144e-20    5.399701e-21
   17   41    5.699610e-23    1.870253e-23
   17   42    1.194073e-26    4.244035e-27
   18   33    9.678931e-27    1.553677e-28
   18   34    2.927092e-18    2.469036e-19
   18   35    3.033434e-13    1.507372e-14
   18   36    1.864944e-09    1.282020e-10
   18   37    4.228120e-11    3.561021e-12
   18   38    5.736256e-10    2.629245e-11
   18   39    2.544364e-12    2.549354e-13
   18   40    1.309702e-12    1.143925e-13
   18   41    3.343904e-15    4.716348e-16
   18   42    9.925695e-18    2.072097e-18
   18   43    3.832036e-21    9.340425e-22
   18   44    6.449475e-24    1.927836e-24
   18   45    1.310287e-28    4.272193e-29
   19   36    4.522273e-23    3.374240e-24
   19   37    1.933194e-18    1.769957e-19
   19   38    1.304478e-14    1.007181e-15
   19   39    2.905202e-11    2.751682e-12
   19   40    1.293724e-12    1.364117e-13
   19   41    9.295554e-13    1.016642e-13
   19   42    1.840942e-14    3.422261e-15
   19   43    1.712965e-14    1.582076e-15
   19   44    1.606805e-16    2.569243e-17
   19   45    1.607497e-18    3.608802e-19
   19   46    2.578623e-21    7.327386e-22
   19   47    5.643524e-24    1.212587e-24
   19   48    1.163629e-29    2.873775e-30
   20   37    2.710254e-30    2.437208e-31
   20   38    8.396755e-23    7.896395e-24
   20   39    1.367144e-17    1.012246e-18
   20   40    6.337928e-12    6.495794e-13
   20   41    6.647889e-13    7.361110e-14
   20   42    4.495063e-08   -2.086815e-10
   20   43    1.496034e-08    3.654379e-11
   20   44    6.686921e-08   -2.731055e-10
   20   45    1.191085e-09    8.384944e-11
   20   46    2.220469e-10    4.285818e-12
   20   47    1.646617e-12    1.304757e-13
   20   48    1.796538e-09   -3.724949e-11
   20   49    6.045876e-14    1.062933e-15
   20   50    4.137264e-17    2.183068e-18
   20   51    2.482851e-23    2.308573e-24
   20   52    5.679539e-30    7.362830e-31
   21   40    1.124241e-29    1.182735e-30
   21   41    2.662701e-22    3.438179e-23
   21   42    6.726753e-18    7.952804e-19
   21   43    2.375061e-10   -2.293538e-12
   21   44    2.443237e-10    2.058988e-12
   21   45    9.650722e-09    2.339832e-10
   21   46    8.286174e-10    7.267102e-11
   21   47    4.294558e-11    5.477168e-12
   21   48    3.929574e-10    2.736622e-11
   21   49    7.243542e-11    5.234145e-12
   21   50    6.835025e-14    8.373313e-15
   21   51    1.195158e-16    2.304109e-17
   21   52    1.555928e-21    3.477561e-22
   21   53    2.812723e-26    7.081273e-27
   22   42    1.215102e-28    1.691556e-29
   22   43    2.464975e-21    2.889744e-22
   22   44    6.753486e-12    6.816599e-13
   22   45    5.201350e-12    2.146057e-13
   22   46    1.897057e-08   -8.656438e-11
   22   47    8.360216e-09    3.989094e-11
   22   48    1.437575e-08    8.357394e-12
   22   49    1.612893e-08   -9.505409e-11
   22   50    5.486591e-08   -9.518659e-11
   22   51    3.492432e-10    2.112891e-11
   22   52    1.746264e-12    2.395611e-13
   22   53    2.392366e-16    4.064658e-17
   22   54    2.864437e-19    6.552980e-20
   22   55    3.319454e-26    8.729565e-27
   23   44    2.337238e-30    3.223755e-31
   23   45    8.367698e-21    1.042391e-21
   23   46    4.415907e-16    1.244282e-17
   23   47    4.998902e-11   -8.974860e-13
   23   48    4.749563e-11    8.240307e-14
   23   49    1.096926e-09    8.570748e-11
   23   50    3.051670e-10    2.675166e-11
   23   51    5.952693e-09    8.807336e-11
   23   52    3.621445e-10    3.035799e-11
   23   53    3.854561e-12    5.936419e-13
   23   54    2.940669e-15    5.521146e-16
   23   55    2.093995e-17    5.184858e-18
   23   56    7.524192e-23    2.084398e-23
   23   57    5.867681e-26    1.800010e-26
   24   46    6.529686e-26    7.539359e-27
   24   47    9.413666e-20    1.438660e-21
   24   48    4.276711e-14    1.136479e-15
   24   49    9.495769e-14    8.738386e-16
   24   50    1.330299e-11    1.966346e-12
   24   51    1.529982e-10    1.298398e-11
   24   52    5.366651e-08   -1.679828e-10
   24   53    1.125558e-08    3.626703e-11
   24   54    1.334248e-07   -2.555022e-10
   24   55    1.091294e-09    4.308262e-11
   24   56    1.052371e-11    1.252857e-12
   24   57    1.030357e-15    1.568291e-16
   24   58    3.571488e-18    7.728927e-19
   24   59    1.078697e-24    2.713760e-25
   24   60    1.271540e-27    3.876447e-28
   25   48    1.208578e-28    4.577541e-30
   25   49    2.524127e-22    1.234746e-23
   25   50    2.477246e-18   -6.230093e-21
   25   51    7.361682e-15    1.065018e-15
   25   52    3.273924e-13    3.487949e-14
   25   53    6.540248e-10    5.255086e-11
   25   54    1.235996e-09    1.069415e-10
   25   55    3.351611e-08   -6.552396e-11
   25   56    2.004318e-09    1.465375e-10
   25   57    4.705856e-11    6.908707e-12
   25   58    1.472635e-13    2.780019e-14
   25   59    2.262525e-15    5.721806e-16
   25   60    2.237626e-19    6.265111e-20
   25   61    1.426587e-21    4.690848e-22
   25   62    7.300222e-28    2.606363e-28
   26   50    7.972996e-28    4.344015e-29
   26   51    2.328746e-22   -2.844489e-24
   26   52    1.632369e-18    2.472123e-19
   26   53    1.722247e-16    1.796270e-17
   26   54    4.121687e-09   -2.441086e-11
   26   55    1.234538e-09    9.616532e-11
   26   56    1.701469e-06   -5.196190e-09
   26   57    9.538623e-07   -3.498723e-09
   26   58    5.070530e-06   -6.248617e-09
   26   59    1.323479e-07    7.800467e-09
   26   60    2.336465e-09    3.199496e-10
   26   61    7.182826e-13    1.213394e-13
   26   62    4.571089e-15    1.064799e-15
   26   63    5.741044e-20    1.513153e-20
   26   64    1.500024e-22    4.769026e-23
   26   65    5.590424e-29    1.944656e-29
   27   53    9.199217e-28    1.594238e-28
   27   54    2.149128e-21    2.188714e-22
   27   55    1.351869e-12   -2.546632e-14
   27   56    7.235396e-13    5.716621e-14
   27   57    1.690800e-08    1.277129e-09
   27   58    7.517544e-09    6.388004e-10
   27   59    1.998132e-06   -2.496126e-09
   27   60    6.782115e-08    5.058706e-09
   27   61    3.996309e-09    5.933959e-10
   27   62    4.621178e-11    9.134509e-12
   27   63    1.422304e-12    3.735930e-13
   27   64    8.490010e-16    2.459139e-16
   27   65    1.526891e-17    5.261662e-18
   27   66    5.427008e-22    2.004899e-22
   27   67    3.663234e-24    1.512594e-24
   27   68    7.245299e-30    3.169068e-30
   28   55    3.984616e-26    3.895042e-27
   28   56    1.010844e-16    5.494516e-18
   28   57    4.873202e-15    5.077432e-16
   28   58    5.990344e-10    2.391797e-12
   28   59    8.223485e-09    6.384705e-10
   28   60    2.442116e-06   -1.723788e-08
   28   61    1.090425e-06    5.021792e-09
   28   62    2.349877e-06    8.298192e-09
   28   63    7.088102e-08    5.449826e-09
   28   64    1.382742e-06    6.904583e-10
   28   65    1.007746e-08    3.578876e-10
   28   66    2.049459e-10    2.362378e-11
   28   67    9.671056e-14    1.435036e-14
   28   68    5.420127e-16    1.167596e-16
   28   69    2.667349e-21    6.611376e-22
   28   70    3.714156e-24    1.133195e-24
   29   57    2.860668e-28    2.428999e-29
   29   58    2.062669e-22    2.480133e-23
   29   59    1.642375e-15    2.722865e-17
   29   60    8.408512e-13    6.413528e-14
   29   61    1.063899e-09   -8.445191e-12
   29   62    1.340336e-09    1.691794e-11
   29   63    6.747633e-07   -1.372361e-08
   29   64    1.665679e-07    9.225291e-09
   29   65    1.014132e-06   -1.656437e-09
   29   66    8.425204e-08    4.780445e-09
   29   67    1.099659e-08    1.502984e-09
   29   68    4.993968e-11    8.435295e-12
   29   69    1.834640e-12    4.301625e-13
   29   70    1.279890e-16    3.376564e-17
   29   71    2.485486e-18    7.942623e-19
   29   72    3.870795e-23    1.338314e-23
   29   73    5.308149e-25    2.087866e-25
   29   74    4.746480e-30    1.977514e-30
   30   59    7.804575e-30    1.058085e-30
   30   60    1.632551e-20    4.639106e-23
   30   61    7.908242e-17    5.921298e-18
   30   62    8.007304e-13    3.772992e-14
   30   63    9.983547e-13    1.359144e-14
   30   64    7.092675e-07   -9.857347e-09
   30   65    1.036420e-07    5.498811e-09
   30   66    1.209644e-06   -6.153259e-09
   30   67    3.065634e-07    1.389380e-09
   30   68    1.370336e-06    4.955676e-09
   30   69    2.687969e-08    1.078436e-09
   30   70    3.039375e-09    3.516091e-10
   30   71    6.488927e-12    9.607955e-13
   30   72    1.830858e-13    3.608710e-14
   30   73    5.390485e-17    1.221085e-17
   30   74    4.913497e-19    1.355217e-19
   30   75    7.457135e-24    2.267729e-24
   30   76    2.733461e-26    9.611724e-27
   31   62    3.411866e-24    3.135136e-25
   31   63    7.143070e-20    4.691799e-21
   31   64    1.288926e-17    2.967219e-19
   31   65    3.976928e-11   -3.722499e-13
   31   66    4.514231e-11    2.409393e-12
   31   67    4.294358e-09    2.661883e-10
   31   68    1.217379e-09    1.128094e-10
   31   69    1.216169e-07   -2.316100e-09
   31   70    3.199072e-08    1.316320e-09
   31   71    1.456233e-07    1.249195e-09
   31   72    5.653652e-09    1.890539e-10
   31   73    1.496486e-09    1.504969e-10
   31   74    1.819583e-11    2.468026e-12
   31   75    1.062685e-12    2.177097e-13
   31   76    3.074998e-16    7.138376e-17
   31   77    1.248845e-17    3.653495e-18
   31   78    1.902980e-21    6.054129e-22
   31   79    1.601625e-23    5.899681e-24
   31   80    1.687454e-29    6.659522e-30
   32   64    3.179724e-25    2.240070e-26
   32   65    4.020575e-22    1.069671e-23
   32   66    8.733278e-15    3.827055e-17
   32   67    1.059269e-14    5.939890e-16
   32   68    7.371194e-12    1.075303e-12
   32   69    1.539917e-11    5.850126e-13
   32   70    1.823849e-07   -3.303340e-09
   32   71    3.669271e-08    1.929059e-09
   32   72    2.166703e-07   -8.476883e-10
   32   73    5.462368e-08    5.365989e-10
   32   74    1.823838e-07    1.004011e-09
   32   75    1.223968e-08    5.833965e-10
   32   76    7.186542e-10    8.978589e-11
   32   77    5.405047e-12    8.614158e-13
   32   78    1.352565e-13    3.020613e-14
   32   79    1.174587e-16    2.988078e-17
   32   80    7.892982e-19    2.442299e-19
   32   81    1.144174e-23    3.850582e-24
   32   82    1.758271e-26    6.769702e-27
   33   66    2.482223e-29    1.106641e-30
   33   67    1.054426e-22    2.737047e-24
   33   68    1.573862e-20    1.080905e-21
   33   69    4.697609e-17    7.405116e-18
   33   70    2.040236e-15    7.989729e-17
   33   71    1.301920e-10    6.599041e-13
   33   72    4.802392e-11    2.741507e-12
   33   73    7.450736e-10    5.308718e-11
   33   74    1.425077e-10    1.596532e-11
   33   75    9.591326e-09   -3.825630e-10
   33   76    8.547824e-09    1.663558e-10
   33   77    2.470156e-09    2.747706e-10
   33   78    7.614089e-11    1.167772e-11
   33   79    1.634079e-11    3.710799e-12
   33   80    1.694972e-13    4.527839e-14
   33   81    1.044537e-14    3.437312e-15
   33   82    1.434362e-18    5.066282e-19
   33   83    2.873717e-20    1.165333e-20
   33   84    2.798328e-27    1.209019e-27
   34   68    3.146092e-28    7.986362e-30
   34   69    6.637469e-25    4.593316e-26
   34   70    8.220016e-21    9.654543e-22
   34   71    2.933961e-19    1.102702e-20
   34   72    1.630967e-13    1.692145e-14
   34   73    4.660550e-14    5.733592e-15
   34   74    9.705080e-13    1.447870e-13
   34   75    2.035374e-11    7.790397e-13
   34   76    3.176271e-08   -1.150926e-09
   34   77    2.054680e-08   -1.273602e-10
   34   78    7.495923e-08    3.791093e-10
   34   79    8.771227e-09    5.599487e-10
   34   80    6.147367e-09    2.922467e-10
   34   81    3.602734e-10    3.092443e-11
   34   82    2.716882e-11    3.648809e-12
   34   83    5.557517e-14    9.195189e-15
   34   84    1.063464e-15    2.200103e-16
   34   85    3.195983e-21    7.679015e-22
   34   86    4.933794e-25    1.308281e-25
   35   71    2.231345e-29    3.108478e-30
   35   72    9.791091e-26    5.129605e-27
   35   73    2.544007e-19    3.013625e-20
   35   74    2.208965e-18    2.767790e-19
   35   75    1.350343e-16    1.975585e-17
   35   76    4.750388e-15    2.101415e-16
   35   77    5.078947e-11    2.077842e-12
   35   78    1.722478e-11    1.102236e-12
   35   79    2.531145e-09   -2.340404e-10
   35   80    3.299982e-09   -2.400808e-11
   35   81    5.787061e-09   -2.924763e-11
   35   82    2.894484e-09    1.392786e-10
   35   83    1.167015e-09    1.504285e-10
   35   84    4.784852e-11    8.511709e-12
   35   85    4.376177e-12    1.081373e-12
   35   86    8.276246e-17    2.286323e-17
   35   87    9.064716e-20    2.771915e-20
   35   88    4.427113e-25    1.479223e-25
   35   89    3.061237e-29    1.091371e-29
   36   74    1.146900e-23    1.395562e-24
   36   75    1.215977e-22    1.512905e-23
   36   76    5.241344e-19    5.956028e-20
   36   77    5.132240e-17    3.377667e-18
   36   78    3.020160e-14    3.552118e-15
   36   79    7.856336e-13   -1.924906e-14
   36   80    1.033116e-08   -6.107474e-10
   36   81    5.690047e-09    3.098116e-11
   36   82    4.391028e-08   -3.650967e-10
   36   83    1.954765e-08    1.944302e-10
   36   84    6.190067e-08    3.470926e-10
   36   85    4.526049e-09    3.512953e-10
   36   86    7.500776e-10    4.378809e-11
   36   87    2.348963e-13    2.113425e-14
   36   88    2.834168e-15    3.088880e-16
   36   89    5.157722e-20    7.401371e-21
   36   90    5.083741e-23    8.556416e-24
   36   91    1.077626e-29    2.207844e-30
   37   76    6.740680e-29    9.192434e-30
   37   77    6.206059e-25    7.846685e-26
   37   78    3.156421e-22    2.238137e-23
   37   79    1.478278e-18    1.821916e-19
   37   80    5.891646e-17   -1.408048e-18
   37   81    4.071915e-12   -5.863189e-14
   37   82    2.612351e-12    6.909038e-14
   37   83    3.200509e-11    1.687073e-12
   37   84    1.393406e-11    1.321729e-12
   37   85    5.332725e-09   -1.976169e-10
   37   86    2.421623e-09    1.036059e-10
   37   87    8.204631e-10    1.001940e-10
   37   88    2.585393e-12    4.008545e-13
   37   89    8.970534e-14    1.783184e-14
   37   90    2.258640e-17    5.115205e-18
   37   91    1.060735e-19    2.663188e-20
   37   92    5.481128e-25    1.538911e-25
   37   93    2.798912e-28    8.497391e-29
   38   78    9.024953e-30    9.945701e-31
   38   79    8.176749e-27    5.235827e-28
   38   80    1.069213e-21    6.650148e-23
   38   81    1.197106e-19    1.992270e-21
   38   82    1.199222e-15    8.498122e-17
   38   83    1.045892e-15    1.103997e-16
   38   84    1.262355e-14    1.844717e-15
   38   85    9.226928e-13    1.056207e-14
   38   86    1.716395e-08   -1.981207e-10
   38   87    1.288862e-08    4.386547e-12
   38   88    3.607409e-08    1.672883e-10
   38   89    3.765080e-10    2.367716e-11
   38   90    8.045566e-12    1.133024e-12
   38   91    1.272993e-14    2.184081e-15
   38   92    2.180298e-16    4.814291e-17
   38   93    2.512833e-20    6.273986e-21
   38   94    1.041102e-22    2.918305e-23
   38   95    4.064266e-29    1.266075e-29
   39   81    1.293190e-28    1.022432e-29
   39   82    3.473390e-25    9.283183e-27
   39   83    1.406985e-20    1.145584e-21
   39   84    1.798810e-20    1.991004e-21
   39   85    8.581201e-19    1.210125e-19
   39   86    7.064867e-17    2.075102e-18
   39   87    2.353908e-12    2.174734e-14
   39   88    3.505786e-12    1.545280e-13
   39   89    4.846489e-09   -1.408796e-11
   39   90    1.734422e-10    1.002941e-11
   39   91    4.196440e-11    5.667455e-12
   39   92    7.785484e-13    1.294472e-13
   39   93    1.179020e-13    2.534726e-14
   39   94    7.131607e-16    1.724028e-16
   39   95    9.889777e-18    2.630582e-18
   39   96    8.014993e-22    2.360813e-22
   39   97    3.608806e-26    1.143112e-26
   40   83    4.741689e-30    1.363306e-31
   40   84    3.936230e-25    4.246707e-26
   40   85    5.158438e-25    6.221013e-26
   40   86    1.691610e-21    1.696327e-22
   40   87    2.304069e-19    1.112329e-20
   40   88    3.511103e-16    3.212049e-17
   40   89    6.626889e-15    3.033536e-16
   40   90    2.115321e-09   -8.525964e-12
   40   91    5.940893e-10    1.585758e-12
   40   92    7.682448e-10    7.647499e-12
   40   93    1.438970e-10   -1.762389e-12
   40   94    4.169410e-10    5.111704e-13
   40   95    1.347301e-11    4.446637e-13
   40   96    2.121585e-12    1.527777e-13
   40   97    3.096760e-16    3.231464e-17
   40   98    7.277665e-19    9.546667e-20
   40   99    1.189319e-24    2.016629e-25
   40  100    1.064475e-26    2.062981e-27
   41   87    3.252524e-27    3.637509e-28
   41   88    2.262113e-24    1.102881e-25
   41   89    6.005566e-21    6.484431e-22
   41   90    2.553866e-19    1.870009e-20
   41   91    2.353274e-13    1.483357e-14
   41   92    1.045325e-13    1.161054e-14
   41   93    1.569560e-13    1.134724e-14
   41   94    5.969402e-14    4.875306e-15
   41   95    2.874934e-14    3.766796e-15
   41   96    2.899948e-15    4.794006e-16
   41   97    1.012745e-15    2.329975e-16
   41   98    9.530161e-19    2.440667e-19
   41   99    3.110526e-20    8.774020e-21
   41  100    2.204858e-24    6.813721e-25
   41  101    1.442265e-25    5.170743e-26
   42   89    1.697647e-29    3.327445e-31
   42   90    1.614831e-25    2.611264e-26
   42   91    2.135398e-22    1.950639e-23
   42   92    5.124916e-17    2.507821e-18
   42   93    6.673296e-17    7.490242e-18
   42   94    1.601984e-12    6.334087e-14
   42   95    1.857884e-11   -9.678044e-13
   42   96    9.377181e-11    8.905958e-14
   42   97    1.564530e-11   -1.086185e-13
   42   98    8.912948e-11    8.907954e-13
   42   99    3.721635e-13    1.599954e-14
   42  100    1.616061e-13    1.600848e-14
   42  101    1.024999e-16    1.351185e-17
   42  102    6.724479e-18    1.253363e-18
   42  103    1.813098e-21    3.905214e-22
   42  104    7.423234e-23    1.934247e-23
   42  105    2.171858e-27    6.267398e-28
   43   92    9.534839e-28    8.835811e-29
   43   93    1.009511e-21    6.675307e-23
   43   94    2.425851e-20    2.519829e-21
   43   95    2.951096e-16    7.147955e-18
   43   96    6.208790e-16    2.593893e-17
   43   97    3.976484e-15    2.681627e-16
   43   98    1.967031e-15    1.517471e-16
   43   99    2.470587e-13   -1.119363e-15
   43  100    1.398328e-14    3.175016e-16
   43  101    1.541554e-14    1.315580e-15
   43  102    3.705305e-17    4.249166e-18
   43  103    1.735156e-17    2.991209e-18
   43  104    2.581973e-20    5.156663e-21
   43  105    5.554981e-21    1.389648e-21
   43  106    7.959968e-25    2.203777e-25
   43  107    1.518031e-26    4.589508e-27
   44   94    5.683686e-26    9.530319e-27
   44   95    2.482112e-22    2.298430e-23
   44   96    1.485320e-20    1.951786e-21
   44   97    7.333517e-19    7.390766e-20
   44   98    1.387724e-13    3.494254e-15
   44   99    2.614227e-12   -2.397459e-13
   44  100    2.941193e-11   -5.630898e-13
   44  101    4.364465e-12   -4.918903e-14
   44  102    1.198700e-11    7.900640e-13
   44  103    3.773770e-13    3.662984e-14
   44  104    1.293673e-13    2.153060e-14
   44  105    7.820549e-16    1.523105e-16
   44  106    8.388134e-17    2.137619e-17
   44  107    4.865418e-20    1.365933e-20
   44  108    4.737871e-21    1.568602e-21
   44  109    2.639807e-25    9.401126e-26
   44  110    7.251023e-27    4.398832e-27
   45   96    4.725626e-28    2.913676e-29
   45   97    1.555636e-25    2.342006e-26
   45   98    6.814938e-23    4.438997e-24
   45   99    1.486049e-17   -2.323118e-19
   45  100    2.520743e-17   -4.609545e-19
   45  101    7.138262e-16    3.005433e-17
   45  102    8.942707e-16    1.005411e-17
   45  103    4.279352e-12   -1.541478e-13
   45  104    9.608332e-13   -1.284780e-14
   45  105    2.111771e-12    1.517413e-13
   45  106    6.175210e-14    6.116690e-15
   45  107    5.397454e-14    9.061744e-15
   45  108    4.009132e-16    7.775779e-17
   45  109    1.820033e-16    4.553008e-17
   45  110    2.831084e-19    7.802362e-20
   45  111    3.231147e-20    1.019284e-20
   45  112    5.526483e-24    1.878902e-24
   45  113    2.237642e-25    8.193377e-26
   45  114    1.569326e-30    1.569326e-30
   46   98    1.064768e-28    1.598683e-29
   46   99    9.858298e-25    5.177174e-26
   46  100    2.647690e-22    2.025606e-23
   46  101    1.803560e-21    1.981424e-22
   46  102    6.294058e-18    6.236053e-19
   46  103    3.762446e-16    6.462583e-18
   46  104    1.114481e-11   -5.914777e-13
   46  105    2.649375e-12   -1.295335e-13
   46  106    2.733323e-11    9.604049e-14
   46  107    1.815976e-12    3.953064e-14
   46  108    2.974887e-11    5.144238e-13
   46  109    7.080196e-13    3.305021e-14
   46  110    3.775954e-13    3.776039e-14
   46  111    8.391063e-16    1.095991e-16
   46  112    1.987438e-16    3.649363e-17
   46  113    5.788851e-20    1.234735e-20
   46  114    5.618313e-21    1.464805e-21
   46  115    3.397340e-25    9.821359e-26
   46  116    6.582250e-27    2.975255e-27
   47  101    5.513323e-28    6.872999e-29
   47  102    2.875170e-27    3.857796e-28
   47  103    4.284893e-22    2.247164e-23
   47  104    7.927103e-20   -1.128379e-21
   47  105    7.351067e-17   -1.507211e-18
   47  106    1.315320e-16   -6.485325e-18
   47  107    9.255559e-13   -1.024571e-13
   47  108    5.679608e-13   -5.248227e-14
   47  109    6.075066e-12   -8.380015e-14
   47  110    6.603371e-13    7.127024e-15
   47  111    2.538854e-12    2.147518e-13
   47  112    7.074818e-14    7.898571e-15
   47  113    5.191830e-14    8.994823e-15
   47  114    9.342269e-17    1.874424e-17
   47  115    2.699454e-17    6.858411e-18
   47  116    4.718128e-21    1.324026e-21
   47  117    1.093119e-21    3.564511e-22
   47  118    1.067896e-25    3.744107e-26
   48  103    1.071625e-30    1.583319e-31
   48  104    1.039375e-25    8.330434e-27
   48  105    1.459413e-23    6.899728e-25
   48  106    1.800493e-20    1.257835e-21
   48  107    3.704429e-18   -1.332439e-19
   48  108    2.132823e-13   -9.115206e-15
   48  109    4.598871e-14   -7.142095e-16
   48  110    1.313870e-11   -4.202205e-13
   48  111    2.909069e-12   -7.563637e-14
   48  112    2.433723e-11    1.996860e-13
   48  113    1.433153e-12    4.343718e-14
   48  114    3.567772e-11    2.010768e-13
   48  115    5.508773e-13    2.000944e-14
   48  116    4.235684e-13    4.122437e-14
   48  117    1.280498e-15    1.646958e-16
   48  118    2.640856e-16    4.898433e-17
   48  119    8.043654e-20    1.729816e-20
   48  120    7.321815e-21    1.951603e-21
   48  121    8.517094e-25    2.506680e-25
   48  122    1.808932e-26    6.682536e-27
   49  106    7.515347e-30   -4.861793e-31
   49  107    1.064879e-25    1.783072e-27
   49  108    2.820335e-23   -4.970591e-25
   49  109    3.094537e-19   -1.121915e-20
   49  110    3.902786e-19   -3.297656e-21
   49  111    6.358756e-17   -2.290641e-18
   49  112    2.492843e-16   -1.469756e-17
   49  113    1.599619e-12   -1.626065e-13
   49  114    6.516831e-13   -5.545115e-14
   49  115    3.078175e-12    1.252302e-13
   49  116    3.208214e-13    2.229291e-14
   49  117    4.362055e-13    6.782416e-14
   49  118    8.808983e-15    1.611683e-15
   49  119    4.616995e-15    1.153620e-15
   49  120    2.087244e-17    5.743083e-18
   49  121    5.579876e-18    1.844279e-18
   49  122    5.148306e-21    1.823624e-21
   49  123    6.501506e-22    2.611826e-22
   49  124    1.137059e-25    4.818824e-26
   50  108    4.905066e-30    6.489956e-31
   50  109    6.598547e-28    1.389323e-29
   50  110    8.389389e-25    5.065865e-26
   50  111    8.280705e-24    2.474600e-25
   50  112    3.320423e-20    2.901393e-21
   50  113    3.273992e-18   -4.674299e-20
   50  114    2.877980e-13    4.107390e-15
   50  115    1.946374e-12   -1.596415e-13
   50  116    3.744772e-11   -3.045132e-13
   50  117    7.334143e-12   -4.010217e-14
   50  118    5.887263e-11    3.086733e-13
   50  119    4.362469e-12   -4.025801e-14
   50  120    6.810863e-11    1.398560e-13
   50  121    1.460585e-12    4.487591e-14
   50  122    9.349076e-13    4.644145e-14
   50  123    6.521867e-15    5.003733e-16
   50  124    5.836936e-14    1.204123e-17
   50  125    1.466635e-16    4.870478e-18
   50  126    1.286610e-17    1.297239e-18
   50  127    1.101142e-20    1.477903e-21
   50  128    1.778042e-22    3.505405e-23
   50  129    5.164327e-26    1.175941e-26
   51  112    1.675558e-30    1.049305e-31
   51  113    1.460371e-26    8.555333e-28
   51  114    1.915514e-24    2.704450e-26
   51  115    2.185068e-19   -3.034135e-21
   51  116    1.356912e-18   -8.096293e-20
   51  117    3.417273e-17    1.014376e-19
   51  118    3.532763e-17    1.190723e-18
   51  119    1.301005e-15    6.745016e-17
   51  120    1.128304e-15    4.384048e-17
   51  121    2.425324e-12   -5.924468e-14
   51  122    3.112390e-13   -3.511763e-17
   51  123    7.578395e-13    5.240482e-14
   51  124    3.780711e-14    3.692731e-15
   51  125    1.934230e-14    3.071170e-15
   51  126    2.371525e-16    4.409989e-17
   51  127    4.380096e-17    1.053570e-17
   51  128    9.712413e-20    2.585043e-20
   51  129    6.851858e-21    2.162513e-21
   51  130    3.337936e-24    1.133547e-24
   51  131    7.241866e-26    2.829190e-26
   52  115    8.240360e-30    8.809553e-32
   52  116    4.060517e-25   -2.143196e-27
   52  117    8.938723e-25   -3.332210e-27
   52  118    6.241163e-23    5.953584e-24
   52  119    5.821888e-22    6.109684e-23
   52  120    6.651586e-17    4.219642e-18
   52  121    3.229804e-16   -1.961606e-18
   52  122    5.487124e-12   -2.484824e-13
   52  123    1.131867e-12   -4.448816e-14
   52  124    2.035101e-11    1.959949e-14
   52  125    1.858353e-12    2.364970e-14
   52  126    2.896516e-11    1.686548e-13
   52  127    9.492067e-13    3.079703e-14
   52  128    1.083621e-12    5.321188e-14
   52  129    1.643444e-14    1.016132e-15
   52  130    1.792534e-12   -4.238732e-15
   52  131    6.817933e-15    2.058960e-16
   52  132    5.463546e-16    5.302262e-17
   52  133    8.418119e-19    1.097405e-19
   52  134    7.696491e-21    1.496884e-21
   52  135    8.197861e-29    1.916648e-29
   53  119    7.312245e-29    1.451874e-29
   53  120    2.517758e-27    2.506741e-28
   53  121    3.816335e-22    3.068540e-24
   53  122    9.734359e-21   -1.665592e-22
   53  123    6.272848e-18   -1.155514e-19
   53  124    6.319625e-18    1.024976e-19
   53  125    1.600597e-15    8.810734e-17
   53  126    1.525077e-15    5.738148e-17
   53  127    2.637154e-12   -4.883803e-14
   53  128    4.238966e-13    2.430079e-15
   53  129    5.271634e-13    4.316559e-14
   53  130    1.824414e-14    2.002455e-15
   53  131    6.210287e-15    1.095716e-15
   53  132    6.885087e-17    1.404530e-17
   53  133    6.777566e-18    1.786701e-18
   53  134    4.013826e-20    1.173867e-20
   53  135    5.333441e-22    1.848716e-22
   53  136    3.895812e-30    1.469541e-30
   54  121    4.323509e-30    6.417775e-31
   54  122    4.032770e-27    9.525621e-29
   54  123    2.150730e-25    2.108946e-27
   54  124    1.517236e-22    2.516268e-23
   54  125    4.776632e-21    5.218520e-22
   54  126    2.387055e-16    1.786572e-17
   54  127    1.300096e-15   -1.403447e-18
   54  128    6.477940e-12   -2.455169e-13
   54  129    1.773603e-12   -6.930743e-14
   54  130    2.203314e-11    1.334227e-13
   54  131    2.429403e-12    2.195883e-14
   54  132    4.092210e-11    7.005107e-14
   54  133    1.562861e-12    4.559544e-14
   54  134    6.377771e-13    5.524593e-14
   54  135    6.137112e-14    2.414929e-15
   54  136    7.926477e-12   -1.389394e-14
   54  137    1.886596e-18    8.171301e-20
   54  138    3.312284e-23    2.539177e-24
   54  139    3.215426e-30    3.840271e-31
   55  125    3.181809e-28    7.466361e-29
   55  126    4.197907e-26    3.696634e-27
   55  127    2.179427e-21    5.426806e-24
   55  128    3.385774e-20   -4.364134e-22
   55  129    6.628746e-18   -1.949143e-21
   55  130    5.826793e-18    1.877371e-19
   55  131    4.801292e-15    2.355768e-16
   55  132    3.578167e-15    7.883631e-17
   55  133    2.967916e-12   -8.249256e-14
   55  134    5.740646e-13   -4.177902e-15
   55  135    9.524408e-13    7.612372e-14
   55  136    6.830274e-14    8.277507e-15
   55  137    9.910113e-15    1.967956e-15
   55  138    7.297675e-21    1.700877e-21
   55  139    1.069816e-24    2.764513e-25
   56  127    5.196166e-29    7.864145e-30
   56  128    9.817136e-27    4.737911e-28
   56  129    3.613758e-25    1.344769e-26
   56  130    3.956718e-21    6.513646e-22
   56  131    5.763036e-20    6.309965e-21
   56  132    9.501644e-16    6.827472e-17
   56  133    3.292648e-15    2.382295e-17
   56  134    8.390412e-12   -1.945977e-13
   56  135    2.428846e-12   -7.686140e-14
   56  136    5.151583e-11    7.359752e-13
   56  137    2.466589e-11   -7.646282e-13
   56  138    4.033247e-10    2.998423e-13
   56  139    3.234590e-15    1.326870e-16
   56  140    2.636153e-18    1.838881e-19
   56  141    1.393358e-23    1.508037e-24
   56  142    2.366485e-27    3.223551e-28
   57  131    6.498518e-27    9.514755e-28
   57  132    1.893145e-25    1.680728e-26
   57  133    3.708213e-21    6.867909e-23
   57  134    4.334565e-20   -2.473147e-23
   57  135    5.043087e-18    8.315111e-20
   57  136    7.056469e-18    4.024618e-19
   57  137    5.808193e-16    6.867089e-17
   57  138    2.324053e-15    2.020204e-16
   57  139    3.734947e-11   -3.031745e-16
   57  140    2.047036e-15    7.815157e-17
   57  141    7.783943e-18    5.005004e-19
   57  142    1.812746e-22    1.821036e-23
   57  143    2.310852e-25    2.938534e-26
   58  133    4.802921e-29    7.743025e-30
   58  134    1.887885e-26    1.466170e-27
   58  135    4.132586e-25    3.768551e-26
   58  136    3.334974e-21    8.016986e-22
   58  137    9.605642e-20    1.732572e-20
   58  138    1.780152e-15    2.446490e-16
   58  139    2.936501e-14    2.034204e-15
   58  140    9.336298e-11    1.504560e-14
   58  141    2.591415e-14    9.218551e-16
   58  142    1.046086e-15   -9.615768e-17
   58  143    1.246649e-19   -6.501777e-21
   58  144    7.131480e-22   -3.077818e-23
   58  145    7.274689e-27   -5.094818e-30
   58  146    2.284887e-28    3.140138e-31
   59  136    1.731870e-28    2.047047e-29
   59  137    2.378157e-23    2.172944e-24
   59  138    1.077508e-21    8.119005e-23
   59  139    4.137655e-17    1.905605e-18
   59  140    1.478740e-15    4.404493e-17
   59  141    7.783052e-12   -7.564421e-16
   59  142    1.782573e-14    5.992674e-16
   59  143    2.406912e-15    1.261117e-16
   59  144    9.557852e-19    8.156288e-20
   59  145    3.288293e-20    3.528722e-21
   59  146    4.758968e-25    6.774780e-26
   59  147    1.838152e-26    2.983244e-27
   60  138    2.364756e-25    2.889007e-26
   60  139    4.800416e-23    5.185678e-24
   60  140    8.515506e-18    6.938943e-19
   60  141    8.192440e-16    3.655103e-17
   60  142    2.802216e-11    4.513498e-13
   60  143    6.943774e-13   -1.301143e-14
   60  144    6.280550e-12   -4.019039e-13
   60  145    1.605548e-14   -5.963976e-16
   60  146    4.754147e-15   -1.597565e-15
   60  147    1.212288e-18   -3.498304e-19
   60  148    6.619412e-20   -1.805530e-20
   60  149    5.322259e-24   -1.194484e-24
   60  150    2.704009e-23   -1.144257e-23
   60  151    4.876948e-27   -1.815267e-27
   60  152    1.047353e-26    1.399369e-32
   61  140    5.087096e-29    1.051214e-29
   61  141    4.928618e-23    9.753047e-24
   61  142    4.051679e-20    7.628418e-21
   61  143    3.949033e-15    6.744963e-16
   61  144    3.063505e-16    5.235904e-17
   61  145    2.158971e-15    1.992080e-16
   61  146    3.471730e-17    3.528486e-18
   61  147    1.154464e-16   -1.770594e-18
   61  148    1.999390e-19    3.772629e-21
   61  149    3.678819e-20    1.473976e-21
   61  150    1.561763e-23    1.143980e-24
   61  151    1.710862e-22    6.100066e-24
   61  152    1.081033e-25    7.310138e-27
   61  153    1.310265e-25    8.277712e-27
   61  154    6.364968e-29    6.029454e-30
   61  155    2.840538e-30    4.033500e-31
   62  141    4.766477e-30    9.974414e-31
   62  142    4.157442e-23    7.769697e-24
   62  143    8.275243e-20    1.357505e-20
   62  144    9.433619e-14    1.242917e-14
   62  145    1.381849e-13    5.681018e-15
   62  146    3.272000e-12    6.264363e-14
   62  147    1.821970e-13    1.163110e-15
   62  148    1.507932e-12   -1.326899e-13
   62  149    8.151960e-15   -4.307361e-16
   62  150    1.105982e-14   -3.894036e-16
   62  151    3.200805e-17   -2.033095e-19
   62  152    1.436822e-16   -1.787025e-17
   62  153    5.483279e-19   -6.449131e-20
   62  154    2.822170e-18   -1.643252e-18
   62  155    3.855928e-21   -2.048746e-21
   62  156    1.402805e-21   -6.932474e-22
   62  157    1.301688e-25   -5.727654e-26
   62  158    5.364876e-28   -2.147130e-28
   63  143    1.106718e-27    2.178735e-28
   63  144    2.204202e-23    4.038582e-24
   63  145    6.983164e-17    1.100270e-17
   63  146    1.327669e-16    1.856434e-17
   63  147    7.672157e-15    8.752964e-16
   63  148    1.540491e-15    1.740062e-16
   63  149    6.463389e-14    4.253319e-15
   63  150    1.200625e-15    8.765868e-17
   63  151    1.607620e-13   -3.284216e-15
   63  152    2.374907e-15    2.321800e-17
   63  153    1.322167e-13   -3.233925e-15
   63  154    2.285007e-15    1.160647e-17
   63  155    2.068331e-14    1.069653e-16
   63  156    1.374700e-16    4.791631e-18
   63  157    4.363644e-17    2.005617e-18
   63  158    1.917483e-20    1.500630e-21
   63  159    6.275928e-22    6.280777e-23
   63  160    2.360450e-26    3.161374e-27
   64  145    2.495272e-27    4.916564e-28
   64  146    8.879456e-20    1.491450e-20
   64  147    6.779281e-19    7.768876e-20
   64  148    2.397428e-16    2.190405e-17
   64  149    3.053898e-16    2.183839e-17
   64  150    2.406992e-14    1.282613e-15
   64  151    3.371861e-15    1.849673e-16
   64  152    2.816692e-13   -2.713538e-15
   64  153    2.218425e-14    2.719502e-16
   64  154    2.045669e-12    1.561493e-14
   64  155    1.412881e-13    3.534623e-15
   64  156    3.348226e-12   -2.087878e-14
   64  157    8.087162e-14    1.686354e-15
   64  158    1.504004e-13    1.554829e-16
   64  159    4.087139e-16    1.337269e-17
   64  160    7.704403e-17   -4.512732e-18
   64  161    2.508183e-20   -5.555272e-22
   64  162    3.301712e-22   -4.015741e-24
   64  163    1.540659e-26    3.943107e-28
   65  147    3.492134e-28    7.671805e-29
   65  148    3.915434e-27    6.379007e-28
   65  149    2.094785e-24    4.156075e-25
   65  150    5.766619e-24    1.146714e-24
   65  151    7.804582e-21    1.543004e-21
   65  152    1.539640e-21    2.972898e-22
   65  153    4.217196e-18    6.665893e-19
   65  154    1.655257e-18    2.495231e-19
   65  155    1.901441e-15    1.966697e-16
   65  156    5.613427e-16    5.506557e-17
   65  157    1.162698e-13    5.505752e-15
   65  158    1.127952e-14    5.908327e-16
   65  159    2.345290e-13   -6.420660e-15
   65  160    3.230812e-15    8.774473e-18
   65  161    2.810537e-15    6.220715e-17
   65  162    9.360174e-18    4.825872e-19
   65  163    5.196624e-19    3.807605e-20
   65  164    1.430827e-22    1.519492e-23
   65  165    8.697311e-25    1.134758e-25
   65  166    3.722049e-29    6.040279e-30
   66  151    1.404756e-27    2.345314e-28
   66  152    1.564756e-23    2.118776e-24
   66  153    8.494423e-23    1.000221e-23
   66  154    1.280624e-19    1.207929e-20
   66  155    1.816786e-19    1.547399e-20
   66  156    3.521111e-16    1.882956e-17
   66  157    3.234758e-16    2.053143e-17
   66  158    1.371058e-13    4.611870e-15
   66  159    4.004653e-14    1.914905e-15
   66  160    2.496054e-12   -3.859907e-15
   66  161    1.392924e-13    3.180950e-15
   66  162    6.739960e-13   -6.204455e-15
   66  163    7.684665e-15    1.589448e-16
   66  164    4.689047e-15    1.601019e-16
   66  165    3.401331e-18    2.265672e-19
   66  166    7.165772e-20    5.911544e-21
   66  167    6.087264e-24    7.059839e-25
   66  168    2.791254e-26    3.879028e-27
   66  169    1.603834e-30   -1.261839e-35
   67  154    1.420568e-30    2.999423e-31
   67  155    1.050406e-25    4.542398e-26
   67  156    1.334392e-25    2.836928e-26
   67  157    4.154285e-21    7.720642e-22
   67  158    9.024346e-21    1.649123e-21
   67  159    3.417436e-17    5.406259e-18
   67  160    1.385491e-17    2.129836e-18
   67  161    1.419591e-14    1.613311e-15
   67  162    1.198052e-15    1.329132e-16
   67  163    2.571458e-13    1.013434e-14
   67  164    1.006884e-14    6.466385e-16
   67  165    2.009126e-13   -1.251163e-14
   67  166    7.265491e-16   -2.104659e-17
   67  167    1.588506e-16   -1.484043e-18
   67  168    8.535957e-20    2.076805e-21
   67  169    1.893952e-21    9.311240e-23
   67  170    1.676007e-25    1.387339e-26
   67  171    4.235972e-28    4.635147e-29
   68  157    2.466289e-27    2.529279e-28
   68  158    1.111393e-22    9.538783e-24
   68  159    6.070211e-22    4.876782e-23
   68  160    3.490790e-18    2.101419e-19
   68  161    1.011123e-17    5.331851e-19
   68  162    8.673010e-15    2.608197e-16
   68  163    5.400395e-15    2.597815e-16
   68  164    7.184286e-13    6.270729e-15
   68  165    1.091634e-13    3.592282e-15
   68  166    2.788759e-12   -1.507078e-14
   68  167    7.151436e-14    1.689667e-15
   68  168    7.114596e-14    3.012421e-15
   68  169    2.033706e-16    1.483450e-17
   68  170    1.535040e-17    1.444888e-18
   68  171    6.681503e-21    8.350700e-22
   68  172    6.455955e-23    9.470956e-24
   68  173    3.394119e-27    6.071114e-28
   68  174    5.563483e-29   -8.466914e-35
   69  160    1.853792e-27    3.768837e-28
   69  161    4.625572e-23    7.961057e-24
   69  162    2.678213e-22    4.330804e-23
   69  163    1.893466e-18    2.567687e-19
   69  164    1.975381e-18    2.486575e-19
   69  165    2.945767e-15    2.822510e-16
   69  166    1.025370e-15    9.199544e-17
   69  167    2.154820e-13    7.811914e-15
   69  168    2.700426e-14    1.128048e-15
   69  169    2.774048e-13   -9.329587e-15
   69  170    5.533912e-15   -2.604917e-17
   69  171    2.805222e-15    4.436325e-17
   69  172    6.462684e-18    2.972942e-19
   69  173    3.815882e-19    2.590361e-20
   69  174    1.666428e-22    1.665275e-23
   69  175    1.698950e-25    2.122950e-26
   69  176    8.049072e-30    1.272942e-30
   70  161    1.976109e-30    1.971287e-30
   70  162    1.410242e-25    2.552822e-26
   70  163    3.101027e-24    5.177062e-25
   70  164    4.291609e-20    6.069549e-21
   70  165    2.952908e-19    3.817881e-20
   70  166    5.554040e-16    5.706941e-17
   70  167    1.089092e-15    9.823278e-17
   70  168    3.780420e-13    2.110902e-14
   70  169    1.421078e-13    9.646218e-15
   70  170    4.479150e-12   -2.169363e-14
   70  171    3.725542e-13    5.861045e-15
   70  172    1.103460e-12   -1.515077e-14
   70  173    1.447277e-14    2.167324e-16
   70  174    4.248111e-15    1.210374e-16
   70  175    3.444018e-18    2.084321e-19
   70  176    4.926063e-20    4.178085e-21
   70  177    1.437374e-23    1.670747e-24
   70  178    9.602363e-26    1.316602e-26
   71  165    6.413333e-26    1.278243e-26
   71  166    5.589520e-25    1.057445e-25
   71  167    1.818914e-20    2.977982e-21
   71  168    1.022995e-19    1.612593e-20
   71  169    2.687065e-16    3.615531e-17
   71  170    1.551950e-16    1.939719e-17
   71  171    5.018124e-14    3.827388e-15
   71  172    1.149959e-14    8.126314e-16
   71  173    3.353047e-13    9.802959e-16
   71  174    1.503051e-14    2.152460e-16
   71  175    4.503830e-14   -5.863032e-15
   71  176    2.044900e-16   -1.968857e-17
   71  177    1.646680e-17   -1.156971e-18
   71  178    1.690910e-20   -6.215863e-22
   71  179    3.893234e-22   -4.678680e-24
   71  180    9.877828e-26    2.320527e-27
   71  181    5.150336e-29    4.895797e-32
   72  167    1.687142e-26    3.143658e-27
   72  168    5.690341e-22    9.282572e-23
   72  169    8.071467e-21    1.209862e-21
   72  170    3.689220e-17    4.597952e-18
   72  171    1.420795e-16    1.641294e-17
   72  172    5.066377e-14    4.521025e-15
   72  173    5.014041e-14    4.109873e-15
   72  174    2.177044e-12    9.692401e-14
   72  175    3.109315e-13    1.965695e-14
   72  176    3.837165e-12   -1.259094e-13
   72  177    6.514735e-14   -1.362015e-16
   72  178    3.420089e-14    6.173804e-16
   72  179    1.754761e-16    8.579086e-18
   72  180    2.292097e-17    1.597040e-18
   72  181    1.224292e-20    1.238064e-21
   72  182    6.935545e-23    8.704931e-24
   72  183    2.944678e-27    4.619538e-28
   72  184    1.023606e-28    1.528605e-34
   73  170    9.417099e-29    2.591040e-29
   73  171    3.418320e-24    8.690290e-25
   73  172    6.612282e-24    1.637393e-24
   73  173    7.386976e-20    1.708424e-20
   73  174    8.013730e-21    1.836969e-21
   73  175    3.044495e-16    4.850987e-17
   73  176    5.730094e-17    8.799419e-18
   73  177    1.092180e-14    1.101238e-15
   73  178    1.467875e-17    1.060926e-18
   73  179    6.655784e-13    3.286838e-15
   73  180    1.435401e-14    4.600257e-16
   73  181    3.059562e-14   -4.907589e-15
   73  182    5.877861e-17   -7.236981e-18
   73  183    1.643456e-18   -1.567749e-19
   73  184    1.410415e-22   -8.003146e-24
   73  185    1.332324e-24   -3.950384e-26
   73  186    6.837616e-29    5.560499e-31
   74  171    1.013687e-29    2.391437e-30
   74  172    6.510236e-25    1.329528e-25
   74  173    2.331554e-23    4.427054e-24
   74  174    1.286872e-19    2.146380e-20
   74  175    1.135958e-18    1.750011e-19
   74  176    7.375656e-16    9.564779e-17
   74  177    1.018664e-15    1.219931e-16
   74  178    1.431807e-13    1.300324e-14
   74  179    6.690720e-14    5.513381e-15
   74  180    2.344236e-12    7.657509e-14
   74  181    2.708350e-13    1.084993e-14
   74  182    2.096222e-12   -1.058014e-13
   74  183    1.482310e-14   -2.643587e-16
   74  184    2.405655e-15    7.527334e-18
   74  185    2.730844e-18    9.977156e-20
   74  186    1.024325e-19    6.084140e-21
   74  187    1.819422e-23    1.687958e-24
   74  188    1.428461e-25    1.650481e-26
   74  189    1.176759e-30    1.772590e-31
   75  174    1.025226e-29    1.948801e-30
   75  175    3.782349e-25    5.894744e-26
   75  176    5.653078e-24    7.958887e-25
   75  177    2.225103e-20    2.600993e-21
   75  178    6.501990e-20    7.081853e-21
   75  179    5.522285e-17    4.558176e-18
   75  180    8.193006e-17    6.522363e-18
   75  181    2.089097e-14    1.129648e-15
   75  182    6.159419e-15    3.296294e-16
   75  183    2.703659e-13    8.571649e-16
   75  184    5.028474e-15    1.197899e-16
   75  185    1.258072e-14   -2.333683e-15
   75  186    6.873860e-17   -1.023143e-17
   75  187    1.267085e-17   -1.577483e-18
   75  188    1.012423e-20   -8.810666e-22
   75  189    5.969660e-22   -3.981261e-23
   75  190    9.152115e-26   -2.709726e-27
   75  191    1.998872e-27    7.253692e-30
   75  192    1.040359e-29    1.685035e-31
   76  177    1.282376e-26    2.584137e-27
   76  178    1.613004e-22    2.807329e-23
   76  179    2.796169e-21    4.444807e-22
   76  180    5.774172e-18    7.572694e-19
   76  181    2.532871e-17    2.990840e-18
   76  182    1.277587e-14    1.157916e-15
   76  183    2.052447e-14    1.661042e-15
   76  184    1.434728e-12    7.869362e-14
   76  185    1.789606e-13    1.064283e-14
   76  186    2.789063e-12   -9.292207e-14
   76  187    5.714744e-14   -2.000157e-16
   76  188    9.684304e-14    8.758866e-16
   76  189    3.696348e-16    1.510668e-17
   76  190    1.836487e-16    1.089017e-17
   76  191    2.843124e-19    2.565152e-20
   76  192    5.211626e-20    5.732292e-21
   76  193    1.601101e-23    2.238956e-24
   76  194    8.110711e-25   -3.126460e-25
   76  195    1.093423e-28   -3.699008e-29
   76  196    1.696296e-28    6.855853e-34
   77  180    5.911837e-27    1.459757e-27
   77  181    9.033185e-23    2.033854e-23
   77  182    1.171253e-21    2.520895e-22
   77  183    2.292993e-18    4.499781e-19
   77  184    8.489476e-18    1.617289e-18
   77  185    2.973242e-15    5.135380e-16
   77  186    3.835802e-16    6.488693e-17
   77  187    5.850463e-14    6.332930e-15
   77  188    4.714622e-15    5.087662e-16
   77  189    4.015253e-13    9.924868e-15
   77  190    8.871560e-15    2.988405e-16
   77  191    1.702125e-13   -1.760942e-14
   77  192    9.245400e-16   -6.394169e-17
   77  193    1.572637e-15   -7.760860e-17
   77  194    2.347601e-18   -3.668919e-20
   77  195    3.063540e-19   -5.289998e-22
   77  196    1.158638e-22    3.751439e-24
   77  197    3.121359e-24    1.720551e-25
   77  198    4.571050e-28    4.006891e-29
   78  182    1.112624e-26    2.809480e-27
   78  183    4.655190e-25    1.025523e-25
   78  184    3.061051e-21    5.969215e-22
   78  185    2.871911e-20    5.203808e-21
   78  186    2.731241e-17    4.378743e-18
   78  187    2.580537e-17    3.783216e-18
   78  188    1.394835e-14    1.524611e-15
   78  189    7.141927e-15    7.402769e-16
   78  190    6.810308e-13    3.955484e-14
   78  191    8.811905e-14    6.149850e-15
   78  192    3.565802e-12   -6.734205e-14
   78  193    1.536220e-13    1.612139e-15
   78  194    6.568796e-13    1.676328e-14
   78  195    8.215391e-15    4.588143e-16
   78  196    5.888890e-15    4.105926e-16
   78  197    1.991058e-17    1.422263e-18
   78  198    1.129204e-16   -3.650119e-17
   78  199    1.048172e-19   -2.920250e-20
   78  200    3.945145e-21   -1.009079e-21
   78  201    2.321749e-25   -4.875938e-26
   78  202    2.248568e-27   -4.103414e-28
   79  186    2.198223e-27    5.930986e-28
   79  187    1.204104e-23    2.923742e-24
   79  188    5.116618e-23    1.188111e-23
   79  189    1.068692e-19    2.133309e-20
   79  190    3.492309e-19    6.770940e-20
   79  191    1.810837e-16    3.026421e-17
   79  192    6.917043e-17    1.116819e-17
   79  193    2.244320e-14    2.486945e-15
   79  194    4.267690e-15    4.436668e-16
   79  195    3.270369e-13    1.412954e-14
   79  196    2.395914e-14    1.005211e-15
   79  197    3.208510e-13   -1.783400e-14
   79  198    7.924904e-15   -2.023708e-16
   79  199    4.210593e-15   -7.082064e-17
   79  200    1.527874e-17    2.084566e-19
   79  201    1.598459e-18    4.332011e-20
   79  202    1.804278e-21    1.040072e-22
   79  203    4.877378e-23    3.763280e-24
   79  204    9.318974e-27    1.010319e-27
   80  189    8.429634e-27    2.025591e-27
   80  190    5.717454e-23    1.225232e-23
   80  191    6.284467e-22    1.253016e-22
   80  192    9.553051e-19    1.695055e-19
   80  193    3.185472e-18    5.147015e-19
   80  194    1.655649e-15    2.314573e-16
   80  195    1.615427e-15    2.035910e-16
   80  196    2.544109e-13    2.188672e-14
   80  197    9.804923e-14    8.426743e-15
   80  198    4.181432e-12    1.233764e-13
   80  199    7.041346e-13    2.163761e-14
   80  200    7.009088e-12   -1.105677e-14
   80  201    2.467577e-13   -8.375996e-15
   80  202    1.264025e-12   -1.530399e-13
   80  203    7.157614e-15   -6.081496e-16
   80  204    3.230248e-14   -2.681830e-15
   80  205    7.755966e-18   -3.587252e-19
   80  206    6.181687e-20   -6.734585e-22
   80  207    6.612570e-28    2.600265e-29
   81  192    4.777748e-28    1.722328e-28
   81  193    9.592864e-25    3.101951e-25
   81  194    2.965212e-23    9.173957e-24
   81  195    6.091531e-20    1.709229e-20
   81  196    3.423194e-19    8.877330e-20
   81  197    1.051544e-16    2.391841e-17
   81  198    2.091200e-16    4.207644e-17
   81  199    2.802966e-14    4.538240e-15
   81  200    2.436733e-14    2.985489e-15
   81  201    7.759628e-13    5.554832e-14
   81  202    3.126304e-13    4.142977e-15
   81  203    2.108750e-12   -6.135478e-14
   81  204    1.503493e-13   -7.827001e-16
   81  205    1.487408e-13   -5.136150e-15
   81  206    1.086308e-15   -7.357896e-18
   81  207    2.662865e-17    1.055484e-18
   81  208    3.838559e-25    3.295592e-26
   81  209    1.047856e-30    1.262269e-31
   82  195    5.216425e-29    2.259069e-29
   82  196    5.090326e-25    1.864189e-25
   82  197    9.554608e-24    3.210681e-24
   82  198    2.011864e-20    6.268384e-21
   82  199    1.029926e-19    2.824125e-20
   82  200    1.084654e-16    2.588270e-17
   82  201    4.413245e-16    8.487622e-17
   82  202    8.330592e-14    1.171671e-14
   82  203    1.860906e-13    1.563321e-14
   82  204    1.065140e-11    3.472082e-13
   82  205    7.177716e-12    6.276651e-14
   82  206    8.319605e-11    1.617735e-12
   82  207    3.212109e-11   -1.305116e-12
   82  208    1.205052e-10   -7.500548e-13
   82  209    2.283512e-17    9.064378e-19
   82  210    2.643786e-23    2.014962e-24
   82  211    2.519979e-30    2.975005e-31
   83  198    2.331185e-28    9.191983e-29
   83  199    1.244498e-24    4.465406e-25
   83  200    2.438729e-23    8.418686e-24
   83  201    2.467124e-20    7.928067e-21
   83  202    1.086708e-19    3.245420e-20
   83  203    4.563943e-17    1.249228e-17
   83  204    1.196440e-16    2.868275e-17
   83  205    1.076902e-14    2.077164e-15
   83  206    1.288936e-14    1.816584e-15
   83  207    5.344457e-13    4.567949e-14
   83  208    2.072378e-13    3.532714e-15
   83  209    2.341053e-12   -5.314865e-14
   83  210    2.186600e-18    4.682311e-20
   83  211    1.079415e-23    6.285973e-25
   83  212    1.536237e-30    1.542927e-31
   84  204    1.757422e-28    6.312501e-29
   84  205    4.007433e-28    1.318646e-28
   84  206    4.187449e-26    1.204418e-26
   84  207    6.192587e-26    1.422799e-26
   84  208    2.184180e-24    4.162783e-25
   84  209    5.362437e-25    7.726457e-26
   84  210    5.831525e-24    4.924361e-25
   84  211    6.891468e-30    9.238813e-31
    0    1    9.786183e-12    6.780305e-13
    1    1    4.801876e-09    1.686913e-10
    2    4    1.199515e-06    1.757829e-08
