5.0713e-01
3.7961e-03
1.3305e+00
9.8319e+04
    5   10    1.656438e-29    3.660444e-35
    5   11    6.158008e-27    6.113640e-29
    6   11    4.037235e-26    3.176920e-29
    6   12    7.736613e-04   -1.181835e-11
    6   13    2.292637e-13    1.409614e-16
    6   14    4.967286e-18    5.716019e-21
    7   13    1.151022e-16    1.027139e-17
    7   14    2.008261e-16    2.157459e-18
    7   15    6.617031e-19    7.257308e-21
    8   14    1.345324e-20   -3.980371e-25
    8   15    1.336192e-23    1.886074e-25
    8   16    4.583191e-02   -2.801016e-12
    8   17    3.888112e-11    2.100769e-14
    8   18    8.194029e-15    8.314842e-18
    8   19    1.451396e-24    1.335292e-27
    9   17    1.620054e-19    6.746253e-20
    9   18    3.236440e-18    9.991276e-21
    9   19    1.564877e-18    2.050323e-21
    9   20    1.511626e-26    5.935648e-29
   10   18    2.881344e-26   -4.466351e-29
   10   19    2.106131e-26    7.125480e-29
   10   20    8.353558e-03    8.198393e-12
   10   21    3.015517e-05   -2.162090e-13
   10   22    3.692401e-06   -2.951887e-14
   10   23    2.770236e-15    1.428664e-18
   10   24    9.738899e-26    1.051555e-28
   11   21    2.440354e-12   -4.305255e-13
   11   22    7.942048e-12    3.500171e-14
   11   23    1.457135e-04    1.498125e-13
   11   24    2.182334e-12    1.153333e-15
   11   25    1.248601e-20    1.508045e-23
   11   26    1.111542e-29   -1.571244e-33
   12   22    1.333061e-20    8.623705e-23
   12   23    2.653001e-13    9.214185e-14
   12   24    2.013356e-03    7.686126e-13
   12   25    4.441884e-04   -2.414466e-13
   12   26    2.597926e-04    6.749070e-10
   12   27    5.566390e-13    3.321014e-16
   12   28    3.038696e-21    3.062736e-24
   12   29    1.215861e-30   -1.185263e-32
   13   24    2.048002e-26    8.616338e-27
   13   25    1.475675e-14   -2.256973e-16
   13   26    1.407619e-04   -6.750170e-10
   13   27    2.011965e-04    2.455138e-13
   13   28    6.588473e-12    3.943170e-15
   13   29    2.846380e-17    1.261536e-19
   13   30    6.947221e-26    2.530656e-29
   14   26    5.376732e-20   -6.303801e-23
   14   27    8.249369e-12    4.192006e-14
   14   28    2.358146e-04    1.399107e-13
   14   29    6.520011e-05    7.803898e-15
   14   30    2.844595e-05    4.044769e-12
   14   31    1.062373e-13    5.307281e-17
   14   32    9.655214e-22    1.070516e-24
   15   28    2.252127e-24    1.554968e-25
   15   29    1.860116e-13   -3.407388e-15
   15   30    2.308896e-07   -4.032870e-12
   15   31    2.104166e-06    3.275241e-13
   15   32    4.422651e-14    2.416051e-17
   15   33    4.123932e-16    3.095249e-19
   15   34    2.852641e-24    2.376402e-27
   16   30    4.593533e-23    4.372864e-25
   16   31    3.069003e-10   -3.142050e-13
   16   32    1.166121e-06    1.031535e-15
   16   33    2.100910e-08    9.226806e-17
   16   34    2.736455e-07   -1.515178e-17
   16   35    1.253575e-15    7.963820e-19
   16   36    3.094937e-22    3.346771e-25
   17   32    1.979977e-24    3.974027e-25
   17   33    5.846159e-18   -1.268118e-19
   17   34    7.034173e-17    3.838261e-19
   17   35    1.020434e-08    7.990346e-17
   17   36    5.183860e-16    2.695291e-19
   17   37    3.272689e-22    2.547590e-24
   17   38    1.226764e-30    1.335296e-33
   18   34    5.378483e-24   -1.662384e-26
   18   35    9.765153e-23   -7.222479e-26
   18   36    8.448028e-10    7.880778e-19
   18   37    4.734192e-17    2.529793e-20
   18   38    2.659023e-10    2.150571e-20
   18   39    5.051777e-18    2.687936e-21
   18   40    3.663510e-19    3.010106e-22
   18   41    3.642324e-27    3.825717e-30
   19   37    1.083777e-22    1.271699e-23
   19   38    5.331767e-26    6.281240e-28
   19   39    3.745182e-12    3.524265e-20
   19   40    2.450444e-19    1.278041e-22
   19   41    6.397626e-25    9.501901e-28
   19   42    5.227577e-30    4.057481e-31
   19   43    1.930642e-24    1.519966e-26
   20   38    8.529836e-29    1.363365e-33
   20   40    2.851209e-14    4.724564e-23
   20   41    1.556377e-21    8.376494e-25
   20   42    4.763924e-08   -5.185999e-18
   20   43    1.463411e-08   -8.462339e-19
   20   44    7.048443e-08   -5.109223e-18
   20   45    3.827394e-15    1.998650e-18
   20   46    2.020422e-10   -1.905250e-20
   20   47    5.334798e-18    2.740637e-21
   20   48    2.292639e-09   -4.748021e-19
   20   49    1.330489e-17    6.983604e-21
   20   50    4.019779e-26    4.011227e-29
   21   41    8.696551e-30    2.733744e-30
   21   43    3.207330e-16    2.726609e-18
   21   44    1.286218e-16    1.144454e-18
   21   45    6.669492e-09    3.734495e-18
   21   46    2.349090e-15    1.217821e-18
   21   47    1.782157e-18    1.641034e-20
   21   48    2.704051e-17    3.353760e-19
   21   49    1.487955e-17    1.324283e-19
   21   50    9.926060e-26    1.026429e-28
   22   44    2.365025e-25    4.674132e-27
   22   45    7.705723e-23    9.963414e-24
   22   46    2.020421e-08   -2.030249e-18
   22   47    7.854395e-09    5.146205e-19
   22   48    1.436025e-08   -7.336099e-20
   22   49    1.733388e-08   -6.046525e-19
   22   50    5.602375e-08   -7.260528e-19
   22   51    1.347586e-15    7.020178e-19
   22   52    1.934508e-23    1.915319e-26
   23   47    3.664251e-17    3.546038e-19
   23   48    1.672729e-17    1.694619e-19
   23   49    3.481393e-17    4.328019e-19
   23   50    2.033092e-15    3.361421e-19
   23   51    4.904039e-09    6.030114e-19
   23   52    1.105975e-15    5.608331e-19
   23   53    4.550564e-23    4.237204e-26
   24   48    9.157268e-27    1.611933e-28
   24   49    1.682747e-26    3.896517e-28
   24   50    9.383976e-13   -1.207223e-22
   24   51    8.186488e-19    1.570741e-20
   24   52    5.579288e-08   -2.522524e-18
   24   53    1.074040e-08    7.096631e-19
   24   54    1.369099e-07   -3.566962e-18
   24   55    6.753821e-15    3.553437e-18
   24   56    1.960809e-22    1.886603e-25
   24   57    1.532423e-30    2.127530e-33
   25   51    3.921685e-22    4.209994e-24
   25   52    2.925269e-28    5.276909e-30
   25   53    2.810534e-17    3.310809e-19
   25   54    6.213959e-18    7.726594e-20
   25   55    3.456010e-08   -2.383306e-18
   25   56    6.828627e-15    3.524185e-18
   25   57    6.955888e-22    6.300981e-25
   25   58    1.455150e-29    1.015549e-32
   26   54    4.446329e-09   -4.488853e-19
   26   55    8.432188e-16    6.878490e-19
   26   56    1.766820e-06   -8.511855e-17
   26   57    9.986689e-07   -6.256736e-17
   26   58    5.174607e-06   -1.466985e-16
   26   59    4.909830e-13    2.654603e-16
   26   60    2.845520e-20    2.776970e-23
   26   61    3.340888e-28    4.965746e-31
   27   55    4.444115e-19    5.210035e-21
   27   56    1.322020e-25    1.592408e-27
   27   57    2.858658e-16    4.037647e-18
   27   58    2.387474e-16    2.847293e-18
   27   59    2.034761e-06   -9.678834e-17
   27   60    2.288812e-13    1.145009e-16
   27   61    5.064447e-20    5.234807e-23
   27   62    2.644598e-27    3.841938e-30
   28   56    3.664987e-30    7.381295e-32
   28   58    6.192278e-10   -9.654221e-20
   28   59    1.849675e-16    2.996172e-19
   28   60    2.667797e-06   -3.282935e-16
   28   61    1.015185e-06    9.334748e-17
   28   62    2.259022e-06    1.364121e-16
   28   63    1.812500e-13    9.727143e-17
   28   64    1.389652e-06   -4.667363e-17
   28   65    8.373365e-14    4.424930e-17
   28   66    4.207046e-21    4.134539e-24
   28   67    3.715602e-29    5.194011e-32
   29   59    1.785818e-20    2.278563e-22
   29   60    5.219667e-27    1.152245e-28
   29   61    1.323125e-16    1.804002e-18
   29   62    9.496214e-17    1.329043e-18
   29   63    8.717976e-07   -3.118830e-16
   29   64    5.816285e-13    3.138378e-16
   29   65    1.075840e-06   -1.604626e-16
   29   66    2.973386e-13    1.591804e-16
   29   67    1.638768e-19    2.159955e-22
   29   68    1.227719e-26    1.638669e-29
   29   69    4.490959e-28    8.197233e-31
   30   62    6.843620e-27    8.416387e-29
   30   63    5.106534e-26    2.257047e-26
   30   64    8.425443e-07   -1.910412e-16
   30   65    3.549142e-13    1.912036e-16
   30   66    1.302067e-06   -1.797630e-16
   30   67    2.837025e-07    6.012637e-17
   30   68    1.322620e-06    3.423707e-17
   30   69    1.591874e-13    8.599694e-17
   30   70    1.327706e-10   -8.875881e-21
   30   71    1.881329e-17    9.729406e-21
   30   72    2.295657e-24    2.241307e-27
   31   65    2.604298e-17    3.845070e-19
   31   66    1.437325e-23    2.915385e-25
   31   67    7.060235e-17    1.111532e-18
   31   68    1.663372e-17    2.453789e-19
   31   69    1.594878e-07   -7.859216e-17
   31   70    1.505214e-13    7.975624e-17
   31   71    1.407638e-07   -5.573151e-17
   31   72    1.046106e-13    5.554273e-17
   31   73    7.001095e-20    6.806622e-23
   31   74    7.252384e-27    1.033634e-29
   32   66    2.373363e-28    7.029838e-30
   32   68    8.983962e-25    3.477485e-27
   32   69    1.580728e-22    2.491330e-23
   32   70    2.286682e-07   -6.791235e-17
   32   71    1.267677e-13    6.841071e-17
   32   72    2.362111e-07   -6.198185e-17
   32   73    4.522471e-08    3.388375e-17
   32   74    1.757502e-07   -4.940876e-18
   32   75    6.064830e-14    3.277590e-17
   32   76    1.249214e-11    4.766838e-22
   32   77    2.686198e-18    1.446117e-21
   32   78    3.543921e-25    3.439614e-28
   33   71    5.421981e-18    8.885879e-20
   33   72    8.522602e-24    7.258131e-26
   33   73    8.548862e-18    1.475348e-19
   33   74    7.388200e-19    1.034253e-20
   33   75    2.000841e-08   -3.547978e-17
   33   76    6.792858e-14    3.561141e-17
   33   77    6.745101e-20    6.719742e-23
   33   78    1.523998e-26    2.147492e-29
   34   72    4.495408e-29    1.506306e-30
   34   74    1.564419e-24    5.454351e-28
   34   75    8.381966e-20    2.607622e-21
   34   76    4.988951e-08   -3.274768e-17
   34   77    1.818955e-08    1.110573e-17
   34   78    7.041448e-08    6.924415e-18
   34   79    2.731665e-14    1.469355e-17
   34   80    4.239296e-09   -5.604736e-19
   34   81    1.059424e-15    5.632835e-19
   34   82    3.172076e-12    1.918970e-22
   34   83    1.772524e-19    9.481160e-23
   34   84    1.345819e-26    1.359019e-29
   35   77    5.942496e-19    1.080552e-20
   35   78    2.034246e-19    3.313879e-21
   35   79    8.345280e-09   -1.582256e-17
   35   80    2.982990e-14    1.576297e-17
   35   81    7.274675e-09   -7.380239e-18
   35   82    1.387932e-14    7.381903e-18
   35   83    1.777185e-20    1.792040e-23
   35   84    3.360850e-27    4.992098e-30
   36   78    1.722632e-26    1.384015e-28
   36   79    2.690213e-22    2.082253e-23
   36   80    2.125897e-08   -2.009988e-17
   36   81    3.756633e-14    2.016817e-17
   36   82    5.111920e-08   -1.759976e-17
   36   83    1.566931e-08    7.476998e-18
   36   84    5.823898e-08    4.159845e-18
   36   85    1.111913e-14    5.953964e-18
   36   86    4.641502e-10   -4.469515e-21
   36   87    8.454048e-18    4.434993e-21
   36   88    3.983150e-25    4.103901e-28
   37   81    7.252833e-20    1.456329e-21
   37   82    2.847193e-25    3.331586e-27
   37   83    2.094662e-19    4.294714e-21
   37   84    4.475589e-20    7.720765e-22
   37   85    8.462401e-09   -5.504212e-18
   37   86    1.042297e-14    5.508354e-18
   37   87    5.853055e-11   -3.365578e-21
   37   88    6.195108e-18    3.371246e-21
   37   89    1.520591e-24    1.476325e-27
   38   84    2.620365e-24    1.697626e-30
   38   85    1.072431e-21    4.765066e-23
   38   86    1.977582e-08   -3.521592e-18
   38   87    1.264904e-08    5.371463e-19
   38   88    3.410537e-08    2.312883e-18
   38   89    1.268212e-15    6.701479e-19
   38   90    7.762712e-23    7.487375e-26
   38   91    5.838432e-30    1.516838e-32
   39   87    2.598913e-20    5.497979e-22
   39   88    1.784462e-20    3.712078e-22
   39   89    5.047083e-09   -2.991201e-19
   39   90    5.595805e-16    2.998734e-19
   39   91    3.905500e-22    3.974802e-25
   39   92    7.291023e-29    1.158031e-31
   40   89    2.897028e-27    8.812739e-28
   40   90    2.223164e-09   -1.646453e-19
   40   91    5.705717e-10    6.223397e-20
   40   92    6.513631e-10    2.724599e-20
   40   93    1.936305e-10    3.119738e-20
   40   94    4.140053e-10   -2.861735e-21
   40   95    8.373152e-17    4.686875e-20
   40   96    7.701181e-13   -1.651524e-23
   40   97    3.158844e-20    1.651929e-23
   40   98    1.608024e-27    1.782928e-30
   41   91    9.045524e-22    2.023136e-23
   41   92    2.054656e-22    4.202555e-24
   41   93    7.196590e-14   -4.382618e-23
   41   94    9.484292e-20    5.162329e-23
   41   95    8.047446e-23    1.452687e-24
   41   96    1.636235e-25    4.023420e-27
   41   97    2.002082e-25    1.782909e-27
   42   92    3.795086e-17    1.571762e-27
   42   93    1.753765e-23    9.685152e-27
   42   94    1.277136e-13   -4.768600e-23
   42   95    3.569929e-11   -2.959389e-20
   42   96    8.222236e-11    2.657318e-23
   42   97    2.578413e-11    2.143367e-22
   42   98    7.544015e-11    5.202333e-21
   42   99    4.467484e-17    2.419364e-20
   42  100    1.700720e-15   -7.362441e-25
   42  101    1.412735e-21    7.762629e-25
   42  102    4.573067e-28    4.362430e-31
   43   93    5.431495e-30    1.251542e-31
   43   95    4.141249e-26    2.524387e-27
   43   96    4.116805e-24    8.995283e-26
   43   97    1.092269e-23    2.652095e-25
   43   98    4.671640e-25    1.115702e-26
   43   99    2.728416e-13   -7.294570e-22
   43  100    1.328328e-18    5.045878e-22
   43  101    4.431022e-24    7.792370e-27
   43  102    2.029725e-30    2.557109e-33
   44   96    3.532765e-26    1.421581e-33
   44   98    6.758653e-24    1.214673e-25
   44   99    8.074104e-12   -1.350756e-20
   44  100    3.391436e-11   -9.093216e-21
   44  101    7.022775e-12   -2.557526e-21
   44  102    1.446505e-14    2.537640e-20
   44  103    1.175280e-20    6.238784e-24
   44  104    1.628713e-21    1.261974e-23
   44  105    3.123116e-29    7.170009e-31
   45   99    4.747661e-28    6.430960e-29
   45  100    2.227244e-25    5.519821e-27
   45  101    1.148293e-24    3.198025e-26
   45  102    5.848461e-26    1.312662e-27
   45  103    7.469140e-12   -2.465322e-20
   45  104    4.508279e-17    2.184864e-20
   45  105    1.974927e-22    1.914347e-25
   45  106    2.690483e-28    3.712614e-31
   46  103    8.348165e-26    2.632113e-27
   46  104    2.116278e-11   -1.698195e-20
   46  105    4.944948e-12   -3.236492e-21
   46  106    2.265112e-11    6.159439e-21
   46  107    3.151848e-17    1.685052e-20
   46  108    2.501057e-11   -1.545307e-20
   46  109    2.897176e-17    1.546610e-20
   46  110    1.000424e-14    1.000947e-23
   46  111    7.775653e-21    4.116444e-24
   46  112    8.865062e-27    8.592771e-30
   47  105    2.110885e-25    6.444812e-27
   47  106    3.225578e-26    8.500064e-28
   47  107    4.291511e-12   -1.499237e-20
   47  108    2.752078e-17    1.448581e-20
   47  109    6.599083e-12   -2.455783e-20
   47  110    4.395054e-17    1.985817e-20
   47  111    2.787612e-22    3.053030e-25
   47  112    4.454623e-28    6.577100e-31
   48  107    1.260414e-27    8.444922e-29
   48  108    3.603376e-13    2.598641e-22
   48  109    4.327733e-19    2.321022e-22
   48  110    1.909898e-11   -9.283500e-21
   48  111    4.587531e-12    3.345348e-22
   48  112    2.054443e-11    1.165539e-21
   48  113    2.327796e-17    1.247033e-20
   48  114    3.413725e-11   -1.479387e-20
   48  115    2.766932e-17    1.479927e-20
   48  116    2.673546e-15   -6.742181e-25
   48  117    1.320333e-21    7.080769e-25
   48  118    1.191894e-27    1.183945e-30
   49  109    1.166584e-27    3.769092e-29
   49  111    7.486327e-26    2.525102e-27
   49  112    1.220736e-26    3.552146e-28
   49  113    6.099900e-12   -1.720350e-20
   49  114    3.136623e-17    1.605538e-20
   49  115    2.808165e-22    6.184647e-25
   49  116    5.449273e-28    1.437067e-30
   49  117    4.985453e-26    3.878404e-28
   50  112    1.518501e-24    1.473117e-32
   50  113    1.415900e-27    8.065283e-29
   50  114    1.053079e-13    1.096986e-21
   50  115    5.384880e-12   -6.437073e-21
   50  116    3.958574e-11   -5.029833e-21
   50  117    8.542087e-12    2.201845e-21
   50  118    4.908861e-11   -4.603777e-23
   50  119    1.176970e-11   -4.283164e-22
   50  120    6.577789e-11    2.165106e-21
   50  121    1.404959e-17    7.619111e-21
   50  122    5.075922e-13   -3.211646e-23
   50  123    5.997725e-20    3.212825e-23
   50  124    5.881525e-14   -1.707474e-24
   50  125    3.230677e-21    1.707548e-24
   50  126    4.744830e-28    4.886492e-31
   51  115    1.151586e-28    3.988674e-30
   51  116    6.262003e-27    2.132631e-28
   51  117    4.671136e-26    1.645180e-27
   51  118    1.031784e-26    3.422447e-28
   51  119    7.445624e-26    2.641098e-27
   51  120    9.329529e-27    2.908679e-28
   51  121    3.464266e-12   -6.993951e-21
   51  122    1.268031e-17    6.994148e-21
   51  123    8.946866e-14   -9.071551e-23
   51  124    1.651579e-19    9.075908e-23
   51  125    3.427669e-25    3.428483e-28
   52  120    1.000424e-30    5.115598e-41
   52  121    4.110736e-28    2.603332e-29
   52  122    9.020201e-12   -9.063618e-21
   52  123    3.001266e-12   -3.871384e-21
   52  124    1.532909e-11    5.062778e-21
   52  125    5.674397e-12   -5.284548e-21
   52  126    2.620159e-11    6.194442e-21
   52  127    1.293409e-17    6.961410e-21
   52  128    5.697726e-13   -9.473137e-23
   52  129    1.755281e-19    9.637063e-23
   52  130    1.846937e-12   -9.488788e-23
   52  131    1.747973e-19    9.458084e-23
   52  132    2.462251e-26    2.546039e-29
   53  123    7.305372e-27    2.956295e-28
   53  124    1.678266e-27    5.692976e-29
   53  125    1.875510e-26    6.938824e-28
   53  126    1.267036e-27    6.098749e-29
   53  127    3.615692e-12   -7.874237e-21
   53  128    1.434038e-17    7.850056e-21
   53  129    5.099323e-23    1.465112e-25
   53  130    1.600101e-27    5.666461e-29
   53  131    3.942677e-23    3.066306e-25
   54  126    1.587975e-27    3.407958e-42
   54  127    1.125221e-27    5.698350e-29
   54  128    9.378960e-12   -8.689673e-21
   54  129    4.878028e-12   -5.209095e-21
   54  130    1.462160e-11    7.118358e-21
   54  131    6.636400e-12   -1.131723e-21
   54  132    4.009275e-11   -5.574616e-22
   54  133    1.586106e-17    8.492908e-21
   54  134    1.269195e-13   -8.377955e-24
   54  135    1.561972e-20    8.389218e-24
   54  136    8.091666e-12    6.039065e-24
   54  137    3.262655e-20   -6.419627e-24
   54  138    5.423062e-28    5.601632e-31
   55  129    4.295201e-27    1.913321e-28
   55  130    8.823194e-28    3.189087e-29
   55  131    8.097075e-27    3.380553e-28
   55  132    4.310262e-28    4.232133e-29
   55  133    4.580876e-12   -7.058638e-21
   55  134    1.291186e-17    7.058694e-21
   55  135    3.436738e-23    3.728071e-26
   55  136    2.887161e-27    1.106163e-28
   55  137    4.828865e-23    3.748928e-25
   56  132    1.667374e-27    3.587324e-43
   56  133    1.050221e-27    5.107672e-29
   56  134    1.045218e-11   -6.343774e-21
   56  135    5.105863e-12   -3.106049e-21
   56  136    3.449992e-11    2.628134e-21
   56  137    4.228069e-11   -4.119340e-21
   56  138    3.979948e-10    6.098648e-21
   56  139    9.100251e-18    4.849608e-21
   56  140    7.463343e-25    7.908337e-28
   57  135    2.258127e-27    1.043647e-28
   57  136    1.137972e-28    3.991302e-30
   57  137    5.764859e-27    2.649866e-28
   57  138    4.445982e-26    4.288718e-28
   57  139    3.735396e-11   -3.130006e-21
   57  140    5.915460e-18    3.134702e-21
   57  141    2.655236e-24    2.572135e-27
   58  138    2.102342e-25    3.449420e-31
   58  139    6.133828e-25    2.505996e-26
   58  140    9.289652e-11    7.578151e-21
   58  141    6.147910e-18    3.389946e-21
   58  142    9.158811e-14   -8.967127e-24
   58  143    1.783432e-20    9.668887e-24
   58  144    5.394780e-27    1.119891e-28
   59  140    1.222471e-30    1.147534e-30
   59  141    7.804723e-12   -2.209128e-21
   59  142    4.145125e-18    2.208970e-21
   59  143    4.984624e-24    5.555121e-27
   59  144    4.242306e-30    6.777842e-33
   60  141    8.357128e-30    1.108838e-30
   60  142    1.831762e-11   -6.655153e-22
   60  143    3.281110e-12    1.946267e-21
   60  144    6.940444e-12    1.692857e-20
   60  145    1.586878e-12   -2.672184e-20
   60  146    4.721181e-12    8.525704e-22
   60  147    3.661626e-18    2.061742e-21
   60  148    1.554710e-15   -1.717769e-24
   60  149    3.008255e-21    1.660633e-24
   60  150    2.527737e-21    5.292463e-31
   60  151    4.012957e-27    2.316047e-30
   61  143    8.825367e-29    4.746795e-30
   61  144    6.969131e-30    4.157370e-31
   61  145    7.739535e-29    3.440603e-30
   61  146    6.481175e-29    5.437843e-30
   61  147    4.934112e-23    2.514978e-23
   61  148    9.061264e-25    7.034343e-28
   61  149    1.647494e-25    1.303516e-27
   61  150    5.114994e-29    4.957211e-32
   62  144    3.536219e-20   -1.110293e-29
   62  145    2.039063e-26    1.110278e-29
   62  146    5.767429e-22    4.975793e-22
   62  147    7.486086e-13   -9.300641e-21
   62  148    2.697091e-12    1.334372e-20
   62  149    4.961488e-13   -4.044506e-20
   62  150    1.600709e-12    2.453586e-20
   62  151    1.085122e-17    6.405830e-21
   62  152    2.626097e-13   -9.318973e-22
   62  153    1.590410e-18    9.322479e-22
   62  154    1.429174e-15   -1.727845e-24
   62  155    3.074070e-21    1.744244e-24
   62  156    2.010080e-27    2.041838e-30
   63  147    1.264996e-30    1.360706e-31
   63  148    1.570272e-30    6.517077e-32
   63  149    1.851741e-29    9.116244e-31
   63  150    6.078397e-27    5.634366e-27
   63  151    1.722146e-13   -3.145015e-20
   63  152    4.389089e-17    3.142224e-20
   63  153    2.281909e-13   -6.738599e-21
   63  154    1.042393e-17    6.740995e-21
   63  155    3.029045e-22    3.934760e-25
   63  156    1.563063e-27    2.788315e-30
   64  151    6.817546e-28    6.402048e-28
   64  152    5.982709e-13   -5.743057e-21
   64  153    9.018469e-18    5.322510e-21
   64  154    7.795402e-13   -6.164121e-21
   64  155    2.575256e-13   -2.507637e-21
   64  156    1.090210e-12    4.532065e-21
   64  157    4.772710e-13   -3.071917e-21
   64  158    2.906293e-12   -6.831183e-22
   64  159    1.338424e-17    7.894691e-21
   64  160    8.753698e-17   -6.890347e-26
   64  161    1.517226e-22    8.685114e-26
   64  162    1.205344e-28    1.210316e-31
   65  155    3.597852e-30    1.778665e-31
   65  157    5.319407e-30    2.383722e-31
   65  158    9.068454e-27    8.441562e-27
   65  159    3.705753e-13   -1.438196e-20
   65  160    2.200974e-17    1.438159e-20
   65  161    6.826110e-22    8.933974e-25
   65  162    1.260196e-27    1.862937e-30
   66  156    1.026076e-30   -1.556667e-42
   66  157    1.677302e-30    1.598660e-30
   66  158    8.864393e-14   -7.352594e-22
   66  159    1.247903e-18    7.352502e-22
   66  160    8.753555e-13   -8.695625e-21
   66  161    3.287178e-13    3.181652e-21
   66  162    1.358600e-12    2.227944e-21
   66  163    2.448919e-13   -8.608581e-22
   66  164    6.033087e-13    2.939747e-21
   66  165    2.029424e-18    1.206530e-21
   66  166    1.986952e-24    1.958903e-27
   67  161    1.327345e-30    6.905548e-32
   67  163    1.192353e-30    5.631671e-32
   67  164    2.378166e-26    2.212872e-26
   67  165    4.844053e-13   -2.892196e-20
   67  166    4.251407e-17    2.892201e-20
   67  167    3.599579e-22    3.423996e-25
   67  168    5.080487e-28    7.591993e-31
   68  163    7.995459e-29    7.585960e-29
   68  164    6.710029e-13   -7.973144e-21
   68  165    1.331823e-17    7.972110e-21
   68  166    1.024520e-12   -5.136832e-21
   68  167    4.067444e-13   -1.184794e-20
   68  168    1.667386e-12    9.385708e-21
   68  169    1.266635e-17    7.600428e-21
   68  170    3.289620e-15   -5.961759e-24
   68  171    9.852613e-21    5.903631e-24
   68  172    7.467822e-27    7.614755e-30
   69  168    3.011867e-26    2.799148e-26
   69  169    5.321253e-13   -3.437040e-20
   69  170    5.292136e-17    3.436808e-20
   69  171    1.915963e-21    2.325562e-24
   69  172    3.186256e-26    5.369763e-29
   69  173    1.718676e-28    1.056105e-31
   70  168    1.012334e-30   -5.473822e-43
   70  169    1.888448e-27    1.775599e-27
   70  170    8.238693e-13   -5.366145e-21
   70  171    4.206457e-13   -6.042092e-22
   70  172    1.395944e-12    4.416312e-21
   70  173    6.939323e-13   -4.469835e-21
   70  174    3.156514e-12    2.268320e-21
   70  175    6.328497e-18    3.762793e-21
   70  176    1.591580e-15   -6.001426e-24
   70  177    3.484907e-21    2.092876e-24
   70  178    2.509411e-27    2.539130e-30
   71  174    2.233963e-25    2.057987e-25
   71  175    4.567453e-13   -1.413060e-20
   71  176    8.723656e-16    1.409686e-20
   71  177    4.741210e-20    3.357276e-23
   71  178    1.042925e-25    1.057374e-28
   72  175    2.035424e-26    1.901420e-26
   72  176    1.193666e-12   -9.798895e-21
   72  177    3.950646e-13   -1.934779e-20
   72  178    1.686137e-12    3.824106e-20
   72  179    4.800886e-13   -1.941583e-20
   72  180    2.773406e-12    6.446635e-21
   72  181    6.857391e-18    4.136114e-21
   72  182    1.266727e-22    1.664997e-25
   72  183    1.238969e-28    2.101760e-31
   73  179    6.146460e-23    5.405767e-23
   73  180    3.440260e-15   -3.863970e-22
   73  181    7.185183e-13   -1.266019e-20
   73  182    1.837504e-17    1.268428e-20
   73  183    3.213398e-22    4.030174e-25
   73  184    3.688095e-28    5.531277e-31
   74  179    1.526806e-28    1.434803e-28
   74  180    5.385565e-14   -2.627821e-22
   74  181    5.208299e-19    3.058110e-22
   74  182    1.813947e-12    8.102090e-21
   74  183    9.293505e-13   -1.667373e-20
   74  184    2.060656e-12    3.457639e-23
   74  185    1.400178e-17    8.568693e-21
   74  186    8.067877e-14   -3.848309e-22
   74  187    5.907543e-19    3.618421e-22
   74  188    5.180849e-25    5.393739e-28
   75  184    1.465119e-25    1.352362e-25
   75  185    3.075648e-13   -9.038591e-20
   75  186    1.331639e-16    9.037504e-20
   75  187    6.953052e-15   -1.309364e-21
   75  188    1.776661e-18    1.318895e-21
   75  189    1.275183e-23    1.246140e-26
   75  190    1.355076e-29    2.011374e-32
   76  185    1.146221e-26    1.074350e-26
   76  186    1.075719e-12   -1.948622e-21
   76  187    5.076885e-13   -1.058016e-20
   76  188    1.117503e-12    5.028773e-20
   76  189    3.858680e-13   -5.371996e-20
   76  190    1.474323e-12    1.114938e-20
   76  191    7.746411e-18    4.806519e-21
   76  192    3.121078e-14   -2.331544e-22
   76  193    3.680278e-19    2.306964e-22
   76  194    2.081323e-25    2.157705e-28
   77  190    2.501749e-26    2.326054e-26
   77  191    3.294064e-13   -3.803562e-20
   77  192    5.260902e-17    3.802024e-20
   77  193    3.208239e-13   -2.687147e-20
   77  194    3.756302e-17    2.688532e-20
   77  195    8.048459e-23    8.490459e-26
   77  196    8.017962e-29    1.183582e-31
   78  190    1.000424e-30   -6.551876e-41
   78  191    1.490567e-27    1.409499e-27
   78  192    1.094201e-12   -8.075987e-21
   78  193    1.321419e-17    8.073569e-21
   78  194    1.340766e-12    1.295375e-21
   78  195    3.996536e-13   -8.701290e-21
   78  196    2.342837e-12    4.769578e-21
   78  197    4.570177e-18    2.639980e-21
   78  198    4.390747e-15   -1.773082e-24
   78  199    3.096781e-21    1.767994e-24
   78  200    7.925070e-28    8.098080e-31
   79  196    2.575083e-26    2.400238e-26
   79  197    7.109558e-13   -3.320154e-21
   79  198    5.496770e-18    3.320218e-21
   79  199    1.628232e-23    2.180164e-26
   79  200    7.703945e-30    1.124238e-32
   80  196    1.378124e-17   -6.774830e-26
   80  197    1.163151e-22    6.945677e-26
   80  198    2.319162e-12   -1.661007e-21
   80  199    1.055724e-12    1.619343e-23
   80  200    3.396440e-12    7.723286e-22
   80  201    1.493171e-12   -2.141608e-22
   80  202    5.447853e-12   -4.049477e-22
   80  203    2.723634e-18    1.491685e-21
   80  204    8.827269e-14   -1.295504e-23
   80  205    2.407875e-20    1.271739e-23
   80  206    7.875280e-28    7.711010e-31
   81  202    1.452449e-25    1.344136e-25
   81  203    3.296963e-12   -8.343134e-22
   81  204    1.617490e-18    8.342234e-22
   81  205    2.532781e-13   -2.356006e-23
   81  206    4.697416e-20    2.323325e-23
   81  207    4.163752e-27    3.918186e-30
   82  203    2.142225e-27    2.011514e-27
   82  204    4.899133e-12   -1.218317e-21
   82  205    9.272221e-12   -1.429883e-21
   82  206    4.705878e-11    1.480847e-22
   82  207    6.282857e-11    8.488553e-22
   82  208    1.298627e-10    1.914871e-21
   82  209    4.497170e-19   -2.632231e-22
   82  210    4.009873e-27    3.998469e-30
   83  208    3.358793e-25    3.061720e-25
   83  209    3.106580e-12   -1.669467e-23
   83  210    4.758050e-20    1.648891e-23
   83  211    7.622157e-28    7.872246e-31
   84  210    3.718463e-26    2.891383e-28
    0    1    6.492837e-20    4.381979e-20
    1    1    8.890816e-16    4.693907e-16
    2    4    4.151121e-12    1.973156e-12
