4.4761e-04
5.8384e-05
1.1477e+00
8.0556e+04
    1    2    1.582249e-25   -1.419402e-27
    5   10    1.026458e-30    9.853180e-32
    6   11    1.092049e-28    1.770519e-29
    6   12    7.736613e-04   -6.298239e-15
    6   13    5.578109e-15    7.134063e-16
    6   14    2.995096e-21    7.174408e-22
    7   13    1.284441e-13   -3.437597e-16
    7   14    1.025275e-19    2.417288e-20
    7   15    3.373464e-22    7.960390e-23
    8   14    1.308113e-21    6.832198e-23
    8   15    2.601897e-28    7.730189e-29
    8   16    4.583193e-02   -5.552390e-11
    8   17    9.376166e-13    1.199404e-13
    8   18    1.974828e-16    2.526209e-17
    8   19    8.863900e-28    2.123234e-28
    9   17    2.780588e-17   -6.773627e-20
    9   18    2.675929e-21    5.395027e-22
    9   19    1.463518e-21    2.841655e-22
   10   18    1.409298e-26    1.190858e-28
   10   20    8.353542e-03    5.001506e-11
   10   21    3.015563e-05   -1.435901e-12
   10   22    3.692473e-06   -2.265841e-13
   10   23    6.739812e-17    8.621594e-18
   10   24    5.883892e-29    1.409418e-29
   11   21    1.194260e-13    1.114001e-14
   11   22    2.289171e-13    2.135698e-14
   11   23    1.457139e-04   -1.401642e-12
   11   24    5.261740e-14    6.730872e-15
   11   25    1.191163e-23    2.360727e-24
   12   22    1.238013e-23    2.221689e-24
   12   23    1.050468e-16    1.370160e-17
   12   24    2.013354e-03    6.415559e-12
   12   25    4.441883e-04    1.929812e-13
   12   26    2.597256e-04    8.943326e-12
   12   27    1.342746e-14    1.717653e-15
   12   28    1.832353e-24    4.389195e-25
   13   24    3.190713e-27    6.645742e-28
   13   25    1.982244e-12    1.772457e-13
   13   26    1.408289e-04   -8.808430e-12
   13   27    2.011964e-04    1.748676e-13
   13   28    1.590568e-13    2.037090e-14
   13   29    6.763912e-19    8.723770e-20
   13   30    4.513170e-29    1.088792e-29
   14   26    1.986110e-22    3.513101e-23
   14   27    2.571653e-13    2.399115e-14
   14   28    2.358143e-04    1.058057e-12
   14   29    6.520006e-05    1.618527e-13
   14   30    2.844539e-05    1.065233e-13
   14   31    2.561597e-15    3.276820e-16
   14   32    5.821254e-25    1.394417e-25
   15   28    7.602226e-24    1.324308e-24
   15   29    6.137635e-15    5.901727e-16
   15   30    2.314310e-07   -6.481683e-14
   15   31    2.104118e-06    1.349073e-14
   15   32    1.066291e-15    1.364012e-16
   15   33    9.940192e-18    1.271560e-18
   15   34    1.766663e-27    4.231830e-28
   16   30    4.883770e-26    8.943392e-27
   16   31    3.517195e-10   -5.556032e-15
   16   32    1.166119e-06    4.524160e-15
   16   33    2.100891e-08    5.888609e-16
   16   34    2.736454e-07    3.457992e-16
   16   35    3.022020e-17    3.865798e-18
   16   36    1.866041e-25    4.469895e-26
   17   32    1.317604e-21    2.762408e-23
   17   33    2.572487e-16    2.367994e-17
   17   34    2.509723e-18    2.342215e-19
   17   35    1.020433e-08    2.852678e-17
   17   36    1.249859e-17    1.598832e-18
   17   37    5.894535e-24    7.651951e-25
   18   34    1.295838e-26    2.314705e-27
   18   35    2.815175e-24    3.630550e-25
   18   36    8.448026e-10    5.326946e-19
   18   37    1.140883e-18    1.460129e-19
   18   38    2.659022e-10    2.259716e-19
   18   39    1.217995e-19    1.558071e-20
   18   40    8.829708e-21    1.129505e-21
   18   41    2.196294e-30    5.260976e-31
   19   37    1.904800e-20    1.600030e-21
   19   38    2.728648e-29    6.436368e-30
   19   39    3.745178e-12    1.232373e-20
   19   40    5.908138e-21    7.557741e-22
   19   41    5.935197e-28    1.154432e-28
   19   43    4.614633e-26    5.903083e-27
   20   40    2.851209e-14    1.924820e-23
   20   41    3.752425e-23    4.800139e-24
   20   42    4.763924e-08   -1.519605e-17
   20   43    1.463411e-08    1.116336e-18
   20   44    7.048443e-08   -4.315236e-19
   20   45    9.228050e-17    1.180461e-17
   20   46    2.020422e-10   -2.100049e-20
   20   47    1.286262e-19    1.645399e-20
   20   48    2.292639e-09   -1.526603e-19
   20   49    3.209926e-19    4.106168e-20
   20   50    2.423977e-29    5.806366e-30
   21   41    2.955360e-27   -1.703748e-29
   21   43    9.188384e-18    8.572367e-19
   21   44    3.682662e-18    3.435766e-19
   21   45    6.669494e-09   -5.828815e-18
   21   46    5.663808e-17    7.245198e-18
   21   47    5.061278e-20    4.787379e-21
   21   48    7.703187e-19    7.186744e-20
   21   49    4.258066e-19    3.972595e-20
   21   50    9.212959e-29    1.799524e-29
   22   44    3.124011e-28    4.993918e-29
   22   45    1.867160e-24    1.742216e-25
   22   46    2.020422e-08   -1.167550e-17
   22   47    7.854394e-09    3.862376e-18
   22   48    1.436025e-08    1.098504e-18
   22   49    1.733388e-08   -5.941705e-19
   22   50    5.602375e-08    2.601212e-18
   22   51    3.252255e-17    4.160315e-18
   22   52    3.523103e-26    5.770373e-27
   23   47    1.048123e-18    9.778537e-20
   23   48    4.780762e-19    4.460282e-20
   23   49    9.918369e-19    9.253431e-20
   23   50    1.999827e-15    9.135238e-20
   23   51    4.904040e-09   -3.122061e-18
   23   52    2.670587e-17    3.416239e-18
   23   53    2.754130e-26    6.597205e-27
   24   48    7.587695e-30    1.361766e-30
   24   49    1.800226e-28    2.360916e-29
   24   50    9.383978e-13   -6.909234e-22
   24   51    2.202261e-20    2.241769e-21
   24   52    5.579288e-08   -1.288753e-17
   24   53    1.074040e-08    3.894087e-18
   24   54    1.369099e-07   -1.227324e-17
   24   55    1.630975e-16    2.086358e-17
   24   56    1.183586e-25    2.835147e-26
   25   51    1.120022e-23    1.044933e-24
   25   53    8.014136e-19    7.476846e-20
   25   54    1.770169e-19    1.652111e-20
   25   55    3.456011e-08   -2.079838e-17
   25   56    1.646490e-16    2.106206e-17
   25   57    4.211458e-25    1.008757e-25
   26   54    4.446329e-09   -2.556460e-18
   26   55    2.039213e-17    2.594149e-18
   26   56    1.766820e-06   -4.700531e-16
   26   57    9.986690e-07   -3.615708e-16
   26   58    5.174607e-06   -6.884650e-16
   26   59    1.183760e-14    1.514277e-15
   26   60    1.715884e-23    4.110207e-24
   27   55    1.267310e-20    1.182346e-21
   27   56    9.453482e-29    1.977511e-29
   27   57    8.125168e-18    7.580434e-19
   27   58    6.806137e-18    6.349959e-19
   27   59    2.034761e-06   -7.022369e-16
   27   60    5.518594e-15    7.059439e-16
   27   61    4.500685e-23    9.124498e-24
   28   58    6.192280e-10   -5.562529e-19
   28   59    4.474459e-18    5.679852e-19
   28   60    2.667798e-06   -1.892789e-15
   28   61    1.015184e-06    4.992685e-16
   28   62    2.259022e-06    8.358068e-16
   28   63    4.369956e-15    5.590090e-16
   28   64    1.389652e-06   -2.564828e-16
   28   65    2.018922e-15    2.582625e-16
   28   66    2.536886e-24    6.076827e-25
   29   59    5.105867e-22    4.763540e-23
   29   60    2.897881e-30    6.563501e-31
   29   61    3.763151e-18    3.510858e-19
   29   62    2.700969e-18    2.519887e-19
   29   63    8.717981e-07   -1.793862e-15
   29   64    1.402319e-14    1.793860e-15
   29   65    1.075841e-06   -9.178057e-16
   29   66    7.176710e-15    9.180513e-16
   29   67    1.302075e-21    1.741412e-22
   29   68    7.279058e-30    1.283224e-30
   30   62    1.036843e-28    1.347850e-29
   30   63    6.633724e-28    6.207335e-29
   30   64    8.425447e-07   -1.095844e-15
   30   65    8.557010e-15    1.094620e-15
   30   66    1.302067e-06   -1.042545e-15
   30   67    2.837024e-07    3.248444e-16
   30   68    1.322620e-06    2.241690e-16
   30   69    3.838389e-15    4.910104e-16
   30   70    1.327706e-10   -5.798707e-20
   30   71    4.546366e-19    5.815750e-20
   30   72    1.384449e-27    3.316291e-28
   31   65    7.397894e-19    6.901915e-20
   31   66    8.844948e-27    1.938348e-27
   31   67    2.002172e-18    1.867941e-19
   31   68    4.723741e-19    4.407048e-20
   31   69    1.594879e-07   -4.641374e-16
   31   70    3.630081e-15    4.643634e-16
   31   71    1.407639e-07   -3.226701e-16
   31   72    2.522208e-15    3.226433e-16
   31   73    4.222036e-23    1.011320e-23
   32   68    2.137838e-26    2.757153e-27
   32   69    3.698773e-24    3.450796e-25
   32   70    2.286684e-07   -3.909453e-16
   32   71    3.056412e-15    3.909717e-16
   32   72    2.362112e-07   -3.580606e-16
   32   73    4.522465e-08    1.926382e-16
   32   74    1.757502e-07   -2.167459e-17
   32   75    1.462329e-15    1.870626e-16
   32   76    1.249214e-11   -8.283550e-21
   32   77    6.476494e-20    8.284794e-21
   32   78    2.137175e-28    5.119364e-29
   33   71    1.536201e-19    1.433209e-20
   33   72    6.960866e-27    1.402962e-27
   33   73    2.419253e-19    2.257059e-20
   33   74    2.100115e-20    1.959318e-21
   33   75    2.000848e-08   -2.094932e-16
   33   76    1.637806e-15    2.095097e-16
   33   77    5.350303e-23    1.104223e-23
   34   74    1.487680e-24    7.268202e-29
   34   75    2.327796e-21    2.171734e-22
   34   76    4.988957e-08   -1.882256e-16
   34   77    1.818953e-08    6.159855e-17
   34   78    7.041447e-08    4.237260e-17
   34   79    6.586068e-16    8.424962e-17
   34   80    4.239297e-09   -3.268595e-18
   34   81    2.555070e-17    3.268470e-18
   34   82    3.172076e-12   -5.467595e-22
   34   83    4.274652e-21    5.468176e-22
   34   84    8.115202e-30    1.943906e-30
   35   77    1.679592e-20    1.566988e-21
   35   78    5.769168e-21    5.382383e-22
   35   79    8.345309e-09   -9.202944e-17
   35   80    7.194395e-16    9.203138e-17
   35   81    7.274689e-09   -4.280701e-17
   35   82    3.346363e-16    4.280700e-17
   35   83    1.083149e-23    2.574589e-24
   36   79    7.026222e-24    6.555164e-25
   36   80    2.125901e-08   -1.158618e-16
   36   81    9.057305e-16    1.158619e-16
   36   82    5.111923e-08   -1.004613e-16
   36   83    1.566929e-08    4.177988e-17
   36   84    5.823898e-08    2.438664e-17
   36   85    2.680838e-16    3.429354e-17
   36   86    4.641503e-10   -2.607992e-20
   36   87    2.038459e-19    2.607616e-20
   36   88    2.401811e-28    5.753270e-29
   37   81    2.044708e-21    1.907625e-22
   37   82    2.268752e-28    4.605286e-29
   37   83    5.901791e-21    5.506118e-22
   37   84    1.266532e-21    1.181620e-22
   37   85    8.462411e-09   -3.214619e-17
   37   86    2.513017e-16    3.214675e-17
   37   87    5.853056e-11   -1.910902e-20
   37   88    1.494102e-19    1.911269e-20
   37   89    9.172854e-28    2.197254e-28
   38   84    2.620159e-24    1.789935e-32
   38   85    2.926225e-23    2.730043e-24
   38   86    1.977583e-08   -2.053475e-17
   38   87    1.264904e-08    3.056055e-18
   38   88    3.410537e-08    1.356718e-17
   38   89    3.057702e-17    3.911442e-18
   38   90    4.600682e-25    6.289337e-26
   39   87    7.316044e-22    6.825555e-23
   39   88    5.025653e-22    4.688720e-23
   39   89    5.047083e-09   -1.725762e-18
   39   90    1.349159e-17    1.725857e-18
   39   91    2.355081e-25    5.641131e-26
   40   89    5.400611e-29    5.038550e-30
   40   90    2.223165e-09   -9.403948e-19
   40   91    5.705716e-10    3.546116e-19
   40   92    6.513631e-10    1.597655e-19
   40   93    1.936305e-10    1.657961e-19
   40   94    4.140053e-10    1.910167e-21
   40   95    2.018720e-18    2.582366e-19
   40   96    7.701181e-13   -9.742475e-23
   40   97    7.616174e-22    9.742684e-23
   41   91    2.542209e-23    2.371772e-24
   41   92    5.828357e-24    5.437583e-25
   41   93    7.196599e-14   -2.915857e-22
   41   94    2.286777e-21    2.925010e-22
   41   95    2.125152e-24    1.982865e-25
   41   96    4.581328e-27    4.277167e-28
   41   97    6.524392e-28    6.118341e-29
   42   92    3.795087e-17   -5.405771e-26
   42   93    4.228670e-25    5.408515e-26
   42   94    1.277137e-13   -2.761315e-22
   42   95    3.569934e-11   -1.719388e-19
   42   96    8.222236e-11    2.958735e-21
   42   97    2.578413e-11    9.531350e-22
   42   98    7.544015e-11    3.049722e-20
   42   99    1.077111e-18    1.377851e-19
   42  100    1.700721e-15   -4.353440e-24
   42  101    3.407371e-23    4.358741e-24
   43   95    1.106568e-27    1.032381e-28
   43   96    1.157774e-25    1.080153e-26
   43   97    3.061840e-25    2.856565e-26
   43   98    1.310611e-26    1.222746e-27
   43   99    2.728429e-13   -4.187169e-21
   43  100    3.273224e-20    4.187099e-21
   43  101    2.353634e-27    5.637304e-28
   44   96    3.532748e-26    5.716874e-37
   44   98    6.625258e-24    2.996340e-32
   44   99    8.074129e-12   -8.011927e-20
   44  100    3.391438e-11   -5.170143e-20
   44  101    7.022779e-12   -1.370600e-20
   44  102    1.441901e-14    1.454846e-19
   44  103    2.828992e-22    3.619007e-23
   44  104    1.955956e-26    4.718937e-27
   45   99    1.146049e-29    1.069215e-30
   45  100    6.239245e-27    5.820949e-28
   45  101    3.203631e-26    2.988851e-27
   45  102    1.643408e-27    1.533228e-28
   45  103    7.469185e-12   -1.401601e-19
   45  104    1.095673e-18    1.401590e-19
   45  105    1.191379e-25    2.853765e-26
   46  103    2.317567e-27    2.162190e-28
   46  104    2.116282e-11   -1.132959e-19
   46  105    4.944953e-12   -1.667038e-20
   46  106    2.265111e-11    3.275745e-20
   46  107    7.599198e-19    9.720967e-20
   46  108    2.501060e-11   -8.935539e-20
   46  109    6.985206e-19    8.935543e-20
   46  110    1.000424e-14   -2.397666e-23
   46  111    1.875186e-22    2.398756e-23
   46  112    5.345843e-30    1.280537e-30
   47  105    5.868529e-27    5.475087e-28
   47  106    9.018900e-28    8.414244e-29
   47  107    4.291538e-12   -8.508037e-20
   47  108    6.651002e-19    8.508016e-20
   47  109    6.599127e-12   -1.374270e-19
   47  110    1.074305e-18    1.374252e-19
   47  111    1.670732e-25    4.002023e-26
   48  107    3.338623e-29    3.114792e-30
   48  108    3.603379e-13   -1.334578e-21
   48  109    1.043426e-20    1.334760e-21
   48  110    1.909901e-11   -8.069809e-20
   48  111    4.587530e-12    3.066794e-21
   48  112    2.054442e-11    5.839139e-21
   48  113    5.612364e-19    7.179390e-20
   48  114    3.413728e-11   -8.533785e-20
   48  115    6.671139e-19    8.533786e-20
   48  116    2.673547e-15   -4.067699e-24
   48  117    3.183460e-23    4.072313e-24
   49  109    3.235649e-29    3.018722e-30
   49  111    2.072479e-27    1.933534e-28
   49  112    3.401405e-28    3.173364e-29
   49  113    6.099930e-12   -9.719543e-20
   49  114    7.598066e-19    9.719497e-20
   49  115    1.440671e-25    3.398411e-26
   50  112    1.518501e-24   -5.775704e-33
   50  113    3.799890e-29    3.546699e-30
   50  114    1.053078e-13   -2.585373e-22
   50  115    5.384891e-12   -3.655531e-20
   50  116    3.958575e-11   -2.896503e-20
   50  117    8.542083e-12    1.236709e-20
   50  118    4.908861e-11   -8.011761e-22
   50  119    1.176970e-11   -5.748388e-22
   50  120    6.577789e-11    1.145701e-20
   50  121    3.387361e-19    4.333145e-20
   50  122    5.075922e-13   -1.849757e-22
   50  123    1.446060e-21    1.849814e-22
   50  124    5.881526e-14   -9.964108e-24
   50  125    7.789276e-23    9.964117e-24
   51  115    3.184798e-30    2.971280e-31
   51  116    1.733377e-28    1.617166e-29
   51  117    1.290648e-27    1.204119e-28
   51  118    2.862745e-28    2.670816e-29
   51  119    2.056424e-27    1.918556e-28
   51  120    2.592469e-28    2.418661e-29
   51  121    3.464278e-12   -3.910801e-20
   51  122    3.057200e-19    3.910800e-20
   51  123    8.946882e-14   -5.093657e-22
   51  124    3.981926e-21    5.093718e-22
   51  125    2.065682e-28    4.938481e-29
   52  120    1.000424e-30    5.955168e-42
   52  121    1.094330e-29    1.020963e-30
   52  122    9.020217e-12   -5.202052e-20
   52  123    3.001272e-12   -1.984793e-20
   52  124    1.532908e-11    2.566768e-20
   52  125    5.674405e-12   -2.696575e-20
   52  126    2.620158e-11    3.327478e-20
   52  127    3.118450e-19    3.989151e-20
   52  128    5.697728e-13   -5.413945e-22
   52  129    4.232280e-21    5.413973e-22
   52  130    1.846937e-12   -5.392252e-22
   52  131    4.215301e-21    5.392253e-22
   52  132    1.484676e-29    3.556375e-30
   53  123    2.004576e-28    1.870183e-29
   53  124    4.644656e-29    4.333265e-30
   53  125    5.169575e-28    4.822992e-29
   53  126    3.446860e-29    3.215773e-30
   53  127    3.615706e-12   -4.423795e-20
   53  128    3.458225e-19    4.423794e-20
   53  129    2.237565e-26    5.357378e-27
   53  130    4.318086e-29    4.049836e-30
   53  131    4.735102e-28    1.139247e-28
   54  126    1.587975e-27    3.587324e-43
   54  127    3.046343e-29    2.842107e-30
   54  128    9.378976e-12   -4.963071e-20
   54  129    4.878037e-12   -2.766824e-20
   54  130    1.462158e-11    3.704362e-20
   54  131    6.636401e-12   -4.286604e-21
   54  132    4.009275e-11   -4.376684e-21
   54  133    3.824128e-19    4.891862e-20
   54  134    1.269195e-13   -4.817320e-23
   54  135    3.765967e-22    4.817461e-23
   54  136    8.091666e-12   -1.009063e-22
   54  137    7.888166e-22    1.009061e-22
   55  129    1.172258e-28    1.093667e-29
   55  130    2.435302e-29    2.272032e-30
   55  131    2.217971e-28    2.069272e-29
   55  132    1.107206e-29    1.032976e-30
   55  133    4.580889e-12   -3.982230e-20
   55  134    3.113039e-19    3.982229e-20
   55  135    2.063030e-26    4.941379e-27
   55  136    7.882467e-29    7.406179e-30
   55  137    5.788011e-28    1.394973e-28
   56  132    1.667374e-27    0.000000e+00
   56  133    2.851863e-29    2.660666e-30
   56  134    1.045219e-11   -3.611723e-20
   56  135    5.105868e-12   -1.651487e-20
   56  136    3.449992e-11    1.334025e-20
   56  137    4.228070e-11   -2.278305e-20
   56  138    3.979948e-10    3.400591e-20
   56  139    2.194243e-19    2.806896e-20
   56  140    4.500039e-28    1.077934e-28
   57  135    6.149445e-29    5.737169e-30
   57  136    3.148225e-30    2.937158e-31
   57  137    1.570448e-28    1.465161e-29
   57  138    1.075740e-27    1.343867e-28
   57  139    3.735396e-11   -1.824459e-20
   57  140    1.426240e-19    1.824460e-20
   57  141    1.601192e-27    3.835475e-28
   58  138    2.102340e-25   -7.823509e-34
   58  139    1.396687e-26    1.784952e-27
   58  140    9.289652e-11   -1.895491e-20
   58  141    1.482233e-19    1.896087e-20
   58  142    9.158812e-14   -5.488569e-23
   58  143    4.299859e-22    5.500421e-23
   58  144    3.174643e-30    7.579953e-31
   59  141    7.804727e-12   -1.278448e-20
   59  142    9.994046e-20    1.278448e-20
   59  143    2.975576e-27    7.127665e-28
   60  142    1.831762e-11   -1.155726e-20
   60  143    3.281111e-12   -4.384016e-21
   60  144    6.940442e-12    4.828816e-21
   60  145    1.586880e-12   -4.480460e-21
   60  146    4.721180e-12    4.296307e-21
   60  147    8.827975e-20    1.129283e-20
   60  148    1.554713e-15   -9.276347e-24
   60  149    7.253240e-23    9.278415e-24
   60  150    2.527738e-21   -1.194632e-29
   60  151    9.674815e-29    1.237612e-29
   61  143    2.380198e-30    2.220623e-31
   61  145    2.112858e-30    1.971206e-31
   61  146    1.678606e-30    1.566068e-31
   61  147    1.065712e-26    1.391758e-27
   61  148    2.184337e-26    2.794218e-27
   61  149    2.579076e-30    6.209863e-31
   61  150    1.232529e-30    1.576663e-31
   62  144    3.536221e-20   -6.288844e-29
   62  145    4.916174e-28    6.288817e-29
   62  146    6.554470e-27    8.549321e-28
   62  147    7.486165e-13   -2.476086e-20
   62  148    2.697089e-12    4.936022e-21
   62  149    4.961827e-13   -1.070736e-19
   62  150    1.600679e-12    9.343058e-20
   62  151    2.616115e-19    3.346558e-20
   62  152    2.626113e-13   -4.904866e-21
   62  153    3.834327e-20    4.904907e-21
   62  154    1.429177e-15   -9.480433e-24
   62  155    7.413206e-23    9.483043e-24
   62  156    1.212056e-30    2.903352e-31
   63  151    1.722574e-13   -1.353616e-19
   63  152    1.058167e-18    1.353613e-19
   63  153    2.282011e-13   -3.214644e-20
   63  154    2.513015e-19    3.214669e-20
   63  155    1.821359e-25    4.362861e-26
   63  156    1.700971e-30    2.237740e-31
   64  152    5.982797e-13   -2.781435e-20
   64  153    2.174334e-19    2.781425e-20
   64  154    7.795510e-13   -3.420050e-20
   64  155    2.575285e-13   -8.978829e-21
   64  156    1.090206e-12    1.237096e-20
   64  157    4.772724e-13   -4.339962e-21
   64  158    2.906295e-12   -6.128764e-21
   64  159    3.226769e-19    4.127715e-20
   64  160    8.753711e-17   -4.658141e-25
   64  161    3.663471e-24    4.686345e-25
   65  159    3.705968e-13   -6.787668e-20
   65  160    5.306141e-19    6.787658e-20
   65  161    4.113375e-25    9.853124e-26
   66  156    1.026076e-30   -9.458765e-45
   66  158    8.864514e-14   -3.848578e-21
   66  159    3.008559e-20    3.848577e-21
   66  160    8.753707e-13   -4.821655e-20
   66  161    3.287109e-13    2.158960e-20
   66  162    1.358601e-12   -1.240204e-21
   66  163    2.448892e-13    8.668356e-21
   66  164    6.033046e-13    1.293988e-20
   66  165    4.892803e-20    6.258921e-21
   66  166    1.198146e-27    2.870024e-28
   67  165    4.844468e-13   -1.311058e-19
   67  166    1.024898e-18    1.311058e-19
   67  167    2.170815e-25    5.199942e-26
   68  164    6.710159e-13   -4.107388e-20
   68  165    3.210880e-19    4.107387e-20
   68  166    1.024530e-12   -3.236901e-20
   68  167    4.067589e-13   -4.574121e-20
   68  168    1.667374e-12    3.904772e-20
   68  169    3.053644e-19    3.906251e-20
   68  170    3.289630e-15   -3.037342e-23
   68  171    2.375331e-22    3.038546e-23
   68  172    4.502966e-30    1.078635e-30
   69  169    5.321770e-13   -1.632110e-19
   69  170    1.275874e-18    1.632108e-19
   69  171    1.155026e-24    2.766733e-25
   69  172    2.129973e-28    2.732372e-29
   69  173    4.095877e-30    5.240848e-31
   70  168    1.012334e-30   -9.633927e-45
   70  170    8.238785e-13   -2.900201e-20
   70  171    4.206462e-13   -1.306274e-21
   70  172    1.395941e-12    1.132918e-20
   70  173    6.939357e-13   -1.064965e-20
   70  174    3.156511e-12    1.011162e-20
   70  175    1.525718e-19    1.951713e-20
   70  176    1.591584e-15   -1.073720e-23
   70  177    8.401924e-23    1.074782e-23
   70  178    1.513244e-30    3.624816e-31
   71  175    4.567646e-13   -6.098964e-20
   71  176    8.531098e-16    6.084509e-20
   71  177    1.129764e-21    1.445580e-22
   71  178    7.370364e-29    1.636267e-29
   72  176    1.193687e-12   -6.890789e-20
   72  177    3.950823e-13   -5.581046e-20
   72  178    1.686109e-12    8.883542e-20
   72  179    4.800917e-13   -9.780764e-21
   72  180    2.773398e-12    2.451961e-20
   72  181    1.653219e-19    2.114813e-20
   72  182    7.635454e-26    1.828987e-26
   73  179    4.632449e-28    6.042322e-29
   73  180    3.440346e-15   -1.473261e-22
   73  181    7.185362e-13   -5.652064e-20
   73  182    4.429549e-19    5.666318e-20
   73  183    1.937111e-25    4.640131e-26
   74  180    5.385615e-14   -1.605595e-21
   74  181    1.255664e-20    1.606257e-21
   74  182    1.813956e-12   -2.609044e-20
   74  183    9.293556e-13   -1.616416e-20
   74  184    2.060656e-12   -9.261325e-22
   74  185    3.375579e-19    4.318072e-20
   74  186    8.067935e-14   -1.821821e-21
   74  187    1.424197e-20    1.821846e-21
   74  188    3.123886e-28    7.482920e-29
   75  185    3.076948e-13   -4.107463e-19
   75  186    3.210948e-18    4.107450e-19
   75  187    6.954777e-15   -5.477681e-21
   75  188    4.283078e-20    5.478938e-21
   75  189    7.690316e-27    1.842127e-27
   76  186    1.075725e-12   -1.833403e-20
   76  187    5.077015e-13   -4.132091e-20
   76  188    1.117495e-12    2.379054e-20
   76  189    3.858776e-13   -3.030978e-20
   76  190    1.474310e-12    4.228401e-20
   76  191    1.867570e-19    2.389011e-20
   76  192    3.121114e-14   -1.134893e-21
   76  193    8.872307e-21    1.134954e-21
   76  194    1.254980e-28    3.006163e-29
   77  191    3.294578e-13   -1.622806e-19
   77  192    1.268593e-18    1.622784e-19
   77  193    3.208605e-13   -1.158315e-19
   77  194    9.055113e-19    1.158337e-19
   77  195    4.853267e-26    1.162545e-26
   78  190    1.000424e-30   -6.656168e-45
   78  192    1.094214e-12   -4.075896e-20
   78  193    3.186247e-19    4.075861e-20
   78  194    1.340774e-12   -2.518440e-20
   78  195    3.996565e-13   -9.231582e-21
   78  196    2.342830e-12    2.032168e-20
   78  197    1.101824e-19    1.409464e-20
   78  198    4.390750e-15   -9.551950e-24
   78  199    7.467420e-23    9.552395e-24
   79  197    7.109612e-13   -1.695183e-20
   79  198    1.325180e-19    1.695183e-20
   79  199    9.482272e-27    2.271384e-27
   80  196    1.378135e-17   -3.587153e-25
   80  197    2.804194e-24    3.587152e-25
   80  198    2.319165e-12   -9.359260e-21
   80  199    1.055724e-12    4.951292e-22
   80  200    3.396440e-12    3.006018e-22
   80  201    1.493170e-12    2.414902e-21
   80  202    5.447854e-12   -2.251463e-21
   80  203    6.566625e-20    8.400090e-21
   80  204    8.827272e-14   -7.434500e-23
   80  205    5.811794e-22    7.434500e-23
   81  203    3.296964e-12   -4.988773e-21
   81  204    3.899886e-20    4.988773e-21
   81  205    2.532781e-13   -1.450771e-22
   81  206    1.134117e-21    1.450772e-22
   81  207    2.513930e-30    6.021837e-31
   82  204    4.899136e-12   -7.269967e-21
   82  205    9.272223e-12   -8.460040e-21
   82  206    4.705878e-11    6.617445e-23
   82  207    6.282857e-11    5.939351e-21
   82  208    1.298627e-10    8.334568e-21
   82  209    1.086550e-20    1.389925e-21
   82  210    2.417996e-30    5.792039e-31
   83  209    3.106580e-12   -1.467910e-22
   83  210    1.147513e-21    1.467910e-22
    0    1    2.980848e-17   -9.453753e-20
    1    1    6.510444e-14   -1.585957e-16
    2    4    2.019030e-08   -6.403548e-11
