5.5717e-09
8.1371e-10
1.1477e+00
8.0556e+04
    1    2    1.238271e-24    7.329060e-27
    6   12    7.736613e-04   -3.356690e-16
    6   13    4.501922e-17    2.666967e-19
    6   14    1.999532e-25    2.174592e-27
    7   13    2.295022e-15    3.352753e-16
    7   14    1.620082e-24    2.356932e-25
    7   15    4.343012e-27    7.483531e-28
    8   14    5.284524e-27    1.422007e-27
    8   16    4.583193e-02   -9.298118e-16
    8   17    7.565624e-15    4.481924e-17
    8   18    1.593489e-18    9.439924e-21
    9   17    7.448421e-16    9.064184e-17
    9   18    1.462921e-26    1.806902e-27
    9   19    1.505048e-26    1.890495e-27
   10   18    1.465340e-29    3.726370e-30
   10   20    8.353541e-03    1.830133e-15
   10   21    3.015564e-05   -3.249896e-17
   10   22    3.692474e-06   -5.574747e-18
   10   23    5.438354e-19    3.221715e-21
   11   21    8.883967e-17    1.297968e-17
   11   22    1.702623e-16    2.487573e-17
   11   23    1.457139e-04   -1.113096e-15
   11   24    4.245386e-16    2.515000e-18
   11   25    5.638060e-28    1.367259e-29
   12   22    7.154292e-30    1.925203e-30
   12   23    1.307613e-21    1.909657e-22
   12   24    2.013354e-03   -1.582935e-16
   12   25    4.441883e-04   -8.782038e-17
   12   26    2.597255e-04    2.513723e-16
   12   27    1.083456e-16    6.418464e-19
   12   28    1.223277e-28    1.330376e-30
   13   25    1.530790e-15    2.236520e-16
   13   26    1.408289e-04   -4.358764e-16
   13   27    2.011964e-04    2.073266e-16
   13   28    1.096711e-15    6.537931e-18
   13   29    8.530632e-24    1.245408e-24
   14   26    1.174476e-28    3.160486e-29
   14   27    1.912808e-16    2.794658e-17
   14   28    2.358143e-04    2.965293e-17
   14   29    6.520005e-05   -1.001532e-17
   14   30    2.844539e-05    1.185846e-19
   14   31    2.066942e-17    1.224470e-19
   14   32    3.885952e-29    4.226171e-31
   15   28    4.668420e-30    1.256260e-30
   15   29    4.204492e-18    6.142858e-19
   15   30    2.314314e-07    8.345233e-18
   15   31    2.104118e-06    7.799903e-18
   15   32    8.602222e-18    5.096047e-20
   15   33    8.020130e-20    4.751188e-22
   16   31    3.517620e-10   -7.681122e-20
   16   32    1.166119e-06    1.143494e-19
   16   33    2.100891e-08    3.118802e-20
   16   34    2.736454e-07   -3.160492e-20
   16   35    2.438456e-19    1.444557e-21
   16   36    1.244975e-29    1.354002e-31
   17   32    2.223522e-24    3.248591e-25
   17   33    1.936480e-19    2.829243e-20
   17   34    1.864658e-21    2.724310e-22
   17   35    1.020433e-08    3.544303e-20
   17   36    1.008456e-19    5.974166e-22
   17   37    7.662534e-29    1.080199e-29
   18   35    3.549029e-29    5.183116e-30
   18   36    8.448026e-10    3.377999e-22
   18   37    8.667656e-21    5.146574e-23
   18   38    2.659022e-10   -1.695720e-23
   18   39    9.827955e-22    5.822143e-24
   18   40    7.124656e-23    4.220691e-25
   19   37    1.551253e-23    2.266415e-24
   19   39    3.745177e-12    1.446274e-23
   19   40    4.767238e-23    2.824163e-25
   19   43    3.723529e-28    2.205842e-30
   20   40    2.851209e-14    1.983512e-26
   20   41    3.027816e-25    1.793698e-27
   20   42    4.763924e-08   -6.359365e-21
   20   43    1.463411e-08    1.455838e-22
   20   44    7.048443e-08   -1.363194e-21
   20   45    7.446077e-19    4.411103e-21
   20   46    2.020422e-10   -1.145128e-23
   20   47    1.037880e-21    6.148466e-24
   20   48    2.292639e-09   -1.451702e-22
   20   49    2.590077e-21    1.534378e-23
   21   41    2.674263e-29    3.906967e-30
   21   43    6.834068e-21    9.984733e-22
   21   44    2.739063e-21    4.001836e-22
   21   45    6.669494e-09   -1.043075e-21
   21   46    4.570103e-19    2.707359e-21
   21   47    5.147898e-23    5.384956e-24
   21   48    5.729418e-22    8.370814e-23
   21   49    3.167032e-22    4.627108e-23
   22   45    1.388532e-27    2.028678e-28
   22   46    2.020422e-08   -4.370822e-21
   22   47    7.854394e-09    1.407861e-21
   22   48    1.436025e-08    3.507246e-22
   22   49    1.733388e-08   -3.077112e-22
   22   50    5.602375e-08    7.279189e-22
   22   51    2.624230e-19    1.554611e-21
   22   52    1.045000e-30    5.249889e-32
   23   47    7.795655e-22    1.138963e-22
   23   48    3.555726e-22    5.194999e-23
   23   49    7.376976e-22    1.077794e-22
   23   50    1.998848e-15    1.064049e-22
   23   51    4.904040e-09   -9.338869e-22
   23   52    2.154888e-19    1.276569e-21
   23   53    1.838667e-30    1.999640e-32
   24   50    9.383978e-13   -2.595037e-25
   24   51    5.594890e-23    2.064011e-24
   24   52    5.579288e-08   -4.863822e-21
   24   53    1.074040e-08    1.440949e-21
   24   54    1.369099e-07   -4.843970e-21
   24   55    1.316028e-18    7.796236e-21
   24   56    7.901622e-30    8.593415e-32
   25   51    8.330422e-27    1.217094e-27
   25   53    5.960694e-22    8.708713e-23
   25   54    1.329599e-22    1.922495e-23
   25   55    3.456011e-08   -7.563740e-21
   25   56    1.328546e-18    7.870392e-21
   25   57    2.847278e-29    3.078732e-31
   26   54    4.446329e-09   -9.562208e-22
   26   55    1.614901e-19    1.000134e-21
   26   56    1.766820e-06   -1.761829e-19
   26   57    9.986690e-07   -1.357370e-19
   26   58    5.174607e-06   -2.608861e-19
   26   59    9.551709e-17    5.658493e-19
   26   60    1.145523e-27    1.245814e-29
   27   55    9.425905e-24    1.377147e-24
   27   57    6.043276e-21    8.829368e-22
   27   58    5.064850e-21    7.395800e-22
   27   59    2.034761e-06   -2.596156e-19
   27   60    4.452932e-17    2.637945e-19
   27   61    1.217423e-25    7.313262e-28
   28   58    6.192280e-10   -2.079325e-22
   28   59    3.517509e-20    2.216041e-22
   28   60    2.667798e-06   -7.068490e-19
   28   61    1.015184e-06    1.863472e-19
   28   62    2.259022e-06    3.117081e-19
   28   63    3.526100e-17    2.088884e-19
   28   64    1.389652e-06   -9.635000e-20
   28   65    1.629060e-17    9.650656e-20
   28   66    1.693624e-28    1.841902e-30
   29   59    3.797615e-25    5.548404e-26
   29   61    2.798928e-21    4.089300e-22
   29   62    2.008908e-21    2.935061e-22
   29   63    8.717982e-07   -6.700031e-19
   29   64    1.131526e-16    6.703234e-19
   29   65    1.075841e-06   -3.428366e-19
   29   66    5.790862e-17    3.430543e-19
   29   67    9.963025e-24    5.904444e-26
   30   64    8.425447e-07   -4.094346e-19
   30   65    6.904597e-17    4.090356e-19
   30   66    1.302067e-06   -3.894234e-19
   30   67    2.837024e-07    1.213375e-19
   30   68    1.322620e-06    8.364450e-20
   30   69    3.097181e-17    1.834789e-19
   30   70    1.327706e-10   -2.168764e-23
   30   71    3.668449e-21    2.173212e-23
   31   65    5.502353e-22    8.039066e-23
   31   67    1.489160e-21    2.175698e-22
   31   68    3.513388e-22    5.133143e-23
   31   69    1.594879e-07   -1.732712e-19
   31   70    2.929098e-17    1.735216e-19
   31   71    1.407639e-07   -1.205963e-19
   31   72    2.035160e-17    1.205642e-19
   31   73    2.834117e-27    3.074514e-29
   32   69    2.751045e-27    4.019342e-28
   32   70    2.286684e-07   -1.460867e-19
   32   71    2.466048e-17    1.461129e-19
   32   72    2.362112e-07   -1.338047e-19
   32   73    4.522465e-08    7.197795e-20
   32   74    1.757502e-07   -8.126222e-21
   32   75    1.179948e-17    6.990084e-20
   32   76    1.249214e-11   -3.097081e-24
   32   77    5.225857e-22    3.095831e-24
   33   71    1.142584e-22    1.669342e-23
   33   73    1.799373e-22    2.628927e-23
   33   74    1.562007e-23    2.282129e-24
   33   75    2.000848e-08   -7.827114e-20
   33   76    1.321539e-17    7.828882e-20
   33   77    4.357983e-26    1.198106e-27
   34   74    1.487117e-24    1.031865e-33
   34   75    1.731351e-24    2.529544e-25
   34   76    4.988957e-08   -7.033682e-20
   34   77    1.818953e-08    2.301878e-20
   34   78    7.041447e-08    1.582893e-20
   34   79    5.314272e-18    3.148208e-20
   34   80    4.239297e-09   -1.221746e-21
   34   81    2.061676e-19    1.221350e-21
   34   82    3.172076e-12   -2.043718e-25
   34   83    3.449200e-23    2.043328e-25
   35   77    1.249235e-23    1.825161e-24
   35   78    4.291962e-24    6.269178e-25
   35   79    8.345310e-09   -3.438755e-20
   35   80    5.805130e-18    3.438996e-20
   35   81    7.274689e-09   -1.599602e-20
   35   82    2.700167e-18    1.599596e-20
   35   83    1.056971e-27    2.146851e-29
   36   79    5.225911e-27    7.635179e-28
   36   80    2.125901e-08   -4.329463e-20
   36   81    7.308295e-18    4.329493e-20
   36   82    5.111923e-08   -3.754076e-20
   36   83    1.566929e-08    1.561055e-20
   36   84    5.823898e-08    9.112222e-21
   36   85    2.163157e-18    1.281468e-20
   36   86    4.641503e-10   -9.771071e-24
   36   87    1.644824e-21    9.744043e-24
   37   81    1.520798e-24    2.221921e-25
   37   83    4.389590e-24    6.413294e-25
   37   84    9.420111e-25    1.376300e-25
   37   85    8.462411e-09   -1.201232e-20
   37   86    2.027743e-18    1.201248e-20
   37   87    5.853056e-11   -7.134433e-24
   37   88    1.205585e-21    7.141962e-24
   38   84    2.620158e-24   -4.732834e-36
   38   85    2.176446e-26    3.179838e-27
   38   86    1.977583e-08   -7.672927e-21
   38   87    1.264904e-08    1.141509e-21
   38   88    3.410537e-08    5.068963e-21
   38   89    2.467248e-19    1.461613e-21
   38   90    3.422561e-27    2.028744e-29
   39   87    5.441472e-25    7.950119e-26
   39   88    3.737942e-25    5.461222e-26
   39   89    5.047083e-09   -6.452009e-22
   39   90    1.088631e-19    6.449118e-22
   39   91    1.573655e-29    1.724537e-31
   40   90    2.223165e-09   -3.515518e-22
   40   91    5.705716e-10    1.325557e-22
   40   92    6.513631e-10    5.966040e-23
   40   93    1.936305e-10    6.196100e-23
   40   94    4.140053e-10    7.237830e-25
   40   95    1.628897e-20    9.649689e-23
   40   96    7.701181e-13   -3.645168e-26
   40   97    6.145461e-24    3.640610e-26
   41   91    1.890825e-26    2.762540e-27
   41   92    4.334989e-27    6.333520e-28
   41   93    7.196599e-14   -1.082948e-25
   41   94    1.844646e-23    1.093556e-25
   41   95    1.580727e-27    2.309188e-28
   41   96    3.469306e-30    4.973183e-31
   42   92    3.795087e-17   -2.020223e-29
   42   93    3.410319e-27    2.022826e-29
   42   94    1.277137e-13   -1.031956e-25
   42   95    3.569934e-11   -6.424867e-23
   42   96    8.222236e-11    1.111524e-24
   42   97    2.578413e-11    3.554292e-25
   42   98    7.544014e-11    1.139958e-23
   42   99    8.691166e-21    5.148702e-23
   42  100    1.700721e-15   -1.628801e-27
   42  101    2.749394e-25    1.628759e-27
   43   96    8.611204e-29    1.258117e-29
   43   97    2.277312e-28    3.327206e-29
   43   98    9.747946e-30    1.424198e-30
   43   99    2.728429e-13   -1.564646e-24
   43  100    2.641180e-22    1.564652e-24
   44   96    3.532748e-26    0.000000e+00
   44   98    6.625258e-24   -6.750276e-36
   44   99    8.074130e-12   -2.993845e-23
   44  100    3.391438e-11   -1.932242e-23
   44  101    7.022779e-12   -5.121411e-24
   44  102    1.441789e-14    5.436413e-23
   44  103    2.282607e-24    1.352231e-26
   45  100    4.640579e-30    6.779995e-31
   45  101    2.382773e-29    3.481287e-30
   45  102    1.222322e-30    1.785840e-31
   45  103    7.469186e-12   -5.237410e-23
   45  104    8.840979e-21    5.237452e-23
   45  105    7.987399e-30    8.669859e-32
   46  103    1.723743e-30    2.518429e-31
   46  104    2.116282e-11   -4.233485e-23
   46  105    4.944953e-12   -6.229704e-24
   46  106    2.265111e-11    1.223969e-23
   46  107    6.131763e-21    3.632496e-23
   46  108    2.501060e-11   -3.339095e-23
   46  109    5.636335e-21    3.339001e-23
   46  110    1.000424e-14   -8.963038e-27
   46  111    1.513080e-24    8.963584e-27
   47  105    4.364850e-30    6.377149e-31
   47  107    4.291539e-12   -3.179233e-23
   47  108    5.366674e-21    3.179252e-23
   47  109    6.599128e-12   -5.135305e-23
   47  110    8.668582e-21    5.135323e-23
   47  111    1.115382e-29    1.214634e-31
   48  108    3.603379e-13   -4.987620e-25
   48  109    8.419362e-23    4.987685e-25
   48  110    1.909901e-11   -3.015655e-23
   48  111    4.587530e-12    1.146259e-24
   48  112    2.054442e-11    2.181043e-24
   48  113    4.528595e-21    2.682768e-23
   48  114    3.413728e-11   -3.189169e-23
   48  115    5.382916e-21    3.188873e-23
   48  116    2.673547e-15   -1.521713e-27
   48  117    2.568721e-25    1.521727e-27
   49  111    1.541453e-30    2.252099e-31
   49  113    6.099931e-12   -3.632001e-23
   49  114    6.130865e-21    3.631963e-23
   49  115    1.203644e-29    4.927224e-31
   50  112    1.518501e-24   -2.160706e-36
   50  114    1.053078e-13   -9.677114e-26
   50  115    5.384892e-12   -1.365979e-23
   50  116    3.958575e-11   -1.082443e-23
   50  117    8.542083e-12    4.620579e-24
   50  118    4.908861e-11   -2.972680e-25
   50  119    1.176970e-11   -2.148731e-25
   50  120    6.577789e-11    4.278075e-24
   50  121    2.733248e-21    1.619193e-23
   50  122    5.075922e-13   -6.916732e-26
   50  123    1.166820e-23    6.912316e-26
   50  124    5.881526e-14   -3.723423e-27
   50  125    6.285135e-25    3.723354e-27
   51  119    1.529512e-30    2.234652e-31
   51  121    3.464279e-12   -1.461379e-23
   51  122    2.466843e-21    1.461373e-23
   51  123    8.946882e-14   -1.903364e-25
   51  124    3.213000e-23    1.903402e-25
   52  120    1.000424e-30    0.000000e+00
   52  122    9.020217e-12   -1.943874e-23
   52  123    3.001272e-12   -7.416757e-24
   52  124    1.532908e-11    9.590125e-24
   52  125    5.674406e-12   -1.007642e-23
   52  126    2.620158e-11    1.243356e-23
   52  127    2.516264e-21    1.490651e-23
   52  128    5.697728e-13   -2.023523e-25
   52  129    3.415010e-23    2.023074e-25
   52  130    1.846937e-12   -2.015445e-25
   52  131    3.401310e-23    2.014957e-25
   53  127    3.615706e-12   -1.653069e-23
   53  128    2.790428e-21    1.653067e-23
   53  129    1.634346e-30    1.750042e-32
   54  126    1.587975e-27    0.000000e+00
   54  128    9.378976e-12   -1.854532e-23
   54  129    4.878037e-12   -1.033895e-23
   54  130    1.462158e-11    1.384235e-23
   54  131    6.636401e-12   -1.601855e-24
   54  132    4.009275e-11   -1.634974e-24
   54  133    3.085674e-21    1.827973e-23
   54  134    1.269195e-13   -1.799865e-26
   54  135    3.038744e-24    1.800171e-26
   54  136    8.091666e-12   -3.715850e-26
   54  137    6.364935e-24    3.770628e-26
   55  133    4.580889e-12   -1.488037e-23
   55  134    2.511899e-21    1.488065e-23
   55  135    1.399468e-30    1.516120e-32
   56  132    1.667374e-27    0.000000e+00
   56  134    1.045219e-11   -1.349661e-23
   56  135    5.105868e-12   -6.171543e-24
   56  136    3.449992e-11    4.982471e-24
   56  137    4.228070e-11   -8.510913e-24
   56  138    3.979948e-10    1.271790e-23
   56  139    1.770526e-21    1.048871e-23
   57  138    9.032455e-30    5.681035e-32
   57  139    3.735397e-11   -6.817778e-24
   57  140    1.150827e-21    6.817573e-24
   58  138    2.102341e-25   -2.923583e-37
   58  139    1.123146e-28    6.705125e-31
   58  140    9.289652e-11   -7.082734e-24
   58  141    1.196008e-21    7.085226e-24
   58  142    9.158812e-14   -2.051038e-26
   58  143    3.469539e-24    2.055377e-26
   59  141    7.804727e-12   -4.777291e-24
   59  142    8.064156e-22    4.777257e-24
   60  142    1.831762e-11   -4.320080e-24
   60  143    3.281111e-12   -1.638205e-24
   60  144    6.940442e-12    1.804611e-24
   60  145    1.586880e-12   -1.674152e-24
   60  146    4.721180e-12    1.605086e-24
   60  147    7.123258e-22    4.219863e-24
   60  148    1.554713e-15   -3.467044e-27
   60  149    5.852611e-25    3.467124e-27
   60  150    2.527738e-21   -4.623360e-33
   61  148    1.762539e-28    1.044139e-30
   62  144    3.536221e-20   -2.350236e-32
   62  145    3.966841e-30    2.349982e-32
   62  147    7.486167e-13   -9.252468e-24
   62  148    2.697089e-12    1.844597e-24
   62  149    4.961835e-13   -4.001092e-23
   62  150    1.600679e-12    3.491284e-23
   62  151    2.110933e-21    1.250530e-23
   62  152    2.626113e-13   -1.832833e-24
   62  153    3.093904e-22    1.832849e-24
   62  154    1.429177e-15   -3.543563e-27
   62  155    5.981687e-25    3.543589e-27
   63  151    1.722584e-13   -5.058171e-23
   63  152    8.538349e-21    5.058172e-23
   63  153    2.282013e-13   -1.201250e-23
   63  154    2.027744e-21    1.201249e-23
   63  155    1.215881e-29    1.322333e-31
   64  152    5.982799e-13   -1.039358e-23
   64  153    1.754463e-21    1.039355e-23
   64  154    7.795513e-13   -1.277990e-23
   64  155    2.575285e-13   -3.355171e-24
   64  156    1.090206e-12    4.622801e-24
   64  157    4.772724e-13   -1.621747e-24
   64  158    2.906295e-12   -2.290095e-24
   64  159    2.603667e-21    1.542429e-23
   64  160    8.753711e-17   -1.751025e-28
   64  161    2.956043e-26    1.751179e-28
   65  159    3.705974e-13   -2.536396e-23
   65  160    4.281510e-21    2.536394e-23
   65  161    2.746071e-29    2.986492e-31
   66  156    1.026076e-30    0.000000e+00
   66  158    8.864517e-14   -1.438125e-24
   66  159    2.427595e-22    1.438123e-24
   66  160    8.753711e-13   -1.801743e-23
   66  161    3.287108e-13    8.067535e-24
   66  162    1.358601e-12   -4.634716e-25
   66  163    2.448891e-13    3.239151e-24
   66  164    6.033045e-13    4.835351e-24
   66  165    3.947983e-22    2.338810e-24
   67  165    4.844478e-13   -4.899127e-23
   67  166    8.269870e-21    4.899124e-23
   67  167    1.449236e-29    1.576118e-31
   68  164    6.710162e-13   -1.534838e-23
   68  165    2.590847e-21    1.534834e-23
   68  166    1.024531e-12   -1.209550e-23
   68  167    4.067593e-13   -1.709241e-23
   68  168    1.667374e-12    1.459118e-23
   68  169    2.463973e-21    1.459674e-23
   68  170    3.289630e-15   -1.135408e-26
   68  171    1.916645e-24    1.135433e-26
   69  169    5.321783e-13   -6.098821e-23
   69  170    1.029500e-20    6.098824e-23
   69  171    7.710949e-29    8.386061e-31
   69  172    1.715871e-30    1.016493e-32
   70  168    1.012334e-30    0.000000e+00
   70  170    8.238787e-13   -1.083736e-23
   70  171    4.206462e-13   -4.881093e-25
   70  172    1.395941e-12    4.233444e-24
   70  173    6.939358e-13   -3.979494e-24
   70  174    3.156511e-12    3.778454e-24
   70  175    1.231096e-21    7.293092e-24
   70  176    1.591584e-15   -4.016091e-27
   70  177    6.779479e-25    4.016206e-27
   71  175    4.567651e-13   -2.279038e-23
   71  176    8.526380e-16    2.273642e-23
   71  177    9.113327e-24    5.398803e-26
   72  176    1.193688e-12   -2.574923e-23
   72  177    3.950827e-13   -2.085506e-23
   72  178    1.686108e-12    3.319567e-23
   72  179    4.800918e-13   -3.654862e-24
   72  180    2.773398e-12    9.160783e-24
   72  181    1.333976e-21    7.902560e-24
   72  182    5.097426e-30    5.543710e-32
   73  180    3.440347e-15   -5.334869e-26
   73  181    7.185367e-13   -2.112047e-23
   73  182    3.574188e-21    2.117372e-23
   73  183    1.293215e-29    1.406437e-31
   74  180    5.385616e-14   -6.002096e-25
   74  181    1.013190e-22    6.002204e-25
   74  182    1.813956e-12   -9.749463e-24
   74  183    9.293557e-13   -6.040074e-24
   74  184    2.060656e-12   -3.461395e-25
   74  185    2.723742e-21    1.613562e-23
   74  186    8.067936e-14   -6.807807e-25
   74  187    1.149179e-22    6.807809e-25
   75  185    3.076980e-13   -1.534877e-22
   75  186    2.590920e-20    1.534877e-22
   75  187    6.954820e-15   -2.047358e-24
   75  188    3.456010e-22    2.047362e-24
   76  186    1.075725e-12   -6.850897e-24
   76  187    5.077019e-13   -1.544067e-23
   76  188    1.117495e-12    8.889970e-24
   76  189    3.858779e-13   -1.132602e-23
   76  190    1.474309e-12    1.580064e-23
   76  191    1.506936e-21    8.927187e-24
   76  192    3.121115e-14   -4.241042e-25
   76  193    7.159030e-23    4.241055e-25
   77  191    3.294590e-13   -6.064066e-23
   77  192    1.023633e-20    6.064064e-23
   77  193    3.208614e-13   -4.328446e-23
   77  194    7.306546e-21    4.328444e-23
   77  195    3.240042e-30    3.523710e-32
   78  190    1.000424e-30    0.000000e+00
   78  192    1.094214e-12   -1.523075e-23
   78  193    2.570982e-21    1.523066e-23
   78  194    1.340775e-12   -9.410997e-24
   78  195    3.996566e-13   -3.449632e-24
   78  196    2.342830e-12    7.593663e-24
   78  197    8.890575e-22    5.266833e-24
   78  198    4.390750e-15   -3.569596e-27
   78  199    6.025432e-25    3.569504e-27
   79  197    7.109613e-13   -6.334515e-24
   79  198    1.069282e-21    6.334497e-24
   80  196    1.378135e-17   -1.340432e-28
   80  197    2.262694e-26    1.340434e-28
   80  198    2.319165e-12   -3.497342e-24
   80  199    1.055724e-12    1.849847e-25
   80  200    3.396440e-12    1.122833e-25
   80  201    1.493170e-12    9.023054e-25
   80  202    5.447854e-12   -8.417209e-25
   80  203    5.298583e-22    3.138914e-24
   80  204    8.827272e-14   -2.778053e-26
   80  205    4.689516e-24    2.778099e-26
   81  203    3.296964e-12   -1.864388e-24
   81  204    3.146803e-22    1.864186e-24
   81  205    2.532781e-13   -5.422314e-26
   81  206    9.151150e-24    5.421199e-26
   82  204    4.899136e-12   -2.716610e-24
   82  205    9.272223e-12   -3.161704e-24
   82  206    4.705878e-11    2.584939e-26
   82  207    6.282857e-11    2.223048e-24
   82  208    1.298627e-10    3.101927e-24
   82  209    8.767330e-23    5.193822e-25
   83  209    3.106580e-12   -5.492996e-26
   83  210    9.259240e-24    5.485233e-26
    0    1    7.992130e-16   -7.090610e-16
    1    1    5.440933e-12   -2.078541e-15
    2    4    2.068379e-08    3.715758e-16
