3.6422e-03
4.7508e-04
1.1477e+00
8.0556e+04
    1    2    1.161435e-25   -5.461472e-27
    5   10    5.582620e-30    5.831235e-31
    5   11    3.526169e-29    1.113891e-29
    6   11    2.197172e-27    4.216358e-28
    6   12    7.736613e-04   -4.813684e-14
    6   13    4.110947e-14    4.873203e-15
    6   14    1.626975e-19    3.627324e-20
    7   13    1.122284e-13   -2.324151e-15
    7   14    5.618117e-18    1.267568e-18
    7   15    1.850576e-20    4.175474e-21
    8   14    4.550032e-21    4.244263e-22
    8   15    7.007897e-26    2.177241e-26
    8   16    4.583193e-02   -3.803487e-10
    8   17    6.920265e-12    8.215743e-13
    8   18    1.457558e-15    1.730409e-16
    8   19    4.814677e-26    1.073393e-26
    9   17    2.429687e-17   -5.033923e-19
    9   18    1.035803e-19    2.254476e-20
    9   19    5.177357e-20    1.114306e-20
    9   20    1.166629e-28    3.400318e-29
   10   18    1.973771e-26    7.381179e-28
   10   19    1.273083e-28    3.897536e-29
   10   20    8.353544e-03    3.428687e-10
   10   21    3.015556e-05   -9.841696e-12
   10   22    3.692461e-06   -1.552746e-12
   10   23    4.974411e-16    5.905553e-17
   10   24    3.196181e-27    7.125813e-28
   11   21    6.860620e-13    7.906201e-14
   11   22    1.316279e-12    1.518514e-13
   11   23    1.457139e-04   -9.870719e-12
   11   24    3.883639e-13    4.610786e-14
   11   25    4.381843e-22    9.424608e-23
   12   22    4.169492e-22    9.071594e-23
   12   23    8.546858e-16    1.114695e-16
   12   24    2.013354e-03    4.437625e-11
   12   25    4.441883e-04    1.278876e-12
   12   26    2.597260e-04    7.098918e-11
   12   27    9.910663e-14    1.176626e-14
   12   28    9.953787e-23    2.219208e-23
   13   24    5.175602e-26    6.767308e-27
   13   25    9.206145e-12    8.070873e-13
   13   26    1.408284e-04   -7.008789e-11
   13   27    2.011964e-04    1.244972e-12
   13   28    1.175180e-12    1.395424e-13
   13   29    5.030169e-18    5.981587e-19
   13   30    2.484458e-27    5.544685e-28
   14   26    5.764326e-21    1.159357e-21
   14   27    1.478270e-12    1.704812e-13
   14   28    2.358143e-04    7.252048e-12
   14   29    6.520006e-05    1.105399e-12
   14   30    2.844540e-05    8.081912e-13
   14   31    1.890690e-14    2.244692e-15
   14   32    3.162254e-23    7.050286e-24
   15   28    1.870322e-22    3.410532e-23
   15   29    3.610673e-14    4.176181e-15
   15   30    2.314275e-07   -5.210263e-13
   15   31    2.104119e-06    1.012295e-13
   15   32    7.870202e-15    9.343777e-16
   15   33    7.336772e-17    8.710479e-18
   15   34    9.596291e-26    2.139424e-26
   16   30    1.711317e-24    3.736768e-25
   16   31    3.514157e-10   -4.514570e-14
   16   32    1.166120e-06    3.103562e-14
   16   33    2.100894e-08    4.033897e-15
   16   34    2.736454e-07    2.360472e-15
   16   35    2.230524e-16    2.648155e-17
   16   36    1.013681e-23    2.260015e-24
   17   32    1.294013e-21   -2.669917e-23
   17   33    1.377985e-15    1.461008e-16
   17   34    1.442457e-17    1.662620e-18
   17   35    1.020433e-08    2.035998e-16
   17   36    9.225092e-17    1.095235e-17
   17   37    4.593423e-23    5.715160e-24
   18   34    4.152715e-25    8.802097e-26
   18   35    2.092383e-23    2.486580e-24
   18   36    8.448026e-10    3.742718e-18
   18   37    8.424295e-18    1.000232e-18
   18   38    2.659022e-10    1.544650e-18
   18   39    8.989906e-19    1.067313e-19
   18   40    6.517123e-20    7.737352e-21
   18   41    1.193082e-28    2.659991e-29
   19   37    6.795884e-20    3.796289e-21
   19   38    1.493728e-27    3.368500e-28
   19   39    3.745178e-12    8.771024e-20
   19   40    4.360739e-20    5.177221e-21
   19   41    2.114371e-26    4.554811e-27
   19   43    3.406015e-25    4.043737e-26
   20   38    1.288324e-29    2.348058e-30
   20   40    2.851209e-14    1.366668e-22
   20   41    2.769630e-22    3.288201e-23
   20   42    4.763924e-08   -1.043190e-16
   20   43    1.463411e-08    7.557838e-18
   20   44    7.048443e-08   -3.352146e-18
   20   45    6.811135e-16    8.086413e-17
   20   46    2.020422e-10   -1.450381e-19
   20   47    9.493778e-19    1.127134e-19
   20   48    2.292639e-09   -1.074766e-18
   20   49    2.369210e-18    2.812800e-19
   20   50    1.316763e-27    2.935737e-28
   21   41    2.575096e-27   -5.330548e-29
   21   43    5.283351e-17    6.095104e-18
   21   44    2.117543e-17    2.442890e-18
   21   45    6.669494e-09   -3.955553e-17
   21   46    4.180402e-16    4.963117e-17
   21   47    2.941149e-19    3.397835e-20
   21   48    4.429362e-18    5.109910e-19
   21   49    2.448410e-18    2.824601e-19
   21   50    3.290613e-27    7.088389e-28
   22   44    7.342644e-27    1.509172e-27
   22   45    1.074374e-23    1.240369e-24
   22   46    2.020422e-08   -7.998218e-17
   22   47    7.854394e-09    2.644651e-17
   22   48    1.436025e-08    7.505364e-18
   22   49    1.733388e-08   -4.098382e-18
   22   50    5.602375e-08    1.773850e-17
   22   51    2.400450e-16    2.849885e-17
   22   52    7.820863e-25    1.556905e-25
   23   47    6.026737e-18    6.952698e-19
   23   48    2.748971e-18    3.171336e-19
   23   49    5.703109e-18    6.579361e-19
   23   50    2.004478e-15    6.495331e-19
   23   51    4.904040e-09   -2.131011e-17
   23   52    1.971124e-16    2.340172e-17
   23   53    1.496093e-24    3.335533e-25
   24   48    2.557705e-28    5.567413e-29
   24   49    1.542215e-27    2.091725e-28
   24   50    9.383978e-13   -4.733245e-21
   24   51    1.354459e-19    1.575964e-20
   24   52    5.579288e-08   -8.829735e-17
   24   53    1.074040e-08    2.667047e-17
   24   54    1.369099e-07   -8.415913e-17
   24   55    1.203800e-15    1.429183e-16
   24   56    6.429495e-24    1.433459e-24
   25   51    6.440158e-23    7.429635e-24
   25   52    8.416467e-30    1.842218e-30
   25   53    4.608159e-18    5.316178e-19
   25   54    1.018145e-18    1.174622e-19
   25   55    3.456010e-08   -1.424032e-16
   25   56    1.215258e-15    1.442796e-16
   25   57    2.287536e-23    5.100027e-24
   26   54    4.446329e-09   -1.751261e-17
   26   55    1.498326e-16    1.778059e-17
   26   56    1.766820e-06   -3.220138e-15
   26   57    9.986690e-07   -2.477022e-15
   26   58    5.174607e-06   -4.717323e-15
   26   59    8.737216e-14    1.037312e-14
   26   60    9.321110e-22    2.078153e-22
   26   61    2.082822e-30    6.550500e-31
   27   55    7.287072e-20    8.406679e-21
   27   56    3.999516e-27    8.799380e-28
   27   57    4.672003e-17    5.389830e-18
   27   58    3.913614e-17    4.514928e-18
   27   59    2.034761e-06   -4.809511e-15
   27   60    4.073221e-14    4.835868e-15
   27   61    1.748297e-21    3.783694e-22
   27   62    1.778526e-29    5.450679e-30
   28   58    6.192280e-10   -3.810464e-18
   28   59    3.281869e-17    3.893897e-18
   28   60    2.667798e-06   -1.296588e-14
   28   61    1.015184e-06    3.420032e-15
   28   62    2.259022e-06    5.725318e-15
   28   63    3.225423e-14    3.829333e-15
   28   64    1.389652e-06   -1.757099e-15
   28   65    1.490147e-14    1.769153e-15
   28   66    1.378100e-22    3.072491e-23
   29   59    2.935842e-21    3.386850e-22
   29   60    1.465053e-28    3.283038e-29
   29   61    2.163824e-17    2.496281e-18
   29   62    1.553063e-17    1.791677e-18
   29   63    8.717981e-07   -1.228824e-14
   29   64    1.035038e-13    1.228833e-14
   29   65    1.075841e-06   -6.287101e-15
   29   66    5.297039e-14    6.288798e-15
   29   67    1.279772e-20    1.903821e-21
   29   68    2.366658e-28    5.370945e-29
   29   69    1.472399e-29    3.282723e-30
   30   62    8.262044e-28    1.052352e-28
   30   63    3.873965e-27    4.542630e-28
   30   64    8.425446e-07   -7.506747e-15
   30   65    6.315841e-14    7.498382e-15
   30   66    1.302067e-06   -7.141584e-15
   30   67    2.837024e-07    2.225242e-15
   30   68    1.322620e-06    1.535542e-15
   30   69    2.833077e-14    3.363525e-15
   30   70    1.327706e-10   -3.969568e-19
   30   71    3.355601e-18    3.983847e-19
   30   72    7.520630e-26    1.676729e-26
   31   65    4.253805e-18    4.907364e-19
   31   66    4.151344e-25    9.233164e-26
   31   67    1.151256e-17    1.328140e-18
   31   68    2.716169e-18    3.133493e-19
   31   69    1.594879e-07   -3.179380e-15
   31   70    2.679325e-14    3.180982e-15
   31   71    1.407639e-07   -2.210365e-15
   31   72    1.861617e-14    2.210176e-15
   31   73    2.293424e-21    5.113203e-22
   31   74    4.520691e-29    1.421759e-29
   32   66    6.517993e-30    1.418785e-30
   32   68    1.589378e-25    1.889434e-26
   32   69    2.126807e-23    2.453578e-24
   32   70    2.286683e-07   -2.678052e-15
   32   71    2.255873e-14    2.678245e-15
   32   72    2.362112e-07   -2.452795e-15
   32   73    4.522466e-08    1.319612e-15
   32   74    1.757502e-07   -1.484799e-16
   32   75    1.079331e-14    1.281418e-15
   32   76    1.249214e-11   -5.664085e-20
   32   77    4.780238e-19    5.675262e-20
   32   78    1.160967e-26    2.588390e-27
   33   71    8.833209e-19    1.019038e-19
   33   72    2.690278e-25    5.854981e-26
   33   73    1.391079e-18    1.604811e-19
   33   74    1.207576e-19    1.393115e-20
   33   75    2.000847e-08   -1.435068e-15
   33   76    1.208848e-14    1.435186e-15
   33   77    2.275348e-21    4.985261e-22
   33   78    9.892847e-29    3.062310e-29
   34   72    1.227868e-30    2.672728e-31
   34   74    1.491335e-24    5.058754e-28
   34   75    1.338491e-20    1.544142e-21
   34   76    4.988956e-08   -1.289386e-15
   34   77    1.818953e-08    4.219628e-16
   34   78    7.041447e-08    2.902610e-16
   34   79    4.861113e-15    5.771280e-16
   34   80    4.239297e-09   -2.239037e-17
   34   81    1.885871e-16    2.238968e-17
   34   82    3.172076e-12   -3.738260e-21
   34   83    3.155077e-20    3.745811e-21
   34   84    4.408378e-28    9.828530e-29
   35   77    9.657717e-20    1.114157e-20
   35   78    3.317283e-20    3.826951e-21
   35   79    8.345305e-09   -6.304207e-16
   35   80    5.310104e-15    6.304326e-16
   35   81    7.274686e-09   -2.932368e-16
   35   82    2.469917e-15    2.932370e-16
   35   83    5.814447e-22    1.295401e-22
   35   84    2.097252e-29    6.591436e-30
   36   78    1.239114e-29    2.837812e-30
   36   79    4.040101e-23    4.660836e-24
   36   80    2.125901e-08   -7.936768e-16
   36   81    6.685105e-15    7.936783e-16
   36   82    5.111923e-08   -6.881810e-16
   36   83    1.566930e-08    2.862010e-16
   36   84    5.823898e-08    1.670536e-16
   36   85    1.978701e-15    2.349181e-16
   36   86    4.641503e-10   -1.786435e-19
   36   87    1.504566e-18    1.786272e-19
   36   88    1.304724e-26    2.908897e-27
   37   81    1.175714e-20    1.356355e-21
   37   82    8.921925e-27    1.945867e-27
   37   83    3.393552e-20    3.914951e-21
   37   84    7.282612e-21    8.401553e-22
   37   85    8.462409e-09   -2.202082e-16
   37   86    1.854833e-15    2.202121e-16
   37   87    5.853056e-11   -1.308556e-19
   37   88    1.102781e-18    1.309258e-19
   37   89    4.982915e-26    1.110946e-26
   38   84    2.620160e-24    1.523075e-31
   38   85    1.682590e-22    1.941109e-23
   38   86    1.977582e-08   -1.406675e-16
   38   87    1.264904e-08    2.093462e-17
   38   88    3.410537e-08    9.293810e-17
   38   89    2.256861e-16    2.679422e-17
   38   90    5.095187e-24    8.099014e-25
   39   87    4.206751e-21    4.853092e-22
   39   88    2.889770e-21    3.333768e-22
   39   89    5.047083e-09   -1.182182e-17
   39   90    9.958009e-17    1.182249e-17
   39   91    1.279271e-23    2.852142e-24
   40   89    3.105377e-28    3.582501e-29
   40   90    2.223165e-09   -6.441906e-18
   40   91    5.705716e-10    2.429166e-18
   40   92    6.513631e-10    1.094428e-18
   40   93    1.936305e-10    1.135739e-18
   40   94    4.140053e-10    1.308522e-20
   40   95    1.489998e-17    1.768976e-18
   40   96    7.701181e-13   -6.672696e-22
   40   97    5.621425e-21    6.673949e-22
   40   98    5.266562e-29    1.174187e-29
   41   91    1.461780e-22    1.686374e-23
   41   92    3.351245e-23    3.866036e-24
   41   93    7.196598e-14   -1.997204e-21
   41   94    1.687727e-20    2.003712e-21
   41   95    1.222615e-23    1.411279e-24
   41   96    2.635831e-26    3.041227e-27
   41   97    3.869219e-27    4.620979e-28
   42   92    3.795087e-17   -3.701151e-25
   42   93    3.120744e-24    3.705007e-25
   42   94    1.277137e-13   -1.891560e-21
   42   95    3.569933e-11   -1.177818e-18
   42   96    8.222236e-11    2.026766e-20
   42   97    2.578413e-11    6.529179e-21
   42   98    7.544015e-11    2.089125e-19
   42   99    7.950052e-18    9.438573e-19
   42  100    1.700721e-15   -2.959019e-23
   42  101    2.514944e-22    2.985823e-23
   42  102    1.498071e-29    3.339966e-30
   43   95    6.362807e-27    7.340412e-28
   43   96    6.657241e-25    7.680084e-26
   43   97    1.760569e-24    2.031071e-25
   43   98    7.536125e-26    8.694084e-27
   43   99    2.728427e-13   -2.868298e-20
   43  100    2.415742e-19    2.867794e-20
   43  101    1.278716e-25    2.851344e-26
   44   96    3.532748e-26    2.847349e-35
   44   98    6.625260e-24    2.694563e-31
   44   99    8.074125e-12   -5.488340e-19
   44  100    3.391437e-11   -3.541616e-19
   44  101    7.022778e-12   -9.388905e-20
   44  102    1.442627e-14    9.966005e-19
   44  103    2.088611e-21    2.480345e-22
   44  104    1.198360e-24    2.833877e-25
   45   99    6.589826e-29    7.602312e-30
   45  100    3.587587e-26    4.138793e-27
   45  101    1.842100e-25    2.125128e-26
   45  102    9.449704e-27    1.090172e-27
   45  103    7.469178e-12   -9.601262e-19
   45  104    8.086814e-18    9.600618e-19
   45  105    6.471537e-24    1.442818e-24
   45  106    1.994281e-30    5.668389e-31
   46  103    1.332609e-26    1.537355e-27
   46  104    2.116281e-11   -7.760459e-19
   46  105    4.944953e-12   -1.141957e-19
   46  106    2.265111e-11    2.243954e-19
   46  107    5.608890e-18    6.659061e-19
   46  108    2.501060e-11   -6.121022e-19
   46  109    5.155712e-18    6.121036e-19
   46  110    1.000424e-14   -1.637182e-22
   46  111    1.384055e-21    1.643196e-22
   46  112    2.903994e-28    6.474488e-29
   47  105    3.374426e-26    3.892888e-27
   47  106    5.185890e-27    5.982659e-28
   47  107    4.291534e-12   -5.828183e-19
   47  108    4.908991e-18    5.828058e-19
   47  109    6.599120e-12   -9.414026e-19
   47  110    7.928932e-18    9.412957e-19
   47  111    9.075590e-24    2.023394e-24
   47  112    2.770185e-30    8.726735e-31
   48  107    1.919719e-28    2.214670e-29
   48  108    3.603379e-13   -9.132414e-21
   48  109    7.701421e-20    9.143385e-21
   48  110    1.909900e-11   -5.527054e-19
   48  111    4.587531e-12    2.100807e-20
   48  112    2.054442e-11    3.999937e-20
   48  113    4.142430e-18    4.918033e-19
   48  114    3.413727e-11   -5.845821e-19
   48  115    4.923903e-18    5.845825e-19
   48  116    2.673547e-15   -2.766291e-23
   48  117    2.349680e-22    2.789620e-23
   48  118    3.904226e-29    8.704520e-30
   49  109    1.860510e-28    2.146367e-29
   49  111    1.191683e-26    1.374779e-27
   49  112    1.955816e-27    2.256309e-28
   49  113    6.099925e-12   -6.658092e-19
   49  114    5.607955e-18    6.657818e-19
   49  115    7.655131e-24    1.704965e-24
   49  116    5.698774e-30    1.326340e-30
   49  117    3.743838e-29    8.741947e-30
   50  112    1.518501e-24   -3.929544e-32
   50  113    2.185686e-28    2.521613e-29
   50  114    1.053078e-13   -1.748395e-21
   50  115    5.384889e-12   -2.504117e-19
   50  116    3.958575e-11   -1.984168e-19
   50  117    8.542084e-12    8.471720e-20
   50  118    4.908861e-11   -5.488221e-21
   50  119    1.176970e-11   -3.937771e-21
   50  120    6.577789e-11    7.848296e-20
   50  121    2.500178e-18    2.968297e-19
   50  122    5.075922e-13   -1.267076e-21
   50  123    1.067323e-20    1.267162e-21
   50  124    5.881526e-14   -6.825621e-23
   50  125    5.749190e-22    6.825635e-23
   50  126    1.554167e-29    3.465034e-30
   51  115    1.831270e-29    2.112632e-30
   51  116    9.966971e-28    1.149832e-28
   51  117    7.421275e-27    8.561512e-28
   51  118    1.646080e-27    1.898979e-28
   51  119    1.182452e-26    1.364129e-27
   51  120    1.490676e-27    1.719706e-28
   51  121    3.464276e-12   -2.678981e-19
   51  122    2.256488e-18    2.678978e-19
   51  123    8.946879e-14   -3.489000e-21
   51  124    2.939020e-20    3.489303e-21
   51  125    1.118919e-26    2.494243e-27
   52  120    1.000424e-30    4.079390e-41
   52  121    6.292431e-29    7.259219e-30
   52  122    9.020214e-12   -3.563517e-19
   52  123    3.001271e-12   -1.359625e-19
   52  124    1.532908e-11    1.758290e-19
   52  125    5.674404e-12   -1.847210e-19
   52  126    2.620159e-11    2.279393e-19
   52  127    2.301697e-18    2.732654e-19
   52  128    5.697728e-13   -3.708551e-21
   52  129    3.123804e-20    3.708686e-21
   52  130    1.846937e-12   -3.693810e-21
   52  131    3.111270e-20    3.693803e-21
   52  132    8.065128e-28    1.798130e-28
   53  123    1.152639e-27    1.329735e-28
   53  124    2.670695e-28    3.081031e-29
   53  125    2.972526e-27    3.429238e-28
   53  126    1.981956e-28    2.286471e-29
   53  127    3.615703e-12   -3.030393e-19
   53  128    2.552478e-18    3.030385e-19
   53  129    1.215583e-24    2.711393e-25
   53  130    2.494770e-28    2.883450e-29
   53  131    2.889438e-26    6.831657e-27
   54  126    1.587975e-27    1.973028e-42
   54  127    1.751657e-28    2.020787e-29
   54  128    9.378973e-12   -3.399805e-19
   54  129    4.878035e-12   -1.895334e-19
   54  130    1.462159e-11    2.537566e-19
   54  131    6.636401e-12   -2.936412e-20
   54  132    4.009275e-11   -2.998124e-20
   54  133    2.822552e-18    3.351030e-19
   54  134    1.269195e-13   -3.299527e-22
   54  135    2.779624e-21    3.300065e-22
   54  136    8.091666e-12   -6.912290e-22
   54  137    5.822142e-21    6.912198e-22
   54  138    1.776441e-29    3.960589e-30
   55  129    6.740528e-28    7.776171e-29
   55  130    1.400307e-28    1.615455e-29
   55  131    1.275342e-27    1.471291e-28
   55  132    6.366474e-29    7.344641e-30
   55  133    4.580887e-12   -2.727912e-19
   55  134    2.297703e-18    2.727910e-19
   55  135    1.120549e-24    2.498268e-25
   55  136    4.557701e-28    5.263116e-29
   55  137    3.540927e-26    8.373109e-27
   56  132    1.667374e-27   -3.587324e-43
   56  133    1.639831e-28    1.891780e-29
   56  134    1.045219e-11   -2.474108e-19
   56  135    5.105867e-12   -1.131304e-19
   56  136    3.449992e-11    9.138351e-20
   56  137    4.228070e-11   -1.560688e-19
   56  138    3.979948e-10    2.329479e-19
   56  139    1.619549e-18    1.922784e-19
   56  140    2.444534e-26    5.450118e-27
   57  135    3.535954e-28    4.079233e-29
   57  136    1.810237e-29    2.088365e-30
   57  137    9.030136e-28    1.041757e-28
   57  138    7.787769e-27    9.227447e-28
   57  139    3.735396e-11   -1.249793e-19
   57  140    1.052694e-18    1.249794e-19
   57  141    8.698073e-26    1.939246e-26
   58  138    2.102340e-25   -5.358987e-33
   58  139    1.030096e-25    1.222895e-26
   58  140    9.289652e-11   -1.298443e-19
   58  141    1.094022e-18    1.298860e-19
   58  142    9.158812e-14   -3.759704e-22
   58  143    3.173684e-21    3.767907e-22
   58  144    1.714154e-28    3.820033e-29
   59  141    7.804726e-12   -8.757645e-20
   59  142    7.376508e-19    8.757641e-20
   59  143    1.616448e-25    3.603939e-26
   60  141    1.168007e-30    1.347991e-31
   60  142    1.831762e-11   -7.916973e-20
   60  143    3.281111e-12   -3.003103e-20
   60  144    6.940443e-12    3.307776e-20
   60  145    1.586879e-12   -3.069224e-20
   60  146    4.721180e-12    2.943061e-20
   60  147    6.515839e-19    7.735824e-20
   60  148    1.554713e-15   -6.345453e-23
   60  149    5.353544e-22    6.355908e-23
   60  150    2.527738e-21   -6.304832e-29
   60  151    7.140887e-28    8.477906e-29
   61  143    1.368623e-29    1.578904e-30
   61  144    1.074094e-30    1.239123e-31
   61  145    1.214901e-29    1.401564e-30
   61  146    9.652051e-30    1.113503e-30
   61  147    8.754294e-26    1.151969e-26
   61  148    1.612195e-25    1.913982e-26
   61  149    1.547822e-28    3.635452e-29
   61  150    9.097146e-30    1.080040e-30
   62  144    3.536221e-20   -4.307994e-28
   62  145    3.628580e-27    4.307975e-28
   62  146    5.333411e-26    6.956610e-27
   62  147    7.486153e-13   -1.696174e-19
   62  148    2.697090e-12    3.381253e-20
   62  149    4.961773e-13   -7.334681e-19
   62  150    1.600684e-12    6.400096e-19
   62  151    1.930924e-18    2.292453e-19
   62  152    2.626110e-13   -3.359754e-20
   62  153    2.830073e-19    3.359953e-20
   62  154    1.429177e-15   -6.483026e-23
   62  155    5.471609e-22    6.496074e-23
   62  156    6.584204e-29    1.467956e-29
   63  149    2.888721e-30    3.332546e-31
   63  151    1.722506e-13   -9.272197e-19
   63  152    7.810012e-18    9.272047e-19
   63  153    2.281995e-13   -2.201956e-19
   63  154    1.854817e-18    2.202083e-19
   63  155    9.894075e-24    2.205897e-24
   63  156    2.174312e-29    4.402415e-30
   64  152    5.982783e-13   -1.905339e-19
   64  153    1.604841e-18    1.905306e-19
   64  154    7.795493e-13   -2.342777e-19
   64  155    2.575280e-13   -6.150691e-20
   64  156    1.090206e-12    8.474314e-20
   64  157    4.772721e-13   -2.972945e-20
   64  158    2.906295e-12   -4.198344e-20
   64  159    2.381647e-18    2.827572e-19
   64  160    8.753708e-17   -3.067804e-24
   64  161    2.703957e-23    3.210210e-24
   64  162    3.948429e-30    8.803178e-31
   65  158    1.918566e-30    2.225518e-31
   65  159    3.705934e-13   -4.649656e-19
   65  160    3.916373e-18    4.649607e-19
   65  161    2.234474e-23    4.981772e-24
   65  162    1.474688e-29    3.239958e-30
   66  156    1.026076e-30   -6.516038e-44
   66  158    8.864495e-14   -2.636353e-20
   66  159    2.220583e-19    2.636347e-20
   66  160    8.753683e-13   -3.302928e-19
   66  161    3.287120e-13    1.478919e-19
   66  162    1.358601e-12   -8.495059e-21
   66  163    2.448896e-13    5.937986e-20
   66  164    6.033053e-13    8.864114e-20
   66  165    3.611332e-19    4.287498e-20
   66  166    6.508629e-26    1.451107e-26
   67  165    4.844402e-13   -8.980910e-19
   67  166    7.564607e-18    8.980883e-19
   67  167    1.179234e-23    2.629108e-24
   67  168    3.166798e-30    9.970581e-31
   68  164    6.710138e-13   -2.813641e-19
   68  165    2.369913e-18    2.813635e-19
   68  166    1.024529e-12   -2.217338e-19
   68  167    4.067566e-13   -3.133345e-19
   68  168    1.667376e-12    2.674820e-19
   68  169    2.253865e-18    2.675864e-19
   68  170    3.289628e-15   -2.075457e-22
   68  171    1.753208e-21    2.081468e-22
   68  172    2.446123e-28    5.453661e-29
   69  169    5.321689e-13   -1.118014e-18
   69  170    9.416975e-18    1.118000e-18
   69  171    6.274315e-23    1.398858e-23
   69  172    1.712957e-27    2.314472e-28
   69  173    3.028854e-29    3.602865e-30
   70  168    1.012334e-30   -6.586103e-44
   70  170    8.238770e-13   -1.986697e-19
   70  171    4.206461e-13   -8.948573e-21
   70  172    1.395941e-12    7.760726e-20
   70  173    6.939352e-13   -7.295221e-20
   70  174    3.156511e-12    6.926660e-20
   70  175    1.126116e-18    1.336961e-19
   70  176    1.591583e-15   -7.309676e-23
   70  177    6.201376e-22    7.362483e-23
   70  178    8.220339e-29    1.832734e-29
   71  174    3.434274e-30    4.467960e-31
   71  175    4.567615e-13   -4.177894e-19
   71  176    8.561449e-16    4.167956e-19
   71  177    8.354469e-21    9.937759e-22
   71  178    3.464308e-27    7.639365e-28
   72  176    1.193684e-12   -4.720325e-19
   72  177    3.950795e-13   -3.823090e-19
   72  178    1.686113e-12    6.085351e-19
   72  179    4.800912e-13   -6.699942e-20
   72  180    2.773399e-12    1.679695e-19
   72  181    1.220222e-18    1.448685e-19
   72  182    4.147761e-24    9.247475e-25
   73  179    3.769423e-27    4.916601e-28
   73  180    3.440339e-15   -1.015307e-21
   73  181    7.185334e-13   -3.871770e-19
   73  182    3.269391e-18    3.881515e-19
   73  183    1.052283e-23    2.346075e-24
   73  184    2.360800e-30    7.298685e-31
   74  180    5.385607e-14   -1.099780e-20
   74  181    9.267917e-20    1.100317e-20
   74  182    1.813954e-12   -1.787250e-19
   74  183    9.293548e-13   -1.107279e-19
   74  184    2.060656e-12   -6.344452e-21
   74  185    2.491477e-18    2.957961e-19
   74  186    8.067926e-14   -1.247877e-20
   74  187    1.051185e-19    1.248002e-20
   74  188    1.696973e-26    3.783420e-27
   75  184    2.051475e-30    2.674709e-31
   75  185    3.076743e-13   -2.813513e-18
   75  186    2.369861e-17    2.813450e-18
   75  187    6.954504e-15   -3.746677e-20
   75  188    3.161229e-19    3.753035e-20
   75  189    4.177506e-25    9.313731e-26
   76  186    1.075724e-12   -1.255920e-19
   76  187    5.076995e-13   -2.830556e-19
   76  188    1.117496e-12    1.629685e-19
   76  189    3.858761e-13   -2.076266e-19
   76  190    1.474312e-12    2.896526e-19
   76  191    1.378424e-18    1.636500e-19
   76  192    3.121108e-14   -7.771580e-21
   76  193    6.548557e-20    7.774664e-21
   76  194    6.817360e-27    1.519938e-27
   77  191    3.294497e-13   -1.111630e-18
   77  192    9.362800e-18    1.111515e-18
   77  193    3.208547e-13   -7.933573e-19
   77  194    6.683425e-18    7.934712e-19
   77  195    2.636397e-24    5.877859e-25
   78  190    1.000424e-30   -5.009642e-44
   78  192    1.094212e-12   -2.792071e-19
   78  193    2.351669e-18    2.791898e-19
   78  194    1.340773e-12   -1.725033e-19
   78  195    3.996561e-13   -6.323823e-20
   78  196    2.342831e-12    1.392076e-19
   78  197    8.132459e-19    9.655136e-20
   78  198    4.390750e-15   -6.541340e-23
   78  199    5.511627e-22    6.543587e-23
   78  200    2.595903e-29    5.787596e-30
   79  197    7.109603e-13   -1.161235e-19
   79  198    9.781014e-19    1.161234e-19
   79  199    5.151474e-25    1.148583e-25
   80  196    1.378133e-17   -2.457274e-24
   80  197    2.069746e-23    2.457271e-24
   80  198    2.319164e-12   -6.411294e-20
   80  199    1.055724e-12    3.391728e-21
   80  200    3.396440e-12    2.059191e-21
   80  201    1.493170e-12    1.654259e-20
   80  202    5.447854e-12   -1.542300e-20
   80  203    4.846763e-19    5.754243e-20
   80  204    8.827271e-14   -5.092762e-22
   80  205    4.289612e-21    5.092752e-22
   80  206    2.581516e-29    5.755509e-30
   81  202    1.813600e-30    2.365146e-31
   81  203    3.296964e-12   -3.417417e-20
   81  204    2.878468e-19    3.417416e-20
   81  205    2.532781e-13   -9.938005e-22
   81  206    8.370767e-21    9.938007e-22
   81  207    1.365621e-28    3.044659e-29
   82  204    4.899135e-12   -4.980084e-20
   82  205    9.272223e-12   -5.795310e-20
   82  206    4.705878e-11    4.533014e-22
   82  207    6.282857e-11    4.068582e-20
   82  208    1.298627e-10    5.709356e-20
   82  209    8.019706e-20    9.521252e-21
   82  210    1.313515e-28    2.928495e-29
   83  208    7.544524e-30    9.840610e-31
   83  209    3.106580e-12   -1.005548e-21
   83  210    8.469685e-21    1.005550e-21
   83  211    2.496631e-29    5.566269e-30
   84  210    2.723721e-29    6.441241e-30
    0    1    2.509436e-17   -6.472082e-19
    1    1    5.688841e-14   -1.178651e-15
    2    4    1.699718e-08   -4.383865e-10
