6.2505e+00
1.7609e-01
6.3875e-01
8.8970e+03
    1    3    4.357007e-25   -5.999633e-31
    2    3    2.024428e-24   -8.035411e-32
    3    6    8.004059e-26   -1.985505e-34
    3    7    4.773960e-29    5.998679e-31
    4    7    1.962967e-30    8.118806e-32
    4    8    1.267850e-17    8.588138e-28
    4   10    3.270466e-28   -2.146287e-33
    5   10    5.463759e-24   -1.035975e-30
    5   11    1.005658e-17    8.772180e-20
    6   11    8.788268e-16   -8.773174e-20
    6   12    7.705371e-04   -8.239937e-18
    6   13    2.137045e-10   -3.579870e-18
    6   14    4.245452e-13    1.441467e-23
    7   13    1.257075e-21   -9.593781e-23
    7   14    4.516319e-13    3.716649e-17
    7   15    1.910755e-12    7.552155e-21
    7   16    1.727374e-25   -2.921115e-27
    8   14    2.149453e-14   -3.029694e-17
    8   15    6.723578e-18   -6.737816e-21
    8   16    4.583188e-02    6.938894e-18
    8   17    4.772908e-10   -5.338220e-20
    8   18    1.209075e-10    3.134546e-19
    8   19    3.446354e-19   -1.552225e-21
    8   20    8.179409e-27   -7.395297e-29
    9   17    7.694832e-21   -4.536026e-23
    9   18    1.733503e-14   -3.214627e-19
    9   19    1.505917e-14    1.590700e-21
    9   20    3.295545e-19   -3.603065e-21
    9   21    2.390591e-22   -7.014201e-24
    9   22    2.783945e-30   -8.916829e-32
   10   18    3.176173e-26   -2.321405e-27
   10   19    5.285638e-21   -3.746554e-23
   10   20    8.354231e-03   -1.040834e-17
   10   21    2.990795e-05    1.821704e-15
   10   22    3.654582e-06   -4.049241e-18
   10   23    1.995618e-12   -6.547882e-15
   10   24    6.164359e-19   -3.710119e-22
   10   25    9.908297e-30   -2.008941e-30
   11   21    3.418280e-13   -1.855522e-15
   11   22    3.252500e-11   -4.619252e-20
   11   23    1.462621e-04    5.118973e-10
   11   24    3.215302e-09   -7.286633e-15
   11   25    2.928568e-14   -5.997575e-17
   11   26    1.496016e-21   -1.706548e-22
   12   22    4.089573e-26   -1.293173e-27
   12   23    4.739052e-08   -5.118908e-10
   12   24    2.013626e-03    7.314895e-15
   12   25    4.441002e-04    3.675445e-16
   12   26    2.611751e-04    5.985901e-09
   12   27    2.063220e-10   -4.436793e-14
   12   28    1.546254e-15   -2.507963e-21
   12   29    4.366501e-26   -4.889284e-27
   13   24    4.035304e-21   -2.378058e-22
   13   25    1.769389e-14   -3.007830e-16
   13   26    1.381281e-04   -5.985901e-09
   13   27    2.019961e-04    1.587750e-08
   13   28    2.286045e-08   -2.070567e-11
   13   29    5.059864e-13   -1.559585e-16
   13   30    4.417226e-19   -1.497653e-20
   13   31    1.491515e-26   -2.826895e-27
   14   26    1.611611e-17   -8.900865e-19
   14   27    5.411377e-07   -1.587745e-08
   14   28    2.359879e-04    2.070568e-11
   14   29    6.527777e-05    2.627334e-15
   14   30    2.848715e-05    1.766328e-10
   14   31    1.698458e-09   -2.197922e-14
   14   32    1.259951e-14    2.452972e-24
   14   33    4.226462e-22   -8.347480e-24
   14   34    1.033803e-28   -4.555379e-30
   15   28    5.428652e-23   -2.424518e-23
   15   29    8.297874e-14   -2.470292e-15
   15   30    2.170689e-07   -1.766328e-10
   15   31    2.104903e-06    3.338663e-12
   15   32    4.471681e-11   -4.414500e-18
   15   33    1.853886e-12   -1.034894e-19
   15   34    1.372211e-17   -1.350718e-19
   15   35    1.172107e-22   -3.018236e-25
   16   30    1.506482e-17   -1.558290e-18
   16   31    7.010632e-11   -3.316683e-12
   16   32    1.168873e-06    4.428924e-18
   16   33    2.120823e-08    3.353953e-19
   16   34    2.738654e-07    1.723793e-15
   16   35    9.450774e-12   -1.518187e-19
   16   36    1.046378e-15    1.523306e-25
   16   37    3.450228e-23   -1.403726e-26
   16   38    4.181348e-29   -5.009212e-34
   17   32    1.728942e-28   -7.106187e-29
   17   33    4.668102e-18   -2.270025e-19
   17   34    3.352619e-14   -1.723659e-15
   17   35    1.022959e-08    1.776370e-19
   17   36    9.848079e-13    8.840412e-23
   17   37    1.955503e-15    2.906291e-21
   17   38    2.126310e-20   -1.163401e-24
   17   39    5.112037e-25   -1.857021e-29
   17   40    2.102602e-30   -3.168391e-33
   18   34    5.797935e-25   -8.384889e-26
   18   35    3.466390e-19   -2.376972e-20
   18   36    8.449879e-10    2.274747e-24
   18   37    7.200235e-14   -2.882015e-21
   18   38    2.660612e-10    1.930950e-22
   18   39    9.675730e-15    6.972426e-25
   18   40    2.134985e-15    1.378495e-26
   18   41    2.528678e-20   -4.684892e-25
   18   42    3.102033e-25    8.231799e-35
   18   43    1.211279e-30   -4.588610e-34
   19   37    1.839930e-22   -1.794931e-23
   19   38    1.250792e-19   -1.929808e-22
   19   39    3.760564e-12    4.741748e-25
   19   40    4.325400e-16    3.889030e-26
   19   41    9.654068e-18    4.695019e-25
   19   42    3.188407e-20   -8.745868e-26
   19   43    9.490477e-18   -1.449426e-23
   19   44    5.034714e-22   -4.613558e-26
   19   45    2.499100e-26   -2.856114e-30
   20   39    1.214742e-26   -1.724057e-27
   20   40    2.854988e-14    6.626432e-28
   20   41    3.086110e-18    1.650364e-28
   20   42    4.763058e-08   -6.551270e-22
   20   43    1.463309e-08    1.444448e-17
   20   44    7.048096e-08    7.884950e-18
   20   45    5.924071e-12   -5.080867e-20
   20   46    2.020157e-10    9.573427e-20
   20   47    1.033174e-14   -3.213925e-21
   20   48    2.292173e-09   -2.067952e-24
   20   49    4.091991e-15   -9.546218e-19
   20   50    1.316948e-20   -1.156434e-22
   20   51    3.182033e-28   -3.940297e-30
   21   42    2.944363e-27   -5.447550e-28
   21   43    1.657248e-12   -1.444446e-17
   21   44    9.526256e-13   -7.884855e-18
   21   45    6.668113e-09    6.674355e-20
   21   46    5.678383e-12   -1.909249e-19
   21   47    2.215046e-14   -6.125933e-21
   21   48    4.389749e-13   -3.408039e-19
   21   49    2.201295e-14    1.717405e-19
   21   50    1.782075e-19   -9.760701e-23
   21   51    9.360785e-25   -9.210284e-27
   22   44    1.741483e-17   -1.346918e-27
   22   45    1.444468e-15   -1.590090e-20
   22   46    2.019914e-08    9.524488e-20
   22   47    7.854478e-09    1.966935e-17
   22   48    1.436054e-08    3.581229e-19
   22   49    1.733353e-08    7.866289e-19
   22   50    5.602376e-08    3.507246e-22
   22   51    2.080967e-12   -7.298763e-16
   22   52    3.664661e-17   -4.385284e-20
   22   53    1.640155e-22   -6.122120e-25
   23   46    3.167634e-25   -9.155443e-26
   23   47    3.150545e-13   -1.965999e-17
   23   48    1.951648e-13   -1.726340e-20
   23   49    8.632400e-13   -3.575319e-21
   23   50    3.737056e-13    6.343199e-25
   23   51    4.903490e-09    7.298802e-16
   23   52    1.915629e-12   -1.039148e-15
   23   53    8.546050e-17   -1.086571e-19
   23   54    1.045003e-21   -2.561259e-24
   23   55    1.720196e-26   -3.230208e-28
   24   47    1.970138e-30   -5.227626e-31
   24   48    1.934004e-19   -3.035714e-25
   24   49    2.474820e-18   -1.198695e-22
   24   50    9.379655e-13   -4.200527e-26
   24   51    7.681922e-14   -3.704531e-21
   24   52    5.578742e-08    1.039192e-15
   24   53    1.073944e-08    1.085923e-19
   24   54    1.369047e-07    1.879354e-21
   24   55    8.313851e-12   -4.832244e-15
   24   56    2.752221e-16   -9.489539e-20
   24   57    1.106865e-21   -6.402890e-24
   24   58    9.404738e-27   -8.823402e-29
   25   50    5.039223e-28   -1.654041e-28
   25   51    4.841697e-18   -2.131909e-22
   25   52    4.102453e-19   -1.684578e-25
   25   53    5.392493e-13    2.834346e-25
   25   54    4.704825e-13   -2.128892e-21
   25   55    3.454887e-08    4.832246e-15
   25   56    1.292202e-11   -1.697185e-16
   25   57    1.262753e-15   -1.712544e-18
   25   58    1.031196e-20   -4.195503e-22
   25   59    8.758719e-25   -2.324066e-26
   25   60    1.706449e-30   -1.157143e-31
   26   52    1.271420e-24   -5.212698e-30
   26   53    6.684570e-24   -1.597928e-27
   26   54    4.445096e-09   -1.116694e-22
   26   55    1.779713e-12    1.073882e-20
   26   56    1.766609e-06    1.697947e-16
   26   57    9.985336e-07    1.763099e-18
   26   58    5.174259e-06    7.369187e-20
   26   59    6.316852e-10   -1.972973e-17
   26   60    4.218124e-14    1.100794e-23
   26   61    4.602252e-19   -1.560384e-22
   26   62    8.431020e-24   -1.513336e-26
   26   63    5.230519e-30   -4.310755e-32
   27   55    6.817837e-15   -1.317878e-20
   27   56    6.065814e-18   -1.084534e-25
   27   57    1.164462e-11   -6.063353e-20
   27   58    5.063791e-12   -1.022653e-19
   27   59    2.034064e-06    1.972104e-17
   27   60    7.299167e-10   -7.686392e-15
   27   61    1.821696e-13   -3.743090e-18
   27   62    1.251843e-17   -7.932668e-21
   27   63    1.352660e-21   -6.003730e-24
   28   56    3.617425e-22   -8.377886e-29
   28   57    8.116949e-22   -7.644758e-28
   28   58    6.190056e-10    1.174493e-21
   28   59    3.629881e-12    2.033667e-20
   28   60    2.667044e-06    7.686389e-15
   28   61    1.015154e-06    4.427674e-17
   28   62    2.259068e-06    7.036375e-16
   28   63    7.577791e-10    3.962143e-20
   28   64    1.389516e-06    8.380504e-16
   28   65    1.291369e-10   -1.737443e-15
   28   66    7.884450e-15   -4.894203e-21
   28   67    6.935493e-20   -4.702983e-22
   28   68    1.286982e-24   -2.059882e-27
   29   59    1.364923e-17   -2.031708e-20
   29   60    2.411648e-18   -2.133047e-22
   29   61    4.064890e-12   -4.053519e-17
   29   62    3.368897e-12   -7.036267e-16
   29   63    8.710167e-07   -3.335192e-20
   29   64    7.656527e-10   -1.655609e-15
   29   65    1.075307e-06    1.740129e-15
   29   66    5.292921e-10   -2.111245e-13
   29   67    2.637191e-13   -1.439270e-19
   29   68    2.022043e-17   -8.351709e-20
   29   69    1.203729e-20   -8.162488e-24
   29   70    4.841960e-26   -9.242245e-28
   30   60    5.287498e-25   -4.481794e-28
   30   61    9.002562e-25   -1.220931e-27
   30   62    3.057113e-18   -1.135245e-23
   30   63    1.313896e-16   -7.015397e-21
   30   64    8.420747e-07    8.175736e-16
   30   65    4.701568e-10    5.843764e-17
   30   66    1.301983e-06    2.111245e-13
   30   67    2.833817e-07    1.810851e-18
   30   68    1.322791e-06    2.109768e-17
   30   69    2.331739e-10   -8.425039e-15
   30   70    1.334753e-10    2.096507e-14
   30   71    1.439758e-14   -7.657408e-18
   30   72    2.526212e-18   -1.841345e-24
   30   73    3.397486e-23   -1.764643e-25
   30   74    1.292312e-27   -1.660388e-30
   31   63    6.180596e-28   -2.402524e-30
   31   64    1.870794e-23   -1.452580e-26
   31   65    4.506515e-13   -6.111721e-17
   31   66    7.036947e-16   -2.535129e-21
   31   67    3.843969e-12   -1.664577e-18
   31   68    7.050213e-13   -2.099879e-17
   31   69    1.592732e-07    8.425047e-15
   31   70    2.178636e-10   -4.192008e-14
   31   71    1.406112e-07    3.126497e-17
   31   72    1.523184e-10   -3.662435e-16
   31   73    1.157169e-13   -8.072815e-19
   31   74    1.385031e-17   -3.384302e-21
   31   75    2.288757e-21   -2.217158e-24
   31   76    2.569892e-26   -1.157471e-28
   32   65    3.467279e-30   -1.365328e-32
   32   66    2.068709e-19   -3.049548e-24
   32   67    4.702136e-22   -5.115272e-26
   32   68    4.426435e-18   -2.171344e-26
   32   69    6.693117e-15   -5.818518e-21
   32   70    2.284822e-07    2.095501e-14
   32   71    1.872867e-10   -2.343698e-17
   32   72    2.362641e-07    3.662477e-16
   32   73    4.512614e-08    8.227535e-19
   32   74    1.757064e-07    3.388132e-21
   32   75    8.857109e-11   -1.386822e-15
   32   76    1.251510e-11    1.413929e-16
   32   77    1.745535e-15   -2.501095e-20
   32   78    2.650907e-19   -6.128047e-24
   32   79    4.553414e-24   -2.925166e-26
   32   80    1.427309e-28   -5.905596e-31
   33   67    2.165263e-30   -6.218511e-33
   33   68    6.584956e-30   -5.294752e-33
   33   69    1.674721e-25   -2.256220e-29
   33   70    5.128699e-21   -1.968551e-25
   33   71    3.183661e-13   -1.686573e-19
   33   72    7.447171e-16   -9.709965e-22
   33   73    5.661663e-13   -9.960888e-21
   33   74    2.334089e-14   -2.449173e-21
   33   75    1.990093e-08    1.386821e-15
   33   76    1.078756e-10   -2.799210e-16
   33   77    1.050746e-13   -6.677014e-20
   33   78    2.584246e-17   -5.779836e-22
   33   79    1.831138e-20   -4.513539e-24
   33   80    1.111730e-24   -8.926730e-27
   33   81    2.784152e-28   -9.994994e-31
   34   70    3.015035e-30   -1.492323e-34
   34   71    9.136172e-27   -3.921057e-30
   34   72    1.907541e-19   -3.170427e-26
   34   73    1.794206e-21   -9.897988e-27
   34   74    6.581193e-19    5.937898e-22
   34   75    2.370800e-14   -2.791280e-22
   34   76    4.983472e-08    1.385327e-16
   34   77    1.821366e-08    1.236172e-19
   34   78    7.039074e-08    3.812535e-18
   34   79    5.428665e-11    4.510164e-21
   34   80    4.237590e-09    3.267159e-16
   34   81    1.744742e-12   -9.994224e-17
   34   82    3.172794e-12    2.080710e-17
   34   83    3.862593e-16   -3.729006e-20
   34   84    3.954295e-20   -2.594910e-23
   34   85    6.512134e-27   -2.408656e-29
   35   73    1.119293e-27   -6.899921e-31
   35   74    5.078002e-28   -3.684230e-32
   35   75    5.342514e-24   -1.132111e-28
   35   76    2.112256e-20   -4.475966e-26
   35   77    5.237130e-14   -3.115028e-20
   35   78    1.210524e-14   -3.812396e-18
   35   79    8.295489e-09   -3.460924e-21
   35   80    4.959190e-11   -5.583063e-15
   35   81    7.253109e-09    9.994046e-17
   35   82    2.166354e-11   -6.432658e-17
   35   83    3.272574e-14   -4.250214e-19
   35   84    8.199056e-18   -5.741517e-22
   35   85    2.707440e-21   -1.919046e-24
   35   86    5.380115e-27   -1.216077e-29
   36   76    1.181594e-27   -2.744025e-33
   36   77    1.049208e-23   -2.868823e-28
   36   78    3.728605e-20    3.817855e-22
   36   79    1.096688e-15   -1.065410e-21
   36   80    2.121083e-08    5.256347e-15
   36   81    4.824087e-11    6.512216e-20
   36   82    5.105607e-08    4.351658e-17
   36   83    1.569947e-08    4.641840e-19
   36   84    5.823227e-08    1.409516e-21
   36   85    3.971346e-11   -1.131455e-20
   36   86    4.641596e-10    2.217781e-18
   36   87    1.104756e-14   -2.957082e-19
   36   88    7.965734e-19   -9.513411e-24
   36   89    1.311929e-24   -8.392563e-28
   36   90    9.694669e-30   -3.663508e-32
   37   79    1.935293e-26   -1.711726e-30
   37   80    2.577232e-22   -1.048572e-24
   37   81    8.279809e-15   -6.129408e-20
   37   82    4.890109e-17   -2.631537e-22
   37   83    2.656032e-14   -4.353154e-22
   37   84    3.026005e-15   -1.303713e-22
   37   85    8.433122e-09    1.123808e-20
   37   86    2.924893e-11   -4.413003e-18
   37   87    5.858056e-11    2.957211e-19
   37   88    1.410039e-14   -1.611467e-18
   37   89    4.105710e-18   -5.494893e-22
   37   90    1.526120e-22   -1.217484e-25
   37   91    1.350460e-26   -2.841968e-29
   38   80    1.472266e-30   -2.773172e-35
   38   81    1.924836e-26   -1.763826e-30
   38   82    1.366103e-21   -7.568579e-29
   38   83    7.602715e-23   -7.952053e-29
   38   84    5.852650e-21    5.328311e-26
   38   85    9.658125e-16   -2.102396e-23
   38   86    1.973133e-08    2.194868e-18
   38   87    1.265568e-08    1.626237e-21
   38   88    3.413765e-08    1.614451e-18
   38   89    5.565239e-12   -1.546956e-19
   38   90    1.014943e-15    1.762471e-25
   38   91    5.954690e-20   -2.124730e-25
   38   92    4.358520e-24   -5.452789e-29
   38   93    4.351794e-29   -1.196324e-32
   39   83    4.804528e-29   -3.429410e-32
   39   84    2.602697e-30   -6.906077e-32
   39   85    2.981462e-26   -3.743956e-31
   39   86    3.176107e-22   -7.305430e-28
   39   87    3.615959e-15   -1.526721e-21
   39   88    2.497147e-15   -3.309446e-23
   39   89    5.042583e-09    1.553387e-19
   39   90    4.501344e-12   -2.380224e-18
   39   91    4.196995e-15   -1.002951e-22
   39   92    1.278473e-18   -1.224839e-23
   39   93    9.271092e-22   -3.081355e-27
   39   94    2.295863e-25   -2.497572e-29
   39   95    3.022067e-29   -5.968704e-33
   40   86    2.528566e-30   -5.195620e-36
   40   87    3.765158e-26   -7.978598e-31
   40   88    2.910616e-22   -4.930406e-30
   40   89    1.149169e-18   -4.969844e-25
   40   90    2.222708e-09    2.380481e-18
   40   91    5.703538e-10    1.285232e-22
   40   92    6.562462e-10    4.125563e-23
   40   93    1.892777e-10    9.150686e-24
   40   94    4.138405e-10    4.601192e-24
   40   95    3.100301e-13   -6.821522e-21
   40   96    7.689736e-13   -3.898749e-22
   40   97    1.508042e-17   -3.024608e-23
   40   98    8.279473e-22   -3.259923e-24
   40   99    1.049176e-28    7.606254e-36
   41   89    7.397487e-30   -2.280118e-34
   41   90    2.103781e-25   -4.885628e-31
   41   91    1.501245e-16   -8.953571e-28
   41   92    2.971986e-17   -6.706470e-24
   41   93    7.176846e-14    4.635978e-25
   41   94    2.621740e-16    2.422335e-26
   41   95    6.822992e-18    6.842748e-21
   41   96    5.987333e-20    3.898072e-22
   41   97    2.306403e-21    3.018976e-23
   41   98    5.785362e-23    8.249176e-25
   41   99    5.503318e-28   -4.478159e-30
   42   91    9.534049e-30   -1.251295e-33
   42   92    3.789982e-17    6.706495e-24
   42   93    6.592282e-20    1.586936e-29
   42   94    1.648381e-13   -1.953851e-26
   42   95    3.555813e-11   -1.212983e-23
   42   96    8.302537e-11    2.920982e-24
   42   97    2.501679e-11    2.342601e-24
   42   98    7.548149e-11    4.782138e-24
   42   99    2.701887e-14   -1.386822e-20
   42  100    1.885962e-15    4.291278e-18
   42  101    1.008804e-19   -1.405612e-23
   42  102    3.019896e-23   -5.584910e-27
   42  103    7.967197e-28   -1.620758e-30
   43   93    9.494619e-25   -1.192282e-29
   43   94    1.307974e-25   -9.050699e-31
   43   95    1.873722e-19   -3.176535e-25
   43   96    7.587795e-19   -2.739892e-25
   43   97    2.842189e-18    1.239297e-29
   43   98    2.717613e-18   -1.204862e-30
   43   99    2.719500e-13    1.387360e-20
   43  100    5.554902e-16   -8.582555e-18
   43  101    2.507884e-18   -3.427102e-22
   43  102    3.901371e-22   -8.979163e-24
   43  103    7.237948e-25   -1.765272e-27
   43  104    1.181416e-28   -1.327805e-32
   44   95    2.344160e-29   -4.816873e-34
   44   96    7.981660e-25    2.470921e-26
   44   97    2.803104e-23   -1.365462e-29
   44   98    5.669241e-15   -1.190391e-27
   44   99    8.033179e-12   -4.685203e-24
   44  100    3.408704e-11    4.291277e-18
   44  101    6.861987e-12    3.591159e-22
   44  102    3.795539e-14    1.246570e-23
   44  103    3.299651e-17   -1.176847e-24
   44  104    3.462191e-15    1.035322e-16
   44  105    2.085295e-20   -1.589930e-25
   44  106    5.450663e-24   -1.650174e-32
   44  107    2.653902e-28   -1.285436e-31
   45   98    9.647308e-29   -5.607287e-32
   45   99    1.321533e-20   -1.166902e-27
   45  100    4.660487e-20   -7.596480e-26
   45  101    3.683626e-19   -4.319368e-28
   45  102    6.607178e-18   -8.937984e-27
   45  103    7.426166e-12   -3.746547e-24
   45  104    3.587968e-14   -2.070644e-16
   45  105    2.092664e-16   -2.002874e-22
   45  106    2.577590e-19   -1.055758e-21
   45  107    6.472506e-22   -6.067706e-26
   45  108    2.834899e-25   -2.059656e-27
   45  109    2.847448e-28   -4.344418e-31
   46  100    1.118228e-28   -4.269493e-35
   46  101    2.544804e-28   -1.018704e-33
   46  102    2.713413e-22    1.163416e-28
   46  103    1.227865e-18   -1.022792e-25
   46  104    2.113970e-11    1.035322e-16
   46  105    4.936885e-12    2.016826e-22
   46  106    2.263413e-11    1.232344e-21
   46  107    5.158445e-14    4.172645e-24
   46  108    2.498047e-11    3.560062e-17
   46  109    3.123972e-14   -7.734026e-20
   46  110    1.590953e-14    1.643611e-16
   46  111    2.387940e-18   -2.081893e-22
   46  112    2.922335e-21   -4.710862e-27
   46  113    9.768639e-26   -1.282087e-28
   47  103    5.344155e-28   -1.654731e-32
   47  104    1.434806e-23   -4.217957e-28
   47  105    9.110768e-20   -3.117210e-27
   47  106    2.080058e-18   -1.783687e-22
   47  107    4.247535e-12   -3.624570e-24
   47  108    4.147556e-14   -6.999324e-17
   47  109    6.554361e-12    7.734315e-20
   47  110    3.312594e-14   -3.282299e-16
   47  111    2.640008e-16    1.582024e-22
   47  112    4.303055e-19   -4.643113e-24
   47  113    8.184521e-22   -5.047322e-27
   47  114    9.667509e-26   -2.565206e-27
   47  115    5.293747e-29   -5.384527e-33
   48  105    2.787622e-30   -1.021775e-34
   48  106    5.477923e-23    1.763074e-24
   48  107    8.655561e-21   -4.514892e-26
   48  108    3.598515e-13    3.439262e-17
   48  109    1.561218e-15   -4.650313e-24
   48  110    1.918161e-11    1.638688e-16
   48  111    4.476276e-12    5.169394e-23
   48  112    2.052817e-11    6.322600e-22
   48  113    5.090414e-14    3.789953e-24
   48  114    3.410509e-11    1.396642e-16
   48  115    3.646887e-14   -2.317906e-20
   48  116    2.747143e-15    1.423614e-20
   48  117    7.599230e-19   -1.035185e-23
   48  118    8.338042e-22   -3.369916e-26
   48  119    2.897867e-26    3.692711e-35
   49  108    2.596292e-27   -9.106259e-32
   49  109    5.587936e-22   -4.510910e-27
   49  110    2.708378e-23   -1.874093e-28
   49  111    6.248359e-20   -3.147108e-26
   49  112    4.622775e-18   -9.046638e-22
   49  113    6.007910e-12   -6.423574e-24
   49  114    8.227126e-14   -2.786305e-16
   49  115    7.590386e-16    2.318323e-20
   49  116    1.644543e-18   -2.846937e-20
   49  117    9.520017e-21    9.903416e-24
   49  118    6.212610e-24   -1.179610e-25
   49  119    4.628508e-26   -3.923219e-29
   50  111    1.601074e-30   -9.226814e-35
   50  112    8.539488e-21    2.764693e-22
   50  113    5.207270e-21   -6.391832e-29
   50  114    1.209739e-13    1.389662e-16
   50  115    5.337033e-12   -2.353910e-24
   50  116    3.974554e-11    1.423063e-20
   50  117    8.378157e-12    3.420198e-24
   50  118    5.021308e-11    2.100263e-24
   50  119    1.064808e-11    1.995250e-24
   50  120    6.577197e-11    1.552476e-21
   50  121    4.383813e-14   -5.498762e-20
   50  122    5.074557e-13    1.162309e-20
   50  123    1.718666e-16   -1.857164e-24
   50  124    5.880179e-14    7.749239e-24
   50  125    8.116917e-18   -1.188344e-24
   50  126    1.712762e-21    3.359209e-31
   50  127    4.359522e-26   -7.038418e-31
   51  114    5.972308e-30   -3.481223e-33
   51  115    1.282727e-22   -8.129164e-27
   51  116    3.617414e-21   -4.657521e-25
   51  117    3.193698e-20   -3.867230e-25
   51  118    5.712425e-21   -3.228000e-24
   51  119    6.515608e-19   -5.784401e-25
   51  120    1.213089e-17   -1.561319e-21
   51  121    3.441726e-12    5.498907e-20
   51  122    2.241051e-14   -2.297996e-20
   51  123    8.926762e-14    1.875066e-24
   51  124    3.302542e-16   -1.546410e-23
   51  125    7.843483e-19    1.188470e-24
   51  126    5.201912e-22   -5.917115e-29
   51  127    3.408056e-25    5.791040e-31
   51  128    4.427535e-29   -1.667700e-34
   52  118    1.223038e-29   -2.879703e-36
   52  119    1.005499e-28   -2.126660e-34
   52  120    1.134635e-20    8.278979e-24
   52  121    1.753318e-18   -1.476201e-25
   52  122    9.113707e-12    1.135613e-20
   52  123    2.880111e-12    6.623907e-25
   52  124    1.608669e-11    7.008417e-24
   52  125    4.916592e-12    6.914713e-25
   52  126    2.619501e-11    1.751296e-24
   52  127    3.441523e-14   -1.246419e-19
   52  128    5.696307e-13    1.668430e-18
   52  129    4.454237e-16   -1.300658e-20
   52  130    1.846362e-12    1.280353e-25
   52  131    3.469222e-16   -2.822982e-20
   52  132    7.274423e-20   -3.204116e-26
   52  133    2.047831e-24   -3.332705e-28
   52  134    4.951495e-29    2.022363e-38
   53  121    1.978802e-27   -3.164676e-32
   53  122    2.067403e-24   -1.158598e-27
   53  123    7.926791e-21   -2.025320e-26
   53  124    1.036894e-21   -3.548704e-28
   53  125    7.707358e-19   -1.832840e-26
   53  126    2.019898e-17   -3.217927e-24
   53  127    3.595033e-12    1.246426e-19
   53  128    2.049545e-14   -3.221107e-18
   53  129    6.220332e-17    1.300662e-20
   53  130    6.021501e-20   -3.303084e-25
   53  131    8.657683e-19    2.822971e-20
   53  132    8.705867e-24    3.192520e-26
   53  133    1.226743e-26    3.332510e-28
   54  124    1.278594e-28    4.105169e-30
   54  125    1.603386e-27   -3.216777e-33
   54  126    4.636968e-20    1.041225e-24
   54  127    7.639311e-18   -2.969470e-25
   54  128    9.516005e-12    1.552677e-18
   54  129    4.708225e-12   -5.573776e-26
   54  130    1.529956e-11    7.657883e-25
   54  131    5.968433e-12    3.247330e-25
   54  132    4.008105e-11    9.260545e-24
   54  133    3.449845e-14   -9.292564e-21
   54  134    1.269863e-13    9.844984e-28
   54  135    9.316719e-16   -3.456617e-21
   54  136    8.090688e-12   -1.130911e-26
   54  137    8.617380e-20   -4.592024e-23
   54  138    8.915366e-26    3.800018e-34
   55  127    1.050376e-26   -5.697977e-32
   55  128    6.418796e-24   -3.561206e-27
   55  129    5.934995e-21   -6.299259e-27
   55  130    9.403567e-22   -6.558759e-26
   55  131    1.726924e-18   -2.518336e-25
   55  132    4.441263e-17   -9.680065e-24
   55  133    4.558525e-12    9.292682e-21
   55  134    2.226453e-14   -3.932562e-23
   55  135    5.395557e-17    3.456636e-21
   55  136    4.524516e-20   -4.875152e-27
   55  137    2.051979e-21    4.593125e-23
   55  138    5.950990e-29   -3.614919e-33
   56  130    3.224289e-26    1.049347e-27
   56  131    1.888323e-26   -2.318802e-33
   56  132    1.551061e-19    1.810263e-25
   56  133    1.921491e-17   -7.057834e-27
   56  134    1.056018e-11    3.951080e-23
   56  135    4.968788e-12    5.412217e-26
   56  136    3.555619e-11   -8.918041e-25
   56  137    4.121133e-11   -7.302454e-25
   56  138    3.980368e-10    1.809458e-24
   56  139    2.789200e-16   -6.834176e-21
   56  140    1.030586e-20   -1.137844e-27
   56  141    4.667008e-27   -5.177690e-31
   57  133    2.164207e-26   -1.873471e-31
   57  134    9.343222e-24   -2.946795e-27
   57  135    2.056246e-21   -3.575291e-27
   57  136    6.064407e-22   -1.250682e-25
   57  137    2.587157e-18   -1.516477e-30
   57  138    5.011486e-16   -2.957242e-28
   57  139    3.735315e-11    6.835808e-21
   57  140    3.099388e-16   -2.588272e-22
   57  141    5.149258e-20   -4.457049e-25
   57  142    2.571264e-25   -5.732725e-30
   57  143    4.044482e-30   -5.793626e-34
   58  136    1.005069e-27    3.250750e-29
   58  137    4.230887e-26   -1.593911e-31
   58  138    2.851763e-19    3.931304e-31
   58  139    1.622036e-16   -1.624793e-24
   58  140    9.295434e-11    4.723680e-21
   58  141    3.137195e-15   -1.340094e-22
   58  142    7.827019e-14    9.196856e-25
   58  143    1.239014e-18   -1.268282e-24
   58  144    3.400506e-21   -1.677857e-29
   58  145    4.379919e-27   -2.953519e-30
   58  146    1.752086e-29    8.763721e-41
   59  138    3.318994e-28   -4.656439e-31
   59  139    5.068429e-21   -3.890781e-26
   59  140    7.425286e-18   -4.464597e-21
   59  141    7.802117e-12    1.661938e-22
   59  142    2.598425e-15   -4.608156e-21
   59  143    4.167764e-18    8.374230e-25
   59  144    4.275181e-22   -5.015673e-26
   59  145    5.365350e-25   -9.213233e-32
   59  146    2.901439e-30   -2.440962e-34
   60  139    3.581246e-30   -2.455731e-34
   60  140    3.029289e-22   -1.270606e-28
   60  141    2.311787e-18   -3.149235e-23
   60  142    2.087436e-11    4.607289e-21
   60  143    8.446962e-13    1.643961e-24
   60  144    8.684461e-12   -5.153723e-25
   60  145    1.902535e-14    8.658537e-25
   60  146    4.403554e-12   -4.087435e-25
   60  147    1.981132e-16   -2.506453e-23
   60  148    1.332609e-15   -5.975621e-29
   60  149    1.607155e-20   -3.152682e-25
   60  150    2.372567e-21    5.128541e-33
   60  151    8.328116e-26    2.165399e-34
   61  142    4.931518e-26   -1.486254e-28
   61  143    4.851043e-20   -2.558581e-28
   61  144    4.829263e-20   -5.618888e-27
   61  145    8.517444e-18    1.161864e-24
   61  146    8.336876e-19   -5.773444e-28
   61  147    1.186467e-16    2.530523e-23
   61  148    5.404478e-20   -1.410696e-26
   61  149    1.306784e-20    3.070271e-25
   61  150    1.849141e-24   -2.337785e-29
   61  151    8.255251e-26   -9.877329e-32
   62  143    1.171781e-26   -2.724290e-30
   62  144    1.208062e-17    5.428733e-27
   62  145    2.803016e-16   -1.163972e-24
   62  146    4.939095e-13   -1.265207e-25
   62  147    2.503303e-13    3.195833e-26
   62  148    3.185088e-12   -4.870995e-25
   62  149    3.224471e-15    9.466121e-24
   62  150    1.584299e-12   -3.643149e-25
   62  151    6.528331e-16    3.416987e-25
   62  152    2.618679e-13    5.023466e-26
   62  153    1.649176e-16   -1.204615e-22
   62  154    1.418359e-15   -8.874685e-29
   62  155    3.919517e-19   -3.570177e-23
   62  156    2.332785e-22   -8.423607e-28
   62  157    5.227878e-27   -1.323840e-30
   63  145    7.560499e-25   -1.802375e-31
   63  146    4.298045e-23   -1.318159e-29
   63  147    2.196652e-19   -1.289095e-26
   63  148    4.515535e-19   -1.175939e-26
   63  149    5.707579e-16   -8.662534e-24
   63  150    3.069249e-17   -3.393157e-23
   63  151    1.710521e-13    2.192604e-24
   63  152    5.810257e-16    1.441847e-25
   63  153    2.272966e-13    1.443128e-22
   63  154    7.921087e-16   -2.055180e-27
   63  155    7.485712e-18    3.569802e-23
   63  156    9.188835e-21   -6.946352e-30
   63  157    1.968070e-23   -4.266252e-29
   63  158    2.676545e-27   -1.187881e-31
   64  147    7.435710e-27   -6.624402e-33
   64  148    4.332700e-22    5.511433e-29
   64  149    2.005868e-20   -3.052758e-27
   64  150    1.366763e-16    3.392930e-23
   64  151    2.171456e-16   -2.477338e-24
   64  152    5.925673e-13   -2.895940e-25
   64  153    4.113101e-15   -2.380849e-23
   64  154    9.522556e-13   -2.043718e-25
   64  155    8.356827e-14    4.402475e-25
   64  156    1.551174e-12   -6.020082e-25
   64  157    3.889001e-14    7.558991e-25
   64  158    2.883315e-12   -6.914713e-25
   64  159    1.567032e-15   -2.875409e-21
   64  160    8.426839e-17    6.450787e-28
   64  161    7.497617e-21   -4.159731e-24
   64  162    2.913211e-24   -7.055142e-28
   64  163    2.755699e-29   -4.946358e-32
   65  151    7.236672e-28   -1.393115e-33
   65  152    1.794465e-26   -3.476677e-32
   65  153    5.132940e-24   -3.101691e-30
   65  154    3.489392e-25   -5.502302e-31
   65  155    8.996810e-21   -2.384349e-27
   65  156    4.826399e-20   -1.490362e-26
   65  157    6.640021e-16    1.709204e-23
   65  158    7.688608e-16   -1.780499e-26
   65  159    3.680462e-13    2.891750e-21
   65  160    1.110398e-15   -2.128043e-23
   65  161    7.906757e-18    2.539844e-24
   65  162    6.523991e-21   -1.745561e-24
   65  163    1.074532e-23   -1.120932e-27
   65  164    7.621464e-28   -5.168081e-31
   66  154    3.295787e-26    5.502322e-34
   66  155    8.453550e-25   -2.898423e-30
   66  156    2.880897e-19    2.151561e-27
   66  157    4.112092e-18   -1.712937e-23
   66  158    8.739957e-14   -8.995539e-26
   66  159    1.639349e-15   -1.591707e-23
   66  160    1.122801e-12    2.100384e-23
   66  161    8.437219e-14    5.629135e-24
   66  162    1.608504e-12    5.196677e-23
   66  163    6.003174e-15    6.735665e-25
   66  164    5.887007e-13    3.589299e-20
   66  165    9.867248e-17   -1.433675e-21
   66  166    6.107595e-20   -2.532501e-26
   66  167    1.256286e-24   -4.121951e-28
   66  168    3.348573e-28   -7.829834e-32
   67  157    3.500807e-30   -5.652158e-34
   67  158    4.707608e-28   -8.474933e-32
   67  159    6.732787e-25   -4.150436e-29
   67  160    2.970599e-24   -2.341619e-28
   67  161    2.502109e-19   -3.419166e-24
   67  162    3.745630e-19   -5.195482e-23
   67  163    2.416572e-15    2.659329e-21
   67  164    8.527922e-16   -5.982196e-20
   67  165    4.806425e-13    2.919090e-20
   67  166    5.318400e-16   -6.715458e-22
   67  167    2.765582e-18   -3.125389e-23
   67  168    5.072288e-22   -3.458717e-25
   67  169    4.183169e-25   -1.804194e-28
   67  170    1.317192e-29   -9.685043e-33
   68  160    1.082949e-24   -1.283323e-30
   68  161    7.384909e-23   -7.770596e-28
   68  162    1.043191e-17    1.156689e-24
   68  163    9.804412e-17   -2.659336e-21
   68  164    6.635019e-13    2.392828e-20
   68  165    8.482845e-15   -2.775699e-20
   68  166    1.414325e-12    6.717098e-22
   68  167    4.790599e-14    2.270898e-22
   68  168    1.634857e-12    3.473290e-23
   68  169    9.529426e-16   -1.430087e-22
   68  170    2.839776e-15    2.937324e-26
   68  171    3.156205e-19   -1.421117e-24
   68  172    1.361560e-22   -9.382703e-29
   68  173    1.324469e-27   -1.924540e-30
   69  163    5.366633e-29   -1.004664e-33
   69  164    5.219675e-26   -5.309166e-29
   69  165    1.028213e-20   -1.162051e-26
   69  166    7.131360e-20   -3.142052e-25
   69  167    1.277968e-15   -1.949432e-22
   69  168    2.289716e-15   -3.476286e-23
   69  169    5.265342e-13    1.807194e-22
   69  170    2.063776e-15   -2.226787e-23
   69  171    1.275086e-17    1.398289e-24
   69  172    7.980852e-21   -4.153959e-27
   69  173    1.360690e-23   -5.398844e-29
   69  174    1.574601e-27   -5.931818e-31
   70  165    1.210860e-28   -2.488144e-32
   70  166    5.600313e-23   -3.350766e-29
   70  167    2.502483e-21   -2.909023e-25
   70  168    1.291696e-16    3.355050e-27
   70  169    8.559529e-16   -3.771711e-23
   70  170    1.066002e-12    2.195623e-23
   70  171    1.864319e-13    7.406962e-25
   70  172    2.225821e-12    4.459020e-25
   70  173    5.570455e-14    2.260821e-23
   70  174    2.956596e-12    4.885535e-24
   70  175    6.052461e-16   -2.036038e-22
   70  176    4.255641e-16    1.851358e-28
   70  177    3.007458e-20   -5.335080e-25
   70  178    1.421683e-23   -3.908239e-28
   70  179    1.093645e-29   -2.780468e-33
   71  168    2.330130e-30   -8.618489e-34
   71  169    1.589108e-24   -1.577025e-30
   71  170    2.459610e-23   -1.725153e-29
   71  171    9.644427e-19   -1.653265e-25
   71  172    5.226581e-18   -1.101751e-24
   71  173    7.725291e-15   -2.126551e-23
   71  174    4.534090e-15   -2.762357e-23
   71  175    4.447426e-13    2.842919e-22
   71  176    6.063754e-16    4.035953e-25
   71  177    3.051119e-18   -1.144444e-25
   71  178    1.070194e-21   -7.644565e-26
   71  179    1.390193e-24   -1.028052e-29
   71  180    1.074968e-28   -3.836456e-32
   72  170    1.269065e-27   -2.689207e-33
   72  171    2.325236e-25   -6.509667e-31
   72  172    1.626447e-20   -3.366553e-29
   72  173    3.983514e-19   -5.720347e-25
   72  174    1.776559e-15    2.230434e-23
   72  175    3.995723e-15   -8.061582e-23
   72  176    1.663267e-12   -8.384897e-25
   72  177    3.043448e-14    2.717929e-24
   72  178    2.454136e-12    2.156890e-23
   72  179    2.336126e-14    5.148984e-23
   72  180    2.350998e-12    1.795865e-20
   72  181    3.292692e-16   -1.059308e-23
   72  182    1.278093e-19    6.376150e-29
   72  183    1.769262e-24   -5.899170e-29
   72  184    7.977722e-29   -6.577722e-34
   73  174    4.463770e-29   -1.328873e-33
   73  175    7.268248e-23   -2.346757e-28
   73  176    2.492765e-22   -6.641411e-28
   73  177    2.096786e-18   -1.243135e-24
   73  178    1.018138e-19   -2.167430e-23
   73  179    2.385385e-14    3.154534e-21
   73  180    5.030053e-15   -2.088254e-20
   73  181    6.926834e-13    1.707961e-22
   73  182    4.072890e-16   -4.537380e-24
   73  183    6.950590e-19   -1.919185e-25
   73  184    3.105761e-23   -1.208053e-28
   73  185    1.344697e-26   -5.544640e-31
   74  175    2.430900e-28   -1.406208e-32
   74  176    2.812542e-23   -3.814381e-28
   74  177    7.401796e-22   -1.140717e-26
   74  178    8.773396e-18   -5.726409e-25
   74  179    5.829827e-17   -3.205286e-21
   74  180    6.002272e-14    2.923519e-21
   74  181    1.378863e-14   -1.590569e-22
   74  182    2.925717e-12    6.111362e-24
   74  183    1.810621e-14    1.861285e-22
   74  184    1.866595e-12    3.702199e-23
   74  185    6.704749e-16   -1.218918e-23
   74  186    5.361798e-14    1.377288e-23
   74  187    2.437780e-18   -3.436931e-24
   74  188    9.994889e-22   -1.966781e-29
   74  189    1.796401e-27   -3.414914e-31
   75  178    4.315873e-30   -6.651378e-34
   75  179    7.610247e-25   -7.939261e-29
   75  180    2.397711e-23   -2.004517e-26
   75  181    7.102421e-19   -1.210720e-24
   75  182    4.045254e-18   -2.137202e-24
   75  183    9.163742e-15   -1.842023e-22
   75  184    9.383902e-16   -3.753714e-23
   75  185    2.986104e-13    5.802785e-23
   75  186    4.851273e-16   -1.841734e-22
   75  187    5.447551e-15    3.440776e-24
   75  188    1.558543e-18   -3.104801e-24
   75  189    4.562649e-21   -6.361162e-27
   75  190    2.747383e-25   -1.802886e-28
   75  191    4.982988e-29   -1.034351e-32
   76  181    5.667144e-26   -1.097965e-30
   76  182    6.231846e-21   -9.677829e-27
   76  183    2.618623e-19   -6.829926e-25
   76  184    1.817931e-15    1.131893e-25
   76  185    3.028919e-15   -4.570344e-23
   76  186    1.581512e-12    1.697592e-22
   76  187    1.595481e-14    4.181812e-24
   76  188    1.534293e-12    3.544598e-24
   76  189    2.652651e-15    3.207436e-22
   76  190    1.423782e-12    4.209089e-23
   76  191    4.891256e-16   -4.461468e-23
   76  192    2.870015e-14    5.670711e-25
   76  193    2.225332e-18   -2.511950e-24
   76  194    9.783630e-22   -2.817918e-31
   76  195    2.476763e-26   -5.598276e-30
   77  184    1.442727e-27   -1.586459e-32
   77  185    7.259254e-23   -1.710456e-28
   77  186    1.463135e-22   -2.981571e-28
   77  187    1.013849e-18   -3.273690e-24
   77  188    1.118099e-18   -9.148111e-25
   77  189    2.991179e-15   -3.200576e-22
   77  190    3.540004e-16   -9.032910e-23
   77  191    3.314917e-13    3.690265e-22
   77  192    6.257360e-16   -1.167874e-23
   77  193    3.147035e-13    2.939813e-24
   77  194    1.517635e-16   -2.667127e-22
   77  195    2.609799e-19   -3.539332e-24
   77  196    2.899159e-23   -6.805068e-26
   77  197    3.051320e-26   -1.070213e-29
   78  187    9.283706e-26   -1.339418e-30
   78  188    8.142515e-21   -1.128144e-27
   78  189    6.131720e-20   -1.914116e-25
   78  190    5.793594e-16    4.796885e-23
   78  191    6.511921e-16   -3.244307e-22
   78  192    1.091330e-12    1.079091e-23
   78  193    7.956791e-15    2.454225e-25
   78  194    1.748325e-12    2.669073e-22
   78  195    1.097675e-14    1.908616e-23
   78  196    2.316790e-12    4.776665e-22
   78  197    1.033140e-15   -1.760804e-21
   78  198    4.220255e-15   -6.074229e-29
   78  199    4.974595e-19   -3.282093e-23
   78  200    1.551185e-22   -4.169918e-28
   78  201    1.190609e-27   -9.688176e-31
   79  190    3.179028e-30   -1.509833e-34
   79  191    5.476421e-25   -5.863528e-30
   79  192    4.412942e-24   -3.025941e-29
   79  193    1.337805e-19   -2.571517e-25
   79  194    5.738038e-19   -5.111962e-25
   79  195    1.983214e-15   -1.501566e-23
   79  196    2.244243e-15   -5.139189e-22
   79  197    7.045433e-13    2.411778e-21
   79  198    2.183921e-15   -1.143767e-21
   79  199    5.980576e-18    3.012888e-23
   79  200    2.189945e-21   -9.175447e-26
   79  201    1.820878e-24   -1.415009e-28
   79  202    1.547118e-28   -6.649227e-31
   80  193    4.478753e-27   -3.990291e-32
   80  194    3.548392e-22   -3.362713e-33
   80  195    6.789499e-21   -2.186620e-26
   80  196    1.247325e-16    3.597725e-23
   80  197    1.231913e-15   -6.509225e-22
   80  198    2.527691e-12    1.143536e-21
   80  199    8.488048e-13    3.017614e-24
   80  200    4.058324e-12    1.607509e-25
   80  201    8.541189e-13    2.700705e-22
   80  202    5.420479e-12    1.462482e-21
   80  203    2.346040e-15   -7.081309e-23
   80  204    8.751618e-14    1.410736e-25
   80  205    2.346379e-18   -9.298511e-22
   80  206    8.781612e-23   -2.148021e-26
   81  197    1.663698e-27   -1.990853e-32
   81  198    2.020842e-25   -1.291359e-30
   81  199    4.568115e-21   -2.088362e-26
   81  200    1.857019e-19   -2.411214e-25
   81  201    5.812043e-16   -2.697417e-22
   81  202    1.270238e-14   -1.462659e-21
   81  203    3.280146e-12    6.236158e-22
   81  204    4.747396e-15   -4.511978e-24
   81  205    2.519877e-13    9.298445e-22
   81  206    7.633904e-17   -3.697539e-20
   81  207    7.343386e-21   -3.133990e-24
   81  208    4.868836e-30   -3.235384e-33
   82  199    2.564989e-30   -5.797703e-35
   82  200    9.706061e-25   -1.530555e-30
   82  201    1.869727e-22   -6.792088e-28
   82  202    8.461140e-18   -1.617781e-30
   82  203    8.471184e-16   -5.529149e-22
   82  204    5.111588e-12    4.398436e-24
   82  205    9.069684e-12   -2.762654e-25
   82  206    4.894087e-11    3.697481e-20
   82  207    6.107145e-11    3.709388e-24
   82  208    1.297270e-10    6.462349e-25
   82  209    7.363439e-19   -7.627881e-24
   82  210    9.558876e-26    1.875535e-33
   83  203    1.218425e-30   -3.515639e-36
   83  204    7.201340e-26   -2.175695e-31
   83  205    1.185002e-21   -1.095704e-28
   83  206    7.189170e-20   -1.627987e-26
   83  207    3.723367e-16   -4.568269e-26
   83  208    8.867727e-15   -6.484437e-28
   83  209    3.097339e-12    7.661518e-24
   83  210    2.588912e-19   -5.229128e-26
   83  211    2.179002e-26    2.983248e-33
   84  209    5.382488e-28   -1.204444e-40
   84  210    2.559182e-24    7.297897e-26
    0    1    3.757531e-24   -9.167822e-25
    1    1    5.396852e-19   -7.573780e-20
    2    4    1.202541e-11   -7.056742e-17
