4.2119e+00
8.6563e-02
7.8286e-01
1.5704e+04
    1    3    4.357119e-25   -8.209714e-31
    2    3    2.024429e-24   -6.002356e-32
    3    6    8.004061e-26   -1.938255e-33
    3    7    3.655822e-29    8.214644e-31
    4    8    1.267850e-17    1.999972e-26
    4   10    3.271246e-28   -9.616602e-33
    5   10    5.463806e-24   -6.619472e-30
    5   11    9.040506e-18    4.316588e-20
    6   11    8.798434e-16   -4.324093e-20
    6   12    7.705371e-04   -1.582935e-16
    6   13    2.137047e-10   -2.848818e-17
    6   14    4.245452e-13    5.200903e-22
    7   13    1.822137e-20   -1.343907e-20
    7   14    4.512001e-13    1.813870e-17
    7   15    1.910755e-12    2.128660e-20
    7   16    2.057663e-25   -7.582606e-28
    8   14    2.133959e-14    9.520160e-17
    8   15    6.802004e-18   -3.350490e-21
    8   16    4.583188e-02    3.469447e-17
    8   17    4.772908e-10   -6.913453e-19
    8   18    1.209075e-10    2.182860e-20
    8   19    3.630477e-19   -8.037306e-22
    8   20    9.078514e-27   -4.034974e-29
    9   17    9.513175e-21   -1.841468e-22
    9   18    1.733876e-14   -1.580544e-19
    9   19    1.505915e-14    8.512553e-22
    9   20    3.738137e-19   -2.009056e-21
    9   21    3.344248e-22   -4.823517e-24
    9   22    4.014611e-30   -6.320997e-32
   10   18    7.226044e-26   -2.596059e-27
   10   19    5.736325e-21   -1.998758e-23
   10   20    8.354231e-03   -2.341877e-16
   10   21    2.990795e-05    1.309479e-16
   10   22    3.654582e-06   -9.200980e-17
   10   23    2.072777e-12   -3.343244e-15
   10   24    6.207451e-19   -1.836559e-22
   10   25    8.709455e-29   -8.680357e-30
   11   21    3.639044e-13   -9.608596e-16
   11   22    3.252500e-11    2.802610e-20
   11   23    1.462558e-04    2.850012e-10
   11   24    3.215386e-09   -3.575432e-15
   11   25    2.998774e-14   -3.018942e-17
   11   26    5.290637e-21   -2.966757e-22
   11   27    5.174397e-29   -1.022613e-29
   12   22    5.870288e-26   -9.124853e-28
   12   23    5.367396e-08   -2.849980e-10
   12   24    2.013626e-03    4.089611e-15
   12   25    4.441002e-04    3.329585e-16
   12   26    2.610654e-04    7.565211e-09
   12   27    2.068362e-10   -2.186422e-14
   12   28    1.546283e-15   -1.225913e-21
   12   29    1.509857e-25   -8.304117e-27
   13   24    7.831134e-21   -2.206910e-22
   13   25    2.151240e-14   -1.795269e-16
   13   26    1.382378e-04   -7.565211e-09
   13   27    2.017802e-04    1.091861e-08
   13   28    2.310133e-08   -1.028569e-11
   13   29    5.077950e-13   -7.693765e-17
   13   30    6.506027e-19   -1.084350e-20
   13   31    1.148769e-25   -1.070302e-26
   14   26    3.012365e-17   -8.178469e-19
   14   27    7.570089e-07   -1.091858e-08
   14   28    2.359876e-04    1.028618e-11
   14   29    6.527777e-05    1.824455e-15
   14   30    2.848510e-05    8.765040e-11
   14   31    1.698712e-09   -1.080258e-14
   14   32    1.259951e-14    6.343771e-23
   14   33    5.302641e-22   -5.148207e-24
   14   34    1.706550e-28   -3.696561e-30
   15   28    4.520994e-21   -9.891064e-22
   15   29    1.166455e-13   -1.707029e-15
   15   30    2.191228e-07   -8.765038e-11
   15   31    2.104853e-06    2.801490e-12
   15   32    4.471687e-11   -2.097814e-18
   15   33    1.853887e-12   -5.037757e-20
   15   34    1.537147e-17   -7.437915e-20
   15   35    1.207538e-22   -1.528540e-25
   16   30    4.757668e-17   -2.419194e-18
   16   31    1.199973e-10   -2.790684e-12
   16   32    1.168873e-06    2.798385e-18
   16   33    2.120823e-08    4.165979e-19
   16   34    2.738654e-07    1.261641e-15
   16   35    9.450776e-12   -5.757542e-20
   16   36    1.046378e-15    3.641171e-24
   16   37    3.466513e-23   -6.926725e-27
   16   38    4.181928e-29   -2.456832e-34
   17   32    1.082693e-26   -2.213048e-27
   17   33    8.108464e-18   -1.938302e-19
   17   34    5.806196e-14   -1.261568e-15
   17   35    1.022959e-08    1.420038e-19
   17   36    9.848079e-13    2.056700e-21
   17   37    1.955469e-15    1.429406e-21
   17   38    2.127658e-20   -5.721821e-25
   17   39    5.114187e-25   -9.128601e-30
   17   40    2.139581e-30   -1.584878e-33
   18   34    2.824164e-24   -2.007733e-25
   18   35    7.505931e-19   -2.530134e-20
   18   36    8.449879e-10    1.024670e-22
   18   37    7.200238e-14   -1.267649e-21
   18   38    2.660612e-10    1.194759e-22
   18   39    9.675729e-15    1.927903e-23
   18   40    2.134985e-15    4.143733e-25
   18   41    2.529220e-20   -2.302505e-25
   18   42    3.102033e-25    2.535293e-33
   18   43    1.216602e-30   -2.265444e-34
   19   37    5.116346e-22   -1.832430e-23
   19   38    1.277430e-19   -1.422842e-22
   19   39    3.760564e-12    1.330032e-23
   19   40    4.325400e-16    9.061981e-25
   19   41    9.654063e-18    2.549275e-25
   19   42    3.188509e-20   -4.298998e-26
   19   43    9.490645e-18   -7.125187e-24
   19   44    5.040058e-22   -2.270115e-26
   19   45    2.502409e-26   -1.405651e-30
   20   38    5.950611e-30   -8.133042e-31
   20   39    5.754081e-26   -4.014539e-27
   20   40    2.854988e-14    2.506684e-26
   20   41    3.086110e-18    3.866770e-27
   20   42    4.763058e-08   -1.557085e-20
   20   43    1.463309e-08    7.101071e-18
   20   44    7.048096e-08    3.743105e-18
   20   45    5.924072e-12   -1.279159e-20
   20   46    2.020157e-10    4.703951e-20
   20   47    1.033177e-14   -1.558483e-21
   20   48    2.292173e-09   -6.865599e-23
   20   49    4.103056e-15   -4.705000e-19
   20   50    1.457346e-20   -6.290813e-23
   20   51    3.669892e-28   -2.233822e-30
   21   42    2.151289e-26   -1.933300e-27
   21   43    1.657415e-12   -7.100695e-18
   21   44    9.527156e-13   -3.741259e-18
   21   45    6.668113e-09    2.189547e-20
   21   46    5.678386e-12   -8.208897e-20
   21   47    2.215053e-14   -3.003717e-21
   21   48    4.389789e-13   -1.675225e-19
   21   49    2.201095e-14    8.574486e-20
   21   50    1.792794e-19   -4.255055e-23
   21   51    1.048542e-24   -5.071457e-27
   22   44    1.741483e-17    2.934202e-27
   22   45    1.444652e-15   -7.817565e-21
   22   46    2.019914e-08    3.630330e-20
   22   47    7.854478e-09    9.676579e-18
   22   48    1.436054e-08    1.772698e-19
   22   49    1.733353e-08    3.877790e-19
   22   50    5.602376e-08    3.169756e-21
   22   51    2.089433e-12   -3.602463e-16
   22   52    3.715758e-17   -2.185749e-20
   22   53    1.712473e-22   -3.142178e-25
   23   46    6.410581e-24   -9.108221e-25
   23   47    3.152821e-13   -9.671365e-18
   23   48    1.951650e-13   -8.472871e-21
   23   49    8.632401e-13   -1.725719e-21
   23   50    3.737056e-13    4.074849e-23
   23   51    4.903481e-09    3.602487e-16
   23   52    1.927695e-12   -5.140354e-16
   23   53    8.672708e-17   -5.420449e-20
   23   54    1.075049e-21   -1.295249e-24
   23   55    2.134419e-26   -1.970262e-28
   24   47    3.186297e-29   -4.156104e-30
   24   48    1.934039e-19   -1.490745e-25
   24   49    2.476208e-18   -5.895819e-23
   24   50    9.379655e-13   -9.806614e-25
   24   51    7.681926e-14   -1.820196e-21
   24   52    5.578741e-08    5.140504e-16
   24   53    1.073944e-08    5.267652e-20
   24   54    1.369047e-07   -4.923379e-21
   24   55    8.369970e-12   -2.391441e-15
   24   56    2.763227e-16   -4.683343e-20
   24   57    1.183345e-21   -3.364981e-24
   24   58    1.047946e-26   -4.833031e-29
   25   50    1.247556e-26   -1.758434e-27
   25   51    4.844166e-18   -1.048533e-22
   25   52    4.102475e-19   -1.092302e-25
   25   53    5.392493e-13    2.310613e-23
   25   54    4.704825e-13   -1.041496e-21
   25   55    3.454881e-08    2.391433e-15
   25   56    1.292398e-11   -8.341559e-17
   25   57    1.282725e-15   -8.551536e-19
   25   58    1.639081e-20   -3.278197e-22
   25   59    1.186958e-24   -1.548230e-26
   25   60    3.664290e-30   -1.221449e-31
   26   52    1.271481e-24   -2.562109e-30
   26   53    6.703094e-24   -7.876833e-28
   26   54    4.445096e-09   -2.590730e-21
   26   55    1.779713e-12    7.814985e-21
   26   56    1.766609e-06    8.302638e-17
   26   57    9.985336e-07    6.486155e-19
   26   58    5.174259e-06   -5.971582e-19
   26   59    6.316855e-10   -8.381268e-18
   26   60    4.218124e-14    2.431657e-22
   26   61    4.620349e-19   -7.700240e-23
   26   62    8.607923e-24   -7.595237e-27
   26   63    5.752334e-30   -2.330433e-32
   27   55    6.817990e-15   -6.478519e-21
   27   56    6.065815e-18   -4.732698e-26
   27   57    1.164462e-11   -2.965456e-20
   27   58    5.063792e-12   -5.011844e-20
   27   59    2.034064e-06    8.181491e-18
   27   60    7.300106e-10   -4.192856e-15
   27   61    1.822129e-13   -1.839435e-18
   27   62    1.260903e-17   -3.777005e-21
   27   63    1.423851e-21   -3.106617e-24
   27   64    2.833141e-29   -5.666024e-30
   28   56    3.617435e-22   -4.108085e-29
   28   57    8.117038e-22   -3.758317e-28
   28   58    6.190056e-10    1.190106e-22
   28   59    3.629881e-12    1.062093e-20
   28   60    2.667044e-06    4.192769e-15
   28   61    1.015154e-06    2.173127e-17
   28   62    2.259068e-06    3.467960e-16
   28   63    7.577791e-10    1.589362e-18
   28   64    1.389516e-06    4.116987e-16
   28   65    1.291570e-10   -8.539391e-16
   28   66    7.884506e-15   -2.363544e-21
   28   67    7.500290e-20   -2.500147e-22
   28   68    1.311036e-24   -1.031508e-27
   29   59    1.388634e-17   -1.016091e-20
   29   60    2.414119e-18   -1.049634e-22
   29   61    4.065359e-12   -1.992856e-17
   29   62    3.377052e-12   -3.467247e-16
   29   63    8.710167e-07   -1.602057e-18
   29   64    7.656719e-10   -8.122998e-16
   29   65    1.075307e-06    8.544297e-16
   29   66    5.317416e-10   -1.042633e-13
   29   67    2.637207e-13   -6.951165e-20
   29   68    2.121034e-17   -4.316068e-20
   29   69    1.213214e-20   -4.044090e-24
   29   70    5.984418e-26   -5.153991e-28
   30   60    5.339622e-25   -2.224869e-28
   30   61    9.144947e-25   -6.096753e-28
   30   62    3.057245e-18   -5.580817e-24
   30   63    1.314708e-16   -3.450753e-21
   30   64    8.420747e-07    4.009381e-16
   30   65    4.701561e-10    2.974379e-17
   30   66    1.301981e-06    1.042636e-13
   30   67    2.833817e-07    9.314186e-19
   30   68    1.322791e-06    1.072831e-17
   30   69    2.332702e-10   -4.005570e-15
   30   70    1.332323e-10    1.032895e-14
   30   71    1.448079e-14   -3.213819e-18
   30   72    2.526234e-18   -8.936391e-25
   30   73    3.607591e-23   -9.211002e-26
   30   74    1.311668e-27   -8.284213e-31
   31   63    6.464634e-28   -1.235281e-30
   31   64    1.887681e-23   -7.205019e-27
   31   65    4.513596e-13   -3.009109e-17
   31   66    7.037241e-16   -1.245880e-21
   31   67    3.843988e-12   -8.182674e-19
   31   68    7.052644e-13   -1.032609e-17
   31   69    1.592731e-07    4.005616e-15
   31   70    2.183494e-10   -2.065248e-14
   31   71    1.406112e-07    1.447635e-17
   31   72    1.523226e-10   -1.796991e-16
   31   73    1.157262e-13   -3.962056e-19
   31   74    1.388978e-17   -1.698201e-21
   31   75    2.314559e-21   -1.102168e-24
   31   76    2.707191e-26   -5.993810e-29
   32   65    3.628739e-30   -7.024192e-33
   32   66    2.069062e-19   -1.499351e-24
   32   67    4.708061e-22   -2.517694e-26
   32   68    4.426436e-18   -1.064878e-26
   32   69    6.693184e-15   -2.860413e-21
   32   70    2.284819e-07    1.032360e-14
   32   71    1.872869e-10   -1.113460e-17
   32   72    2.362641e-07    1.797715e-16
   32   73    4.512614e-08    5.435966e-19
   32   74    1.757064e-07   -5.058375e-20
   32   75    8.858623e-11   -5.890239e-16
   32   76    1.251346e-11    6.950787e-17
   32   77    1.745880e-15   -1.842700e-20
   32   78    2.651617e-19   -3.011697e-24
   32   79    4.904028e-24   -1.548665e-26
   32   80    1.497223e-28   -3.045244e-31
   33   67    2.238378e-30   -3.159905e-33
   33   68    6.646520e-30   -2.627115e-33
   33   69    1.677335e-25   -1.110838e-29
   33   70    5.130978e-21   -9.681287e-26
   33   71    3.183680e-13   -8.291242e-20
   33   72    7.447284e-16   -4.748640e-22
   33   73    5.661665e-13   -4.897899e-21
   33   74    2.334092e-14   -1.200401e-21
   33   75    1.990091e-08    5.889858e-16
   33   76    1.078789e-10   -1.373838e-16
   33   77    1.050753e-13   -2.589924e-20
   33   78    2.584915e-17   -2.839649e-22
   33   79    1.836369e-20   -2.223853e-24
   33   80    1.219664e-24   -4.814211e-27
   33   81    2.902128e-28   -5.121474e-31
   34   70    3.016763e-30   -7.340146e-35
   34   71    9.181672e-27   -1.937105e-30
   34   72    1.907545e-19   -1.558506e-26
   34   73    1.794322e-21   -4.927119e-27
   34   74    6.512449e-19    2.918943e-22
   34   75    2.370800e-14   -1.374436e-22
   34   76    4.983472e-08    6.798477e-17
   34   77    1.821366e-08    8.223830e-20
   34   78    7.039074e-08    1.872869e-18
   34   79    5.428665e-11    1.055901e-19
   34   80    4.237586e-09    1.608123e-16
   34   81    1.745821e-12   -4.136039e-17
   34   82    3.172553e-12    1.022867e-17
   34   83    3.866979e-16   -1.906305e-20
   34   84    3.984443e-20   -1.285308e-23
   34   85    6.796599e-27   -1.235563e-29
   35   73    1.127307e-27   -3.416134e-31
   35   74    5.082203e-28   -1.744218e-32
   35   75    5.343825e-24   -5.566597e-29
   35   76    2.112308e-20   -2.200453e-26
   35   77    5.237166e-14   -1.531343e-20
   35   78    1.214945e-14   -1.880934e-18
   35   79    8.295489e-09   -1.048187e-19
   35   80    4.965657e-11   -2.747987e-15
   35   81    7.253108e-09    4.131896e-17
   35   82    2.166431e-11   -3.349296e-17
   35   83    3.273065e-14   -2.080596e-19
   35   84    8.205938e-18   -3.074560e-22
   35   85    2.729742e-21   -9.511030e-25
   35   86    5.522625e-27   -6.135703e-30
   36   76    1.181626e-27   -1.348957e-33
   36   77    1.049540e-23   -1.410702e-28
   36   78    3.285856e-20    1.883628e-22
   36   79    1.096700e-15   -5.237562e-22
   36   80    2.121077e-08    2.587185e-15
   36   81    4.824087e-11    1.203097e-19
   36   82    5.105607e-08    2.319005e-17
   36   83    1.569947e-08    2.649956e-19
   36   84    5.823227e-08    1.250035e-20
   36   85    3.971346e-11    6.382703e-20
   36   86    4.641596e-10    1.090226e-18
   36   87    1.105099e-14   -1.453380e-19
   36   88    7.966835e-19   -4.674117e-24
   36   89    1.321678e-24   -4.155154e-28
   36   90    1.012753e-29   -1.881293e-32
   37   79    1.937276e-26   -8.423099e-31
   37   80    2.701322e-22   -5.402732e-25
   37   81    8.280519e-15   -3.013358e-20
   37   82    4.890414e-17   -1.292101e-22
   37   83    2.656032e-14   -2.142829e-22
   37   84    3.026007e-15   -6.382983e-23
   37   85    8.433122e-09   -6.416275e-20
   37   86    2.924898e-11   -2.099928e-18
   37   87    5.858056e-11    1.456413e-19
   37   88    1.411906e-14   -7.931602e-19
   37   89    4.112076e-18   -2.705126e-22
   37   90    1.540276e-22   -6.039923e-26
   37   91    1.383737e-26   -1.431448e-29
   38   80    1.472587e-30   -1.363528e-35
   38   81    1.926879e-26   -8.679795e-31
   38   82    1.366104e-21   -3.721863e-29
   38   83    7.602807e-23   -3.907691e-29
   38   84    5.852034e-21    2.619279e-26
   38   85    9.658127e-16   -1.034978e-23
   38   86    1.973133e-08    9.997470e-19
   38   87    1.265568e-08    4.147484e-21
   38   88    3.413765e-08    8.604333e-19
   38   89    5.565240e-12   -6.594654e-20
   38   90    1.014943e-15    4.244570e-24
   38   91    5.954936e-20   -1.040699e-25
   38   92    4.359152e-24   -2.676932e-29
   38   93    4.365664e-29   -5.898430e-33
   39   83    4.844384e-29   -1.699807e-32
   39   84    3.527107e-30   -4.600645e-32
   39   85    2.981896e-26   -1.840726e-31
   39   86    3.176191e-22   -3.591453e-28
   39   87    3.615977e-15   -7.505621e-22
   39   88    2.497147e-15   -1.626232e-23
   39   89    5.042583e-09    6.848228e-20
   39   90    4.501372e-12   -1.162212e-18
   39   91    4.196996e-15   -3.045667e-23
   39   92    1.278615e-18   -6.015687e-24
   39   93    9.271449e-22   -1.507403e-27
   39   94    2.298756e-25   -1.229082e-29
   39   95    3.028984e-29   -2.939992e-33
   40   86    2.528626e-30   -2.554113e-36
   40   87    3.766081e-26   -3.923080e-31
   40   88    2.910616e-22   -2.425830e-30
   40   89    1.149174e-18   -2.443242e-25
   40   90    2.222708e-09    1.168118e-18
   40   91    5.703538e-10    7.278155e-22
   40   92    6.562462e-10    6.259689e-22
   40   93    1.892777e-10    2.473787e-22
   40   94    4.138405e-10    7.599722e-23
   40   95    3.100302e-13   -2.859433e-21
   40   96    7.689736e-13   -1.912449e-22
   40   97    1.508077e-17   -1.466278e-23
   40   98    8.664983e-22   -1.677118e-24
   40   99    1.049167e-28    1.891747e-34
   41   89    7.400127e-30   -1.121260e-34
   41   90    2.103838e-25   -2.401804e-31
   41   91    1.501245e-16   -1.242160e-27
   41   92    2.971994e-17   -3.296097e-24
   41   93    7.176846e-14   -3.170464e-25
   41   94    2.621740e-16    5.539539e-25
   41   95    6.743772e-18    3.363750e-21
   41   96    5.536044e-20    1.916239e-22
   41   97    1.956835e-21    1.484582e-23
   41   98    4.487161e-23    7.487258e-25
   41   99    6.045078e-28   -2.417759e-30
   42   91    9.548546e-30   -6.160447e-34
   42   92    3.789974e-17    3.296682e-24
   42   93    6.592282e-20    9.867873e-29
   42   94    1.648381e-13   -4.501682e-25
   42   95    3.555813e-11   -2.793867e-22
   42   96    8.302537e-11    4.661938e-23
   42   97    2.501679e-11    5.648416e-23
   42   98    7.548149e-11    4.992810e-23
   42   99    2.701903e-14   -6.691967e-21
   42  100    1.831931e-15    2.519873e-18
   42  101    1.010432e-19   -6.918800e-24
   42  102    3.026368e-23   -2.751075e-27
   42  103    8.156902e-28   -8.156797e-31
   43   93    9.495999e-25   -5.861861e-30
   43   94    1.308079e-25   -4.449383e-31
   43   95    1.873759e-19   -1.561574e-25
   43   96    7.587826e-19   -1.346993e-25
   43   97    2.842189e-18   -2.136627e-29
   43   98    2.717613e-18   -2.659748e-29
   43   99    2.719498e-13    6.816988e-21
   43  100    6.635537e-16   -5.039743e-18
   43  101    2.511854e-18   -1.687219e-22
   43  102    5.080146e-22   -5.748418e-24
   43  103    7.445021e-25   -8.925916e-28
   43  104    1.182954e-28   -6.532610e-33
   44   95    2.344717e-29   -2.368436e-34
   44   96    5.121034e-25    1.214655e-26
   44   97    2.803120e-23   -6.712761e-30
   44   98    5.669241e-15   -2.734507e-26
   44   99    8.033179e-12   -1.028450e-22
   44  100    3.408699e-11    2.519842e-18
   44  101    6.861987e-12    2.339701e-22
   44  102    3.795539e-14    8.126892e-23
   44  103    3.299653e-17   -4.766845e-25
   44  104    2.225630e-15    5.440218e-17
   44  105    2.085477e-20   -7.408970e-26
   44  106    5.450663e-24    8.504774e-32
   44  107    2.668822e-28   -6.353871e-32
   45   98    9.712427e-29   -2.775026e-32
   45   99    1.321534e-20   -5.739171e-28
   45  100    4.660574e-20   -3.734461e-26
   45  101    3.683626e-19   -2.169713e-28
   45  102    6.607178e-18   -4.596625e-27
   45  103    7.426166e-12   -1.134498e-22
   45  104    3.835280e-14   -1.088042e-16
   45  105    2.092687e-16   -9.739688e-23
   45  106    2.702548e-19   -5.441443e-22
   45  107    6.479534e-22   -2.985321e-26
   45  108    3.082901e-25   -1.101050e-27
   45  109    2.898159e-28   -2.173575e-31
   46  100    1.118233e-28   -2.098795e-35
   46  101    2.544922e-28   -5.008007e-34
   46  102    2.713400e-22    5.718905e-29
   46  103    1.227866e-18   -5.030117e-26
   46  104    2.113847e-11    5.440206e-17
   46  105    4.936885e-12    1.288431e-22
   46  106    2.263413e-11    6.279884e-22
   46  107    5.158444e-14    9.594689e-23
   46  108    2.498005e-11    1.784544e-17
   46  109    3.124062e-14   -3.794573e-20
   46  110    1.390180e-14    9.057557e-17
   46  111    2.390351e-18   -1.024168e-22
   46  112    2.922390e-21   -2.297923e-27
   46  113    9.918120e-26   -6.398543e-29
   47  103    5.346071e-28   -8.137224e-33
   47  104    1.435295e-23   -2.074167e-28
   47  105    9.110771e-20   -1.534515e-27
   47  106    2.082124e-18   -8.776929e-23
   47  107    4.247535e-12   -8.744204e-23
   47  108    4.229328e-14   -3.508541e-17
   47  109    6.554360e-12    3.790437e-20
   47  110    3.713538e-14   -1.808797e-16
   47  111    2.639990e-16    7.904911e-23
   47  112    4.303593e-19   -2.279061e-24
   47  113    8.185105e-22   -2.471064e-27
   47  114    1.310115e-25   -1.708865e-27
   47  115    5.299984e-29   -2.647861e-33
   48  105    2.788805e-30   -5.024958e-35
   48  106    3.435845e-23    8.675493e-25
   48  107    8.656083e-21   -2.219578e-26
   48  108    3.594497e-13    1.723998e-17
   48  109    1.561218e-15    3.003199e-25
   48  110    1.917960e-11    9.030414e-17
   48  111    4.476276e-12    6.337141e-23
   48  112    2.052817e-11    2.975621e-22
   48  113    5.090414e-14    8.931094e-23
   48  114    3.410344e-11    7.139729e-17
   48  115    3.646914e-14   -1.130097e-20
   48  116    2.746962e-15    8.539552e-21
   48  117    7.600428e-19   -5.084698e-24
   48  118    8.341944e-22   -1.656931e-26
   48  119    2.897866e-26    8.746074e-34
   49  108    2.597347e-27   -4.478268e-32
   49  109    5.588458e-22   -2.217688e-27
   49  110    2.708595e-23   -9.211795e-29
   49  111    6.248395e-20   -1.547235e-26
   49  112    4.633259e-18   -4.457216e-22
   49  113    6.007910e-12   -1.555940e-22
   49  114    8.555647e-14   -1.424378e-16
   49  115    7.587702e-16    1.139975e-20
   49  116    2.006685e-18   -1.707669e-20
   49  117    9.405325e-21    4.871825e-24
   49  118    7.772992e-24   -7.670410e-26
   49  119    4.674135e-26   -1.947559e-29
   50  111    1.602143e-30   -4.538730e-35
   50  112    5.335391e-21    1.362144e-22
   50  113    5.207271e-21   -3.149366e-29
   50  114    1.193354e-13    7.104056e-17
   50  115    5.337033e-12   -5.622405e-23
   50  116    3.974554e-11    8.467001e-21
   50  117    8.378157e-12    6.003037e-23
   50  118    5.021308e-11   -2.763300e-23
   50  119    1.064808e-11    3.234567e-23
   50  120    6.577197e-11    7.525405e-22
   50  121    4.383877e-14   -2.695564e-20
   50  122    5.074556e-13    5.713532e-21
   50  123    1.718667e-16   -5.520155e-25
   50  124    5.880179e-14    3.786684e-24
   50  125    8.116931e-18   -5.611411e-25
   50  126    1.712762e-21    7.471745e-30
   50  127    4.360337e-26   -3.457654e-31
   51  114    6.012737e-30   -1.722877e-33
   51  115    1.283669e-22   -3.999055e-27
   51  116    3.622810e-21   -2.292952e-25
   51  117    3.194146e-20   -1.901319e-25
   51  118    5.749910e-21   -1.597226e-24
   51  119    6.515675e-19   -2.843648e-25
   51  120    1.214898e-17   -7.686552e-22
   51  121    3.441726e-12    2.698597e-20
   51  122    2.241077e-14   -1.125160e-20
   51  123    8.926762e-14    9.245324e-25
   51  124    3.302544e-16   -6.747188e-24
   51  125    7.843346e-19    5.887138e-25
   51  126    5.201919e-22   -2.531516e-29
   51  127    3.407989e-25    2.884262e-31
   51  128    4.427728e-29   -8.132585e-35
   52  118    1.223041e-29   -1.415602e-36
   52  119    1.005523e-28   -1.045481e-34
   52  120    1.125044e-20    4.075832e-24
   52  121    1.753320e-18   -7.261123e-26
   52  122    9.113707e-12    5.519327e-21
   52  123    2.880111e-12    1.491793e-23
   52  124    1.608669e-11   -1.330598e-23
   52  125    4.916592e-12    1.573905e-23
   52  126    2.619501e-11   -8.452752e-24
   52  127    3.441667e-14   -6.121474e-20
   52  128    5.696114e-13    8.216565e-19
   52  129    4.455743e-16   -6.395328e-21
   52  130    1.846362e-12   -7.863870e-25
   52  131    3.472492e-16   -1.388939e-20
   52  132    7.274460e-20   -1.546766e-26
   52  133    2.051693e-24   -1.641252e-28
   52  134    4.951495e-29    4.476858e-37
   53  121    1.979168e-27   -1.555982e-32
   53  122    2.080857e-24   -5.732477e-28
   53  123    7.927025e-21   -9.956615e-27
   53  124    1.036898e-21   -1.742098e-28
   53  125    7.707360e-19   -9.028278e-27
   53  126    2.019901e-17   -1.582612e-24
   53  127    3.595031e-12    6.122630e-20
   53  128    2.053278e-14   -1.586261e-18
   53  129    6.205271e-17    6.396274e-21
   53  130    6.021883e-20   -1.619771e-25
   53  131    5.388055e-19    1.389021e-20
   53  132    8.336226e-24    1.569811e-26
   53  133    8.405918e-27    1.641309e-28
   54  124    8.033321e-29    2.018018e-30
   54  125    1.603423e-27   -1.581395e-33
   54  126    4.635762e-20    5.118437e-25
   54  127    7.639314e-18   -1.461498e-25
   54  128    9.515987e-12    7.645887e-19
   54  129    4.708225e-12   -1.017820e-25
   54  130    1.529956e-11    1.203612e-23
   54  131    5.968433e-12    7.165129e-25
   54  132    4.008105e-11   -2.507391e-24
   54  133    3.449855e-14   -4.510515e-21
   54  134    1.269863e-13    2.029581e-26
   54  135    9.317119e-16   -1.699185e-21
   54  136    8.090688e-12   -2.633407e-25
   54  137    8.670587e-20   -2.245496e-23
   54  138    8.915362e-26    8.632687e-33
   55  127    1.050442e-26   -2.801222e-32
   55  128    6.460147e-24   -1.761889e-27
   55  129    5.935068e-21   -3.096803e-27
   55  130    9.411163e-22   -3.226731e-26
   55  131    1.726927e-18   -1.238321e-25
   55  132    4.441275e-17   -4.759870e-24
   55  133    4.558525e-12    4.515781e-21
   55  134    2.226453e-14    3.264883e-23
   55  135    5.391555e-17    1.699610e-21
   55  136    4.524522e-20   -2.123763e-27
   55  137    1.518700e-21    2.271820e-23
   55  138    5.955051e-29   -1.504249e-33
   56  130    2.008989e-26    5.162524e-28
   56  131    1.888326e-26   -1.140523e-33
   56  132    1.551040e-19    8.898720e-26
   56  133    1.921491e-17   -3.824752e-27
   56  134    1.056018e-11   -3.247169e-23
   56  135    4.968788e-12    2.254552e-24
   56  136    3.555619e-11   -2.440183e-23
   56  137    4.121133e-11   -1.470831e-23
   56  138    3.980368e-10    4.094544e-23
   56  139    2.789989e-16   -3.312559e-21
   56  140    1.030587e-20   -4.306805e-28
   56  141    4.672997e-27   -2.527247e-31
   57  133    2.164424e-26   -9.210614e-32
   57  134    9.377395e-24   -1.453878e-27
   57  135    2.056288e-21   -1.757632e-27
   57  136    6.078902e-22   -6.162767e-26
   57  137    2.587157e-18   -3.517403e-29
   57  138    5.011486e-16   -6.586397e-27
   57  139    3.735315e-11    3.316077e-21
   57  140    3.099416e-16   -8.202303e-23
   57  141    5.149774e-20   -2.181727e-25
   57  142    2.571923e-25   -2.712325e-30
   57  143    4.051189e-30   -2.841559e-34
   58  136    6.283072e-28    1.601817e-29
   58  137    4.231071e-26   -7.835777e-32
   58  138    2.851763e-19   -1.521388e-30
   58  139    1.622036e-16   -7.997551e-25
   58  140    9.295434e-11    2.294767e-21
   58  141    3.137196e-15   -2.326382e-23
   58  142    7.827019e-14    3.980908e-25
   58  143    1.239029e-18   -5.625445e-25
   58  144    3.400506e-21   -6.186117e-30
   58  145    4.414227e-27   -1.461083e-30
   58  146    1.752086e-29    1.872978e-39
   59  138    3.373311e-28   -2.326464e-31
   59  139    5.068880e-21   -1.912810e-26
   59  140    7.477141e-18   -2.210024e-21
   59  141    7.802117e-12    4.664038e-23
   59  142    2.598478e-15   -2.230283e-21
   59  143    4.167754e-18    4.406998e-25
   59  144    4.280990e-22   -2.466012e-26
   59  145    5.365359e-25   -2.741111e-32
   59  146    2.904253e-30   -1.170235e-34
   60  139    3.584090e-30   -1.208144e-34
   60  140    3.029304e-22   -6.246416e-29
   60  141    2.312152e-18   -1.548343e-23
   60  142    2.087436e-11    2.229042e-21
   60  143    8.446962e-13    2.964299e-23
   60  144    8.684461e-12   -1.426725e-23
   60  145    1.902535e-14    2.129651e-23
   60  146    4.403554e-12   -1.008934e-23
   60  147    1.981135e-16   -2.280936e-24
   60  148    1.332609e-15   -1.540645e-27
   60  149    1.607519e-20   -1.524121e-25
   60  150    2.372567e-21    1.076512e-31
   60  151    8.328114e-26    5.085698e-33
   61  142    5.106403e-26   -7.565192e-29
   61  143    4.851043e-20   -1.264647e-28
   61  144    4.829269e-20   -2.763186e-27
   61  145    8.517430e-18    5.709745e-25
   61  146    8.336877e-19   -1.803867e-28
   61  147    1.186464e-16    1.243716e-23
   61  148    5.404493e-20   -4.513593e-27
   61  149    1.306429e-20    1.509658e-25
   61  150    1.849411e-24   -1.126227e-29
   61  151    8.255365e-26   -4.822017e-32
   62  143    1.174939e-26   -1.342810e-30
   62  144    1.208062e-17    2.611371e-27
   62  145    2.803016e-16   -5.778191e-25
   62  146    4.939095e-13   -3.157160e-24
   62  147    2.503303e-13   -3.288780e-24
   62  148    3.185088e-12   -1.359234e-23
   62  149    3.224471e-15    2.434989e-23
   62  150    1.584299e-12   -9.147252e-24
   62  151    6.528331e-16    9.183915e-24
   62  152    2.618679e-13   -1.633409e-24
   62  153    1.649190e-16   -5.754831e-23
   62  154    1.418359e-15   -3.986903e-27
   62  155    3.923652e-19   -1.756233e-23
   62  156    2.332883e-22   -4.125129e-28
   62  157    5.243223e-27   -6.521430e-31
   63  145    7.560520e-25   -8.862797e-32
   63  146    4.298060e-23   -6.483308e-30
   63  147    2.196654e-19   -6.347483e-27
   63  148    4.515536e-19   -5.830936e-27
   63  149    5.707580e-16   -4.284358e-24
   63  150    3.069288e-17   -1.665615e-23
   63  151    1.710521e-13   -5.813337e-24
   63  152    5.810256e-16    6.918119e-24
   63  153    2.272966e-13    6.370351e-23
   63  154    7.921087e-16    7.239153e-24
   63  155    7.485298e-18    1.761051e-23
   63  156    9.188834e-21    1.403234e-28
   63  157    1.968119e-23   -2.075681e-29
   63  158    2.677920e-27   -5.822150e-32
   64  147    7.435787e-27   -3.256756e-33
   64  148    4.332693e-22    2.708717e-29
   64  149    2.005871e-20   -1.501749e-27
   64  150    1.366759e-16    1.667702e-23
   64  151    2.171457e-16   -1.226128e-24
   64  152    5.925673e-13   -8.434980e-24
   64  153    4.113101e-15   -3.596498e-24
   64  154    9.522556e-13   -1.378419e-23
   64  155    8.356827e-14    1.107322e-23
   64  156    1.551174e-12   -1.549732e-23
   64  157    3.889001e-14    1.784816e-23
   64  158    2.883315e-12   -1.726618e-23
   64  159    1.567065e-15   -1.395858e-21
   64  160    8.426839e-17    1.400255e-26
   64  161    7.545917e-21   -2.057650e-24
   64  162    2.921389e-24   -3.477521e-28
   64  163    2.813518e-29   -2.482121e-32
   65  151    7.236833e-28   -6.848401e-34
   65  152    1.794505e-26   -1.709367e-32
   65  153    5.132976e-24   -1.525152e-30
   65  154    3.489456e-25   -2.701450e-31
   65  155    8.996837e-21   -1.172594e-27
   65  156    4.826416e-20   -7.330861e-27
   65  157    6.640019e-16    8.376616e-24
   65  158    7.688608e-16   -3.682304e-26
   65  159    3.680462e-13    1.412504e-21
   65  160    1.110399e-15   -1.406181e-24
   65  161    7.906728e-18    1.307601e-24
   65  162    6.544228e-21   -8.606224e-25
   65  163    1.075830e-23   -5.515652e-28
   65  164    7.681511e-28   -2.559741e-31
   66  154    3.295786e-26    2.694455e-34
   66  155    8.453885e-25   -1.424927e-30
   66  156    2.880896e-19    1.049475e-27
   66  157    4.112291e-18   -8.421082e-24
   66  158    8.739957e-14   -2.246045e-24
   66  159    1.639349e-15   -5.688928e-24
   66  160    1.122801e-12   -6.316138e-24
   66  161    8.437219e-14    1.735512e-23
   66  162    1.608504e-12    1.138080e-23
   66  163    6.003173e-15    1.655510e-23
   66  164    5.887003e-13    1.765615e-20
   66  165    9.868907e-17   -7.023940e-22
   66  166    6.107624e-20   -1.181622e-26
   66  167    1.261066e-24   -2.032481e-28
   66  168    3.357649e-28   -3.857979e-32
   67  157    3.507357e-30   -2.783674e-34
   67  158    4.717429e-28   -4.174788e-32
   67  159    6.737593e-25   -2.041724e-29
   67  160    2.973311e-24   -1.152147e-28
   67  161    2.502505e-19   -1.681066e-24
   67  162    3.751650e-19   -2.558090e-23
   67  163    2.416541e-15    1.307581e-21
   67  164    8.534850e-16   -2.943099e-20
   67  165    4.806422e-13    1.433981e-20
   67  166    5.318478e-16   -3.196743e-22
   67  167    2.765944e-18   -1.533437e-23
   67  168    5.112476e-22   -1.713372e-25
   67  169    4.204104e-25   -8.912306e-29
   67  170    1.328447e-29   -4.798751e-33
   68  160    1.082964e-24   -6.309022e-31
   68  161    7.385808e-23   -3.820368e-28
   68  162    1.043190e-17    5.692346e-25
   68  163    9.807491e-17   -1.307686e-21
   68  164    6.635016e-13    1.175806e-20
   68  165    8.483166e-15   -1.363143e-20
   68  166    1.414325e-12    3.146116e-22
   68  167    4.790598e-14    1.264483e-22
   68  168    1.634857e-12    8.171034e-24
   68  169    9.529442e-16   -6.032759e-23
   68  170    2.839776e-15    1.090797e-26
   68  171    3.156369e-19   -6.883453e-25
   68  172    1.361570e-22   -4.467279e-29
   68  173    1.346924e-27   -9.619261e-31
   69  163    5.367796e-29   -4.939776e-34
   69  164    5.281477e-26   -2.640771e-29
   69  165    1.028226e-20   -5.712958e-27
   69  166    7.131724e-20   -1.544691e-25
   69  167    1.277970e-15   -9.586912e-23
   69  168    2.289716e-15   -1.716989e-23
   69  169    5.265342e-13    7.910450e-23
   69  170    2.063776e-15   -1.147543e-24
   69  171    1.275084e-17    7.422422e-25
   69  172    7.980900e-21   -1.904478e-27
   69  173    1.360752e-23   -2.634099e-29
   69  174    1.581482e-27   -2.927702e-31
   70  165    1.213743e-28   -1.226031e-32
   70  166    5.600352e-23   -1.647360e-29
   70  167    2.505853e-21   -1.431939e-25
   70  168    1.291696e-16   -1.335665e-27
   70  169    8.559533e-16   -1.857116e-23
   70  170    1.066002e-12   -6.004532e-24
   70  171    1.864319e-13    1.355432e-23
   70  172    2.225821e-12   -1.599149e-23
   70  173    5.570455e-14    3.012252e-23
   70  174    2.956596e-12   -8.091668e-24
   70  175    6.052484e-16   -8.875686e-23
   70  176    4.255641e-16    4.127123e-27
   70  177    3.008075e-20   -2.612762e-25
   70  178    1.422135e-23   -1.920474e-28
   70  179    1.096863e-29   -1.358412e-33
   71  168    2.340128e-30   -4.254839e-34
   71  169    1.589127e-24   -7.753304e-31
   71  170    2.459630e-23   -8.482132e-30
   71  171    9.644446e-19   -8.131344e-26
   71  172    5.226594e-18   -5.418457e-25
   71  173    7.725292e-15   -1.070777e-23
   71  174    4.534090e-15   -1.350081e-23
   71  175    4.447426e-13    1.307258e-22
   71  176    6.063753e-16    9.382148e-24
   71  177    3.051120e-18   -3.768921e-26
   71  178    1.071079e-21   -3.756983e-26
   71  179    1.390312e-24   -5.033422e-30
   71  180    1.079418e-28   -1.892497e-32
   72  170    1.269097e-27   -1.322038e-33
   72  171    2.325311e-25   -3.200252e-31
   72  172    1.626447e-20   -1.702659e-29
   72  173    3.983580e-19   -2.812196e-25
   72  174    1.776559e-15    1.092960e-23
   72  175    3.995724e-15   -3.971935e-23
   72  176    1.663267e-12   -2.062378e-23
   72  177    3.043448e-14    2.096948e-23
   72  178    2.454136e-12   -7.802882e-24
   72  179    2.336126e-14    4.403914e-23
   72  180    2.350998e-12    8.819630e-21
   72  181    3.292692e-16    4.070078e-24
   72  182    1.278093e-19    1.501883e-27
   72  183    1.769943e-24   -2.872994e-29
   72  184    7.978481e-29   -3.196842e-34
   73  174    4.465309e-29   -6.534730e-34
   73  175    7.268520e-23   -1.153691e-28
   73  176    2.492842e-22   -3.264874e-28
   73  177    2.096800e-18   -6.111284e-25
   73  178    1.020650e-19   -1.068157e-23
   73  179    2.385381e-14    1.551030e-21
   73  180    5.030295e-15   -1.026540e-20
   73  181    6.926834e-13    7.339521e-23
   73  182    4.072890e-16    8.513735e-24
   73  183    6.950611e-19   -8.571337e-26
   73  184    3.105898e-23   -5.261412e-29
   73  185    1.345339e-26   -2.719618e-31
   74  175    2.432528e-28   -6.917256e-33
   74  176    2.812984e-23   -1.875370e-28
   74  177    7.403117e-22   -5.608581e-27
   74  178    8.773403e-18   -2.817113e-25
   74  179    5.833539e-17   -1.576653e-21
   74  180    6.002269e-14    1.436228e-21
   74  181    1.378863e-14   -7.768486e-23
   74  182    2.925717e-12   -2.258025e-23
   74  183    1.810621e-14    1.173242e-22
   74  184    1.866595e-12    8.296848e-24
   74  185    6.704750e-16    4.138380e-24
   74  186    5.361798e-14    6.614756e-24
   74  187    2.437819e-18   -1.528196e-24
   74  188    9.994890e-22    2.756985e-30
   74  189    1.800354e-27   -1.672225e-31
   75  178    4.323580e-30   -3.275514e-34
   75  179    7.619443e-25   -3.907488e-29
   75  180    2.421022e-23   -9.949567e-27
   75  181    7.102561e-19   -5.952063e-25
   75  182    4.045279e-18   -1.050892e-24
   75  183    9.163744e-15   -9.080723e-23
   75  184    9.383906e-16   -1.822820e-23
   75  185    2.986104e-13    2.187091e-23
   75  186    4.851294e-16   -8.386367e-23
   75  187    5.447551e-15    1.624733e-24
   75  188    1.558578e-18   -1.444125e-24
   75  189    4.562722e-21   -3.056273e-27
   75  190    2.768328e-25   -8.926038e-29
   75  191    4.994974e-29   -5.091365e-33
   76  181    5.668415e-26   -5.398598e-31
   76  182    6.231958e-21   -4.757665e-27
   76  183    2.618703e-19   -3.357677e-25
   76  184    1.817931e-15    2.237762e-26
   76  185    3.028919e-15   -2.252112e-23
   76  186    1.581512e-12    6.115745e-23
   76  187    1.595481e-14    2.409872e-23
   76  188    1.534293e-12   -9.854880e-24
   76  189    2.652647e-15    1.695540e-22
   76  190    1.423782e-12    1.418465e-23
   76  191    4.891261e-16   -1.538018e-23
   76  192    2.870015e-14    2.143304e-25
   76  193    2.225361e-18   -1.164191e-24
   76  194    9.783630e-22    7.399322e-30
   76  195    2.483252e-26   -2.758009e-30
   77  184    1.442911e-27   -7.799827e-33
   77  185    7.259452e-23   -8.408819e-29
   77  186    1.463169e-22   -1.465808e-28
   77  187    1.013887e-18   -1.609374e-24
   77  188    1.118110e-18   -4.497271e-25
   77  189    2.991183e-15   -1.574167e-22
   77  190    3.540014e-16   -4.434037e-23
   77  191    3.314917e-13    1.745161e-22
   77  192    6.257361e-16    1.144171e-24
   77  193    3.147035e-13   -2.911894e-24
   77  194    1.517666e-16   -1.267329e-22
   77  195    2.610209e-19   -1.738298e-24
   77  196    2.978944e-23   -3.437071e-26
   77  197    3.063733e-26   -5.281327e-30
   78  187    9.285257e-26   -6.585431e-31
   78  188    8.142528e-21   -5.548549e-28
   78  189    6.131942e-20   -9.410018e-26
   78  190    5.793589e-16    2.356828e-23
   78  191    6.511959e-16   -1.594989e-22
   78  192    1.091330e-12   -9.496623e-24
   78  193    7.956791e-15    1.475533e-23
   78  194    1.748325e-12    1.189510e-22
   78  195    1.097675e-14    2.172404e-23
   78  196    2.316790e-12    2.266931e-22
   78  197    1.033161e-15   -8.573650e-22
   78  198    4.220255e-15   -1.731550e-27
   78  199    4.978396e-19   -1.614053e-23
   78  200    1.551234e-22   -2.041958e-28
   78  201    1.201875e-27   -4.806998e-31
   79  190    3.180776e-30   -7.426108e-35
   79  191    5.477100e-25   -2.882764e-30
   79  192    4.413292e-24   -1.487632e-29
   79  193    1.337835e-19   -1.264175e-25
   79  194    5.738097e-19   -2.513211e-25
   79  195    1.983214e-15   -7.420498e-24
   79  196    2.244249e-15   -2.526702e-22
   79  197    7.045432e-13    1.178827e-21
   79  198    2.183934e-15   -5.554369e-22
   79  199    5.980227e-18    1.485173e-23
   79  200    2.191008e-21   -4.510647e-26
   79  201    1.822517e-24   -6.960459e-29
   79  202    1.625903e-28   -3.435042e-31
   80  193    4.479215e-27   -1.961766e-32
   80  194    3.548392e-22   -8.347232e-33
   80  195    6.789752e-21   -1.074954e-26
   80  196    1.247321e-16    1.768448e-23
   80  197    1.231920e-15   -3.199997e-22
   80  198    2.527691e-12    5.496845e-22
   80  199    8.488048e-13    8.809393e-24
   80  200    4.058324e-12   -4.017157e-24
   80  201    8.541189e-13    1.405312e-22
   80  202    5.420479e-12    7.147963e-22
   80  203    2.346041e-15   -2.920799e-23
   80  204    8.751618e-14    4.373445e-26
   80  205    2.357167e-18   -4.591680e-22
   80  206    8.806512e-23   -1.058864e-26
   81  197    1.663929e-27   -9.787988e-33
   81  198    2.020992e-25   -6.348583e-31
   81  199    4.568357e-21   -1.026652e-26
   81  200    1.857047e-19   -1.185352e-25
   81  201    5.812074e-16   -1.326023e-22
   81  202    1.270240e-14   -7.191146e-22
   81  203    3.280146e-12    2.985338e-22
   81  204    4.747396e-15    5.897729e-24
   81  205    2.519877e-13    4.589747e-22
   81  206    7.676822e-17   -1.827824e-20
   81  207    7.379752e-21   -1.548183e-24
   81  208    4.905289e-30   -1.336581e-33
   82  199    2.565661e-30   -2.850775e-35
   82  200    9.706238e-25   -7.524065e-31
   82  201    1.869805e-22   -3.339001e-28
   82  202    8.461140e-18   -2.459181e-29
   82  203    8.471248e-16   -2.718066e-22
   82  204    5.111588e-12   -5.668287e-24
   82  205    9.069684e-12   -5.420295e-24
   82  206    4.894087e-11    1.826250e-20
   82  207    6.107145e-11    1.548379e-23
   82  208    1.297270e-10    1.416547e-23
   82  209    7.364267e-19   -2.435114e-24
   82  210    9.558856e-26    4.196526e-32
   83  203    1.218465e-30   -1.728268e-36
   83  204    7.201592e-26   -1.069575e-31
   83  205    1.185003e-21   -5.387254e-29
   83  206    7.189189e-20   -8.003338e-27
   83  207    3.723367e-16   -2.369299e-26
   83  208    8.867727e-15   -1.217370e-26
   83  209    3.097339e-12    3.322859e-24
   83  210    2.588899e-19    4.312958e-25
   83  211    2.178970e-26    6.812774e-32
   84  209    5.382488e-28   -5.701155e-40
   84  210    1.714294e-24    3.587467e-26
    0    1    1.007346e-22   -1.960125e-23
    1    1    3.815138e-18   -4.221111e-19
    2    4    1.203390e-11   -1.900126e-15
