1.9694e+01
5.5616e-01
5.3023e-01
4.2895e+03
    1    3    2.800585e-22   -2.777781e-31
    2    3    1.261663e-22    2.764734e-31
    3    6    6.366614e-30    0.000000e+00
    4   10    1.051860e-26    0.000000e+00
    5   10    3.707378e-26    0.000000e+00
    5   11    4.173957e-17    5.785775e-22
    6   11    1.831037e-18   -5.785775e-22
    6   12    1.538508e-05    0.000000e+00
    6   13    2.820527e-15    9.110306e-25
    6   14    3.351326e-13   -7.177751e-25
    7   13    1.413230e-21   -9.107873e-25
    7   14    7.030088e-11    7.237830e-25
    7   15    1.062705e-13    6.339258e-16
    8   14    1.076448e-27   -5.877793e-30
    8   15    2.006189e-13   -6.339258e-16
    8   16    5.224725e-02    0.000000e+00
    8   17    1.180731e-13    2.524355e-29
    8   18    4.000768e-16    1.255371e-20
    8   19    1.837560e-28   -2.633376e-30
    9   17    8.079861e-28   -4.829097e-30
    9   18    2.146009e-16   -1.255371e-20
    9   19    1.528869e-17    4.791065e-23
    9   20    1.859915e-23   -6.459427e-25
    9   21    3.487818e-25   -3.232103e-26
   10   19    2.137645e-21   -4.791065e-23
   10   20    8.444343e-07    4.235165e-22
   10   21    4.640116e-11    3.501236e-22
   10   22    9.906008e-11    2.640288e-19
   10   23    1.857177e-19   -1.924577e-21
   10   24    2.434224e-20   -4.622617e-23
   11   21    2.043334e-20   -3.500909e-22
   11   22    5.623243e-11   -2.640288e-19
   11   23    8.800349e-08    1.015028e-10
   11   24    1.156555e-12   -8.256053e-18
   11   25    3.177514e-16   -2.072647e-18
   11   26    2.595705e-29   -9.351815e-30
   12   22    3.362455e-25   -3.340787e-26
   12   23    2.975320e-09   -1.015028e-10
   12   24    8.040191e-04    8.239937e-18
   12   25    3.131135e-07    2.197892e-18
   12   26    1.371333e-06    7.145046e-14
   12   27    1.785038e-12   -1.213635e-15
   12   28    8.502437e-15   -4.353050e-20
   13   24    1.641534e-27   -3.086836e-28
   13   25    2.333000e-18   -1.252609e-19
   13   26    2.000850e-09   -7.145042e-14
   13   27    7.123315e-05    6.247715e-10
   13   28    1.535134e-08   -4.416384e-11
   13   29    4.076603e-11   -3.988664e-14
   13   30    1.510902e-20   -1.608985e-21
   14   26    2.232242e-19   -3.858897e-20
   14   27    6.725776e-09   -6.247703e-10
   14   28    3.415110e-03    4.416384e-11
   14   29    9.710365e-05    3.989185e-14
   14   30    4.109581e-04    8.917969e-12
   14   31    2.563309e-09   -1.046779e-13
   14   32    1.420244e-10   -1.133576e-20
   14   33    3.286700e-22   -2.073693e-23
   14   34    2.146590e-26   -2.987407e-27
   15   29    5.600338e-17   -5.214814e-18
   15   30    3.470034e-09   -8.917969e-12
   15   31    4.125521e-05    1.452436e-11
   15   32    8.508609e-08   -2.666825e-14
   15   33    9.086901e-08   -1.599582e-14
   15   34    1.287870e-14   -4.003818e-16
   15   35    3.166861e-17   -2.581030e-19
   16   30    2.936335e-23   -9.592860e-24
   16   31    9.613119e-11   -1.441968e-11
   16   32    6.380062e-04    2.666823e-14
   16   33    2.102489e-05    1.599582e-14
   16   34    2.035908e-04    3.196038e-15
   16   35    1.060707e-08   -5.413193e-16
   16   36    4.034993e-08    6.617445e-23
   16   37    3.428583e-19   -4.362101e-22
   16   38    3.826330e-21   -1.446124e-25
   17   33    6.079507e-20   -9.337211e-21
   17   34    1.109563e-14   -2.795661e-15
   17   35    8.276883e-07    5.422781e-16
   17   36    8.435539e-08   -3.427836e-21
   17   37    1.088776e-07    2.548714e-14
   17   38    1.252876e-14   -2.165844e-18
   17   39    4.700878e-17   -5.377424e-21
   17   40    9.892637e-25   -4.708173e-27
   17   41    8.134052e-28   -8.165824e-30
   18   34    1.471319e-30   -6.712353e-31
   18   35    3.235817e-18   -7.007917e-19
   18   36    1.569443e-05    3.388132e-21
   18   37    2.003299e-07   -2.548714e-14
   18   38    8.524746e-06    5.280979e-16
   18   39    1.011319e-10    7.855372e-22
   18   40    2.629080e-10    0.000000e+00
   18   41    2.506214e-16   -1.468313e-20
   18   42    2.070630e-17   -7.675275e-27
   18   43    5.447407e-25   -6.521692e-28
   18   44    1.929924e-26   -1.044925e-29
   19   37    1.968537e-25   -6.169419e-26
   19   38    6.248439e-13   -5.259326e-16
   19   39    3.649250e-08    4.599124e-21
   19   40    9.861907e-11    0.000000e+00
   19   41    1.559206e-10    1.500614e-20
   19   42    7.668687e-14   -6.658321e-19
   19   43    8.068713e-15   -3.873734e-20
   19   44    6.411852e-19   -1.858469e-22
   19   45    1.424339e-20   -5.131598e-24
   19   46    9.573494e-26   -3.514851e-28
   19   47    1.757201e-28   -3.870882e-30
   20   39    2.075959e-23   -9.305608e-24
   20   40    1.377162e-07    0.000000e+00
   20   41    2.697962e-09   -3.230140e-22
   20   42    8.027262e-08    6.658341e-19
   20   43    7.525655e-10    9.004115e-18
   20   44    6.432534e-09    1.590175e-16
   20   45    6.326897e-12   -1.742073e-19
   20   46    8.258808e-12    2.620166e-18
   20   47    3.115443e-15   -3.063884e-21
   20   48    1.376051e-16    0.000000e+00
   20   49    1.469758e-25   -1.083351e-28
   21   42    1.825587e-25   -1.033430e-25
   21   43    3.255922e-13   -8.965378e-18
   21   44    5.898711e-12   -1.590159e-16
   21   45    8.964742e-10    2.236005e-16
   21   46    4.920663e-11   -5.240332e-18
   21   47    2.806949e-11   -3.743891e-17
   21   48    2.638044e-13   -6.477580e-19
   21   49    1.657263e-14   -1.862602e-18
   21   50    1.537706e-21   -5.811598e-24
   21   51    1.409599e-27   -4.382257e-29
   22   44    6.833536e-12   -1.393762e-21
   22   45    6.433263e-12   -2.234263e-16
   22   46    2.417526e-08    2.620167e-18
   22   47    7.429839e-09    1.509066e-16
   22   48    4.875238e-08    1.813637e-17
   22   49    8.735229e-10    5.789536e-17
   22   50    2.840140e-09    5.790264e-24
   22   51    4.237633e-15   -4.721420e-18
   22   52    9.768987e-19   -3.692087e-21
   22   53    4.687185e-27   -5.525703e-29
   23   46    2.202099e-29   -2.006884e-29
   23   47    5.768862e-13   -1.134646e-16
   23   48    6.260470e-11   -1.671887e-17
   23   49    4.142389e-09    1.660036e-16
   23   50    9.530972e-10    0.000000e+00
   23   51    1.071016e-08    1.929697e-15
   23   52    1.543991e-12   -2.645374e-15
   23   53    8.294913e-15   -3.453233e-17
   23   54    5.166449e-22   -3.999325e-24
   23   55    7.879962e-27   -4.644850e-28
   24   48    1.549412e-13   -7.697421e-19
   24   49    1.462961e-12   -2.220364e-16
   24   50    2.013779e-08    0.000000e+00
   24   51    1.193413e-08   -1.842031e-15
   24   52    1.143113e-07    2.677437e-15
   24   53    4.972604e-10    3.453234e-17
   24   54    8.548654e-10    1.114208e-17
   24   55    7.135430e-16   -1.309861e-18
   24   56    1.499368e-18   -1.623620e-21
   24   57    3.180025e-27   -5.809921e-29
   25   51    5.959992e-13   -8.294450e-17
   25   52    4.016786e-11   -3.200230e-17
   25   53    3.162386e-09    7.984086e-17
   25   54    7.804095e-10   -1.114211e-17
   25   55    6.900019e-09    1.157758e-16
   25   56    6.216470e-13   -2.582219e-17
   25   57    6.815662e-15   -3.076623e-17
   25   58    5.298876e-23   -6.809085e-24
   25   59    8.957163e-26   -7.522875e-27
   26   52    4.388550e-15   -5.676996e-20
   26   53    1.058325e-13   -7.984087e-17
   26   54    2.328498e-08    3.308722e-23
   26   55    2.571339e-08   -1.129047e-16
   26   56    2.473077e-06    2.618094e-17
   26   57    1.036115e-08    1.398192e-16
   26   58    8.595220e-07    4.962817e-16
   26   59    4.933122e-12   -4.952364e-19
   26   60    1.293267e-13   -6.058452e-28
   26   61    2.022330e-21   -2.171598e-24
   26   62    2.951155e-24   -1.673038e-26
   27   55    2.555584e-13   -1.561282e-18
   27   56    6.181718e-12   -3.544165e-19
   27   57    6.647693e-09   -1.082445e-16
   27   58    7.878804e-09   -5.021522e-16
   27   59    9.587827e-07    5.251604e-19
   27   60    3.292677e-10   -7.646633e-19
   27   61    1.043408e-10   -6.771587e-15
   27   62    2.314509e-16   -9.913835e-19
   27   63    1.858368e-18   -2.614588e-20
   28   56    3.921752e-15   -2.879600e-21
   28   57    2.684554e-13   -8.085104e-19
   28   58    2.313688e-07    5.870521e-18
   28   59    1.861313e-07    5.193371e-20
   28   60    5.484038e-06    3.415237e-18
   28   61    3.382188e-08    6.955168e-15
   28   62    7.957241e-06    2.980555e-15
   28   63    3.037749e-10   -1.056429e-20
   28   64    9.625948e-08    5.443346e-16
   28   65    6.229561e-14   -2.650651e-18
   28   66    3.615709e-15   -7.075224e-21
   28   67    5.916045e-23   -1.086014e-24
   28   68    5.772926e-26   -7.674003e-28
   29   58    1.856333e-27   -2.236307e-28
   29   59    1.729951e-17   -8.182745e-20
   29   60    9.763828e-15   -2.650658e-18
   29   61    5.714614e-12   -1.835809e-16
   29   62    4.482875e-12   -2.979440e-15
   29   63    1.288806e-08    6.694088e-17
   29   64    1.049260e-10   -8.850901e-16
   29   65    1.332875e-07    4.986086e-17
   29   66    3.380072e-12   -4.244354e-15
   29   67    8.422393e-13   -1.456037e-18
   29   68    2.447796e-19   -3.053798e-21
   29   69    2.035912e-21   -4.589720e-24
   29   70    4.094777e-30   -3.547288e-32
   29   71    1.556486e-28   -3.092904e-30
   30   60    1.244585e-22   -3.355148e-25
   30   61    7.314073e-20   -3.164515e-22
   30   62    1.057820e-14   -1.231993e-19
   30   63    4.009065e-13   -6.690417e-17
   30   64    9.048498e-08    3.407555e-16
   30   65    2.584014e-09   -4.697158e-17
   30   66    3.791018e-06    4.244408e-15
   30   67    5.461909e-10    1.227694e-16
   30   68    4.839820e-07    7.420816e-16
   30   69    1.067281e-12   -1.217274e-16
   30   70    3.158086e-13    3.248194e-18
   30   71    3.678897e-20   -9.647688e-23
   30   72    2.973311e-21   -6.863287e-27
   30   73    2.317432e-29   -3.801585e-31
   30   74    4.318083e-28   -1.741228e-30
   31   63    2.619242e-27   -3.116424e-29
   31   64    3.711935e-22   -9.056640e-25
   31   65    5.644970e-16   -2.386121e-19
   31   66    4.138527e-15   -4.662339e-20
   31   67    8.874496e-11   -1.213039e-16
   31   68    7.815400e-12   -7.361321e-16
   31   69    1.094176e-08    2.133503e-16
   31   70    2.609840e-12   -7.922036e-16
   31   71    1.213857e-11    1.491535e-16
   31   72    4.948471e-17   -3.754975e-22
   31   73    3.481537e-17   -7.669096e-22
   31   74    5.110600e-23   -4.045281e-26
   31   75    1.961828e-24   -6.002232e-27
   31   77    1.576182e-27   -4.603164e-29
   32   65    4.199688e-28   -5.238893e-30
   32   66    5.371369e-19   -2.543806e-23
   32   67    2.770205e-17   -9.450531e-21
   32   68    3.609705e-10   -5.946524e-18
   32   69    3.351092e-11   -9.162293e-17
   32   70    4.330816e-07    7.889557e-16
   32   71    3.822464e-10   -1.485584e-16
   32   72    7.797118e-07    1.127613e-19
   32   73    6.536468e-11    2.232240e-17
   32   74    1.197361e-08    1.065152e-18
   32   75    1.082759e-13   -8.398448e-18
   32   76    1.093106e-13    8.831530e-18
   32   77    7.485966e-20   -7.090040e-25
   32   78    8.444871e-22   -6.165723e-26
   32   79    2.260822e-29   -4.587099e-31
   32   80    2.701249e-29   -3.529951e-31
   33   68    1.346634e-27   -3.415322e-30
   33   69    7.100119e-20   -3.001211e-23
   33   70    2.127705e-18   -2.595489e-22
   33   71    3.627105e-13   -5.949400e-19
   33   72    2.728594e-14    2.169544e-18
   33   73    4.018371e-10    1.496954e-17
   33   74    6.446969e-12   -1.613866e-18
   33   75    9.671326e-09    4.665680e-17
   33   76    2.133404e-12   -1.753419e-17
   33   77    8.235426e-11   -2.267706e-16
   33   78    5.607526e-16   -3.973687e-20
   33   79    7.860373e-17   -5.601092e-20
   33   80    5.809303e-23   -1.473343e-24
   33   81    8.486522e-25   -9.824475e-27
   33   83    1.409726e-29   -4.055585e-31
   34   70    1.107353e-22   -1.728270e-26
   34   71    6.738668e-20   -9.146998e-23
   34   72    4.297398e-12   -2.281923e-18
   34   73    2.486180e-12   -3.729117e-17
   34   74    4.459685e-08    5.487251e-19
   34   75    1.022241e-09   -3.793365e-17
   34   76    1.934507e-07    8.797178e-18
   34   77    2.075507e-10    2.638787e-16
   34   78    3.858662e-08    3.542917e-16
   34   79    4.974507e-12    5.601071e-20
   34   80    1.149544e-11    1.111195e-16
   34   81    2.127997e-16   -7.390465e-20
   34   82    1.107874e-16    2.320555e-18
   34   83    4.918010e-24   -1.414438e-27
   34   84    4.669431e-26   -9.183998e-29
   35   73    8.286981e-23   -1.566001e-25
   35   74    3.960474e-20   -1.004440e-23
   35   75    4.885291e-15   -3.247024e-19
   35   76    1.429403e-14   -4.200708e-20
   35   77    1.973363e-11   -3.411220e-17
   35   78    3.556676e-13   -3.542874e-16
   35   79    1.275834e-09    2.412342e-16
   35   80    3.681230e-12   -1.338782e-15
   35   81    1.057385e-09    7.392244e-20
   35   82    7.649809e-13   -4.642501e-18
   35   83    2.202465e-13   -9.826977e-18
   35   84    2.048968e-18   -4.135492e-22
   35   85    8.884290e-20   -1.968328e-22
   35   86    5.173193e-29   -3.619357e-31
   35   87    2.014793e-30   -1.358180e-32
   36   74    1.258309e-25   -7.030183e-29
   36   75    5.259933e-22   -7.889899e-25
   36   76    7.259760e-15   -5.250753e-20
   36   77    3.466004e-14   -2.995837e-18
   36   78    1.012306e-09    3.542815e-20
   36   79    7.884306e-11   -2.412281e-16
   36   80    2.882820e-08    1.227974e-15
   36   81    3.319193e-10    5.663906e-18
   36   82    7.341527e-08    2.956878e-16
   36   83    1.580990e-10    2.639007e-17
   36   84    3.603572e-08    1.936794e-18
   36   85    7.228296e-12   -8.023150e-21
   36   86    2.423396e-09    4.310025e-21
   36   87    3.724281e-17   -3.134736e-21
   36   88    1.351708e-22   -5.108646e-27
   37   77    1.575283e-25   -2.687041e-28
   37   78    2.205848e-23   -8.022086e-27
   37   79    2.174509e-17   -6.118773e-21
   37   80    2.698346e-17   -3.114093e-19
   37   81    2.424179e-13   -5.662132e-18
   37   82    5.745578e-14   -2.932367e-16
   37   83    3.200792e-10   -1.522459e-17
   37   84    1.484422e-11   -2.014962e-18
   37   85    1.646888e-08    3.659083e-18
   37   86    3.461436e-10   -8.287353e-17
   37   87    4.902137e-09    3.135015e-21
   37   88    1.233831e-15   -4.445238e-19
   37   89    1.724958e-20   -7.315396e-24
   37   90    2.921050e-28   -7.126983e-31
   38   78    4.617595e-29   -1.112550e-31
   38   79    8.079670e-26   -2.307189e-28
   38   80    5.219729e-19   -3.153906e-23
   38   81    6.228998e-18   -1.791996e-21
   38   82    7.332124e-13   -1.290685e-19
   38   83    4.062218e-13   -1.338506e-18
   38   84    3.508296e-10    7.858495e-20
   38   85    5.303513e-11   -3.638788e-18
   38   86    3.854948e-09    8.288127e-17
   38   87    3.941679e-10    3.176633e-18
   38   88    6.279821e-08    9.168470e-19
   38   89    1.316566e-13   -1.160665e-20
   38   90    1.900979e-17   -8.034385e-27
   38   91    1.899654e-24   -2.110345e-29
   38   92    1.387379e-29   -5.582807e-34
   39   82    2.723318e-28   -1.264865e-29
   39   83    9.622402e-22   -8.728116e-25
   39   84    1.901861e-21   -3.085018e-25
   39   85    3.022932e-16   -1.207597e-20
   39   86    1.660212e-15   -1.192685e-20
   39   87    2.365078e-12   -3.170497e-18
   39   88    1.128403e-11   -4.126312e-19
   39   89    7.698976e-09    3.641519e-18
   39   90    1.491718e-13   -2.489396e-19
   39   91    6.088688e-17   -4.638640e-24
   39   92    1.441015e-22   -4.374105e-27
   39   93    6.363544e-27   -6.702712e-32
   40   84    3.423307e-24   -8.514122e-28
   40   85    5.370879e-23   -4.386622e-26
   40   86    1.932988e-17   -1.254443e-22
   40   87    9.630320e-17   -6.136304e-21
   40   88    1.116339e-12   -5.968739e-20
   40   89    2.655401e-12   -3.629884e-18
   40   90    4.818991e-09    2.491228e-19
   40   91    8.125746e-13    1.777126e-23
   40   92    4.078905e-15    4.374234e-27
   40   93    7.040886e-20    6.649273e-32
   40   94    5.118885e-23    1.373859e-34
   40   95    1.812986e-28   -1.263854e-35
   41   87    1.460434e-27   -2.502215e-30
   41   88    1.210855e-24   -5.346584e-28
   41   89    3.805236e-19   -2.006636e-23
   41   90    2.502629e-17   -9.026620e-23
   41   91    7.324064e-13    2.359544e-19
   41   92    1.115636e-15   -8.761176e-18
   41   93    6.937460e-17    5.062628e-24
   41   94    8.747003e-21   -5.260196e-33
   41   95    3.117677e-23   -3.979587e-30
   41   96    6.025841e-28   -2.762073e-33
   41   97    1.544048e-27   -1.374665e-31
   42   88    3.905116e-29   -3.136305e-32
   42   89    3.162501e-25   -9.599559e-28
   42   90    4.832479e-18   -9.314616e-23
   42   91    5.686470e-16   -2.359675e-19
   42   92    1.413892e-10    8.761176e-18
   42   93    1.654776e-12    8.394375e-21
   42   94    1.791375e-12    4.627130e-20
   42   95    8.961485e-16    3.957885e-19
   42   96    6.002988e-17    3.838066e-22
   42   97    1.600987e-21    3.151827e-30
   42   98    9.013941e-24    2.906060e-33
   42   99    2.353475e-30   -3.812190e-36
   43   91    2.382242e-28   -4.884888e-31
   43   92    3.669258e-24   -5.469090e-27
   43   93    2.157046e-16   -8.397019e-21
   43   94    2.112588e-15    2.049420e-17
   43   95    7.391907e-14    3.824202e-17
   43   96    3.683845e-16   -4.024434e-22
   43   97    1.039992e-15    1.605475e-18
   43   98    1.566942e-19   -4.574084e-34
   43   99    7.780948e-21   -4.468759e-34
   43  100    2.273412e-26   -5.654050e-28
   43  101    1.753565e-27   -8.038004e-31
   43  102    1.267371e-30   -9.253263e-32
   43  103    1.055706e-27   -7.508763e-30
   44   92    4.427587e-26   -7.793730e-29
   44   93    3.745868e-22   -2.418835e-24
   44   94    1.657090e-13   -2.054047e-17
   44   95    5.923449e-13   -3.863780e-17
   44   96    4.083009e-11    1.885067e-23
   44   97    1.020312e-12   -1.598565e-18
   44   98    1.587410e-11    2.639253e-19
   44   99    1.808145e-14    3.992514e-20
   44  100    2.377206e-14    1.865158e-20
   44  101    9.749643e-19    2.973203e-22
   44  102    5.379580e-20    3.993110e-25
   44  103    1.653365e-25    7.489962e-30
   44  104    3.402753e-25    8.365428e-27
   44  105    1.434822e-29   -3.456874e-34
   45   95    7.335116e-24   -9.394334e-27
   45   96    3.261330e-22   -1.721090e-25
   45   97    3.298125e-17   -6.677712e-21
   45   98    3.580618e-16    9.376601e-18
   45   99    1.439543e-13    6.737023e-17
   45  100    3.623790e-15    7.019216e-17
   45  101    8.020978e-14    4.391306e-17
   45  102    2.377125e-17   -5.119447e-25
   45  103    1.076012e-17    6.858488e-20
   45  104    2.039823e-22   -1.858986e-24
   45  105    1.430528e-23   -4.342045e-29
   45  106    3.124352e-29   -4.001447e-31
   45  107    5.616015e-27   -1.665368e-30
   45  108    1.085987e-30   -2.491956e-32
   46   96    1.251614e-23   -3.954914e-26
   46   97    1.120578e-19   -2.322490e-22
   46   98    2.650837e-14   -9.640526e-18
   46   99    2.238267e-13   -6.741016e-17
   46  100    5.719076e-11   -7.021081e-17
   46  101    3.474358e-12   -4.391316e-17
   46  102    9.740055e-11    2.459010e-20
   46  103    2.615335e-13    4.876404e-18
   46  104    1.814850e-12    7.807694e-18
   46  105    3.331718e-16    1.002518e-19
   46  106    9.305648e-17    5.289736e-19
   46  107    8.755310e-22    1.665366e-30
   46  108    8.765004e-22    2.283309e-23
   46  109    1.176597e-28   -9.200320e-34
   46  110    2.613711e-27    1.860422e-29
   47   99    7.071486e-26   -2.198444e-28
   47  100    8.129361e-24   -2.589182e-26
   47  101    3.424717e-19   -1.976413e-22
   47  102    4.937154e-17    3.452480e-19
   47  103    5.054011e-14    4.381273e-18
   47  104    8.405186e-14    2.242372e-15
   47  105    9.284107e-13    3.811507e-16
   47  106    1.985855e-15   -5.342898e-19
   47  107    3.766767e-15    4.796085e-17
   47  108    2.971875e-19   -8.011599e-22
   47  109    5.530770e-20    3.552209e-22
   47  110    3.957304e-25   -6.201413e-27
   47  111    1.842750e-26   -1.103038e-32
   47  112    3.811347e-28   -1.300244e-32
   47  113    2.063444e-27   -4.121434e-32
   48  100    1.022391e-27   -8.027152e-30
   48  101    1.250897e-22   -5.909585e-25
   48  102    3.165937e-16   -3.698380e-19
   48  103    1.059636e-14   -9.326262e-18
   48  104    2.019621e-11   -2.250179e-15
   48  105    3.293300e-12   -3.812509e-16
   48  106    2.661941e-10    5.339141e-21
   48  107    2.911229e-12   -4.783300e-17
   48  108    5.733079e-11    1.304730e-18
   48  109    3.676607e-14    2.365300e-17
   48  110    7.665104e-14    6.177302e-18
   48  111    2.446944e-17    6.142582e-19
   48  112    3.095776e-18    6.270903e-20
   48  113    6.764862e-24    4.121434e-32
   48  114    1.336691e-23    3.452240e-25
   48  116    1.100931e-27    0.000000e+00
   49  103    2.572335e-29   -1.525593e-31
   49  104    2.598967e-26   -9.276916e-29
   49  105    6.820802e-22   -8.649393e-25
   49  106    2.213012e-20    2.008979e-22
   49  107    6.433480e-16   -9.006179e-20
   49  108    1.177109e-14    2.618978e-16
   49  109    9.203662e-13    4.165356e-17
   49  110    2.820344e-13    7.966397e-15
   49  111    3.856022e-13    1.907065e-15
   49  112    2.608513e-16   -1.119805e-19
   49  113    1.466362e-16    6.441047e-20
   49  114    1.287766e-20   -6.904517e-23
   49  115    3.154813e-21    1.128475e-36
   49  116    1.532076e-26   -4.187913e-28
   49  117    2.580517e-26   -3.840867e-30
   49  118    4.976201e-28   -3.836668e-29
   49  119    6.257181e-26   -1.675092e-28
   49  120    1.207781e-30   -1.511689e-31
   50  105    1.377187e-28   -1.623400e-30
   50  106    6.677150e-20   -2.238310e-22
   50  107    1.705170e-17   -3.777831e-20
   50  108    4.219411e-13   -2.632018e-16
   50  109    1.829612e-13   -6.530692e-17
   50  110    3.060791e-10   -7.972574e-15
   50  111    1.049094e-11   -1.907679e-15
   50  112    4.433576e-10    4.927220e-20
   50  113    1.660819e-12   -6.438851e-20
   50  114    4.269129e-11    7.975184e-23
   50  115    2.229945e-14    1.327699e-20
   50  116    8.864490e-13    1.325405e-20
   50  117    5.415293e-17    3.303957e-19
   50  118    6.913222e-17    6.846444e-20
   50  119    5.663372e-20    1.635817e-21
   50  120    7.269013e-22    2.003383e-23
   50  121    7.230201e-29   -2.864493e-34
   50  122    5.297597e-27    1.188535e-32
   51  109    4.708558e-30   -1.067731e-31
   51  110    4.305732e-27   -7.216751e-29
   51  111    1.932676e-23   -9.933963e-26
   51  112    9.982387e-23   -7.486818e-25
   51  113    2.279212e-20   -2.196581e-23
   51  114    5.993383e-21   -3.455447e-24
   51  115    6.647113e-17   -1.309788e-20
   51  116    3.259369e-17    7.867119e-19
   51  117    8.656246e-15   -2.741434e-19
   51  118    3.836132e-17    8.571892e-19
   51  119    5.813704e-16    2.026071e-20
   51  120    4.952603e-20   -2.014059e-23
   51  121    3.146039e-20    3.992306e-22
   51  122    3.006352e-25   -4.931450e-31
   51  123    1.459530e-26    0.000000e+00
   51  124    4.439223e-28   -3.290940e-35
   51  125    5.479857e-27   -2.425310e-35
   52  113    2.337224e-29   -8.833296e-32
   52  114    1.797803e-20   -7.599291e-24
   52  115    1.616821e-19   -1.791037e-22
   52  116    1.859328e-14   -7.999659e-19
   52  117    5.428232e-16   -5.625227e-20
   52  118    1.243755e-12   -9.256324e-19
   52  119    3.283186e-15    1.274970e-20
   52  120    4.330407e-12    7.252673e-20
   52  121    1.719053e-15    7.307474e-18
   52  122    7.262128e-15    1.635068e-17
   52  123    1.017879e-17    2.891114e-19
   52  124    7.047854e-20    1.800382e-23
   52  125    2.986249e-23    9.904064e-25
   52  126    3.313635e-26    1.600864e-28
   52  127    8.450771e-29   -9.666669e-34
   53  117    4.669126e-24   -1.308149e-26
   53  118    4.535099e-20    2.148269e-22
   53  119    1.033544e-16   -1.329934e-20
   53  120    9.218661e-16    2.534187e-17
   53  121    1.446415e-13    2.291320e-18
   53  122    9.246308e-15    2.454849e-16
   53  123    3.569834e-14    3.553899e-17
   53  124    1.685886e-17   -1.821462e-23
   53  125    1.317937e-17    1.154480e-19
   53  126    8.825393e-22   -3.037702e-28
   53  127    3.650531e-22    9.227653e-24
   53  128    1.937857e-27   -4.636650e-31
   53  129    5.172518e-26   -4.591775e-41
   53  130    5.667565e-28   -4.909566e-33
   54  117    7.152065e-26   -4.519726e-28
   54  118    1.396363e-19   -2.360956e-22
   54  119    1.927046e-17   -2.134689e-20
   54  120    1.582226e-13   -2.541440e-17
   54  121    6.001091e-14   -9.599194e-18
   54  122    4.917607e-11   -2.618354e-16
   54  123    6.961176e-13   -3.582660e-17
   54  124    9.872692e-12    2.058376e-18
   54  125    1.820901e-14    5.802633e-19
   54  126    1.618181e-13    5.310470e-17
   54  127    7.516558e-17    6.635214e-19
   54  128    4.992589e-17    8.756868e-19
   54  129    4.299087e-20    1.297114e-21
   54  130    1.024947e-21    2.567436e-23
   54  131    5.146074e-25    1.691165e-26
   54  132    2.692553e-26    1.402778e-30
   54  133    1.016146e-29   -8.647023e-36
   54  134    9.489190e-26    0.000000e+00
   54  135    6.392656e-29   -7.490803e-34
   55  121    3.018269e-25    3.465782e-27
   55  122    6.778863e-21    1.301083e-22
   55  123    1.374051e-18    1.732277e-21
   55  124    1.649907e-16    3.752172e-18
   55  125    5.053174e-15    5.819358e-18
   55  126    1.355508e-14    3.624196e-16
   55  127    3.872814e-14    1.106537e-16
   55  128    4.997432e-16    1.202731e-17
   55  129    3.869468e-16    1.930944e-18
   55  130    1.184450e-19   -2.609181e-23
   55  131    3.671892e-20    2.535315e-22
   55  132    2.076636e-24   -1.429512e-30
   55  133    6.276205e-25    5.981124e-27
   55  134    1.959334e-28   -1.158451e-36
   55  135    1.002382e-25    7.490798e-34
   55  136    1.184327e-30   -4.040507e-37
   55  137    1.771094e-26    0.000000e+00
   56  120    2.542730e-26    0.000000e+00
   56  121    3.248472e-25   -4.216454e-27
   56  122    7.690017e-20   -2.533756e-22
   56  123    1.358547e-18   -3.232835e-21
   56  124    9.947949e-15   -5.810547e-18
   56  125    3.346264e-15   -6.515070e-18
   56  126    6.467332e-12   -4.155243e-16
   56  127    2.200357e-13   -1.113172e-16
   56  128    7.029042e-12   -1.290220e-17
   56  129    4.024860e-14   -1.925495e-18
   56  130    6.925641e-13    2.772642e-19
   56  131    6.537631e-16    2.934975e-19
   56  132    3.786506e-15    2.766361e-20
   56  133    5.166754e-18    1.250802e-19
   56  134    1.500284e-18    6.448897e-20
   56  135    1.650907e-21    5.070331e-23
   56  136    1.608778e-22    2.793156e-24
   56  137    9.256750e-26    2.424493e-32
   56  138    2.246216e-23    8.581109e-37
   57  125    6.841813e-29   -4.070241e-31
   57  126    1.554717e-25    3.817448e-27
   57  127    1.190448e-22    2.132408e-25
   57  128    6.487164e-19    1.797501e-20
   57  129    1.217884e-17    4.217644e-20
   57  130    3.754382e-16    1.044907e-17
   57  131    2.697470e-15    3.029749e-18
   57  132    1.241485e-15    3.568837e-17
   57  133    4.574906e-15    1.299564e-18
   57  134    6.474018e-17    1.625321e-18
   57  135    9.232982e-18    3.332919e-20
   57  136    4.289347e-21   -2.793882e-24
   57  137    1.188647e-19    7.950070e-22
   57  138    2.880284e-22    0.000000e+00
   57  139    3.895448e-18    1.428708e-26
   57  140    8.010795e-27   -2.129769e-32
   58  126    5.050326e-25   -3.817448e-27
   58  127    3.203420e-23   -3.632135e-25
   58  128    1.149648e-17   -1.877912e-20
   58  129    2.665015e-17   -4.892207e-20
   58  130    3.811956e-14   -1.072633e-17
   58  131    5.327931e-15   -3.323500e-18
   58  132    1.167378e-12   -3.571603e-17
   58  133    2.150832e-14   -1.424264e-18
   58  134    1.196627e-12   -1.689810e-18
   58  135    5.515402e-15    1.869418e-19
   58  136    5.738293e-14    6.900329e-19
   58  137    6.681591e-17    5.032674e-19
   58  138    1.722431e-16    3.490918e-18
   58  139    4.410441e-19    1.316630e-20
   58  140    6.551550e-19    3.341308e-20
   58  141    2.613180e-28   -3.584998e-35
   59  131    2.069964e-25   -5.630984e-28
   59  132    6.144467e-22    1.475332e-23
   59  133    3.842958e-19    2.668235e-22
   59  134    2.674887e-17    7.067865e-19
   59  135    8.229899e-16    2.147291e-19
   59  136    1.406916e-15    3.915255e-17
   59  137    6.027839e-15    3.759752e-18
   59  138    7.878324e-16    2.047682e-17
   59  139    5.430532e-16    4.363699e-18
   59  140    1.759499e-17    4.559148e-19
   59  141    5.399200e-18    1.182821e-19
   59  142    2.063157e-25   -1.155994e-30
   59  143    4.307340e-30   -1.419253e-36
   59  144    1.121003e-30   -4.155254e-34
   60  129    1.557579e-30    0.000000e+00
   60  130    5.240776e-28    0.000000e+00
   60  131    2.093023e-26   -3.176622e-28
   60  132    4.199092e-21   -1.722071e-23
   60  133    1.174267e-19   -6.466851e-22
   60  134    9.350427e-16   -7.067865e-19
   60  135    8.396275e-16   -4.350507e-19
   60  136    3.141944e-13   -3.984259e-17
   60  137    2.554985e-14   -4.263814e-18
   60  138    1.125354e-12   -2.396387e-17
   60  139    2.020962e-14   -4.370464e-18
   60  140    3.693788e-13    3.037606e-18
   60  141    2.749181e-15    1.272717e-18
   60  142    2.448963e-14    3.089050e-17
   60  143    2.539184e-20    2.693991e-22
   60  144    1.957135e-24    1.037416e-27
   60  145    1.098039e-30    3.138626e-32
   61  135    4.056357e-30    0.000000e+00
   61  136    1.390354e-27    0.000000e+00
   61  137    8.872107e-23   -1.546897e-25
   61  138    1.002408e-19    1.195221e-21
   61  139    4.135046e-18    1.701129e-20
   61  140    8.417097e-17    9.788206e-19
   61  141    4.510362e-15    3.141053e-19
   61  142    3.245295e-15    6.667377e-17
   61  143    1.600386e-14    8.732547e-17
   61  144    8.449734e-20   -3.105039e-26
   61  145    4.551346e-23    7.133598e-25
   61  146    2.912859e-29   -2.181688e-38
   61  147    7.178660e-29   -3.342410e-37
   62  135    1.134384e-30    0.000000e+00
   62  136    6.790671e-26    0.000000e+00
   62  137    9.667966e-24   -8.282296e-26
   62  138    2.441157e-18   -5.059498e-21
   62  139    9.353128e-18   -2.341311e-20
   62  140    1.039070e-14   -4.505755e-18
   62  141    2.706944e-15   -1.705105e-18
   62  142    1.100914e-12   -9.756428e-17
   62  143    1.189261e-13   -8.732574e-17
   62  144    2.342304e-12    8.398226e-24
   62  145    5.440301e-17   -6.721717e-25
   62  146    4.344615e-20    8.033500e-29
   62  147    1.800405e-25    2.065848e-31
   62  148    8.445555e-29    0.000000e+00
   63  141    1.206779e-28   -1.143034e-30
   63  142    3.813789e-29   -6.283001e-30
   63  143    2.628268e-23   -6.218194e-26
   63  144    2.214179e-22   -8.828230e-26
   63  145    5.470436e-20    5.732446e-24
   63  146    8.293824e-23    2.144116e-24
   63  147    1.114654e-24    3.252383e-26
   64  142    1.621346e-26    0.000000e+00
   64  143    3.222750e-25   -3.185546e-27
   64  144    5.756274e-21   -8.280015e-24
   64  145    2.066824e-20   -5.773634e-24
   64  146    2.319309e-17   -2.144196e-24
   64  147    1.155907e-20   -3.252404e-26
   64  148    6.450282e-25    5.105043e-36
   64  149    5.796323e-29   -1.198054e-40
   65  147    4.667949e-30   -3.050002e-34
    1    1    2.291430e-28    7.501874e-29
    2    4    7.250188e-18   -4.574145e-22
