2.2344e+00
5.1728e-02
1.0711e+00
3.1296e+04
    1    3    2.800585e-22   -2.945864e-32
    2    3    1.261663e-22    2.631854e-32
    3    6    6.366614e-30   -2.267423e-39
    4   10    1.051860e-26   -4.964857e-40
    5   10    3.707378e-26   -4.924093e-36
    5   11    4.172132e-17    5.428414e-23
    6   11    1.849290e-18   -5.434994e-23
    6   12    1.538508e-05   -9.070706e-17
    6   13    2.820527e-15    9.006869e-24
    6   14    3.351326e-13   -1.825613e-25
    7   13    2.068098e-21   -5.792478e-23
    7   14    7.030088e-11   -1.887006e-24
    7   15    8.537193e-14    6.510347e-17
    8   14    1.277333e-27   -6.485907e-31
    8   15    2.215175e-13   -6.510348e-17
    8   16    5.224725e-02   -4.163336e-17
    8   17    1.180730e-13    7.510513e-20
    8   18    3.996824e-16    1.169775e-21
    8   19    2.875391e-28   -3.832639e-31
    9   17    9.715210e-24   -2.261828e-24
    9   18    2.149953e-16   -1.168582e-21
    9   19    1.528653e-17    9.004168e-24
    9   20    5.464902e-23   -1.765277e-25
    9   21    5.869251e-24   -5.058755e-26
   10   18    1.361970e-30   -2.924189e-32
   10   19    4.297761e-21   -8.958376e-24
   10   20    8.444343e-07    6.414390e-17
   10   21    4.640116e-11    5.264229e-23
   10   22    9.906007e-11    2.454926e-20
   10   23    2.568347e-19   -2.475512e-22
   10   24    2.583660e-20   -4.563441e-24
   11   21    3.480508e-20   -3.169190e-23
   11   22    5.623244e-11   -2.455604e-20
   11   23    8.239995e-08    2.722097e-11
   11   24    1.156815e-12   -7.680663e-19
   11   25    3.897865e-16   -2.364799e-19
   11   26    6.727765e-25   -2.254452e-26
   12   22    6.893068e-24   -6.369928e-26
   12   23    8.578858e-09   -2.722095e-11
   12   24    8.040191e-04    2.168404e-18
   12   25    3.131135e-07    3.670829e-19
   12   26    1.371328e-06    8.154108e-14
   12   27    1.823539e-12   -1.153149e-16
   12   28    8.503803e-15   -4.049432e-21
   12   29    2.297683e-28   -6.337249e-30
   13   24    5.128973e-25   -2.105120e-26
   13   25    1.040082e-17    1.183627e-19
   13   26    2.005549e-09   -8.154061e-14
   13   27    7.112595e-05    9.843527e-10
   13   28    1.680089e-08   -4.495545e-12
   13   29    4.203723e-11   -3.825540e-15
   13   30    3.820212e-19   -3.783840e-21
   13   31    2.926239e-24   -1.629220e-25
   14   26    3.807155e-17   -6.121419e-19
   14   27    1.139313e-07   -9.843526e-10
   14   28    3.415109e-03    4.495545e-12
   14   29    9.710365e-05    3.831421e-15
   14   30    4.109578e-04    8.990821e-13
   14   31    2.566597e-09   -9.748582e-15
   14   32    1.420244e-10   -1.085907e-21
   14   33    2.287525e-21   -1.342329e-23
   14   34    1.402099e-24   -1.814904e-26
   15   28    3.257917e-23   -1.159684e-24
   15   29    9.529460e-16   -7.604460e-18
   15   30    3.761345e-09   -8.990914e-13
   15   31    4.124673e-05    1.195077e-10
   15   32    8.508693e-08   -2.480444e-15
   15   33    9.086952e-08   -1.487791e-15
   15   34    3.383667e-14   -9.784070e-17
   15   35    4.087390e-17   -3.098416e-20
   16   30    3.206729e-19   -9.743936e-21
   16   31    8.565244e-09   -1.194980e-10
   16   32    6.380062e-04    2.480546e-15
   16   33    2.102489e-05    1.487847e-15
   16   34    2.035908e-04    3.930712e-13
   16   35    1.060709e-08   -5.034086e-17
   16   36    4.034993e-08   -7.808585e-22
   16   37    3.568235e-19   -4.213604e-23
   16   38    3.830873e-21   -1.346636e-26
   17   32    2.177879e-26   -2.151621e-27
   17   33    5.480143e-18    8.708775e-21
   17   34    1.676886e-11   -3.929758e-13
   17   35    8.276883e-07    9.038000e-17
   17   36    8.435539e-08   -1.879354e-21
   17   37    1.088768e-07    2.370567e-15
   17   38    1.259693e-14   -2.025394e-19
   17   39    4.717790e-17   -5.019535e-22
   17   40    1.148411e-24   -5.083535e-28
   17   41    1.113581e-27   -1.039788e-30
   18   34    4.169311e-25   -1.769138e-26
   18   35    1.864386e-15   -3.755524e-17
   18   36    1.569443e-05    3.388132e-21
   18   37    2.003307e-07   -2.370568e-15
   18   38    8.524746e-06    5.038999e-17
   18   39    1.011319e-10    4.133706e-22
   18   40    2.629080e-10   -2.378144e-24
   18   41    2.510827e-16   -1.368181e-21
   18   42    2.070630e-17   -7.141102e-28
   18   43    5.655958e-25   -6.297992e-29
   18   44    1.963002e-26   -9.885422e-31
   19   37    1.524167e-21   -6.040736e-23
   19   38    6.415702e-13   -5.022631e-17
   19   39    3.649250e-08    2.425360e-19
   19   40    9.861907e-11    4.614117e-24
   19   41    1.559206e-10    1.398969e-21
   19   42    7.670778e-14   -6.194587e-20
   19   43    8.069930e-15   -3.603503e-21
   19   44    6.470457e-19   -1.744361e-23
   19   45    1.440538e-20   -4.827183e-25
   19   46    1.074152e-25   -3.668021e-29
   19   47    3.491144e-28   -7.152962e-31
   20   38    1.087880e-28   -8.865103e-30
   20   39    4.844068e-18   -2.019602e-19
   20   40    1.377162e-07    0.000000e+00
   20   41    2.697962e-09   -2.688337e-23
   20   42    8.027262e-08    9.887786e-20
   20   43    7.525652e-10    8.382088e-19
   20   44    6.432529e-09    1.480273e-17
   20   45    6.326903e-12   -1.620232e-20
   20   46    8.258726e-12    2.437024e-19
   20   47    3.115540e-15   -2.849802e-22
   20   48    1.376051e-16   -3.944305e-31
   20   49    1.504157e-25   -1.031040e-29
   21   41    6.189632e-27   -9.557155e-28
   21   42    7.043873e-19   -3.708641e-20
   21   43    3.258738e-13   -8.344568e-19
   21   44    5.903705e-12   -1.480259e-17
   21   45    8.964672e-10    2.081976e-17
   21   46    4.920680e-11   -4.874043e-19
   21   47    2.807066e-11   -3.482339e-18
   21   48    2.638248e-13   -6.025261e-20
   21   49    1.663120e-14   -1.738529e-19
   21   50    1.731158e-21   -6.085390e-25
   21   51    3.703490e-27   -1.070886e-29
   22   43    6.293152e-26   -4.433062e-27
   22   44    6.833536e-12   -1.296412e-22
   22   45    6.440281e-12   -2.080355e-17
   22   46    2.417526e-08    2.562969e-19
   22   47    7.429834e-09    1.410133e-17
   22   48    4.875238e-08    1.686853e-18
   22   49    8.735211e-10    5.385469e-18
   22   50    2.840140e-09   -4.135903e-25
   22   51    4.388421e-15   -4.547651e-19
   22   52    1.099798e-18   -3.866029e-22
   22   53    6.776603e-27   -7.430485e-30
   23   45    1.766763e-28   -1.291589e-29
   23   46    1.488038e-19   -1.261331e-20
   23   47    5.804591e-13   -1.061869e-17
   23   48    6.260522e-11   -1.555022e-18
   23   49    4.142383e-09    1.553864e-17
   23   50    9.530972e-10    2.688337e-24
   23   51    1.071010e-08    1.794976e-16
   23   52    1.629263e-12   -2.596349e-16
   23   53    9.451323e-15   -3.659622e-18
   23   54    6.583550e-22   -4.740059e-25
   23   55    4.839241e-26   -2.653105e-28
   24   47    1.873089e-25   -1.343202e-26
   24   48    1.549653e-13   -7.160487e-20
   24   49    1.469948e-12   -2.075023e-17
   24   50    2.013779e-08    1.224227e-22
   24   51    1.193419e-08   -1.712944e-16
   24   52    1.143112e-07    2.626172e-16
   24   53    4.972592e-10    3.659641e-18
   24   54    8.548650e-10    1.036326e-18
   24   55    7.558456e-16   -1.290528e-19
   24   56    1.551197e-18   -1.562330e-22
   24   57    5.623588e-27   -9.556147e-30
   24   58    1.262444e-30   -6.466504e-33
   25   49    1.661537e-28   -1.421952e-29
   25   50    1.062499e-21   -1.346157e-22
   25   51    5.986087e-13   -7.748443e-18
   25   52    4.016887e-11   -2.976605e-18
   25   53    3.162383e-09    7.603936e-18
   25   54    7.804099e-10   -1.036326e-18
   25   55    6.900016e-09    1.077553e-17
   25   56    6.224581e-13   -2.404848e-18
   25   57    7.851635e-15   -3.296522e-18
   25   58    2.544034e-21   -3.040587e-23
   25   59    1.165157e-24   -9.101806e-27
   26   51    1.141362e-27   -1.341766e-28
   26   52    4.390333e-15   -5.282319e-21
   26   53    1.083683e-13   -7.603928e-18
   26   54    2.328498e-08   -6.617445e-24
   26   55    2.571339e-08   -1.050125e-17
   26   56    2.473077e-06    2.437761e-18
   26   57    1.036115e-08    1.343998e-17
   26   58    8.595220e-07    4.615906e-17
   26   59    4.933138e-12   -4.589253e-20
   26   60    1.293267e-13    1.110716e-27
   26   61    2.091641e-21   -2.088937e-25
   26   62    3.524833e-24   -1.858583e-27
   27   54    5.341834e-24   -9.923985e-25
   27   55    2.556075e-13   -1.452422e-19
   27   56    6.181729e-12   -3.296376e-20
   27   57    6.647697e-09   -1.006775e-17
   27   58    7.878820e-09   -4.670529e-17
   27   59    9.587827e-07    4.870439e-20
   27   60    3.292678e-10   -7.088809e-20
   27   61    1.045536e-10   -6.311097e-16
   27   62    2.647127e-16   -1.054598e-19
   27   63    2.884394e-18   -3.774468e-21
   27   64    5.040014e-27   -6.023716e-28
   27   65    1.295939e-29   -4.005725e-31
   28   55    1.035841e-30   -1.811726e-31
   28   56    3.921843e-15   -2.678377e-22
   28   57    2.684807e-13   -7.520667e-20
   28   58    2.313688e-07    5.458863e-19
   28   59    1.861313e-07    5.902761e-21
   28   60    5.484038e-06    3.176374e-19
   28   61    3.382166e-08    6.482044e-16
   28   62    7.957241e-06    2.830750e-16
   28   63    3.037749e-10    1.694790e-21
   28   64    9.625946e-08    5.064196e-17
   28   65    6.237888e-14   -2.468544e-19
   28   66    3.615931e-15   -6.581070e-22
   28   67    1.049027e-22   -1.791099e-25
   28   68    8.746463e-26   -1.081404e-28
   29   58    7.059787e-26   -7.907268e-28
   29   59    2.006419e-17   -8.825769e-21
   29   60    9.847390e-15   -2.486460e-19
   29   61    5.720380e-12   -1.709203e-17
   29   62    4.577372e-12   -2.829595e-16
   29   63    1.288806e-08    6.258980e-18
   29   64    1.049538e-10   -8.234401e-17
   29   65    1.332875e-07    4.637823e-18
   29   66    3.515921e-12   -4.106335e-16
   29   67    8.422850e-13   -1.354333e-19
   29   68    3.615454e-19   -4.195243e-22
   29   69    2.185105e-21   -4.581726e-25
   29   70    5.370320e-30   -4.327090e-33
   29   71    2.892554e-28   -5.346039e-31
   30   60    1.354397e-22   -3.395963e-26
   30   61    8.376516e-20   -3.370862e-23
   30   62    1.058207e-14   -1.146295e-20
   30   63    4.030123e-13   -6.255442e-18
   30   64    9.048497e-08    3.170198e-17
   30   65    2.584015e-09   -4.368462e-18
   30   66    3.791018e-06    4.106365e-16
   30   67    5.461870e-10    1.142133e-17
   30   68    4.839820e-07    6.922546e-17
   30   69    1.071109e-12   -1.136235e-17
   30   70    3.157062e-13    3.050070e-19
   30   71    3.994302e-20   -9.742534e-24
   30   72    2.973526e-21   -6.383986e-28
   30   73    3.867623e-29   -5.901080e-32
   30   74    4.899990e-28   -1.837763e-31
   31   63    3.799557e-27   -4.126655e-30
   31   64    4.007179e-22   -9.093386e-26
   31   65    5.720368e-16   -2.248922e-20
   31   66    4.139991e-15   -4.337946e-21
   31   67    8.874877e-11   -1.128292e-17
   31   68    7.838544e-12   -6.867203e-17
   31   69    1.094175e-08    1.988504e-17
   31   70    2.634827e-12   -7.438827e-17
   31   71    1.213389e-11    1.387294e-17
   31   72    4.949650e-17   -3.491442e-23
   31   73    3.483945e-17   -7.137960e-23
   31   74    5.239153e-23   -3.857119e-27
   31   75    2.159395e-24   -6.144879e-28
   31   77    3.907875e-27   -1.061501e-29
   32   65    6.202865e-28   -7.197603e-31
   32   66    5.379361e-19   -2.369514e-24
   32   67    2.800030e-17   -8.884573e-22
   32   68    3.609707e-10   -5.530873e-19
   32   69    3.351379e-11   -8.522579e-18
   32   70    4.330815e-07    7.408283e-17
   32   71    3.822510e-10   -1.381708e-17
   32   72    7.797118e-07    9.635000e-21
   32   73    6.536398e-11    2.077006e-18
   32   74    1.197361e-08    9.906150e-20
   32   75    1.085398e-13   -7.830354e-19
   32   76    1.090333e-13    8.216325e-19
   32   77    7.488192e-20   -6.590884e-26
   32   78    8.464249e-22   -5.747897e-27
   32   79    4.256298e-29   -8.032179e-32
   32   80    4.064031e-29   -4.939588e-32
   33   68    1.458139e-27   -3.438905e-31
   33   69    7.194953e-20   -2.827761e-24
   33   70    2.135869e-18   -2.423313e-23
   33   71    3.627291e-13   -5.533602e-20
   33   72    2.721782e-14    2.018189e-19
   33   73    4.018367e-10    1.393956e-18
   33   74    6.447020e-12   -1.501053e-19
   33   75    9.671324e-09    4.341388e-18
   33   76    2.133955e-12   -1.631207e-18
   33   77    8.236138e-11   -2.109376e-17
   33   78    5.620015e-16   -3.704044e-21
   33   79    8.038151e-17   -5.327400e-21
   33   80    1.279396e-22   -3.017968e-25
   33   81    1.218867e-24   -1.312398e-27
   33   83    3.448567e-29   -9.227565e-32
   34   70    1.112792e-22   -1.615358e-27
   34   71    7.031897e-20   -8.877826e-24
   34   72    4.297469e-12   -2.122452e-19
   34   73    2.487351e-12   -3.470086e-18
   34   74    4.459685e-08    5.086830e-20
   34   75    1.022243e-09   -3.527985e-18
   34   76    1.934507e-07    8.179427e-19
   34   77    2.075424e-10    2.454586e-17
   34   78    3.858661e-08    3.399895e-17
   34   79    4.974505e-12    5.358647e-21
   34   80    1.149193e-11    1.045389e-17
   34   81    2.151322e-16   -6.949211e-21
   34   82    3.792957e-17    2.158759e-19
   34   83    4.962604e-24   -1.326911e-28
   34   84    4.966637e-26   -9.085730e-30
   35   73    8.793152e-23   -1.545091e-26
   35   74    3.992130e-20   -9.416922e-25
   35   75    4.895495e-15   -3.026357e-20
   35   76    1.429535e-14   -3.906778e-21
   35   77    1.973470e-11   -3.172205e-18
   35   78    3.669619e-13   -3.399867e-17
   35   79    1.275826e-09    2.243934e-17
   35   80    3.723495e-12   -1.259497e-16
   35   81    1.057385e-09    6.946663e-21
   35   82    7.651267e-13   -4.318771e-19
   35   83    2.205552e-13   -9.152882e-19
   35   84    2.061992e-18   -3.870844e-23
   35   85    9.523726e-20   -1.962507e-23
   35   86    6.440579e-29   -4.191093e-32
   35   87    2.488464e-30   -1.560227e-33
   36   74    1.280570e-25   -6.654451e-30
   36   75    5.513421e-22   -7.692048e-26
   36   76    7.261408e-15   -4.884835e-21
   36   77    3.475421e-14   -2.793999e-19
   36   78    1.012306e-09    3.394336e-21
   36   79    7.885063e-11   -2.243877e-17
   36   80    2.882816e-08    1.155373e-16
   36   81    3.319191e-10    5.272904e-19
   36   82    7.341526e-08    3.223484e-17
   36   83    1.580982e-10    2.455921e-18
   36   84    3.603571e-08    1.801269e-19
   36   85    7.228296e-12   -7.304821e-22
   36   86    2.423396e-09    4.007690e-22
   36   87    3.734135e-17   -2.922399e-22
   36   88    1.353313e-22   -4.757121e-28
   37   77    1.661888e-25   -2.636312e-29
   37   78    2.231174e-23   -7.546776e-28
   37   79    2.193801e-17   -5.741556e-22
   37   80    3.871169e-17   -4.155458e-20
   37   81    2.425957e-13   -5.270198e-19
   37   82    6.742199e-14   -3.200693e-17
   37   83    3.200796e-10   -1.416031e-18
   37   84    1.484428e-11   -1.874101e-19
   37   85    1.646888e-08    3.402889e-19
   37   86    3.461462e-10   -7.708082e-18
   37   87    4.902137e-09    2.919948e-22
   37   88    1.247864e-15   -4.181431e-20
   37   89    1.748074e-20   -6.895217e-25
   37   90    3.153388e-28   -7.156055e-32
   38   78    4.980111e-29   -1.116020e-32
   38   79    8.836683e-26   -2.346975e-29
   38   80    5.229640e-19   -2.939018e-24
   38   81    6.285505e-18   -1.681855e-22
   38   82    7.332164e-13   -1.200474e-20
   38   83    4.062638e-13   -1.245073e-19
   38   84    3.508296e-10    7.307934e-21
   38   85    5.303525e-11   -3.384423e-19
   38   86    3.854945e-09    7.708843e-18
   38   87    3.941678e-10    2.954734e-19
   38   88    6.279821e-08    8.573562e-20
   38   89    1.316569e-13   -1.074597e-21
   38   90    1.900979e-17   -7.216598e-28
   38   91    1.900317e-24   -1.958207e-30
   38   92    1.389133e-29   -5.199133e-35
   39   82    1.144756e-27   -4.945253e-30
   39   83    9.900264e-22   -8.352429e-26
   39   84    1.911570e-21   -2.883993e-26
   39   85    3.026725e-16   -1.124595e-21
   39   86    1.660587e-15   -1.109567e-21
   39   87    2.365177e-12   -2.948992e-19
   39   88    1.128404e-11   -3.837902e-20
   39   89    7.698976e-09    3.387106e-19
   39   90    1.491796e-13   -2.315329e-20
   39   91    6.088703e-17   -4.310142e-25
   39   92    1.442389e-22   -4.071573e-28
   39   93    6.365648e-27   -6.236254e-33
   40   84    3.450138e-24   -7.981053e-29
   40   85    5.510334e-23   -4.185934e-27
   40   86    1.933382e-17   -1.166995e-23
   40   87    9.649603e-17   -5.718804e-22
   40   88    1.116341e-12   -5.551540e-21
   40   89    2.655515e-12   -3.376300e-19
   40   90    4.818991e-09    2.317098e-20
   40   91    8.125746e-13    3.032053e-24
   40   92    4.078905e-15    9.710878e-28
   40   93    7.040886e-20    1.800131e-30
   40   94    5.118885e-23    7.805282e-35
   40   95    1.812990e-28   -1.175513e-36
   41   87    1.541091e-27   -2.455834e-31
   41   88    1.227754e-24   -5.042257e-29
   41   89    3.811541e-19   -1.869455e-24
   41   90    2.502913e-17   -8.392347e-24
   41   91    7.323990e-13    2.223386e-20
   41   92    1.426630e-15   -1.042031e-18
   41   93    6.937444e-17    4.708845e-25
   41   94    8.747003e-21    1.910462e-31
   41   95    3.117690e-23   -3.701040e-31
   41   96    6.026708e-28   -2.569373e-34
   41   97    1.548370e-27   -1.282155e-32
   41   98    1.241348e-30   -1.556250e-32
   42   88    4.004801e-29   -2.991540e-33
   42   89    3.478356e-25   -9.820290e-29
   42   90    4.835404e-18   -8.668768e-24
   42   91    5.761023e-16   -2.223508e-20
   42   92    1.413888e-10    1.042031e-18
   42   93    1.654776e-12    7.818446e-22
   42   94    1.791374e-12    2.990059e-21
   42   95    8.838220e-16    3.621375e-20
   42   96    6.001783e-17    3.569907e-23
   42   97    1.600986e-21    3.631689e-31
   42   98    9.013940e-24    1.556964e-32
   42   99    2.353594e-30   -3.545898e-37
   43   91    2.540529e-28   -4.845313e-32
   43   92    3.844933e-24   -5.329698e-28
   43   93    2.159684e-16   -7.819115e-22
   43   94    1.467752e-15    1.914928e-18
   43   95    7.271720e-14    3.564855e-18
   43   96    3.683972e-16   -3.743172e-23
   43   97    9.895891e-16    1.493325e-19
   43   98    1.566942e-19    9.864397e-30
   43   99    7.780948e-21    2.652668e-33
   43  100    4.931389e-26   -1.140723e-28
   43  101    1.778978e-27   -7.584492e-32
   43  102    1.188178e-29   -8.068674e-32
   43  103    1.319124e-27   -8.726513e-31
   44   92    4.678996e-26   -7.660560e-30
   44   93    4.585667e-22   -2.754139e-25
   44   94    1.663551e-13   -1.917918e-18
   44   95    5.935591e-13   -3.601068e-18
   44   96    4.083009e-11    1.654361e-24
   44   97    1.020362e-12   -1.486856e-19
   44   98    1.587410e-11    4.019319e-21
   44   99    1.808021e-14    3.658658e-21
   44  100    2.377165e-14    6.797725e-22
   44  101    9.657088e-19    2.717843e-23
   44  102    5.378326e-20    3.714003e-26
   44  103    1.650736e-25    8.709977e-31
   44  104    3.729389e-26    1.034889e-27
   44  105    1.435908e-29   -3.217671e-35
   45   95    7.635917e-24   -9.095981e-28
   45   96    3.315278e-22   -1.595030e-26
   45   97    3.319133e-17   -6.237365e-22
   45   98    5.862760e-17    9.029408e-19
   45   99    1.418295e-13    6.325715e-18
   45  100    1.419977e-15    6.529879e-18
   45  101    7.883091e-14    4.085975e-18
   45  102    2.377127e-17   -4.672900e-26
   45  103    8.607600e-18    6.375351e-21
   45  104    2.713116e-22   -2.299754e-25
   45  105    1.430664e-23   -4.038915e-30
   45  106    4.662624e-29   -5.554144e-32
   45  107    5.668536e-27   -1.563444e-31
   45  108    2.219723e-30   -4.737443e-33
   46   96    1.381996e-23   -4.061654e-27
   46   97    1.195860e-19   -2.305269e-23
   46   98    2.681272e-14   -9.069601e-19
   46   99    2.259527e-13   -6.329374e-18
   46  100    5.719296e-11   -6.530559e-18
   46  101    3.475737e-12   -4.085983e-18
   46  102    9.740055e-11    1.770968e-21
   46  103    2.613807e-13    4.522685e-19
   46  104    1.814705e-12    1.160645e-19
   46  105    3.300444e-16    9.204036e-21
   46  106    7.638118e-17    4.961712e-20
   46  107    8.755310e-22    3.794701e-31
   46  108    1.291818e-22    2.311086e-24
   46  109    1.176886e-28   -8.559318e-35
   46  110    1.864198e-27    2.822825e-30
   47   99    7.795671e-26   -2.254179e-29
   47  100    8.983249e-24   -2.661019e-27
   47  101    3.487304e-19   -1.871079e-23
   47  102    3.823770e-17    3.391171e-20
   47  103    5.039837e-14    4.330871e-19
   47  104    1.343364e-14    2.099064e-16
   47  105    9.164236e-13    3.558004e-17
   47  106    2.002698e-15   -5.011575e-20
   47  107    2.260714e-15    4.463139e-18
   47  108    3.234092e-19   -8.109059e-23
   47  109    4.426613e-20    3.237228e-23
   47  110    6.455685e-25   -9.409420e-28
   47  111    1.842784e-26   -1.025955e-33
   47  112    3.815431e-28   -1.210653e-33
   47  113    2.064739e-27   -3.835750e-33
   48  100    1.307321e-27   -9.546771e-31
   48  101    1.450545e-22   -6.373767e-26
   48  102    3.284151e-16   -3.568306e-20
   48  103    1.089314e-14   -8.917305e-19
   48  104    2.026697e-11   -2.100225e-16
   48  105    3.305290e-12   -3.558925e-17
   48  106    2.661941e-10    4.991001e-22
   48  107    2.912731e-12   -4.451196e-18
   48  108    5.733076e-11    3.568011e-20
   48  109    3.602403e-14    2.196813e-18
   48  110    7.654129e-14    6.468956e-20
   48  111    6.653250e-18    4.823656e-20
   48  112    1.114064e-18    5.911693e-21
   48  113    6.764861e-24    6.484941e-33
   48  114    1.586517e-24    3.798399e-26
   48  116    1.100931e-27    0.000000e+00
   49  103    3.097619e-29   -1.708791e-32
   49  104    2.906760e-26   -9.650317e-30
   49  105    7.097696e-22   -8.371377e-26
   49  106    1.534356e-20    2.164723e-23
   49  107    6.461427e-16   -8.175399e-21
   49  108    3.455358e-15    2.492882e-17
   49  109    9.190467e-13    3.945792e-18
   49  110    3.175468e-14    7.420710e-16
   49  111    3.255631e-13    1.784007e-16
   49  112    2.643901e-16   -1.055660e-20
   49  113    1.446141e-16    5.990825e-21
   49  114    1.523375e-20   -7.596836e-24
   49  115    3.154813e-21    4.570322e-34
   49  116    3.585889e-26   -9.116828e-29
   49  117    2.592603e-26   -3.589121e-31
   49  118    5.272027e-27   -3.780624e-29
   49  119    6.805273e-26   -1.694475e-29
   49  120    5.264120e-29   -6.128153e-31
   50  105    1.991045e-28   -2.183165e-31
   50  106    7.417270e-20   -2.312612e-23
   50  107    1.827898e-17   -3.766659e-21
   50  108    4.302836e-13   -2.496442e-17
   50  109    1.850228e-13   -6.142637e-18
   50  110    3.063295e-10   -7.421357e-16
   50  111    1.055099e-11   -1.784490e-16
   50  112    4.433576e-10    4.644154e-21
   50  113    1.660821e-12   -5.987597e-21
   50  114    4.269129e-11    8.575537e-24
   50  115    2.229904e-14    1.242624e-21
   50  116    8.864487e-13    2.921460e-22
   50  117    4.377551e-17    3.076067e-20
   50  118    6.773398e-17    1.776081e-21
   50  119    5.306725e-21    1.519809e-22
   50  120    9.401846e-23    1.887286e-24
   50  121    7.231100e-29   -2.664596e-35
   50  122    5.297224e-27    1.105513e-33
   51  109    9.545343e-30   -2.075559e-32
   51  110    7.265932e-27   -1.132745e-29
   51  111    2.270481e-23   -1.085469e-26
   51  112    1.262508e-22   -8.806976e-26
   51  113    2.349202e-20   -2.105778e-24
   51  114    6.103409e-21   -3.308258e-25
   51  115    6.688349e-17   -1.225305e-21
   51  116    7.724252e-18    7.421325e-20
   51  117    8.664855e-15   -2.551159e-20
   51  118    1.069946e-17    8.432097e-20
   51  119    5.807344e-16    1.884365e-21
   51  120    5.016229e-20   -1.897332e-24
   51  121    1.974530e-20    3.217828e-23
   51  122    3.006507e-25   -4.572080e-32
   51  123    1.459530e-26    0.000000e+00
   51  124    4.439234e-28   -3.060910e-36
   51  125    5.479857e-27   -2.255781e-36
   52  113    2.631262e-29   -9.251956e-33
   52  114    1.821816e-20   -7.162966e-25
   52  115    1.674016e-19   -1.724795e-23
   52  116    1.861841e-14   -7.450547e-20
   52  117    5.445919e-16   -5.249073e-21
   52  118    1.243784e-12   -8.609540e-20
   52  119    3.282783e-15    1.198838e-21
   52  120    4.330406e-12    9.026108e-22
   52  121    1.489699e-15    6.793313e-19
   52  122    6.961929e-15    2.180640e-19
   52  123    1.241371e-18    2.604905e-20
   52  124    6.991332e-20    1.674592e-24
   52  125    2.952323e-24    6.679737e-26
   52  126    2.811060e-26    1.488980e-29
   52  127    8.453806e-29   -8.994198e-35
   53  117    5.097120e-24   -1.322896e-27
   53  118    3.836122e-20    2.148234e-23
   53  119    1.037625e-16   -1.179460e-21
   53  120    1.233532e-16    2.374840e-18
   53  121    1.445687e-13    2.179520e-19
   53  122    1.325827e-15    2.413933e-17
   53  123    3.458161e-14    3.311711e-18
   53  124    1.685943e-17   -1.693257e-24
   53  125    9.556769e-18    1.072733e-20
   53  126    8.825489e-22   -2.808551e-29
   53  127    1.135149e-22    6.309093e-25
   53  128    1.952467e-27   -4.345061e-32
   53  129    5.172518e-26    0.000000e+00
   53  130    5.669106e-28   -4.567629e-34
   54  115    6.199868e-29   -4.198978e-34
   54  117    8.717870e-26   -5.124284e-29
   54  118    1.472440e-19   -2.315566e-23
   54  119    1.995215e-17   -2.055710e-21
   54  120    1.590225e-13   -2.375742e-18
   54  121    6.031301e-14   -8.973154e-19
   54  122    4.918429e-11   -2.435739e-17
   54  123    6.972432e-13   -3.337626e-18
   54  124    9.872654e-12    2.280084e-20
   54  125    1.819119e-14    5.155649e-20
   54  126    1.608638e-13    5.289358e-19
   54  127    5.525418e-17    5.613368e-20
   54  128    3.277894e-17    1.822181e-20
   54  129    5.392616e-21    1.017293e-22
   54  130    2.161979e-22    2.404543e-24
   54  131    3.974625e-26    1.234316e-27
   54  132    2.688149e-26    1.304752e-31
   54  133    1.016173e-29   -8.042810e-37
   54  134    9.489190e-26    0.000000e+00
   54  135    6.395008e-29   -6.969759e-35
   55  121    1.578442e-25    5.518955e-28
   55  122    8.120374e-22    2.475829e-23
   55  123    1.314905e-18    1.904307e-22
   55  124    1.964975e-17    5.276375e-19
   55  125    4.863848e-15    5.818508e-19
   55  126    1.451585e-15    3.819701e-17
   55  127    3.522609e-14    1.046320e-17
   55  128    1.118047e-16    1.181955e-18
   55  129    3.262794e-16    1.798862e-19
   55  130    1.192669e-19   -2.443632e-24
   55  131    2.881383e-20    2.325472e-23
   55  132    2.076680e-24   -1.325461e-31
   55  133    5.094771e-25    1.353588e-28
   55  134    1.959334e-28   -1.077496e-37
   55  135    1.002381e-25    6.969755e-35
   55  136    1.184340e-30   -3.758115e-38
   55  137    1.771094e-26    0.000000e+00
   56  119    1.507366e-29   -2.502171e-32
   56  120    2.542730e-26   -6.198896e-40
   56  121    4.873955e-25   -5.884092e-28
   56  122    8.527080e-20   -2.613169e-23
   56  123    1.463838e-18   -3.239898e-22
   56  124    1.013201e-14   -5.504384e-19
   56  125    3.557035e-15   -6.441346e-19
   56  126    6.480390e-12   -3.872594e-17
   56  127    2.235577e-13   -1.051934e-17
   56  128    7.029447e-12   -1.200171e-18
   56  129    4.030911e-14   -1.794314e-19
   56  130    6.925592e-13    2.897525e-21
   56  131    6.447094e-16    2.632333e-20
   56  132    3.786021e-15    2.490765e-22
   56  133    1.257164e-18    1.152980e-20
   56  134    2.643423e-19    1.197531e-21
   56  135    1.473768e-22    4.181716e-24
   56  136    7.230700e-23    2.651572e-25
   56  137    9.256681e-26    1.835975e-33
   56  138    2.246216e-23    7.934587e-38
   57  125    8.243661e-29   -4.561520e-32
   57  126    2.059738e-26    4.498835e-28
   57  127    1.099599e-22    3.527644e-26
   57  128    5.830826e-20    1.831777e-21
   57  129    1.079907e-17    4.263674e-21
   57  130    4.218306e-17    1.003610e-18
   57  131    2.601188e-15    2.888840e-19
   57  132    1.201810e-16    3.324891e-18
   57  133    4.534045e-15    1.212520e-19
   57  134    1.292545e-17    1.559786e-19
   57  135    8.187108e-18    3.097194e-21
   57  136    4.377940e-21   -2.652260e-25
   57  137    9.677634e-20    5.662377e-23
   57  138    2.880284e-22    9.428875e-34
   57  139    3.895448e-18    2.375619e-28
   57  140    8.011464e-27   -1.981064e-33
   58  126    6.399069e-25   -4.498835e-28
   58  127    4.566851e-23   -4.816089e-26
   58  128    1.210106e-17   -1.838500e-21
   58  129    2.823012e-17   -4.820004e-21
   58  130    3.845776e-14   -1.006507e-18
   58  131    5.433274e-15   -3.152305e-19
   58  132    1.168500e-12   -3.325140e-18
   58  133    2.155308e-14   -1.327474e-19
   58  134    1.196680e-12   -1.571762e-19
   58  135    5.509561e-15    1.721949e-20
   58  136    5.737059e-14    7.573030e-21
   58  137    5.116560e-17    4.590434e-20
   58  138    1.084239e-16    4.078764e-20
   58  139    7.884717e-20    9.145288e-22
   58  140    3.173057e-20    5.048228e-22
   58  141    2.613191e-28   -3.334425e-36
   59  131    2.228116e-25   -3.473390e-29
   59  132    8.457583e-23    1.789865e-24
   59  133    3.739567e-19    3.709708e-23
   59  134    4.300566e-18    6.731644e-20
   59  135    8.161114e-16    2.080670e-20
   59  136    1.660116e-16    3.712967e-18
   59  137    5.909310e-15    3.526994e-19
   59  138    9.896761e-17    2.189942e-18
   59  139    4.055516e-16    4.089510e-19
   59  140    2.858130e-18    4.499975e-20
   59  141    1.712276e-18    1.084161e-20
   59  142    2.063520e-25   -1.056232e-31
   59  143    4.307384e-30   -1.320850e-37
   59  144    1.134123e-30   -3.910033e-35
   60  129    2.873753e-30   -2.102837e-32
   60  130    5.240776e-28   -1.219421e-39
   60  131    3.786019e-26   -1.068892e-28
   60  132    4.775215e-21   -1.821454e-24
   60  133    1.395448e-19   -7.147746e-23
   60  134    9.574910e-16   -6.731644e-20
   60  135    8.533947e-16   -4.112755e-20
   60  136    3.154476e-13   -3.720540e-18
   60  137    2.568405e-14   -3.986604e-19
   60  138    1.126107e-12   -2.230654e-18
   60  139    2.034730e-14   -4.093531e-19
   60  140    3.693154e-13    3.454951e-20
   60  141    2.709248e-15    1.182360e-19
   60  142    2.385768e-14    7.172515e-19
   60  143    1.764851e-20    2.071579e-23
   60  144    1.924566e-24    9.649118e-29
   61  135    4.056357e-30   -4.818896e-38
   61  136    1.390354e-27   -1.992897e-37
   61  137    9.339908e-23   -1.318315e-26
   61  138    2.097541e-20    4.269904e-22
   61  139    3.558660e-18    1.843100e-21
   61  140    2.054087e-17    3.447694e-19
   61  141    4.499932e-15    3.268081e-20
   61  142    8.101603e-16    8.382482e-18
   61  143    1.323123e-14    8.311506e-18
   61  144    8.449831e-20   -2.746577e-27
   61  145    2.311839e-23    6.634962e-26
   61  146    2.912859e-29   -2.089667e-39
   61  147    7.178661e-29   -3.108776e-38
   62  135    1.134450e-30   -7.898648e-37
   62  136    6.790671e-26   -8.157518e-37
   62  137    1.264156e-23   -1.007270e-26
   62  138    2.605157e-18   -5.021984e-22
   62  139    1.011714e-17   -2.355535e-21
   62  140    1.053310e-14   -4.248235e-19
   62  141    2.760995e-15   -1.617584e-19
   62  142    1.103981e-12   -9.099734e-18
   62  143    1.216987e-13   -8.311527e-18
   62  144    2.342304e-12    7.694234e-25
   62  145    5.440303e-17   -5.971174e-26
   62  146    4.344615e-20   -1.134378e-29
   62  147    1.800369e-25    1.837367e-33
   62  148    8.445555e-29   -1.158481e-40
   63  141    1.623149e-28   -1.429948e-31
   63  142    5.169489e-27   -7.921140e-29
   63  143    2.829406e-23   -6.141432e-27
   63  144    2.178274e-22    3.996716e-26
   63  145    5.452361e-20    5.379171e-25
   63  146    1.562524e-23    1.994308e-25
   63  147    9.356087e-26    3.025325e-27
   64  142    1.621346e-26   -1.068449e-38
   64  143    4.390854e-25   -4.036788e-28
   64  144    6.022042e-21   -8.056809e-25
   64  145    2.085027e-20   -5.417353e-25
   64  146    2.319316e-17   -1.994324e-25
   64  147    1.156009e-20   -3.025131e-27
   64  148    6.450282e-25   -3.610822e-32
   64  149    5.796324e-29   -6.488966e-37
   65  147    4.677533e-30   -2.842657e-35
    0    1    5.877782e-26   -3.001617e-26
    1    1    3.004420e-20   -9.448147e-21
    2    4    6.797052e-17   -1.269595e-17
