3.2351e-03
2.8836e-04
1.4060e+00
1.4224e+05
    1    2    1.818903e-26   -5.761153e-27
    5   10    4.358570e-28    5.164670e-30
    5   11    7.046037e-25    7.357344e-26
    6   11    7.655006e-26    4.531868e-27
    6   12    7.736613e-04   -4.881976e-12
    6   13    6.505946e-13    2.442823e-14
    6   14    3.851062e-17    2.789757e-18
    7   13    7.595735e-15   -1.103121e-15
    7   14    1.445263e-15    1.063346e-16
    7   15    9.707701e-18    7.130607e-19
    7   16    1.271639e-29   -8.049741e-31
    8   14    1.154572e-20    1.548314e-22
    8   15    2.709951e-22    2.695288e-23
    8   16    4.583192e-02   -4.731234e-10
    8   17    1.113797e-10    4.200934e-12
    8   18    4.677075e-14    1.765491e-15
    8   19    2.180537e-23    1.578680e-24
    9   17    2.010360e-17   -2.919228e-18
    9   18    2.785483e-17    1.683023e-18
    9   19    8.730323e-18    6.311632e-19
    9   20    2.468051e-25    2.424996e-26
    9   21    4.920555e-30    1.859212e-31
   10   18    2.173509e-25    2.859588e-27
   10   19    5.456937e-25    5.301757e-26
   10   20    8.353552e-03    4.030159e-10
   10   21    3.015452e-05   -4.243914e-11
   10   22    3.692332e-06   -5.367215e-12
   10   23    7.375882e-15    2.784731e-16
   10   24    6.677759e-25    4.838433e-26
   11   21    1.088974e-11   -8.645958e-14
   11   22    1.426324e-11    5.488478e-13
   11   23    1.457126e-04   -5.122876e-11
   11   24    5.046249e-12    1.905429e-13
   11   25    1.343849e-19    7.315123e-21
   11   26    5.503453e-28    4.505232e-29
   12   22    1.249601e-19    7.286435e-21
   12   23    5.305395e-13    4.729304e-14
   12   24    2.013357e-03    1.266006e-10
   12   25    4.441884e-04    2.034577e-12
   12   26    2.597272e-04    9.776257e-11
   12   27    1.534556e-12    5.794457e-14
   12   28    1.912956e-20    1.386108e-21
   12   29    2.312100e-29    2.362802e-30
   13   24    2.808417e-24   -1.206693e-25
   13   25    8.641479e-13   -1.256282e-13
   13   26    1.408273e-04   -9.543995e-11
   13   27    2.011965e-04    4.094816e-12
   13   28    2.231550e-11    8.424636e-13
   13   29    1.671542e-15    6.311720e-17
   13   30    1.001682e-23    7.255667e-25
   14   26    2.473671e-20    3.588902e-22
   14   27    1.942208e-11    7.472890e-13
   14   28    2.358148e-04    2.150572e-11
   14   29    6.520022e-05    6.434662e-12
   14   30    2.844544e-05    2.069216e-12
   14   31    2.285835e-13    8.631265e-15
   14   32    5.797737e-21    4.201012e-22
   14   33    1.080786e-29    1.128111e-30
   15   28    3.408545e-22   -3.410228e-23
   15   29    4.236042e-13    1.391732e-14
   15   30    2.314237e-07   -4.632964e-13
   15   31    2.104125e-06    2.961077e-13
   15   32    1.073459e-13    4.053372e-15
   15   33    1.549671e-15    5.851727e-17
   15   34    2.547805e-23    1.845896e-24
   16   29    5.458390e-30    1.750472e-31
   16   30    2.866446e-22    2.055861e-23
   16   31    3.514411e-10   -2.785981e-14
   16   32    1.166125e-06    2.196248e-13
   16   33    2.100948e-08    2.180057e-14
   16   34    2.736458e-07    1.545807e-14
   16   35    3.748392e-15    1.415402e-16
   16   36    1.787039e-21    1.294876e-22
   16   37    1.684640e-30    1.758646e-31
   17   32    1.808854e-22   -2.628709e-23
   17   33    3.511246e-16   -5.109378e-17
   17   34    2.250653e-16    8.639238e-18
   17   35    1.020436e-08    1.375906e-15
   17   36    1.174313e-15    4.434192e-17
   17   37    4.297438e-20    1.638030e-21
   17   38    3.936156e-28    2.861376e-29
   18   34    8.517211e-24    1.307484e-25
   18   35    5.076065e-22    1.940200e-23
   18   36    8.448033e-10    2.703686e-17
   18   37    1.161580e-16    4.385868e-18
   18   38    2.659026e-10    1.551326e-17
   18   39    1.180149e-17    4.456233e-19
   18   40    1.567350e-18    5.918429e-20
   18   41    3.765019e-26    2.728116e-27
   19   37    7.583626e-21   -1.101855e-21
   19   38    3.735289e-25    2.738233e-26
   19   39    3.745195e-12    6.745836e-19
   19   40    5.564942e-19    2.101359e-20
   19   41    8.190677e-24    5.885219e-25
   19   42    1.028513e-26    3.885169e-28
   19   43    1.693403e-22    6.395005e-24
   19   44    1.407960e-29    1.020210e-30
   20   38    1.245317e-28    1.699594e-30
   20   40    2.851212e-14    1.067720e-21
   20   41    3.691355e-21    1.393924e-22
   20   42    4.763923e-08   -4.609711e-16
   20   43    1.463411e-08    2.981791e-17
   20   44    7.048442e-08   -8.121910e-17
   20   45    8.711502e-15    3.289451e-16
   20   46    2.020422e-10   -7.858310e-19
   20   47    1.187577e-17    4.484272e-19
   20   48    2.292638e-09   -1.130774e-17
   20   49    3.086133e-17    1.165309e-18
   20   50    2.100849e-25    1.522078e-26
   21   41    8.593639e-28   -1.247975e-28
   21   42    3.326237e-30    2.442283e-31
   21   43    1.398202e-15    5.380550e-17
   21   44    5.970398e-16    2.297531e-17
   21   45    6.669491e-09   -9.967820e-17
   21   46    5.286592e-15    1.996208e-16
   21   47    9.493731e-18    3.648598e-19
   21   48    1.945613e-16    7.487287e-18
   21   49    6.897421e-17    2.654301e-18
   21   50    1.093507e-24    7.950091e-26
   22   44    6.188957e-24    4.552457e-25
   22   45    1.337396e-20    5.149785e-22
   22   46    2.020421e-08   -3.300883e-16
   22   47    7.854396e-09    1.103372e-16
   22   48    1.436026e-08    3.122818e-17
   22   49    1.733388e-08   -3.474999e-17
   22   50    5.602375e-08    5.784833e-17
   22   51    3.114712e-15    1.176099e-16
   22   52    1.069048e-22    7.407172e-24
   22   53    1.417030e-30    1.420641e-31
   23   46    1.353102e-29    9.956287e-31
   23   47    1.908480e-16    7.344180e-18
   23   48    9.285107e-17    3.573108e-18
   23   49    2.598386e-16    9.999396e-18
   23   50    2.180244e-15    6.980601e-18
   23   51    4.904038e-09   -6.897881e-17
   23   52    2.488769e-15    9.397389e-17
   23   53    2.182816e-22    1.581614e-23
   23   54    5.750845e-30    6.003707e-31
   24   48    2.261502e-25    1.669878e-26
   24   49    5.125224e-24    2.047259e-25
   24   50    9.383973e-13   -1.918348e-20
   24   51    1.222934e-17    4.702617e-19
   24   52    5.579287e-08   -3.873772e-16
   24   53    1.074041e-08    1.376961e-16
   24   54    1.369099e-07   -3.941733e-16
   24   55    1.601899e-14    6.048645e-16
   24   56    1.005119e-21    7.282937e-23
   24   57    1.879730e-29    1.962317e-30
   25   51    2.353704e-21    9.057469e-23
   25   52    2.409063e-26    1.768107e-27
   25   53    1.929844e-16    7.426612e-18
   25   54    4.903092e-17    1.886771e-18
   25   55    3.456009e-08   -5.549212e-16
   25   56    1.529520e-14    5.775440e-16
   25   57    3.206421e-21    2.322860e-22
   25   58    1.639841e-28    1.711126e-29
   26   53    3.220420e-30    1.215835e-31
   26   54    4.446327e-09   -7.389934e-17
   26   55    2.112242e-15    7.987263e-17
   26   56    1.766820e-06   -1.372063e-14
   26   57    9.986687e-07   -9.612047e-15
   26   58    5.174607e-06   -2.154128e-14
   26   59    1.170769e-12    4.420813e-14
   26   60    1.479190e-19    1.071808e-20
   26   61    4.101782e-27    4.282183e-28
   27   55    3.007864e-18    1.157494e-19
   27   56    2.305477e-24    1.669400e-25
   27   57    2.548917e-15    9.809087e-17
   27   58    1.652407e-15    6.358932e-17
   27   59    2.034760e-06   -1.819056e-14
   27   60    4.924727e-13    1.859566e-14
   27   61    2.703670e-19    1.834073e-20
   27   62    3.498478e-26    3.447712e-27
   27   63    2.276023e-30    1.649232e-31
   28   56    1.427063e-28    1.053744e-29
   28   57    1.155673e-28    4.365323e-30
   28   58    6.192276e-10   -1.598736e-17
   28   59    6.070142e-16    2.305416e-17
   28   60    2.667796e-06   -5.501112e-14
   28   61    1.015185e-06    1.622279e-14
   28   62    2.259023e-06    2.264711e-14
   28   63    4.288018e-13    1.619152e-14
   28   64    1.389651e-06   -7.321403e-15
   28   65    1.939725e-13    7.324375e-15
   28   66    2.148530e-20    1.556805e-21
   28   67    4.583115e-28    4.784482e-29
   29   59    1.359264e-19    5.230212e-21
   29   60    1.311475e-25    9.650081e-27
   29   61    1.103415e-15    4.246245e-17
   29   62    8.208675e-16    3.158911e-17
   29   63    8.717968e-07   -5.225678e-14
   29   64    1.384366e-12    5.227345e-14
   29   65    1.075840e-06   -2.699579e-14
   29   66    7.156900e-13    2.702405e-14
   29   67    1.353290e-18    7.240760e-20
   29   68    2.773939e-25    2.259063e-26
   29   69    5.593105e-27    4.052826e-28
   30   60    3.499409e-30    2.583808e-31
   30   62    3.524848e-25    2.026537e-26
   30   63    5.687335e-23    2.196267e-24
   30   64    8.425438e-07   -3.190034e-14
   30   65    8.434647e-13    3.184914e-14
   30   66    1.302066e-06   -3.047956e-14
   30   67    2.837026e-07    1.032765e-14
   30   68    1.322620e-06    5.661067e-15
   30   69    3.809305e-13    1.438389e-14
   30   70    1.327705e-10   -1.652050e-18
   30   71    4.425354e-17    1.670965e-18
   30   72    1.181389e-23    8.560197e-25
   31   65    2.419437e-16    9.310570e-18
   31   66    3.219775e-22    2.361007e-23
   31   67    7.210507e-16    2.774849e-17
   31   68    1.541655e-16    5.932812e-18
   31   69    1.594876e-07   -1.322942e-14
   31   70    3.512487e-13    1.326303e-14
   31   71    1.407637e-07   -9.197089e-15
   31   72    2.434427e-13    9.192348e-15
   31   73    3.533037e-19    2.559967e-20
   31   74    8.143152e-26    8.501175e-27
   32   66    2.163031e-26    1.597202e-27
   32   68    4.724892e-23    1.789353e-24
   32   69    3.627726e-20    1.396202e-21
   32   70    2.286681e-07   -1.137476e-14
   32   71    3.013682e-13    1.137969e-14
   32   72    2.362110e-07   -1.028373e-14
   32   73    4.522480e-08    5.681795e-15
   32   74    1.757502e-07   -8.754629e-16
   32   75    1.448988e-13    5.471362e-15
   32   76    1.249213e-11   -2.366800e-19
   32   77    6.374044e-18    2.406833e-19
   32   78    1.821564e-24    1.319888e-25
   33   70    4.785158e-30    3.530048e-31
   33   71    5.817168e-17    2.238637e-18
   33   72    2.223638e-22    1.621351e-23
   33   73    9.847267e-17    3.789577e-18
   33   74    6.349018e-18    2.443365e-19
   33   75    2.000833e-08   -5.855869e-15
   33   76    1.551515e-13    5.858466e-15
   33   77    3.178411e-19    2.280591e-20
   33   78    1.563488e-25    1.617665e-26
   34   72    5.615786e-27    4.146815e-28
   34   74    3.184894e-24    6.476609e-26
   34   75    2.081867e-18    8.011894e-20
   34   76    4.988943e-08   -5.442875e-15
   34   77    1.818958e-08    1.875228e-15
   34   78    7.041450e-08    1.119036e-15
   34   79    6.482787e-14    2.447892e-15
   34   80    4.239295e-09   -9.401922e-17
   34   81    2.489578e-15    9.400587e-17
   34   82    3.172076e-12   -1.572054e-20
   34   83    4.196757e-19    1.584687e-20
   34   84    7.292732e-26    5.284252e-27
   35   76    2.465841e-28    1.538413e-29
   35   77    7.391480e-18    2.844505e-19
   35   78    2.154352e-18    8.290638e-20
   35   79    8.345241e-09   -2.619829e-15
   35   80    6.939099e-14    2.620166e-15
   35   81    7.274657e-09   -1.222316e-15
   35   82    3.237107e-14    1.222322e-15
   35   83    9.176572e-20    6.646153e-21
   35   84    4.071495e-26    4.248728e-27
   36   78    1.224110e-27    1.411855e-28
   36   79    2.294702e-20    8.831285e-22
   36   80    2.125892e-08   -3.358040e-15
   36   81    8.893174e-14    3.358036e-15
   36   82    5.111915e-08   -2.935913e-15
   36   83    1.566933e-08    1.257487e-15
   36   84    5.823899e-08    6.863673e-16
   36   85    2.626680e-14    9.918321e-16
   36   86    4.641502e-10   -7.339584e-19
   36   87    1.943284e-17    7.337811e-19
   36   88    2.157921e-24    1.563613e-25
   37   81    1.030860e-18    3.967116e-20
   37   82    9.581522e-24    6.989368e-25
   37   83    3.069742e-18    1.181353e-19
   37   84    5.126673e-19    1.972962e-20
   37   85    8.462387e-09   -9.117017e-16
   37   86    2.414767e-14    9.118110e-16
   37   87    5.853055e-11   -5.643257e-19
   37   88    1.503142e-17    5.675832e-19
   37   89    8.023199e-24    5.813521e-25
   37   90    2.458517e-30    2.571362e-31
   38   82    1.709679e-29    1.262474e-30
   38   84    2.621415e-24    5.086006e-29
   38   85    4.342978e-20    1.671386e-21
   38   86    1.977581e-08   -5.842072e-16
   38   87    1.264904e-08    8.992353e-17
   38   88    3.410538e-08    3.831121e-16
   38   89    2.943174e-15    1.111340e-16
   38   90    3.948509e-22    2.622153e-23
   38   91    1.495242e-28    8.680196e-30
   39   86    1.617072e-30    8.076723e-32
   39   87    3.968062e-19    1.527057e-20
   39   88    2.657330e-19    1.022648e-20
   39   89    5.047082e-09   -4.998359e-17
   39   90    1.324276e-15    5.000447e-17
   39   91    2.136432e-21    1.548034e-22
   39   92    1.027160e-27    1.072336e-28
   40   88    2.963706e-30    2.188484e-31
   40   89    1.733453e-24    6.671794e-26
   40   90    2.223164e-09   -2.751550e-17
   40   91    5.705718e-10    1.039742e-17
   40   92    6.513632e-10    4.396073e-18
   40   93    1.936306e-10    5.459856e-18
   40   94    4.140053e-10   -6.750143e-19
   40   95    2.101575e-16    7.935545e-18
   40   96    7.701181e-13   -2.726020e-21
   40   97    7.239047e-20    2.733454e-21
   40   98    9.610990e-27    6.964071e-28
   41   91    1.492510e-20    5.743777e-22
   41   92    2.979860e-21    1.146688e-22
   41   93    7.196577e-14   -8.227643e-21
   41   94    2.237197e-19    8.448209e-21
   41   95    9.651956e-22    3.716867e-23
   41   96    3.063323e-24    1.179579e-25
   41   97    2.723547e-25    1.065373e-26
   42   92    3.795083e-17   -1.562947e-24
   42   93    4.190511e-23    1.582468e-24
   42   94    1.277135e-13   -8.189031e-21
   42   95    3.569921e-11   -4.905241e-18
   42   96    8.222236e-11   -5.640512e-20
   42   97    2.578413e-11    7.847646e-20
   42   98    7.544017e-11    8.477238e-19
   42   99    1.070710e-16    4.042987e-18
   42  100    1.700718e-15   -1.159966e-22
   42  101    3.476639e-21    1.312757e-22
   42  102    2.379739e-27    1.724331e-28
   43   93    9.292177e-29    3.576008e-30
   43   95    2.770312e-24    1.066174e-25
   43   96    6.521981e-23    2.509902e-24
   43   97    2.007776e-22    7.726746e-24
   43   98    9.098856e-24    3.502059e-25
   43   99    2.728397e-13   -1.212091e-19
   43  100    3.209796e-18    1.211704e-19
   43  101    1.894674e-23    1.373150e-24
   43  102    2.386231e-29    2.492257e-30
   44   96    3.532749e-26    1.710259e-33
   44   98    1.026369e-23    3.244270e-25
   44   99    8.074071e-12   -2.220663e-18
   44  100    3.391434e-11   -1.586057e-18
   44  101    7.022768e-12   -4.080245e-19
   44  102    1.452947e-14    4.213581e-18
   44  103    2.743062e-20    1.039599e-21
   44  104    1.714790e-23    2.319059e-24
   44  105    9.004952e-30    1.256587e-30
   45   99    8.815508e-26    3.392786e-27
   45  100    4.207931e-24    1.619367e-25
   45  101    2.552924e-23    9.824753e-25
   45  102    9.621238e-25    3.703811e-26
   45  103    7.469077e-12   -4.109059e-18
   45  104    1.088166e-16    4.108470e-18
   45  105    1.031227e-21    7.471979e-23
   45  106    3.213727e-27    3.333070e-28
   45  107    4.853041e-30    3.516395e-31
   46  103    2.178918e-24    8.385402e-26
   46  104    2.116273e-11   -3.299939e-18
   46  105    4.944939e-12   -5.445105e-19
   46  106    2.265114e-11    1.039913e-18
   46  107    7.428511e-17    2.804965e-18
   46  108    2.501053e-11   -2.572196e-18
   46  109    6.812174e-17    2.572261e-18
   46  110    1.000422e-14   -6.691879e-22
   46  111    1.816652e-20    6.859617e-22
   46  112    4.470223e-26    3.239075e-27
   47  105    5.366279e-24    2.065173e-25
   47  106    6.635215e-25    2.553757e-26
   47  107    4.291473e-12   -2.502505e-18
   47  108    6.627298e-17    2.502346e-18
   47  109    6.599019e-12   -4.116262e-18
   47  110    1.090057e-16    4.115322e-18
   47  111    1.660120e-21    1.202878e-22
   47  112    6.140585e-27    6.410597e-28
   48  107    9.055878e-26    3.485175e-27
   48  108    3.603369e-13   -3.863835e-20
   48  109    1.025640e-18    3.872771e-20
   48  110    1.909894e-11   -2.329160e-18
   48  111    4.587532e-12    5.685007e-20
   48  112    2.054443e-11    1.945621e-19
   48  113    5.504818e-17    2.078601e-18
   48  114    3.413721e-11   -2.464228e-18
   48  115    6.526112e-17    2.464246e-18
   48  116    2.673544e-15   -1.045202e-22
   48  117    3.127079e-21    1.180779e-22
   48  118    6.298767e-27    4.564027e-28
   49  109    3.198810e-26    1.231053e-27
   49  110    1.713851e-30    6.751398e-32
   49  111    2.176419e-24    8.375780e-26
   49  112    2.884196e-25    1.110250e-26
   49  113    6.099855e-12   -2.877009e-18
   49  114    7.618969e-17    2.876703e-18
   49  115    1.299456e-21    9.408612e-23
   49  116    7.970877e-27    8.011366e-28
   49  117    6.343867e-28    7.435715e-29
   50  112    1.518497e-24   -1.400069e-31
   50  113    8.224433e-26    3.165173e-27
   50  114    1.053076e-13   -7.369172e-21
   50  115    5.384863e-12   -1.077113e-18
   50  116    3.958572e-11   -8.454576e-19
   50  117    8.542093e-12    3.788619e-19
   50  118    4.908861e-11   -7.077335e-20
   50  119    1.176969e-11   -2.277549e-20
   50  120    6.577790e-11    3.669803e-19
   50  121    3.384167e-17    1.277859e-18
   50  122    5.075921e-13   -5.360195e-21
   50  123    1.420391e-19    5.363382e-21
   50  124    5.881525e-14   -2.836226e-22
   50  125    7.511422e-21    2.836305e-22
   50  126    2.600553e-27    1.884342e-28
   51  115    3.497889e-27    1.346122e-28
   51  116    1.842459e-25    7.090486e-27
   51  117    1.444889e-24    5.560578e-26
   51  118    2.919588e-25    1.123643e-26
   51  119    2.311588e-24    8.896058e-26
   51  120    2.423326e-25    9.333633e-27
   51  121    3.464247e-12   -1.174022e-18
   51  122    3.109160e-17    1.174004e-18
   51  123    8.946842e-14   -1.520851e-20
   51  124    4.032433e-19    1.522635e-20
   51  125    1.808614e-24    1.310329e-25
   51  126    2.666212e-30    2.835306e-31
   52  120    1.002196e-30    2.708816e-34
   52  121    2.769023e-26    1.065913e-27
   52  122    9.020177e-12   -1.516755e-18
   52  123    3.001255e-12   -6.566289e-19
   52  124    1.532910e-11    8.234506e-19
   52  125    5.674383e-12   -8.608193e-19
   52  126    2.620161e-11    1.047444e-18
   52  127    3.080778e-17    1.163298e-18
   52  128    5.697724e-13   -1.621672e-20
   52  129    4.296185e-19    1.622235e-20
   52  130    1.846936e-12   -1.588422e-20
   52  131    4.206633e-19    1.588418e-20
   52  132    1.401010e-25    1.015161e-26
   53  123    2.737051e-25    1.053339e-26
   53  124    4.888576e-26    1.881509e-27
   53  125    6.167082e-25    2.373380e-26
   53  126    6.065652e-26    2.350553e-27
   53  127    3.615671e-12   -1.319966e-18
   53  128    3.495671e-17    1.319948e-18
   53  129    1.965904e-22    1.425346e-23
   53  130    5.080604e-26    1.981356e-27
   53  131    4.151934e-25    5.611279e-26
   54  126    1.587975e-27    4.053676e-39
   54  127    5.574562e-26    2.147479e-27
   54  128    9.378937e-12   -1.462453e-18
   54  129    4.878014e-12   -8.801354e-19
   54  130    1.462161e-11    1.181788e-18
   54  131    6.636397e-12   -1.703549e-19
   54  132    4.009275e-11   -8.444044e-20
   54  133    3.748943e-17    1.415597e-18
   54  134    1.269194e-13   -1.396454e-21
   54  135    3.705953e-20    1.399376e-21
   54  136    8.091666e-12   -2.836611e-21
   54  137    7.568269e-20    2.836522e-21
   54  138    2.980951e-27    2.156977e-28
   55  129    1.828325e-25    7.036238e-27
   55  130    2.835859e-26    1.091465e-27
   55  131    3.154032e-25    1.213830e-26
   55  132    2.263354e-26    9.482447e-28
   55  133    4.580858e-12   -1.181905e-18
   55  134    3.130040e-17    1.181891e-18
   55  135    2.007053e-22    1.454286e-23
   55  136    1.018826e-25    3.931110e-27
   55  137    4.890234e-25    6.610440e-26
   56  132    1.667374e-27    7.034742e-40
   56  133    4.718106e-26    1.824973e-27
   56  134    1.045216e-11   -1.064340e-18
   56  135    5.105854e-12   -5.242837e-19
   56  136    3.449993e-11    4.357220e-19
   56  137    4.228068e-11   -6.772507e-19
   56  138    3.979948e-10    1.002079e-18
   56  139    2.193310e-17    8.280775e-19
   56  140    4.404882e-24    3.191665e-25
   57  134    1.701862e-30    6.550518e-32
   57  135    1.011525e-25    3.892889e-27
   57  136    3.898136e-27    1.500191e-28
   57  137    2.570077e-25    9.891142e-27
   57  138    6.708667e-25    2.571365e-26
   57  139    3.735395e-11   -5.237244e-19
   57  140    1.387044e-17    5.237242e-19
   57  141    1.345601e-23    9.750014e-25
   57  142    7.486799e-30    7.821568e-31
   58  138    2.102429e-25    8.189083e-31
   58  139    2.411387e-24    1.035241e-25
   58  140    9.289651e-11   -5.462405e-19
   58  141    1.461704e-17    5.519712e-19
   58  142    9.158808e-14   -1.617229e-21
   58  143    4.299265e-20    1.623367e-21
   58  144    3.157718e-26    2.302774e-27
   59  140    1.439913e-28    9.931091e-30
   59  141    7.804717e-12   -3.677421e-19
   59  142    9.738932e-18    3.677400e-19
   59  143    2.783409e-23    2.016868e-24
   59  144    6.084878e-29    6.354090e-30
   60  141    1.388713e-27    5.387611e-29
   60  142    1.831762e-11   -3.438765e-19
   60  143    3.281108e-12   -1.341114e-19
   60  144    6.940446e-12    1.713076e-19
   60  145    1.586875e-12   -1.948740e-19
   60  146    4.721183e-12    1.481923e-19
   60  147    9.276247e-18    3.502587e-19
   60  148    1.554705e-15   -2.925149e-22
   60  149    7.975008e-21    3.009717e-22
   60  150    2.527745e-21    8.195279e-28
   60  151    1.053352e-26    3.977243e-28
   61  143    5.009755e-27    1.928046e-28
   61  144    5.297609e-28    2.038883e-29
   61  145    3.357801e-27    1.292264e-28
   61  146    6.315973e-27    2.430743e-28
   61  147    1.511570e-22    1.347256e-23
   61  148    2.449336e-24    9.304632e-26
   61  149    1.081169e-26    9.091082e-28
   61  150    2.297312e-28    8.674283e-30
   61  151    3.543683e-30    2.567615e-31
   62  144    3.536216e-20   -1.866085e-27
   62  145    4.941888e-26    1.866036e-27
   62  146    9.254306e-21    8.251285e-22
   62  147    7.485956e-13   -7.988932e-19
   62  148    2.697094e-12    1.931182e-19
   62  149    4.960481e-13   -5.122624e-18
   62  150    1.600801e-12    4.624175e-18
   62  151    2.915286e-17    1.100741e-18
   62  152    2.626071e-13   -1.597034e-19
   62  153    4.235070e-18    1.599097e-19
   62  154    1.429170e-15   -2.865945e-22
   62  155    7.878999e-21    2.975084e-22
   62  156    1.189547e-26    8.619347e-28
   63  147    1.733875e-28    6.673013e-30
   63  148    6.490058e-29    2.497708e-30
   63  149    9.279444e-28    3.571223e-29
   63  150    2.152453e-25    1.917914e-26
   63  151    1.721073e-13   -5.706728e-18
   63  152    1.511711e-16    5.705000e-18
   63  153    2.281698e-13   -1.187603e-18
   63  154    3.149583e-17    1.189110e-18
   63  155    2.866885e-21    2.077228e-22
   63  156    4.401427e-26    4.574690e-27
   63  157    1.830274e-30    1.326071e-31
   64  151    3.287054e-26    2.924903e-27
   64  152    5.982557e-13   -9.146826e-19
   64  153    2.421508e-17    9.142268e-19
   64  154    7.795215e-13   -1.124046e-18
   64  155    2.575184e-13   -3.837478e-19
   64  156    1.090219e-12    4.992064e-19
   64  157    4.772657e-13   -2.551874e-19
   64  158    2.906293e-12   -9.284231e-20
   64  159    3.593382e-17    1.356856e-18
   64  160    8.753683e-17   -6.367132e-24
   64  161    4.031650e-22    1.522298e-23
   64  162    7.264971e-28    5.264102e-29
   65  153    4.478098e-29    1.723519e-30
   65  155    1.801136e-28    6.931661e-30
   65  156    1.626247e-29    6.258919e-31
   65  157    2.347055e-28    9.032718e-30
   65  158    3.522067e-25    3.136139e-26
   65  159    3.705301e-13   -2.541393e-18
   65  160    6.730274e-17    2.540907e-18
   65  161    6.714826e-21    4.865257e-22
   65  162    2.878526e-26    2.993444e-27
   66  156    1.026076e-30   -1.398146e-42
   66  157    1.065039e-28    9.497224e-30
   66  158    8.864183e-14   -1.264745e-19
   66  159    3.349427e-18    1.264703e-19
   66  160    8.753284e-13   -1.613355e-18
   66  161    3.287278e-13    6.430738e-19
   66  162    1.358602e-12    5.381573e-20
   66  163    2.448938e-13    1.771785e-19
   66  164    6.033186e-13    5.310532e-19
   66  165    5.514754e-18    2.082372e-19
   66  166    1.195242e-23    8.660634e-25
   66  167    9.840609e-30    1.027978e-30
   67  159    2.920384e-30    1.123936e-31
   67  161    7.131704e-29    2.744713e-30
   67  162    1.353014e-29    5.207354e-31
   67  163    5.732003e-29    2.218175e-30
   67  164    8.974765e-25    8.001613e-26
   67  165    4.843107e-13   -5.177580e-18
   67  166    1.371359e-16    5.177403e-18
   67  167    2.442926e-21    1.770024e-22
   67  168    8.246644e-27    8.609065e-28
   68  163    4.515418e-27    4.026447e-28
   68  164    6.709797e-13   -1.377067e-18
   68  165    3.646927e-17    1.377029e-18
   68  166    1.024502e-12   -1.081205e-18
   68  167    4.067077e-13   -1.949258e-18
   68  168    1.667419e-12    1.718081e-18
   68  169    3.475581e-17    1.312373e-18
   68  170    3.289604e-15   -9.717939e-22
   68  171    2.704521e-20    1.021205e-21
   68  172    4.742452e-26    3.436331e-27
   69  165    1.106395e-30    4.259627e-32
   69  167    2.239420e-29    8.620643e-31
   69  168    1.111426e-24    9.909269e-26
   69  169    5.320180e-13   -6.051191e-18
   69  170    1.602597e-16    6.049971e-18
   69  171    1.683473e-20    1.219722e-21
   69  172    6.663993e-25    6.781201e-26
   69  173    5.022057e-28    1.997772e-29
   70  168    1.012334e-30    2.764296e-39
   70  169    8.730819e-26    7.784164e-27
   70  170    8.238531e-13   -9.652370e-19
   70  171    4.206444e-13   -6.786200e-20
   70  172    1.395951e-12    4.095476e-19
   70  173    6.939243e-13   -4.352904e-19
   70  174    3.156521e-12    4.102897e-19
   70  175    1.717516e-17    6.485167e-19
   70  176    1.591575e-15   -3.246323e-22
   70  177    9.605142e-21    3.626804e-22
   70  178    1.588699e-26    1.151152e-27
   71  171    6.549173e-30    2.520530e-31
   71  172    1.442711e-30    5.552712e-32
   71  173    1.491561e-29    5.807908e-31
   71  174    7.160888e-24    6.384861e-25
   71  175    4.566961e-13   -2.603427e-18
   71  176    9.214248e-16    2.597014e-18
   71  177    1.637488e-19    6.412414e-21
   71  178    8.170738e-25    5.987993e-26
   71  179    6.542183e-30    6.494261e-31
   72  175    8.269683e-25    7.373905e-26
   72  176    1.193623e-12   -2.432259e-18
   72  177    3.950062e-13   -2.893634e-18
   72  178    1.686217e-12    4.114902e-18
   72  179    4.800739e-13   -6.888802e-19
   72  180    2.773429e-12    1.182601e-18
   72  181    1.899490e-17    7.172063e-19
   72  182    1.134694e-21    8.221809e-23
   72  183    3.172736e-27    3.311633e-28
   73  177    4.444294e-30    1.710282e-31
   73  179    1.147835e-21    1.023432e-22
   73  180    3.440236e-15   -4.260381e-21
   73  181    7.184761e-13   -2.285706e-18
   73  182    6.064169e-17    2.289607e-18
   73  183    3.232258e-21    2.342008e-22
   73  184    8.837072e-27    9.224367e-28
   74  179    6.968624e-27    6.213929e-28
   74  180    5.385478e-14   -5.245612e-20
   74  181    1.389278e-18    5.245799e-20
   74  182    1.813933e-12   -8.598677e-19
   74  183    9.293389e-13   -6.463375e-19
   74  184    2.060657e-12    2.095888e-20
   74  185    3.933348e-17    1.485196e-18
   74  186    8.067766e-14   -6.425831e-20
   74  187    1.703663e-18    6.431469e-20
   74  188    3.566919e-24    2.584442e-25
   74  189    1.306121e-30    1.371150e-31
   75  183    3.114559e-30    1.529626e-31
   75  184    4.851151e-24    4.323624e-25
   75  185    3.072702e-13   -1.614136e-17
   75  186    4.277006e-16    1.613556e-17
   75  187    6.948140e-15   -2.491459e-19
   75  188    6.760174e-18    2.549417e-19
   75  189    1.057764e-22    7.662110e-24
   75  190    2.664853e-28    2.779712e-29
   76  185    4.959729e-25    4.422589e-26
   76  186    1.075709e-12   -5.970802e-19
   76  187    5.076592e-13   -1.613872e-18
   76  188    1.117521e-12    1.021887e-18
   76  189    3.858322e-13   -1.762430e-18
   76  190    1.474365e-12    2.111302e-18
   76  191    2.224569e-17    8.398499e-19
   76  192    3.121007e-14   -4.038728e-20
   76  193    1.078642e-18    4.072480e-20
   76  194    1.449839e-24    1.050518e-25
   77  190    9.325444e-25    8.313829e-26
   77  191    3.292750e-13   -6.948904e-18
   77  192    1.839201e-16    6.937321e-18
   77  193    3.207312e-13   -4.908222e-18
   77  194    1.303277e-16    4.919755e-18
   77  195    6.790851e-22    4.920191e-23
   77  196    1.640432e-27    1.712486e-28
   78  190    1.001637e-30    2.069297e-34
   78  191    7.750309e-26    6.911008e-27
   78  192    1.094177e-12   -1.404928e-18
   78  193    3.718678e-17    1.403444e-18
   78  194    1.340752e-12   -8.464557e-19
   78  195    3.996443e-13   -4.713887e-19
   78  196    2.342853e-12    8.679126e-19
   78  197    1.195478e-17    4.514142e-19
   78  198    4.390742e-15   -3.007892e-22
   78  199    8.002331e-21    3.021666e-22
   78  200    4.777193e-27    3.461516e-28
   79  196    1.000877e-24    8.924703e-26
   79  197    7.109461e-13   -5.740607e-19
   79  198    1.520288e-17    5.740525e-19
   79  199    1.127374e-22    8.169246e-24
   79  200    1.169245e-28    1.169747e-29
   80  196    1.378105e-17   -1.160274e-23
   80  197    3.073671e-22    1.161066e-23
   80  198    2.319157e-12   -2.910876e-19
   80  199    1.055724e-12    1.074143e-20
   80  200    3.396441e-12    2.515585e-20
   80  201    1.493172e-12    7.289527e-20
   80  202    5.447852e-12   -6.837509e-20
   80  203    6.638516e-18    2.506701e-19
   80  204    8.827266e-14   -2.153020e-21
   80  205    5.702145e-20    2.153093e-21
   80  206    4.124014e-27    2.988206e-28
   81  202    5.012705e-24    4.469759e-25
   81  203    3.296961e-12   -1.371090e-19
   81  204    3.631064e-18    1.371083e-19
   81  205    2.532780e-13   -3.868148e-21
   81  206    1.024462e-19    3.868291e-21
   81  207    1.909548e-26    1.383627e-27
   82  203    9.615637e-26    8.574303e-27
   82  204    4.899130e-12   -2.102708e-19
   82  205    9.272217e-12   -2.261306e-19
   82  206    4.705878e-11   -2.546609e-20
   82  207    6.282857e-11    1.877125e-19
   82  208    1.298628e-10    2.308339e-19
   82  209    1.161078e-18    4.332121e-20
   82  210    2.372454e-26    1.715130e-27
   83  207    1.302309e-30    5.032600e-32
   83  208    9.301741e-24    8.294068e-25
   83  209    3.106580e-12   -4.411009e-21
   83  210    1.171012e-19    4.410195e-21
   83  211    4.461249e-27    3.230968e-28
   84  210    3.990578e-28    5.405495e-29
    0    1    9.791382e-17   -1.466306e-17
    1    1    1.095282e-13   -1.590378e-14
    2    4    4.150987e-09   -6.222878e-10
