4.1239e-07
5.3877e-08
9.0123e-01
4.1572e+04
    1    2    3.153079e-24    8.045289e-28
    6   11    4.267667e-26    1.264128e-27
    6   12    7.736613e-04   -4.987330e-16
    6   13    3.103227e-16    8.057458e-20
    6   14    1.350062e-27    6.588556e-31
    7   13    8.031881e-21    9.123591e-25
    7   14    1.023334e-23    2.064882e-24
    7   15    5.926947e-27    7.765506e-28
    8   14    3.832882e-15    4.986199e-16
    8   15    1.233747e-29    3.654493e-31
    8   16    4.583193e-02   -4.440892e-16
    8   17    1.820712e-17    4.730961e-21
    8   18    9.860294e-19    2.560211e-22
    9   17    6.060576e-15    4.426793e-16
    9   18    1.229022e-27    4.328625e-29
    9   19    2.653598e-29    3.259842e-30
   10   18    9.181164e-29    1.909382e-29
   10   20    8.353541e-03   -6.245005e-17
   10   21    3.015564e-05   -2.085395e-17
   10   22    3.692474e-06   -2.317482e-18
   10   23    3.163157e-19    8.213082e-23
   11   21    4.295983e-16    5.588636e-17
   11   22    2.322601e-18    3.021467e-19
   11   23    1.457139e-04   -5.421011e-18
   11   24    6.596589e-16    1.712801e-19
   11   25    1.200728e-27    5.889594e-31
   12   23    1.609445e-29    3.906216e-30
   12   24    2.013354e-03    8.239937e-18
   12   25    4.441883e-04    2.331035e-18
   12   26    2.597255e-04    7.720333e-15
   12   27    4.284055e-17    1.112352e-20
   12   28    7.414525e-29    3.618423e-32
   13   25    1.178454e-17    1.533048e-18
   13   26    1.408289e-04   -1.262865e-14
   13   27    2.011964e-04   -2.954451e-18
   13   28    1.500242e-15    3.939505e-19
   13   29    6.912562e-27    7.483530e-30
   14   27    3.777051e-14    4.913558e-15
   14   28    2.358143e-04    1.745565e-17
   14   29    6.520005e-05    1.341700e-18
   14   30    2.844539e-05    5.834024e-17
   14   31    3.510272e-16    9.114402e-20
   14   32    6.456332e-28    3.150808e-31
   15   28    3.396882e-29    8.261935e-30
   15   29    7.734457e-20    1.006235e-20
   15   30    2.314314e-07   -5.816234e-17
   15   31    2.104118e-06    4.737455e-18
   15   32    7.167624e-18    1.861072e-21
   15   33    6.119967e-20    1.589046e-23
   16   31    3.517620e-10   -4.895459e-18
   16   32    1.166119e-06    3.909057e-19
   16   33    2.100891e-08    2.901750e-21
   16   34    2.736454e-07   -2.889441e-19
   16   35    1.679731e-18    4.361412e-22
   16   36    3.803998e-29    1.856477e-32
   17   32    1.266079e-27    1.647039e-28
   17   34    2.002095e-20    2.604521e-21
   17   35    1.020433e-08    2.880590e-19
   17   36    1.994283e-19    5.178147e-23
   17   37    7.616387e-30    1.356502e-32
   18   35    1.081202e-29    1.417901e-30
   18   36    8.448026e-10    1.194552e-21
   18   37    1.320298e-20    3.458436e-24
   18   38    2.659022e-10   -1.022085e-22
   18   39    1.876428e-21    4.872135e-25
   18   40    5.084726e-23    1.320247e-26
   19   37    2.308687e-22    3.003366e-23
   19   39    3.745177e-12    1.020284e-22
   19   40    8.624129e-23    2.239269e-26
   19   43    3.248125e-30    8.433740e-34
   20   40    2.851209e-14    1.461665e-25
   20   41    3.726747e-25    9.676481e-29
   20   42    4.763924e-08   -5.922613e-21
   20   43    1.463411e-08   -2.053062e-21
   20   44    7.048443e-08   -8.377685e-21
   20   45    1.209236e-18    3.139774e-22
   20   46    2.020422e-10   -2.279917e-23
   20   47    2.125057e-21    5.517700e-25
   20   48    2.292639e-09   -3.085384e-22
   20   49    3.972451e-21    1.031445e-24
   21   43    4.266310e-20    5.550034e-21
   21   44    1.577208e-20    2.051786e-21
   21   45    6.669494e-09    7.708496e-21
   21   46    1.168083e-18    3.032922e-22
   21   47    1.767198e-22    2.224328e-23
   21   48    1.311386e-21    1.705979e-22
   21   49    1.052402e-21    1.369068e-22
   22   45    2.003511e-29    2.606885e-30
   22   46    2.020422e-08   -3.441071e-22
   22   47    7.854394e-09   -1.935603e-22
   22   48    1.436025e-08   -3.110199e-22
   22   49    1.733388e-08   -4.102816e-22
   22   50    5.602375e-08   -1.224227e-21
   22   51    4.360917e-19    1.132310e-22
   22   52    1.927246e-30    6.114720e-33
   23   47    3.819884e-21    4.969280e-22
   23   48    1.609168e-21    2.093363e-22
   23   49    2.732755e-21    3.555035e-22
   23   50    1.998851e-15    4.278137e-22
   23   51    4.904040e-09    1.142336e-21
   23   52    4.007495e-19    1.040543e-22
   23   53    5.684377e-30    2.774078e-33
   24   50    9.383978e-13   -2.928252e-26
   24   51    1.012817e-22    7.760693e-25
   24   52    5.579288e-08   -4.963084e-22
   24   53    1.074040e-08   -1.042248e-22
   24   54    1.369099e-07   -1.270549e-21
   24   55    1.783798e-18    4.631619e-22
   24   56    1.721278e-29    8.400148e-33
   25   51    3.409829e-26    4.435839e-27
   25   53    2.144071e-21    2.789218e-22
   25   54    4.909462e-22    6.383587e-23
   25   55    3.456011e-08    2.911676e-22
   25   56    2.661053e-18    6.909411e-22
   25   57    9.625824e-29    4.697570e-32
   26   54    4.446329e-09   -6.948317e-23
   26   55    2.520223e-19    1.164291e-22
   26   56    1.766820e-06   -1.376429e-20
   26   57    9.986690e-07   -8.046813e-21
   26   58    5.174607e-06   -2.964615e-20
   26   59    1.307311e-16    3.394425e-20
   26   60    2.493146e-27    1.216701e-30
   27   55    3.247434e-23    4.224580e-24
   27   57    1.757574e-20    2.286425e-21
   27   58    1.663538e-20    2.164024e-21
   27   59    2.034761e-06   -2.795209e-20
   27   60    1.502433e-16    3.901060e-20
   27   61    1.295958e-26    5.834116e-30
   28   58    6.192280e-10   -1.199412e-23
   28   59    4.550681e-20    1.398147e-23
   28   60    2.667798e-06   -3.981055e-20
   28   61    1.015184e-06   -1.482308e-21
   28   62    2.259022e-06    4.235165e-22
   28   63    1.557824e-16    4.044881e-20
   28   64    1.389652e-06   -8.470329e-21
   28   65    2.806515e-17    7.287103e-21
   28   66    4.639287e-28    2.264057e-31
   29   59    1.184274e-24    1.540620e-25
   29   61    7.620296e-21    9.913228e-22
   29   62    4.968554e-21    6.463582e-22
   29   63    8.717982e-07   -3.981055e-20
   29   64    1.574614e-16    4.088479e-20
   29   65    1.075841e-06   -2.816385e-20
   29   66    1.107173e-16    2.874766e-20
   29   67    1.727822e-24    4.520706e-28
   30   64    8.425447e-07   -2.488159e-20
   30   65    9.652954e-17    2.506410e-20
   30   66    1.302067e-06   -2.286989e-20
   30   67    2.837024e-07    9.529121e-22
   30   68    1.322620e-06    8.470329e-21
   30   69    4.929352e-17    1.279904e-20
   30   70    1.327706e-10   -1.214922e-24
   30   71    4.485005e-21    1.164529e-24
   31   65    1.309011e-21    1.702890e-22
   31   67    3.303647e-21    4.297708e-22
   31   68    8.232214e-22    1.070927e-22
   31   69    1.594879e-07   -1.124966e-20
   31   70    4.519056e-17    1.173371e-20
   31   71    1.407639e-07   -8.893846e-21
   31   72    3.414462e-17    8.865633e-21
   31   73    7.561677e-27    3.690216e-30
   32   69    2.585560e-29    3.363550e-30
   32   70    2.286684e-07   -9.979107e-21
   32   71    3.847450e-17    1.000861e-20
   32   72    2.362112e-07   -7.173310e-21
   32   73    4.522465e-08    3.838118e-21
   32   74    1.757502e-07   -1.535247e-21
   32   75    1.854658e-17    4.815610e-21
   32   76    1.249214e-11   -1.033976e-25
   32   77    3.876787e-22    1.006606e-25
   33   71    2.326536e-22    3.026585e-23
   33   73    3.215657e-22    4.183242e-23
   33   74    4.347017e-23    5.655026e-24
   33   75    2.000848e-08   -5.773721e-21
   33   76    2.235564e-17    5.804629e-21
   33   77    3.137500e-26    2.190869e-27
   34   74    1.487117e-24    2.196136e-35
   34   75    6.305363e-25    8.202634e-26
   34   76    4.988957e-08   -3.037407e-21
   34   77    1.818953e-08    6.981404e-22
   34   78    7.041447e-08   -3.441071e-22
   34   79    1.033744e-17    2.684112e-21
   34   80    4.239297e-09   -9.429859e-23
   34   81    3.616491e-19    9.390200e-23
   34   82    3.172076e-12   -3.029226e-26
   34   83    1.168352e-22    3.033618e-26
   35   77    2.151038e-23    2.798281e-24
   35   78    8.122310e-24    1.056498e-24
   35   79    8.345310e-09   -2.668485e-21
   35   80    1.029153e-17    2.672191e-21
   35   81    7.274689e-09   -1.160534e-21
   35   82    4.471047e-18    1.160905e-21
   35   83    2.048893e-27    2.829991e-29
   36   79    2.550824e-28    3.318362e-29
   36   80    2.125901e-08   -2.312797e-21
   36   81    8.906466e-18    2.312645e-21
   36   82    5.111923e-08   -3.070494e-21
   36   83    1.566929e-08    1.038939e-21
   36   84    5.823898e-08    2.249931e-22
   36   85    6.948059e-18    1.804060e-21
   36   86    4.641503e-10   -1.809458e-24
   36   87    7.018920e-21    1.822459e-24
   37   81    2.210572e-24    2.875728e-25
   37   83    6.142567e-24    7.990853e-25
   37   84    1.695692e-24    2.205922e-25
   37   85    8.462411e-09   -1.768512e-21
   37   86    6.813776e-18    1.769195e-21
   37   87    5.853056e-11   -1.266620e-24
   37   88    4.884298e-21    1.268205e-24
   38   84    2.620158e-24   -4.856261e-37
   38   85    4.030396e-27    5.243131e-28
   38   86    1.977583e-08   -2.054717e-21
   38   87    1.264904e-08    1.108422e-22
   38   88    3.410537e-08    1.680831e-21
   38   89    1.004560e-18    2.608334e-22
   38   90    4.013308e-27    1.050894e-30
   39   87    7.094184e-25    9.228810e-26
   39   88    4.753189e-25    6.183414e-26
   39   89    5.047083e-09   -2.034864e-22
   39   90    7.831777e-19    2.033517e-22
   39   91    1.700645e-28    8.381828e-32
   40   90    2.223165e-09   -5.376674e-23
   40   91    5.705716e-10    1.788778e-23
   40   92    6.513631e-10    1.499265e-23
   40   93    1.936305e-10    6.281403e-24
   40   94    4.140053e-10    1.602662e-24
   40   95    5.010245e-20    1.300908e-23
   40   96    7.701181e-13   -5.553581e-27
   40   97    2.109901e-23    5.478347e-27
   41   91    2.380278e-26    3.096499e-27
   41   92    5.448599e-27    7.088071e-28
   41   93    7.196599e-14   -1.308878e-26
   41   94    5.371498e-23    1.398935e-26
   41   95    2.502100e-27    3.254929e-28
   41   96    9.171518e-28    1.198141e-28
   42   92    3.795087e-17   -2.354257e-30
   42   93    9.071754e-27    2.365357e-30
   42   94    1.277137e-13   -8.809999e-27
   42   95    3.569934e-11   -6.804853e-24
   42   96    8.222236e-11    9.693523e-25
   42   97    2.578413e-11    1.344168e-24
   42   98    7.544014e-11    1.240771e-24
   42   99    1.255678e-20    3.260360e-24
   42  100    1.700721e-15   -4.792330e-29
   42  101    1.875627e-25    4.870056e-29
   43   96    9.326044e-29    1.213223e-29
   43   97    1.877190e-28    2.442032e-29
   43   98    1.550382e-29    2.016889e-30
   43   99    2.728429e-13   -7.467042e-26
   43  100    2.876381e-22    7.468372e-26
   44   96    3.532748e-26    0.000000e+00
   44   98    6.625258e-24   -8.037443e-37
   44   99    8.074130e-12   -2.489620e-24
   44  100    3.391438e-11   -8.659547e-25
   44  101    7.022779e-12    1.506535e-24
   44  102    1.441788e-14    1.846250e-24
   44  103    3.835115e-24    9.957858e-28
   44  104    7.318794e-29    9.630018e-30
   45  100    2.877867e-30    3.743812e-31
   45  101    1.155572e-29    1.503282e-30
   45  102    1.102607e-30    1.434379e-31
   45  103    7.469186e-12   -2.832124e-24
   45  104    1.090782e-20    2.832191e-24
   45  105    1.545316e-29    7.540598e-33
   46  104    2.116282e-11   -3.156857e-24
   46  105    4.944953e-12    8.481832e-25
   46  106    2.265111e-11   -1.550964e-25
   46  107    9.485127e-21    2.462808e-24
   46  108    2.501060e-11   -1.935473e-24
   46  109    7.448151e-21    1.933909e-24
   46  110    1.000424e-14   -5.048710e-28
   46  111    2.010650e-24    5.220642e-28
   47  105    1.849002e-30    2.405364e-31
   47  107    4.291539e-12   -2.265861e-24
   47  108    8.727919e-21    2.266197e-24
   47  109    6.599128e-12   -3.070423e-24
   47  110    1.182391e-20    3.070054e-24
   47  111    1.945878e-29    9.606906e-33
   48  108    3.603379e-13   -6.846050e-26
   48  109    2.636626e-22    6.845991e-26
   48  110    1.909901e-11   -2.930675e-24
   48  111    4.587530e-12    9.685445e-25
   48  112    2.054442e-11   -3.554292e-25
   48  113    8.928484e-21    2.318276e-24
   48  114    3.413728e-11   -2.468617e-24
   48  115    9.518199e-21    2.471396e-24
   48  116    2.673547e-15   -1.246400e-28
   48  117    4.798257e-25    1.245865e-28
   49  113    6.099931e-12   -4.132672e-24
   49  114    1.591639e-20    4.132674e-24
   49  115    3.415842e-29    1.760412e-31
   50  112    1.518501e-24   -2.997511e-37
   50  114    1.053078e-13   -1.392182e-26
   50  115    5.384892e-12   -1.472608e-24
   50  116    3.958575e-11   -1.757759e-24
   50  117    8.542083e-12    1.466953e-24
   50  118    4.908861e-11   -6.526972e-25
   50  119    1.176970e-11    5.816114e-25
   50  120    6.577789e-11   -1.292470e-25
   50  121    7.608581e-21    1.975564e-24
   50  122    5.075922e-13   -9.390600e-27
   50  123    3.614086e-23    9.383955e-27
   50  124    5.881526e-14   -5.932234e-28
   50  125    2.299292e-24    5.970100e-28
   51  121    3.464279e-12   -1.206440e-24
   51  122    4.646048e-21    1.206344e-24
   51  123    8.946882e-14   -2.218908e-26
   51  124    8.545236e-23    2.218766e-26
   52  120    1.000424e-30    0.000000e+00
   52  122    9.020217e-12   -1.667286e-24
   52  123    3.001272e-12    3.215018e-25
   52  124    1.532908e-11   -3.101927e-25
   52  125    5.674406e-12    1.332859e-25
   52  126    2.620158e-11   -4.846761e-26
   52  127    6.044367e-21    1.569417e-24
   52  128    5.697728e-13   -1.534808e-26
   52  129    5.894142e-23    1.530411e-26
   52  130    1.846937e-12   -2.221432e-26
   52  131    8.553107e-23    2.220810e-26
   53  127    3.615706e-12   -1.231077e-24
   53  128    4.741638e-21    1.231164e-24
   53  129    4.020981e-30    2.216761e-33
   54  126    1.587975e-27    0.000000e+00
   54  128    9.378976e-12   -1.655977e-24
   54  129    4.878037e-12   -4.604423e-26
   54  130    1.462158e-11    3.974344e-25
   54  131    6.636401e-12   -1.349015e-25
   54  132    4.009275e-11   -7.754818e-26
   54  133    5.842741e-21    1.517065e-24
   54  134    1.269195e-13   -2.221432e-27
   54  135    8.526909e-24    2.214008e-27
   54  136    8.091666e-12   -6.462349e-27
   54  137    2.617462e-23    6.796225e-27
   55  133    4.580889e-12   -1.331244e-24
   55  134    5.128436e-21    1.331596e-24
   55  135    3.824116e-30    1.891303e-33
   56  132    1.667374e-27    0.000000e+00
   56  134    1.045219e-11   -1.382943e-24
   56  135    5.105868e-12    3.392733e-26
   56  136    3.449992e-11   -5.492996e-25
   56  137    4.228070e-11   -4.459020e-25
   56  138    3.979948e-10    1.085675e-24
   56  139    4.891655e-21    1.270116e-24
   57  138    8.879586e-30    2.889704e-33
   57  139    3.735397e-11   -1.137373e-24
   57  140    4.381385e-21    1.137624e-24
   58  138    2.102341e-25   -3.388730e-38
   58  139    1.220854e-28    3.290660e-32
   58  140    9.289652e-11   -1.137373e-24
   58  141    4.364321e-21    1.133194e-24
   58  142    9.158812e-14   -1.918510e-27
   58  143    7.386240e-24    1.917834e-27
   59  141    7.804727e-12   -8.998820e-25
   59  142    3.464516e-21    8.995598e-25
   59  143    1.937433e-30    9.458590e-34
   60  142    1.831762e-11   -8.433365e-25
   60  143    3.281111e-12    1.280353e-25
   60  144    6.940442e-12    2.560706e-25
   60  145    1.586880e-12    1.326801e-25
   60  146    4.721180e-12    3.392733e-26
   60  147    1.122525e-21    2.914631e-25
   60  148    1.554713e-15   -8.066103e-29
   60  149    3.104708e-25    8.061359e-29
   60  150    2.527738e-21   -1.380501e-34
   61  148    2.407378e-28    6.250753e-32
   62  144    3.536221e-20   -4.550009e-33
   62  145    1.752125e-29    4.549383e-33
   62  147    7.486167e-13   -4.968940e-25
   62  148    2.697089e-12    3.392733e-26
   62  149    4.961835e-13    2.257783e-25
   62  150    1.600679e-12   -1.070326e-26
   62  151    9.543271e-22    2.477905e-25
   62  152    2.626113e-13   -4.478206e-26
   62  153    1.724496e-22    4.477646e-26
   62  154    1.429177e-15   -1.705912e-28
   62  155    6.572521e-25    1.706552e-28
   63  151    1.722585e-13   -1.749378e-25
   63  152    6.737094e-22    1.749283e-25
   63  153    2.282013e-13   -1.767048e-25
   63  154    6.805102e-22    1.766941e-25
   63  155    1.894178e-30    9.243956e-34
   64  152    5.982799e-13   -2.302212e-25
   64  153    8.867725e-22    2.302500e-25
   64  154    7.795513e-13   -3.089810e-25
   64  155    2.575285e-13    7.467042e-26
   64  156    1.090206e-12   -1.124853e-25
   64  157    4.772724e-13    1.152116e-25
   64  158    2.906295e-12   -2.471848e-25
   64  159    1.843356e-21    4.786265e-25
   64  160    8.753711e-17   -9.811458e-30
   64  161    3.780974e-26    9.817278e-30
   65  159    3.705974e-13   -2.346640e-25
   65  160    9.037601e-22    2.346608e-25
   65  161    1.905941e-30    9.301342e-34
   66  156    1.026076e-30    0.000000e+00
   66  158    8.864517e-14   -5.976410e-26
   66  159    2.301539e-22    5.975935e-26
   66  160    8.753711e-13   -3.550253e-25
   66  161    3.287108e-13    1.470184e-25
   66  162    1.358601e-12   -1.655977e-25
   66  163    2.448891e-13    2.673797e-25
   66  164    6.033045e-13    3.847117e-26
   66  165    2.609902e-22    6.776596e-26
   67  165    4.844478e-13   -2.732362e-25
   67  166    1.052455e-21    2.732695e-25
   67  167    3.063181e-30    1.494888e-33
   68  164    6.710162e-13   -3.824903e-25
   68  165    1.472989e-21    3.824609e-25
   68  166    1.024531e-12   -3.144336e-25
   68  167    4.067593e-13    8.259689e-26
   68  168    1.667374e-12   -4.180332e-26
   68  169    1.054089e-21    2.736937e-25
   68  170    3.289630e-15   -3.186998e-28
   68  171    1.227588e-24    3.187427e-28
   69  169    5.321783e-13   -2.597056e-25
   69  170    1.000043e-21    2.596605e-25
   69  171    1.401803e-30    6.841056e-34
   69  172    2.165245e-30    5.622048e-34
   70  168    1.012334e-30    0.000000e+00
   70  170    8.238787e-13   -3.488658e-25
   70  171    4.206462e-13    1.351035e-25
   70  172    1.395941e-12   -1.248041e-25
   70  173    6.939358e-13    6.906635e-26
   70  174    3.156511e-12   -5.775724e-26
   70  175    1.259880e-21    3.271273e-25
   70  176    1.591584e-15   -1.041296e-28
   70  177    4.012626e-25    1.041876e-28
   71  175    4.567651e-13   -2.432468e-25
   71  176    8.526351e-16    2.425375e-25
   71  177    2.592018e-24    6.730166e-28
   72  176    1.193688e-12   -3.958188e-25
   72  177    3.950827e-13    1.580751e-25
   72  178    1.686108e-12   -1.215729e-25
   72  179    4.800918e-13    1.452009e-25
   72  180    2.773398e-12   -8.158715e-26
   72  181    1.138694e-21    2.956614e-25
   73  180    3.440347e-15   -3.397229e-27
   73  181    7.185367e-13   -2.833336e-25
   73  182    1.104133e-21    2.866877e-25
   73  183    1.191832e-30    5.816359e-34
   74  180    5.385616e-14   -2.436634e-26
   74  181    9.385312e-23    2.436891e-26
   74  182    1.813956e-12   -4.414592e-25
   74  183    9.293557e-13    1.302567e-25
   74  184    2.060656e-12    7.674039e-27
   74  185    1.168501e-21    3.034008e-25
   74  186    8.067936e-14   -6.512836e-27
   74  187    2.509673e-23    6.516354e-27
   75  185    3.076980e-13   -1.824099e-25
   75  186    7.024984e-22    1.824033e-25
   75  187    6.954820e-15   -2.721570e-27
   75  188    1.048182e-23    2.721599e-27
   76  186    1.075725e-12   -4.137923e-25
   76  187    5.077019e-13    1.271265e-25
   76  188    1.117495e-12    5.089099e-26
   76  189    3.858779e-13    4.654910e-26
   76  190    1.474309e-12    6.462349e-27
   76  191    7.044954e-22    1.829219e-25
   76  192    3.121115e-14   -2.019484e-27
   76  193    7.770402e-24    2.017581e-27
   77  191    3.294590e-13   -1.821070e-25
   77  192    7.014271e-22    1.821252e-25
   77  193    3.208614e-13   -1.157164e-25
   77  194    4.457351e-22    1.157349e-25
   78  190    1.000424e-30    0.000000e+00
   78  192    1.094214e-12   -4.055124e-25
   78  193    1.561869e-21    4.055385e-25
   78  194    1.340775e-12   -2.590998e-25
   78  195    3.996566e-13    1.569139e-25
   78  196    2.342830e-12   -1.203612e-25
   78  197    8.575980e-22    2.226749e-25
   78  198    4.390750e-15   -1.601388e-28
   78  199    6.175250e-25    1.603401e-28
   79  197    7.109613e-13   -1.809458e-25
   79  198    6.968810e-22    1.809448e-25
   80  196    1.378135e-17   -3.606882e-30
   80  197    1.388939e-26    3.606374e-30
   80  198    2.319165e-12   -3.061538e-25
   80  199    1.055724e-12    1.391424e-25
   80  200    3.396440e-12   -3.675461e-26
   80  201    1.493170e-12    1.391424e-25
   80  202    5.447854e-12   -8.239494e-26
   80  203    5.650374e-22    1.467117e-25
   80  204    8.827272e-14   -7.194411e-28
   80  205    2.775734e-24    7.207180e-28
   81  203    3.296964e-12   -2.096224e-25
   81  204    8.079283e-22    2.097782e-25
   81  205    2.532781e-13   -5.806016e-27
   81  206    2.237984e-23    5.810913e-27
   82  204    4.899136e-12   -1.987172e-25
   82  205    9.272223e-12   -1.340937e-25
   82  206    4.705878e-11   -3.877409e-25
   82  207    6.282857e-11    3.360421e-25
   82  208    1.298627e-10    3.618915e-25
   82  209    1.367862e-22    3.551646e-26
   83  209    3.106580e-12   -1.171301e-26
   83  210    4.449861e-23    1.155404e-26
    0    1    1.541558e-18   -2.039686e-26
    1    1    5.404753e-12   -6.390475e-15
    2    4    2.068378e-08   -5.092904e-17
