4.1248e-01
5.6275e-04
1.9332e+00
1.8648e+05
    1    2    2.431393e-26    3.396584e-27
    3    6    6.639920e-29    3.106112e-29
    3    7    1.730315e-28    7.885729e-29
    4    7    7.030379e-28    3.051431e-28
    4    8    5.613153e-21    5.166445e-22
    4   10    3.445823e-27    1.030724e-27
    5   10    5.350279e-25    1.562372e-25
    5   11    8.607015e-21    5.841759e-22
    6   11    1.070168e-17   -2.204782e-20
    6   12    7.735562e-04   -1.396186e-08
    6   13    6.225917e-11    3.472368e-12
    6   14    4.565348e-16    1.182720e-16
    7   13    6.738658e-16    1.868451e-17
    7   14    2.912060e-16    1.782605e-17
    7   15    1.986295e-15    4.239095e-16
    7   16    1.981159e-28    4.684346e-29
    8   14    1.436113e-21   -5.677479e-23
    8   15    3.889620e-20    2.923354e-21
    8   16    4.583193e-02   -2.281430e-10
    8   17    1.868530e-11    3.217961e-12
    8   18    4.167224e-12    6.255455e-13
    8   19    6.671512e-21    1.047918e-21
    8   20    1.172053e-29    2.855289e-30
    9   17    3.715667e-17    2.716613e-18
    9   18    1.459651e-15    8.282332e-17
    9   19    3.460608e-17    6.709069e-18
    9   20    4.789716e-22    1.165496e-22
    9   21    1.047306e-23    3.109323e-24
   10   18    5.153797e-25   -1.335284e-26
   10   19    2.857136e-23    3.826369e-24
   10   20    8.353562e-03    3.073782e-09
   10   21    3.014078e-05   -1.022991e-09
   10   22    3.690440e-06   -1.611605e-10
   10   23    1.190521e-13    1.144754e-14
   10   24    1.539763e-21    3.776029e-22
   10   25    2.156602e-30    5.401511e-31
   11   21    3.135185e-13    3.964186e-15
   11   22    1.513304e-12    1.401706e-13
   11   23    1.457291e-04    2.409210e-09
   11   24    1.702139e-10    1.458380e-11
   11   25    2.601939e-16    5.236053e-17
   11   26    1.835118e-23    5.300323e-24
   12   22    1.095312e-26    4.746910e-29
   12   23    2.159720e-09    3.192006e-10
   12   24    2.013366e-03    1.147334e-09
   12   25    4.441858e-04   -4.097216e-10
   12   26    2.598624e-04    2.455510e-09
   12   27    1.099621e-11    9.371123e-13
   12   28    4.295117e-18    7.108194e-19
   12   29    8.005136e-28    1.370368e-28
   13   24    1.183551e-21    2.048496e-22
   13   25    3.627151e-14    6.120354e-16
   13   26    1.406429e-04   -8.000104e-09
   13   27    2.011971e-04    3.456131e-11
   13   28    8.977200e-10    1.087515e-10
   13   29    3.903216e-15    7.642157e-16
   13   30    3.845582e-22    1.151838e-22
   13   31    4.302930e-29    1.666223e-29
   14   26    1.007508e-19    3.211011e-20
   14   27    5.381945e-08    5.907423e-09
   14   28    2.358251e-04    7.217847e-10
   14   29    6.520341e-05    3.409440e-10
   14   30    2.844736e-05    1.594554e-10
   14   31    9.009714e-11    7.675229e-12
   14   32    3.505838e-17    5.726938e-18
   14   33    6.343730e-25    1.024138e-25
   15   28    6.789027e-20    8.945053e-21
   15   29    2.265504e-13    3.580293e-15
   15   30    2.305784e-07   -3.744649e-11
   15   31    2.104176e-06    2.188139e-12
   15   32    2.102891e-12    2.059957e-13
   15   33    6.877377e-14    8.828260e-15
   15   34    2.752719e-20    5.849531e-21
   15   35    8.627471e-27    2.406349e-27
   16   29    1.119185e-28   -5.850948e-30
   16   30    5.727617e-19    1.614723e-19
   16   31    3.152631e-10    1.124197e-14
   16   32    1.166230e-06    1.218593e-11
   16   33    2.101840e-08    8.667142e-13
   16   34    2.736541e-07    9.736091e-13
   16   35    4.730144e-13    4.299844e-14
   16   36    2.818132e-18    4.771935e-19
   16   37    3.269119e-26    5.456107e-27
   17   32    1.985957e-23    5.441623e-25
   17   33    4.809042e-19    1.092771e-19
   17   34    6.488461e-15    4.569208e-16
   17   35    1.020561e-08    1.017559e-13
   17   36    5.163650e-14    4.435646e-15
   17   37    4.451677e-17    8.906553e-18
   17   38    1.301452e-23    4.081605e-24
   17   39    1.087390e-29    4.320983e-30
   18   34    6.848371e-26    1.981552e-26
   18   35    1.659301e-20    2.320491e-21
   18   36    8.448100e-10    7.876913e-16
   18   37    3.666176e-15    3.252950e-16
   18   38    2.659072e-10    7.406466e-16
   18   39    5.007543e-16    4.373124e-17
   18   40    7.554855e-17    1.033648e-17
   18   41    3.349352e-23    7.506837e-24
   18   42    2.663428e-29    8.100021e-30
   19   37    8.065931e-22    2.478003e-23
   19   38    5.473702e-22    1.065581e-22
   19   39    3.745887e-12    6.437749e-17
   19   40    2.218715e-17    1.896672e-18
   19   41    1.761802e-20    3.742244e-21
   19   42    6.470291e-22    1.658456e-22
   19   43    2.423044e-19    4.997959e-20
   19   44    3.077371e-25    9.773918e-26
   19   45    4.038951e-30    1.315436e-30
   20   38    2.048075e-27   -4.681940e-29
   20   39    1.287190e-28    3.404137e-29
   20   40    2.851278e-14    6.447844e-20
   20   41    9.809264e-20    8.725927e-21
   20   42    4.763880e-08   -3.892096e-14
   20   43    1.463407e-08   -4.531857e-15
   20   44    7.048431e-08   -1.503690e-14
   20   45    3.118575e-13    2.666561e-14
   20   46    2.020410e-10   -1.211696e-16
   20   47    5.454579e-16    4.647643e-17
   20   48    2.292621e-09   -2.121631e-15
   20   49    8.787889e-16    5.484594e-17
   20   50    1.964495e-22    2.950174e-23
   20   51    1.607825e-30    2.257047e-31
   21   41    5.262399e-28    2.997310e-29
   21   42    3.148204e-27    6.874064e-28
   21   43    7.324532e-14    7.490301e-15
   21   44    3.829502e-14    4.158076e-15
   21   45    6.669362e-09   -6.784144e-15
   21   46    2.998321e-13    2.554842e-14
   21   47    7.708980e-16    9.733612e-17
   21   48    1.534223e-14    1.974793e-15
   21   49    1.047200e-15    9.156575e-17
   21   50    4.746065e-22    8.192038e-23
   21   51    1.776993e-28    4.378205e-29
   22   44    2.909005e-20    6.388589e-21
   22   45    3.727520e-17    7.324785e-18
   22   46    2.020395e-08   -2.282297e-14
   22   47    7.854401e-09    3.773091e-16
   22   48    1.436027e-08    1.328641e-15
   22   49    1.733388e-08   -1.691232e-15
   22   50    5.602377e-08    1.561188e-17
   22   51    1.118644e-13    9.525991e-15
   22   52    1.077307e-19    1.757212e-20
   22   53    4.170562e-26    9.669874e-27
   23   46    6.852474e-25    2.056775e-25
   23   47    1.234481e-14    1.402157e-15
   23   48    7.283593e-15    8.701531e-16
   23   49    2.873831e-14    3.969481e-15
   23   50    1.601837e-14    1.633695e-15
   23   51    4.903987e-09   -2.649367e-15
   23   52    1.028174e-13    8.763662e-15
   23   53    2.554565e-19    4.016667e-20
   23   54    1.938792e-25    4.333730e-26
   24   48    2.960759e-22    6.163104e-23
   24   49    2.692521e-20    5.961600e-21
   24   50    9.383739e-13   -1.975884e-18
   24   51    2.337975e-15    3.650503e-16
   24   52    5.579260e-08   -2.465379e-14
   24   53    1.074036e-08   -4.389394e-15
   24   54    1.369097e-07   -2.421594e-14
   24   55    4.571194e-13    3.886696e-14
   24   56    8.153329e-19    1.283009e-19
   24   57    4.425777e-25    9.600544e-26
   25   50    2.734644e-28    8.829156e-29
   25   51    1.808085e-19    2.187783e-20
   25   52    6.018036e-22    1.642509e-22
   25   53    1.856477e-14    2.449098e-15
   25   54    1.379119e-14    2.290067e-15
   25   55    3.455948e-08   -5.135893e-14
   25   56    6.829969e-13    5.819000e-14
   25   57    3.863395e-18    5.937578e-19
   25   58    5.971444e-24    1.328103e-24
   25   59    1.930836e-29    5.605758e-30
   26   52    1.762545e-27    3.877415e-28
   26   53    5.084462e-26    1.253937e-26
   26   54    4.446264e-09   -5.549302e-15
   26   55    8.222980e-14    8.103942e-15
   26   56    1.766809e-06   -9.331465e-13
   26   57    9.986625e-07   -6.267704e-13
   26   58    5.174590e-06   -1.584799e-12
   26   59    3.354592e-11    2.856368e-12
   26   60    1.214459e-16    1.919023e-17
   26   61    1.044762e-22    2.358135e-23
   26   62    1.171814e-28    3.460755e-29
   27   55    2.456716e-16    3.089623e-17
   27   56    3.804985e-20    9.684812e-21
   27   57    3.723148e-13    5.438046e-14
   27   58    1.732674e-13    2.303550e-14
   27   59    2.034723e-06   -3.133820e-12
   27   60    3.856283e-11    3.285651e-12
   27   61    5.542453e-16    8.865890e-17
   27   62    2.138943e-21    4.989219e-22
   27   63    2.322545e-25    6.316958e-26
   28   56    4.702886e-25    1.072427e-25
   28   57    8.597819e-24    2.228733e-24
   28   58    6.192163e-10   -1.001574e-15
   28   59    1.083189e-13    1.774453e-14
   28   60    2.667757e-06   -3.378075e-12
   28   61    1.015183e-06   -1.511140e-13
   28   62    2.259024e-06    2.199194e-13
   28   63    4.004647e-11    3.416352e-12
   28   64    1.389644e-06   -6.417234e-13
   28   65    7.184656e-12    6.087431e-13
   28   66    2.350978e-17    3.757788e-18
   28   67    1.616880e-23    3.752150e-24
   28   68    2.486941e-29    6.985257e-30
   29   59    6.277812e-18    2.129780e-19
   29   60    2.387569e-21    6.648725e-22
   29   61    1.380096e-13    1.897202e-14
   29   62    1.123903e-13    1.569084e-14
   29   63    8.717574e-07   -3.539687e-12
   29   64    4.044345e-11    3.448766e-12
   29   65    1.075812e-06   -2.411746e-12
   29   66    2.840342e-11    2.419653e-12
   29   67    9.743627e-16    1.609922e-16
   29   68    4.680340e-21    1.147305e-21
   29   69    2.521225e-23    5.552259e-24
   29   70    2.835393e-29    7.224066e-30
   30   60    1.043633e-26    1.877610e-27
   30   61    3.197071e-29    1.213237e-29
   30   62    3.594522e-21    9.335230e-22
   30   63    2.880059e-18    6.780684e-19
   30   64    8.425199e-07   -2.117351e-12
   30   65    2.481577e-11    2.118019e-12
   30   66    1.302053e-06   -4.675576e-15
   30   67    2.836952e-07   -1.847216e-12
   30   68    1.322628e-06    7.460161e-13
   30   69    1.263635e-11    1.073717e-12
   30   70    1.327705e-10   -5.964281e-17
   30   71    1.173341e-15    9.690771e-17
   30   72    9.924061e-21    1.636115e-21
   30   73    1.504650e-26    3.437535e-27
   31   64    3.623899e-26    1.221807e-26
   31   65    3.200555e-14    4.286857e-15
   31   66    1.655384e-18    3.477879e-19
   31   67    1.222469e-13    1.798604e-14
   31   68    2.308620e-14    3.243401e-15
   31   69    1.594764e-07   -9.675294e-13
   31   70    1.159633e-11    9.880837e-13
   31   71    1.407552e-07   -7.393513e-13
   31   72    8.727736e-12    7.367382e-13
   31   73    3.591105e-16    5.627989e-17
   31   74    2.461223e-21    5.543771e-22
   31   75    2.333957e-26    6.776675e-27
   32   66    4.424480e-22    1.145974e-22
   32   67    4.530096e-26    1.475952e-26
   32   68    1.342215e-20    3.015119e-21
   32   69    1.703509e-16    3.450517e-17
   32   70    2.286585e-07   -8.407591e-13
   32   71    9.890477e-12    8.437387e-13
   32   72    2.362085e-07    4.770408e-13
   32   73    4.522479e-08   -6.811853e-13
   32   74    1.757480e-07   -2.049189e-13
   32   75    4.756497e-12    4.045327e-13
   32   76    1.249210e-11    8.373258e-19
   32   77    9.913606e-17    8.380781e-18
   32   78    8.123090e-22    1.280164e-22
   32   79    1.123002e-27    2.578417e-28
   33   69    1.152066e-28    3.589088e-29
   33   70    3.881792e-24    1.260696e-24
   33   71    1.034093e-14    1.511548e-15
   33   72    1.083259e-18    2.522892e-19
   33   73    1.777959e-14    2.657559e-15
   33   74    7.556068e-16    1.043788e-16
   33   75    2.000276e-08   -4.866117e-13
   33   76    5.736041e-12    4.884358e-13
   33   77    3.117838e-16    4.778423e-17
   33   78    4.447453e-21    9.744376e-22
   33   79    1.973037e-25    5.592831e-26
   33   80    1.389930e-30    5.942153e-31
   34   71    7.958352e-30    3.000994e-30
   34   72    2.047779e-22    5.598107e-23
   34   73    1.478760e-24    4.863622e-25
   34   74    1.083430e-21    2.849063e-22
   34   75    7.004907e-16    1.147241e-16
   34   76    4.988653e-08   -2.390095e-13
   34   77    1.819079e-08    1.029337e-13
   34   78    7.041343e-08   -1.101677e-13
   34   79    2.804988e-12    2.456570e-13
   34   80    4.239204e-09   -7.906272e-15
   34   81    9.279658e-14    7.901559e-15
   34   82    3.172049e-12   -2.193737e-18
   34   83    2.937298e-17    2.397049e-18
   34   84    1.581600e-22    2.544344e-23
   34   85    7.214154e-30    1.050541e-30
   35   75    5.334816e-27    1.873866e-27
   35   76    1.522467e-22    4.258865e-23
   35   77    1.618073e-15    2.481531e-16
   35   78    3.906011e-16    5.644294e-17
   35   79    8.342671e-09   -2.247241e-13
   35   80    2.640598e-12    2.249492e-13
   35   81    7.273542e-09   -9.771263e-14
   35   82    1.147411e-12    9.774619e-14
   35   83    9.373159e-17    1.485757e-17
   35   84    1.311939e-21    3.023323e-22
   35   85    2.400464e-26    7.094013e-27
   36   77    1.129201e-26    3.841293e-27
   36   78    2.542010e-23    7.407328e-24
   36   79    2.992417e-17    5.523826e-18
   36   80    2.125654e-08   -2.189704e-13
   36   81    2.472497e-12    2.189307e-13
   36   82    5.111594e-08   -2.834366e-13
   36   83    1.567078e-08    1.355303e-13
   36   84    5.823877e-08   -3.269946e-14
   36   85    2.000412e-12    1.803773e-13
   36   86    4.641485e-10   -1.209565e-16
   36   87    1.775766e-15    1.291609e-16
   36   88    6.524444e-21    1.049303e-21
   36   89    2.496662e-27    3.651282e-28
   37   79    1.515392e-29    5.742155e-30
   37   80    4.865079e-25    1.491170e-25
   37   81    2.544986e-16    3.955550e-17
   37   82    6.448406e-20    1.573821e-20
   37   83    8.059698e-16    1.269007e-16
   37   84    9.404711e-17    1.383225e-17
   37   85    8.460814e-09   -1.312612e-13
   37   86    1.597547e-12    1.313455e-13
   37   87    5.852959e-11   -6.260427e-17
   37   88    1.165922e-15    9.326517e-17
   37   89    1.813154e-20    2.809454e-21
   37   90    1.103774e-25    1.926876e-26
   38   81    2.028483e-29    7.387210e-30
   38   82    1.342489e-24    3.882194e-25
   38   83    8.331803e-26    2.665724e-26
   38   84    9.105770e-24    1.871045e-24
   38   85    2.729668e-17    4.783577e-18
   38   86    1.977358e-08   -2.020685e-13
   38   87    1.264932e-08    3.142461e-14
   38   88    3.410705e-08    1.447449e-13
   38   89    2.861571e-13    2.584962e-14
   38   90    2.653407e-18    4.543801e-19
   38   91    1.069318e-23    2.621239e-24
   38   92    6.646133e-29    1.972880e-29
   39   85    2.613291e-29    9.563631e-30
   39   86    3.650006e-24    1.051853e-24
   39   87    1.096836e-16    1.735715e-17
   39   88    7.535405e-17    1.185448e-17
   39   89    5.046856e-09   -2.066509e-14
   39   90    2.273385e-13    2.068639e-14
   39   91    1.085595e-17    1.823925e-18
   39   92    1.819078e-22    4.451874e-23
   39   93    7.805847e-27    2.401372e-27
   40   87    3.860642e-29    1.387305e-29
   40   88    2.794535e-25    8.209321e-26
   40   89    2.711440e-20    5.998128e-21
   40   90    2.223122e-09   -1.242048e-15
   40   91    5.705785e-10   -1.788845e-15
   40   92    6.514910e-10    2.777992e-14
   40   93    1.935265e-10   -2.528168e-14
   40   94    4.140007e-10   -9.561508e-16
   40   95    1.606646e-14    1.497391e-15
   40   96    7.700861e-13   -7.332353e-18
   40   97    4.502636e-18    8.950182e-20
   40   98    2.567655e-23    3.634010e-24
   41   90    2.433629e-27    7.553457e-28
   41   91    4.499287e-18    7.195081e-19
   41   92    8.883894e-19    1.412047e-19
   41   93    7.195416e-14   -8.781561e-19
   41   94    1.375802e-17    1.190646e-18
   41   95    1.941208e-19    2.832315e-20
   41   96    1.878376e-21    1.634515e-22
   41   97    5.112698e-23    6.007373e-24
   41   98    1.509760e-26   -1.535752e-27
   42   92    3.794830e-17   -2.329548e-22
   42   93    2.829292e-21    3.042900e-22
   42   94    1.285608e-13    2.117959e-16
   42   95    3.569273e-11   -6.775046e-16
   42   96    8.224216e-11    4.659003e-15
   42   97    2.576616e-11   -4.501013e-15
   42   98    7.544062e-11    3.669619e-17
   42   99    3.460510e-15    2.709000e-16
   42  100    1.701196e-15    1.828430e-20
   42  101    3.297497e-20    6.573127e-22
   42  102    7.934372e-25    9.818938e-26
   42  103    3.745502e-30    6.601754e-31
   43   93    2.886487e-26    4.580236e-27
   43   94    2.200213e-27    5.734193e-28
   43   95    4.979252e-21    9.470530e-22
   43   96    2.289797e-20    3.636925e-21
   43   97    8.249226e-20    1.364729e-20
   43   98    5.587174e-20    1.511828e-20
   43   99    2.727831e-13   -4.609367e-18
   43  100    5.906741e-17    4.597941e-18
   43  101    9.684593e-21    1.412227e-21
   43  102    3.373789e-25    6.644851e-26
   43  103    2.007090e-29    6.829101e-30
   44   96    3.537794e-26    3.774920e-30
   44   97    1.510388e-26    7.373403e-27
   44   98    1.296070e-16    3.233486e-17
   44   99    8.072007e-12   -1.898053e-16
   44  100    3.391797e-11    1.032995e-15
   44  101    7.019798e-12   -9.814855e-16
   44  102    1.580325e-14    1.058442e-16
   44  103    1.087545e-18    9.823411e-20
   44  104    5.908300e-18    2.275909e-20
   44  105    1.772494e-22    2.282300e-23
   44  106    4.840370e-27    1.159304e-27
   45   99    3.402112e-22    6.780038e-23
   45  100    1.350048e-21    2.297287e-22
   45  101    9.457729e-21    1.659561e-21
   45  102    1.232514e-19    3.687821e-20
   45  103    7.466704e-12   -2.000551e-16
   45  104    2.469454e-15    1.998689e-16
   45  105    6.752508e-19    1.032230e-19
   45  106    6.157275e-23    1.352177e-23
   45  107    1.715974e-26    4.112739e-27
   46  102    9.922881e-26    4.787803e-26
   46  103    2.157885e-20    6.646402e-21
   46  104    2.116034e-11   -7.001440e-17
   46  105    4.945498e-12   -8.451148e-17
   46  106    2.265030e-11   -9.231942e-17
   46  107    2.752342e-15    2.474476e-16
   46  108    2.500852e-11   -1.814291e-16
   46  109    2.086414e-15    1.808258e-16
   46  110    1.001541e-14    3.858995e-20
   46  111    4.841524e-19    2.958791e-20
   46  112    3.571047e-23    5.213956e-24
   46  113    2.470151e-28    3.822794e-29
   47  104    2.922124e-25    7.566192e-26
   47  105    2.494041e-21    4.483863e-22
   47  106    3.809536e-20    1.158340e-20
   47  107    4.289189e-12   -2.010139e-16
   47  108    2.347354e-15    2.009794e-16
   47  109    6.596294e-12   -2.282809e-16
   47  110    2.821782e-15    2.281101e-16
   47  111    9.212948e-19    1.412967e-19
   47  112    1.016060e-22    2.236106e-23
   47  113    1.124776e-26    3.207316e-27
   48  106    2.565929e-28    1.095911e-28
   48  107    1.952247e-22    4.507072e-23
   48  108    3.602597e-13   -7.142740e-18
   48  109    7.828684e-17    7.153295e-18
   48  110    1.909916e-11    5.291631e-16
   48  111    4.585486e-12   -6.860786e-16
   48  112    2.054351e-11   -9.960692e-17
   48  113    2.800505e-15    2.581360e-16
   48  114    3.413438e-11   -2.554349e-16
   48  115    2.900675e-15    2.537895e-16
   48  116    2.673704e-15    3.768945e-20
   48  117    1.324051e-19    9.340851e-21
   48  118    7.936106e-24    1.225816e-24
   48  119    5.407349e-29    9.164938e-30
   49  108    4.775466e-29    1.353388e-29
   49  109    1.548819e-23    2.815968e-24
   49  110    4.290987e-25    1.082263e-25
   49  111    1.153760e-21    2.133751e-22
   49  112    8.479521e-20    2.595909e-20
   49  113    6.095085e-12   -4.306808e-16
   49  114    4.837692e-15    4.302857e-16
   49  115    2.107657e-18    3.430373e-19
   49  116    4.617310e-22    1.088208e-22
   49  117    1.896631e-25    4.992857e-26
   49  118    1.008424e-28    2.483713e-29
   49  119    1.516723e-28    3.550955e-29
   50  112    1.518721e-24    1.993357e-28
   50  113    1.275154e-22    2.648241e-23
   50  114    1.055536e-13    6.432637e-17
   50  115    5.382830e-12   -2.318156e-16
   50  116    3.958864e-11    9.701386e-16
   50  117    8.538940e-12   -9.899239e-16
   50  118    4.911812e-11    6.723677e-15
   50  119    1.174019e-11   -6.717834e-15
   50  120    6.577754e-11   -4.234333e-17
   50  121    2.405893e-15    2.238364e-16
   50  122    5.075812e-13   -1.035945e-18
   50  123    1.096165e-17    1.008264e-18
   50  124    5.881449e-14   -8.727504e-20
   50  125    6.579779e-19    5.683880e-20
   50  126    6.799884e-24    1.136646e-24
   50  127    1.160628e-29    2.807971e-30
   51  115    3.133645e-24    6.306265e-25
   51  116    1.005959e-22    1.847648e-23
   51  117    8.661418e-22    1.610702e-22
   51  118    1.537809e-22    2.806378e-23
   51  119    1.594079e-21    3.631173e-22
   51  120    2.377489e-19    7.106877e-20
   51  121    3.462963e-12   -1.141071e-16
   51  122    1.314613e-15    1.139797e-16
   51  123    8.944675e-14   -1.818141e-18
   51  124    2.245525e-17    1.873938e-18
   51  125    2.848919e-21    4.465310e-22
   51  126    1.326244e-25    3.007430e-26
   51  127    1.972477e-30    1.589438e-30
   52  120    3.860681e-24    1.855128e-24
   52  121    3.010129e-20    9.527939e-21
   52  122    9.021511e-12    5.991944e-16
   52  123    2.998505e-12   -7.268671e-16
   52  124    1.534939e-11    4.638478e-15
   52  125    5.653963e-12   -4.646624e-15
   52  126    2.620124e-11   -4.404770e-17
   52  127    1.949386e-15    1.799573e-16
   52  128    5.697547e-13   -1.696770e-18
   52  129    2.248050e-17    2.866867e-18
   52  130    1.846907e-12   -3.448859e-18
   52  131    2.488314e-17    2.174539e-18
   52  132    2.571158e-22    4.332713e-23
   52  133    4.114230e-28    1.003704e-28
   53  122    4.236371e-26    1.106397e-26
   53  123    2.136284e-22    4.025957e-23
   53  124    2.628443e-23    4.941908e-24
   53  125    7.042654e-22    2.185137e-22
   53  126    3.960156e-19    1.169519e-19
   53  127    3.614515e-12   -9.956022e-17
   53  128    1.190094e-15    9.941241e-17
   53  129    1.938255e-19    3.047189e-20
   53  130    4.648643e-23    8.977093e-24
   53  131    6.558380e-25    1.169309e-25
   53  132    1.527732e-29    4.572440e-30
   54  126    1.702947e-23    8.120848e-24
   54  127    1.353304e-19    4.182073e-20
   54  128    9.381317e-12    8.484502e-16
   54  129    4.873934e-12   -9.991629e-16
   54  130    1.463962e-11    4.057574e-15
   54  131    6.618791e-12   -4.014908e-15
   54  132    4.009227e-11   -5.939709e-17
   54  133    1.821197e-15    1.674249e-16
   54  134    1.269169e-13   -2.325667e-19
   54  135    2.303245e-17    5.726801e-18
   54  136    8.091645e-12   -5.517875e-18
   54  137    1.996080e-20   -1.399246e-22
   54  138    4.354622e-25   -1.099403e-25
   55  127    2.483694e-30    2.392195e-30
   55  128    1.379967e-25    3.464456e-26
   55  129    1.586863e-22    3.011672e-23
   55  130    2.405463e-23    4.611144e-24
   55  131    9.753726e-22    3.836432e-22
   55  132    8.834935e-19    2.577673e-19
   55  133    4.579641e-12   -1.041337e-16
   55  134    1.247689e-15    1.038499e-16
   55  135    1.663366e-19    2.567432e-20
   55  136    9.407357e-23    1.783145e-23
   55  137    8.827769e-25    1.406350e-25
   56  132    5.882741e-23    2.791883e-23
   56  133    3.476507e-19    1.060501e-19
   56  134    1.045392e-11    6.695751e-16
   56  135    5.102623e-12   -8.029329e-16
   56  136    3.452530e-11    6.112317e-15
   56  137    4.225443e-11   -6.165864e-15
   56  138    3.979972e-10    1.897184e-16
   56  139    6.586101e-17   -2.583940e-18
   56  140    2.347644e-21    4.038840e-23
   56  141    2.136421e-28   -1.736695e-30
   57  133    7.974509e-30    5.001505e-30
   57  134    2.020292e-25    4.991614e-26
   57  135    5.382774e-23    1.057428e-23
   57  136    1.410961e-23    3.051775e-24
   57  137    1.450734e-21    5.869589e-22
   57  138    9.907274e-18    2.819770e-18
   57  139    3.735389e-11    1.523452e-18
   57  140    6.023052e-17   -4.343635e-18
   57  141    9.813559e-21    1.826146e-22
   57  142    6.003093e-27   -1.444788e-28
   58  137    2.113722e-30    1.093422e-30
   58  138    2.976943e-22    1.001925e-22
   58  139    3.053942e-18    9.030750e-19
   58  140    9.289698e-11    2.341045e-16
   58  141    1.177321e-15    6.574550e-17
   58  142    9.124987e-14   -8.195741e-17
   58  143    3.923440e-19   -3.899915e-20
   58  144    1.617394e-22    2.794786e-23
   58  145    3.219665e-29    4.677672e-30
   59  139    1.980043e-24    9.566602e-25
   59  140    1.387986e-19    4.184840e-20
   59  141    7.804038e-12   -2.384723e-17
   59  142    6.886083e-16    2.379293e-17
   59  143    8.549974e-20    1.150482e-20
   59  144    1.390438e-24    1.307424e-25
   59  145    4.109539e-28    1.163758e-28
   60  140    1.020284e-25    5.071267e-26
   60  141    3.752452e-20    1.176218e-20
   60  142    1.844027e-11    2.626121e-14
   60  143    3.159959e-12   -2.575289e-14
   60  144    7.375678e-12    7.744644e-14
   60  145    1.156505e-12   -7.624266e-14
   60  146    4.713960e-12   -1.846143e-15
   60  147    5.152572e-17   -5.420235e-18
   60  148    1.549117e-15   -1.363100e-18
   60  149    3.371259e-21   -1.731170e-22
   60  150    2.525341e-21   -9.308933e-25
   60  151    2.098096e-26   -2.572645e-27
   61  142    9.357305e-28    2.596801e-28
   61  143    1.034431e-23    2.112640e-24
   61  144    2.901536e-24    6.783682e-25
   61  145    1.030339e-21    5.112171e-22
   61  146    8.073679e-21    2.892448e-21
   61  147    3.841972e-18    6.414516e-19
   61  148    3.511376e-22    5.127322e-23
   61  149    3.672813e-22    8.015461e-23
   61  150    8.820022e-27    1.181085e-27
   61  151    7.278725e-28    1.256137e-28
   62  143    2.599573e-30    8.596077e-31
   62  144    3.563747e-20    1.591535e-22
   62  145    2.874888e-19    1.248375e-19
   62  146    2.163044e-14    4.730430e-15
   62  147    7.265952e-13   -4.708438e-15
   62  148    2.848093e-12    2.650090e-14
   62  149    3.453052e-13   -2.651155e-14
   62  150    1.600317e-12   -8.443368e-17
   62  151    2.064200e-16    4.874612e-18
   62  152    2.625584e-13   -4.970609e-18
   62  153    4.079982e-17    1.697467e-18
   62  154    1.428833e-15   -6.017503e-20
   62  155    1.156728e-19   -5.207329e-22
   62  156    7.154290e-24    8.760738e-25
   62  157    2.367203e-29    1.881982e-30
   63  146    3.598454e-29    1.625714e-29
   63  147    1.072113e-24    4.938382e-25
   63  148    5.662623e-23    3.201552e-23
   63  149    2.010717e-18    8.158311e-19
   63  150    1.113496e-17    2.635320e-18
   63  151    1.721184e-13   -9.446735e-18
   63  152    1.252276e-16    5.963935e-18
   63  153    2.280706e-13   -8.370189e-18
   63  154    1.285250e-16    7.745773e-18
   63  155    7.622706e-20    1.101824e-20
   63  156    1.009825e-23    2.010906e-24
   63  157    1.807651e-27    4.689764e-28
   64  148    2.139527e-28    2.139527e-28
   64  149    4.387618e-25    2.618844e-25
   64  150    8.965940e-20    3.927761e-20
   64  151    7.371006e-18    2.032175e-18
   64  152    5.979214e-13   -3.663119e-17
   64  153    3.110836e-16    2.832230e-17
   64  154    7.869910e-13    1.692219e-15
   64  155    2.498915e-13   -1.705553e-15
   64  156    1.125252e-12    7.511496e-15
   64  157    4.426991e-13   -7.386849e-15
   64  158    2.905603e-12   -1.230338e-16
   64  159    4.146045e-16    1.113097e-17
   64  160    8.745458e-17   -2.571228e-20
   64  161    1.597571e-21   -2.122097e-22
   64  162    2.736855e-25    1.254610e-26
   65  152    6.467342e-28    1.597165e-28
   65  153    1.260767e-25    2.661517e-26
   65  154    4.847553e-27    1.168071e-27
   65  155    2.934231e-25    6.106295e-26
   65  156    1.291447e-24    7.291067e-25
   65  157    5.033406e-19    2.182786e-19
   65  158    3.034060e-17    7.992071e-18
   65  159    3.703680e-13   -1.975493e-17
   65  160    1.984210e-16    1.153112e-17
   65  161    9.229644e-20    1.346625e-20
   65  162    9.749206e-24    1.814078e-24
   65  163    1.470846e-27    3.840183e-28
   66  155    1.125715e-29    7.015160e-30
   66  156    1.265266e-22    5.829077e-23
   66  157    8.513310e-20    2.490702e-20
   66  158    8.857083e-14   -6.776279e-18
   66  159    8.137243e-17    8.763046e-18
   66  160    8.871816e-13    2.667448e-15
   66  161    3.167952e-13   -2.658953e-15
   66  162    1.394102e-12    7.229694e-15
   66  163    2.097288e-13   -7.161642e-15
   66  164    6.030327e-13   -7.656009e-17
   66  165    2.911212e-17   -1.994267e-18
   66  166    3.231827e-21    2.866173e-22
   66  167    9.617116e-27    4.103278e-28
   67  158    9.618299e-30    2.506499e-30
   67  159    7.915644e-27    1.669900e-27
   67  160    1.812699e-27    4.279452e-28
   67  161    3.914839e-25    2.056218e-25
   67  162    1.859896e-23    1.080859e-23
   67  163    2.905191e-18    1.240827e-18
   67  164    6.759572e-17    1.743547e-17
   67  165    4.842270e-13   -1.523828e-17
   67  166    1.502088e-16   -3.447901e-18
   67  167    1.047080e-19    1.101168e-20
   67  168    2.943360e-24    1.583818e-25
   67  169    6.366172e-28    1.000376e-28
   68  161    1.023230e-27    6.315921e-28
   68  162    4.883289e-21    2.223543e-21
   68  163    2.144169e-18    6.141057e-19
   68  164    6.705342e-13   -4.398711e-17
   68  165    4.986108e-16    4.864169e-17
   68  166    1.050483e-12    5.689400e-15
   68  167    3.813153e-13   -5.520403e-15
   68  168    1.666604e-12   -1.809070e-16
   68  169    2.539304e-16    9.413538e-18
   68  170    3.278321e-15   -2.742850e-18
   68  171    9.119270e-20   -1.018773e-20
   68  172    1.106876e-23    7.604323e-25
   68  173    1.759245e-29    4.580609e-31
   69  164    1.032259e-28    2.639087e-29
   69  165    8.169411e-27    4.415169e-27
   69  166    1.601454e-24    9.506668e-25
   69  167    8.872420e-19    3.849771e-19
   69  168    7.702616e-17    2.013349e-17
   69  169    5.318494e-13   -3.879697e-17
   69  170    2.508938e-16    1.826407e-17
   69  171    9.638243e-20    1.550655e-20
   69  172    1.350881e-23    1.981284e-24
   69  173    2.587570e-26    3.247121e-27
   70  167    3.531652e-26    2.150434e-26
   70  168    5.948883e-20    2.663745e-20
   70  169    1.743477e-17    4.832816e-18
   70  170    8.327854e-13    2.067084e-15
   70  171    4.116750e-13   -2.042551e-15
   70  172    1.468833e-12    1.545056e-14
   70  173    6.255659e-13   -1.431535e-14
   70  174    3.151881e-12   -1.147323e-15
   70  175    2.080378e-16   -5.092123e-18
   70  176    1.539890e-15   -1.185448e-17
   70  177    2.714832e-20   -3.281684e-21
   70  178    3.250655e-24    1.961147e-25
   71  170    4.597151e-28    1.123966e-28
   71  171    7.666781e-25    5.119385e-25
   71  172    1.687690e-22    9.754388e-23
   71  173    8.078660e-18    3.414081e-18
   71  174    2.687146e-16    6.747119e-17
   71  175    4.566379e-13   -1.923807e-17
   71  176    7.023892e-16   -5.168727e-17
   71  177    6.157212e-19    3.833142e-20
   71  178    4.192137e-23    1.275052e-24
   71  179    1.152936e-26    1.713776e-27
   72  172    6.431940e-27    4.497423e-27
   72  173    6.204660e-24    3.698338e-24
   72  174    9.096301e-19    3.997620e-19
   72  175    9.599633e-17    2.612356e-17
   72  176    1.238101e-12    9.400729e-15
   72  177    3.522918e-13   -8.933921e-15
   72  178    1.824634e-12    2.558279e-14
   72  179    3.502107e-13   -2.348201e-14
   72  180    2.762935e-12   -2.584232e-15
   72  181    9.780135e-17   -1.021465e-17
   72  182    1.258262e-20    8.609478e-22
   72  183    2.044314e-26    3.626929e-28
   73  176    1.778693e-27    9.091804e-28
   73  177    2.679099e-22    1.443206e-22
   73  178    7.479606e-22    2.900843e-22
   73  179    3.908309e-16    9.023760e-17
   73  180    3.623657e-15    5.712127e-17
   73  181    7.178436e-13   -1.400035e-16
   73  182    1.189410e-16   -7.352384e-18
   73  183    4.251060e-20    3.781993e-21
   73  184    1.603149e-25    5.111646e-27
   73  185    6.397729e-29    4.511063e-30
   74  177    1.140495e-26    6.912909e-27
   74  178    4.453310e-21    1.995690e-21
   74  179    1.331303e-18    3.671646e-19
   74  180    5.382282e-14   -2.225540e-18
   74  181    3.383663e-16    8.687793e-17
   74  182    2.040624e-12    4.320134e-14
   74  183    7.073603e-13   -4.198685e-14
   74  184    2.055890e-12   -1.165283e-15
   74  185    5.637783e-16    5.341432e-17
   74  186    7.990440e-14   -1.872078e-16
   74  187    6.272776e-19   -6.672550e-20
   74  188    1.792390e-22    5.393783e-24
   74  189    3.329838e-29   -1.839012e-31
   75  180    5.222753e-30    1.950054e-30
   75  181    1.034096e-24    6.987510e-25
   75  182    2.680299e-22    1.538388e-22
   75  183    2.269969e-17    9.328423e-18
   75  184    2.025244e-16    4.892960e-17
   75  185    3.073570e-13   -5.496052e-17
   75  186    1.548333e-16    6.352888e-18
   75  187    6.915383e-15   -9.598010e-18
   75  188    3.892166e-19   -6.000238e-20
   75  189    5.768022e-22    2.349170e-23
   75  190    4.085030e-27   -9.460072e-29
   76  182    2.377992e-27    1.669702e-27
   76  183    3.942948e-24    2.360936e-24
   76  184    9.181619e-19    4.049690e-19
   76  185    7.533742e-17    2.079867e-17
   76  186    1.131730e-12    1.174739e-14
   76  187    4.516406e-13   -1.169871e-14
   76  188    1.268613e-12    2.527285e-14
   76  189    2.357681e-13   -2.504699e-14
   76  190    1.473163e-12   -2.889319e-16
   76  191    1.758650e-16    7.687655e-18
   76  192    3.115092e-14   -1.481049e-17
   76  193    6.579078e-19   -6.259115e-20
   76  194    5.700011e-23    4.667556e-24
   76  195    2.867850e-28    1.531018e-29
   77  186    4.685086e-29    1.831923e-29
   77  187    1.808698e-24    1.217891e-24
   77  188    1.003906e-22    5.757590e-23
   77  189    6.296356e-18    2.628907e-18
   77  190    6.514619e-17    1.629500e-17
   77  191    3.292906e-13   -7.107525e-18
   77  192    2.297776e-16    2.259443e-17
   77  193    3.206857e-13   -3.115646e-17
   77  194    4.291198e-17   -3.255982e-18
   77  195    1.287490e-20    1.196796e-21
   77  196    2.334675e-25    1.067059e-26
   77  197    5.302180e-29    9.328566e-30
   78  188    3.578156e-27    2.741573e-27
   78  189    1.294815e-24    7.807932e-25
   78  190    3.886377e-19    1.717627e-19
   78  191    2.434139e-17    6.792044e-18
   78  192    1.093649e-12   -5.300324e-17
   78  193    6.482468e-16    7.607543e-17
   78  194    1.389027e-12    9.728123e-15
   78  195    3.517477e-13   -9.620287e-15
   78  196    2.342152e-12   -1.504014e-16
   78  197    2.307498e-16    1.350951e-17
   78  198    4.386715e-15   -9.941121e-19
   78  199    1.377373e-19    5.514352e-21
   78  200    3.020044e-24    4.378210e-25
   78  201    4.805832e-30    6.705277e-31
   79  192    8.111280e-29    1.964794e-29
   79  193    8.186481e-26    5.622882e-26
   79  194    1.461866e-23    8.585108e-24
   79  195    1.495147e-18    6.464008e-19
   79  196    8.904213e-17    2.350759e-17
   79  197    7.106758e-13   -4.014305e-17
   79  198    1.949259e-16    1.598455e-17
   79  199    2.788842e-20    4.507577e-21
   79  200    8.332803e-25    1.900664e-25
   79  201    3.186685e-28    7.727102e-29
   80  194    6.461672e-26    2.954108e-26
   80  195    3.984980e-23    1.153072e-23
   80  196    1.382755e-17    2.250946e-20
   80  197    2.578642e-17    7.237491e-18
   80  198    2.324803e-12    1.334328e-15
   80  199    1.049995e-12   -1.326262e-15
   80  200    3.418850e-12    4.888526e-15
   80  201    1.471354e-12   -4.757496e-15
   80  202    5.447173e-12   -1.590329e-16
   80  203    1.695640e-16    1.698672e-17
   80  204    8.825488e-14   -4.336321e-18
   80  205    5.624288e-19    2.805467e-20
   80  206    1.369409e-24    1.959023e-25
   81  198    1.864572e-28    4.507270e-29
   81  199    2.924940e-27    1.571457e-27
   81  200    3.015216e-24    1.769737e-24
   81  201    3.112470e-19    1.351789e-19
   81  202    2.882917e-16    7.550021e-17
   81  203    3.296473e-12   -9.260973e-17
   81  204    2.297816e-16    2.389819e-17
   81  205    2.532457e-13   -7.319640e-18
   81  206    4.978167e-18    3.987229e-19
   81  207    3.155303e-23    4.062191e-24
   82  201    2.582742e-27    1.563702e-27
   82  202    3.930985e-21    1.758227e-21
   82  203    1.711525e-17    4.719253e-18
   82  204    4.904319e-12    1.225383e-15
   82  205    9.267072e-12   -1.165234e-15
   82  206    4.710573e-11    1.084964e-14
   82  207    6.278448e-11   -1.013603e-14
   82  208    1.298598e-10   -7.784767e-16
   82  209    2.326715e-19   -8.781512e-22
   82  210    8.171629e-27   -8.295942e-28
   83  204    1.671150e-29    4.494317e-30
   83  205    2.407300e-27    8.123643e-28
   83  206    1.271343e-24    7.363918e-25
   83  207    2.161533e-19    9.195457e-20
   83  208    2.094877e-16    5.250590e-17
   83  209    3.106370e-12   -5.260009e-17
   83  210    3.981175e-20   -7.228789e-22
   83  211    4.740340e-27   -1.563110e-28
   84  210    6.488052e-30    1.501644e-30
    0    1    2.771247e-15    3.432988e-16
    1    1    9.499319e-13    8.509102e-14
    2    4    1.432734e-09    8.143004e-11
