3.2987e-01
9.4071e-06
2.6376e+00
4.0347e+05
    1    2    5.270686e-18    1.265504e-19
    1    3    2.839243e-19    1.522901e-20
    2    3    2.113306e-15    1.002421e-16
    3    6    3.729731e-24    7.379500e-26
    3    7    2.685625e-24    8.154931e-26
    4    7    2.175574e-21    5.264086e-23
    4    8    2.267133e-14    1.936966e-15
    4   10    1.608740e-24    3.576355e-26
    5   10    1.697465e-18    2.667325e-20
    5   11    9.267187e-18    4.134544e-19
    5   12    4.830725e-28    2.576806e-29
    6   11    3.683377e-13    1.404238e-14
    6   12    6.839778e-04   -1.766838e-07
    6   13    1.715090e-10    2.339196e-12
    6   14    8.270237e-11    1.822486e-12
    6   15    1.714675e-24    6.379702e-26
    7   12    3.723156e-23    1.740254e-24
    7   13    6.718217e-11    5.464916e-13
    7   14    5.316491e-09    7.434064e-11
    7   15    2.035595e-08    2.575105e-10
    7   16    1.259750e-19    3.513902e-21
    7   17    2.945330e-25    3.041032e-27
    8   14    2.187519e-13    3.353259e-15
    8   15    9.999443e-09    5.519864e-10
    8   16    4.582655e-02   -1.063843e-08
    8   17    1.314303e-07    2.062544e-09
    8   18    1.939436e-11    1.267222e-13
    8   19    6.478678e-20    9.875463e-22
    8   20    2.525044e-27    1.992652e-28
    9   15    5.216159e-27    1.306013e-28
    9   16    1.473828e-20    9.464074e-22
    9   17    3.671204e-11    3.293029e-13
    9   18    4.588139e-09    5.331351e-11
    9   19    2.722184e-09    1.948531e-10
    9   20    1.205154e-15    9.351752e-17
    9   21    2.110880e-20    1.611623e-22
    9   22    1.029712e-29    1.034298e-31
   10   17    5.199955e-29    3.752587e-30
   10   18    2.099790e-15    3.535662e-17
   10   19    4.791389e-11    2.814780e-12
   10   20    8.380962e-03    1.284486e-08
   10   21    9.754045e-06   -1.770729e-08
   10   22    1.647270e-06   -9.857872e-09
   10   23    2.417414e-14    1.665931e-17
   10   24    2.573702e-20    3.486926e-22
   10   25    1.347929e-28    3.353732e-30
   11   19    3.447600e-26    8.994000e-28
   11   20    7.964090e-18    5.300750e-19
   11   21    1.808301e-08    1.486226e-10
   11   22    2.643279e-07    8.380728e-09
   11   23    1.520174e-04   -1.139079e-08
   11   24    8.917652e-11    5.428940e-13
   11   25    5.801505e-15   -1.706802e-17
   11   26    3.557810e-22    1.110972e-24
   11   27    2.215209e-29    2.106089e-31
   12   21    8.156158e-23    6.071244e-24
   12   22    5.051468e-14    3.501734e-15
   12   23    3.295051e-07   -5.633181e-10
   12   24    2.134075e-03    3.715964e-07
   12   25    3.510567e-04   -2.836228e-07
   12   26    2.874841e-04    3.264132e-08
   12   27    1.054163e-11    6.901970e-14
   12   28    9.933283e-18    5.442254e-20
   12   29    2.145608e-26    4.202077e-28
   13   23    1.275902e-26    7.890405e-28
   13   24    2.189032e-14    1.470280e-16
   13   25    2.606376e-09    2.197053e-11
   13   26    2.318038e-08   -6.604863e-10
   13   27    2.734843e-04    2.783784e-07
   13   28    1.578871e-09   -9.168234e-12
   13   29    1.143861e-13   -1.040334e-15
   13   30    2.632262e-20   -6.175547e-23
   13   31    8.849044e-27    3.572468e-29
   14   25    2.097672e-20    8.267478e-22
   14   26    1.977966e-12    6.801230e-14
   14   27    1.824667e-05   -4.085128e-07
   14   28    2.528485e-04    6.407248e-08
   14   29    7.278414e-05    2.837151e-08
   14   30    3.286882e-05    1.935184e-08
   14   31    1.523133e-10    1.061369e-12
   14   32    2.653440e-16    1.794685e-18
   14   33    1.360888e-23    2.558877e-25
   14   34    2.520336e-30    6.206657e-32
   15   27    2.490119e-21    1.070131e-22
   15   28    2.257790e-12   -3.125675e-14
   15   29    7.998423e-10    6.638493e-12
   15   30    3.691593e-08   -9.280104e-10
   15   31    2.040284e-06   -8.137117e-09
   15   32    1.824859e-11   -9.222501e-14
   15   33    1.302940e-12    6.063119e-15
   15   34    2.264801e-18    2.409039e-20
   15   35    1.566566e-23   -1.076834e-25
   16   28    2.653344e-28    1.627474e-29
   16   29    2.403464e-17   -1.124244e-19
   16   30    2.325259e-12   -1.842024e-14
   16   31    2.556054e-08    3.684273e-10
   16   32    1.926205e-06    1.817971e-08
   16   33    4.936303e-08    5.139822e-11
   16   34    5.801257e-08   -4.183908e-09
   16   35    7.019810e-12   -1.608982e-13
   16   36    1.022229e-14   -5.132320e-16
   16   37    5.270675e-22   -1.922847e-23
   16   38    6.312220e-28   -2.206687e-29
   17   30    3.343403e-29    1.584022e-31
   17   31    3.341228e-22    4.204866e-25
   17   32    6.782444e-17    3.781468e-18
   17   33    1.422702e-14   -2.258830e-17
   17   34    1.531565e-09    3.421890e-11
   17   35    9.730846e-08   -2.778089e-09
   17   36    4.202130e-12   -6.582606e-14
   17   37    6.234560e-14    1.157216e-15
   17   38    2.605585e-19    6.415397e-21
   17   39    4.268566e-24    1.210759e-25
   17   40    1.405993e-29    4.978364e-31
   18   32    2.780639e-29    2.682871e-31
   18   33    3.435191e-26    1.494428e-27
   18   34    2.483839e-17    1.470759e-19
   18   35    3.960030e-10    2.354725e-11
   18   36    1.039895e-08    4.287425e-10
   18   37    2.617793e-11    6.111395e-13
   18   38    1.204186e-10   -4.702450e-12
   18   39    8.435503e-15    9.832217e-17
   18   40    7.171229e-15   -9.493855e-16
   18   41    8.065481e-20   -1.078402e-20
   18   42    3.355776e-23    1.111726e-25
   18   43    2.036650e-28    1.467966e-30
   19   35    1.352415e-27    2.036301e-29
   19   36    7.820540e-18    5.458564e-19
   19   37    1.289336e-15    6.358229e-17
   19   38    6.087761e-13    2.788761e-14
   19   39    2.499334e-10    6.613930e-12
   19   40    4.969220e-13    5.545676e-16
   19   41    1.916214e-13    1.940579e-15
   19   42    4.126355e-17    4.033900e-19
   19   43    7.025110e-17   -4.048549e-18
   19   44    5.622165e-21   -5.457297e-22
   19   45    5.913778e-24   -2.014666e-24
   19   46    7.780411e-28   -3.446206e-28
   19   47    1.859252e-29   -6.767939e-30
   20   38    1.334912e-18    7.643077e-20
   20   39    5.485487e-14    4.239685e-15
   20   40    6.258323e-09    3.471514e-10
   20   41    5.833079e-10    2.070984e-11
   20   42    3.585853e-08   -3.234316e-10
   20   43    2.890619e-09   -1.787053e-10
   20   44    9.609927e-09   -8.626923e-10
   20   45    2.498719e-12   -2.211205e-13
   20   46    5.937449e-12   -9.738186e-13
   20   47    9.499245e-16   -2.210786e-16
   20   48    6.018151e-13   -2.429934e-13
   20   49    6.581988e-19   -2.530399e-19
   20   50    6.970834e-24   -2.568542e-24
   21   39    3.803072e-30    2.517599e-31
   21   40    1.306562e-23    1.118496e-24
   21   41    5.162613e-17    3.291902e-18
   21   42    1.982193e-13    8.860993e-15
   21   43    6.440124e-09   -6.847694e-12
   21   44    2.251550e-09   -1.118358e-10
   21   45    2.350484e-08   -8.833075e-10
   21   46    5.308655e-11   -2.229656e-12
   21   47    7.296955e-12   -1.060065e-12
   21   48    2.620765e-11   -6.448979e-12
   21   49    4.107123e-13   -1.037818e-13
   21   50    9.303076e-18   -2.149498e-18
   21   51    4.913427e-22   -9.710055e-23
   21   52    2.118401e-28   -3.832250e-29
   22   42    8.294487e-22    5.885992e-23
   22   43    2.079059e-15    1.196832e-16
   22   44    5.634213e-09    2.031429e-10
   22   45    6.747393e-09    2.293292e-10
   22   46    4.641311e-08    8.466381e-10
   22   47    4.351048e-09   -4.549821e-11
   22   48    7.264035e-09   -2.723879e-10
   22   49    5.956420e-10   -8.984587e-11
   22   50    1.827025e-08   -9.227413e-10
   22   51    1.590838e-12   -6.957329e-14
   22   52    4.374036e-16   -6.067797e-17
   22   53    1.670740e-21   -2.095701e-22
   22   54    7.242046e-26   -9.907836e-27
   23   44    2.133242e-22    1.396249e-23
   23   45    3.584978e-19    2.863600e-20
   23   46    3.809582e-11    2.440101e-12
   23   47    1.137665e-08    5.804889e-10
   23   48    3.428917e-09    6.491579e-11
   23   49    1.569056e-08   -5.711578e-11
   23   50    1.283294e-09   -5.870096e-11
   23   51    1.255782e-08   -3.485134e-10
   23   52    2.041186e-11   -2.463491e-13
   23   53    1.939998e-14   -1.709812e-15
   23   54    2.990268e-19   -2.304272e-20
   23   55    7.958546e-23   -8.364357e-24
   23   56    1.097146e-29   -9.852376e-31
   24   45    1.220957e-28    8.914854e-30
   24   46    3.581254e-22    3.266790e-23
   24   47    1.238278e-12    1.026435e-13
   24   48    2.114581e-10    1.700736e-11
   24   49    1.096529e-09    6.783226e-11
   24   50    9.328182e-09    4.475426e-10
   24   51    2.001484e-08    6.643928e-10
   24   52    4.494785e-08   -3.992200e-10
   24   53    2.227458e-09   -1.536450e-10
   24   54    2.966864e-08   -2.053801e-09
   24   55    3.601376e-12   -2.056812e-13
   24   56    2.804396e-15   -3.604557e-16
   24   57    8.405974e-21   -9.545414e-22
   24   58    1.576989e-24   -2.066805e-25
   25   48    1.638696e-19    1.483639e-20
   25   49    1.273805e-16    1.121980e-17
   25   50    2.178412e-12    1.785336e-13
   25   51    6.986187e-10    6.251506e-11
   25   52    3.856859e-09    3.109869e-10
   25   53    2.030701e-08    5.599976e-10
   25   54    3.097953e-08   -4.536072e-10
   25   55    2.401524e-08   -9.644428e-10
   25   56    5.022031e-11   -1.628391e-12
   25   57    2.147803e-13   -2.053481e-14
   25   58    1.504259e-17   -1.257673e-18
   25   59    2.661900e-20   -2.948924e-21
   25   60    7.013957e-26   -6.720180e-27
   25   61    1.229120e-29   -2.263567e-30
   26   49    2.277874e-25    2.229563e-26
   26   50    1.147536e-20    1.091448e-21
   26   51    2.297787e-14    2.514631e-15
   26   52    6.215357e-12    7.976109e-13
   26   53    2.477443e-10    2.999864e-11
   26   54    3.287103e-08    1.548988e-09
   26   55    5.303335e-08    1.585536e-09
   26   56    1.570345e-06   -1.110097e-08
   26   57    3.119873e-07   -1.463973e-08
   26   58    2.818527e-06   -7.701984e-08
   26   59    1.185349e-09   -2.213469e-11
   26   60    3.819436e-12   -3.049797e-13
   26   61    3.039607e-17   -1.992412e-18
   26   62    3.661169e-20   -3.295604e-21
   26   63    1.887448e-26   -1.412209e-27
   27   51    3.567282e-30    3.688321e-31
   27   52    1.071764e-23    1.257273e-24
   27   53    4.666519e-19    6.334057e-20
   27   54    1.742610e-13    2.533095e-14
   27   55    9.406145e-10    7.757189e-11
   27   56    4.352303e-09    3.192413e-10
   27   57    7.034025e-07    1.891334e-08
   27   58    4.057914e-07    7.573659e-09
   27   59    2.360797e-06   -9.420324e-09
   27   60    1.191747e-08   -2.720426e-10
   27   61    2.189239e-10   -1.069513e-11
   27   62    7.163972e-14   -2.567253e-15
   27   63    5.590181e-16   -2.598684e-17
   27   64    7.593305e-21   -2.464052e-22
   27   65    1.726187e-23   -5.320811e-25
   27   66    2.049070e-29   -3.397736e-31
   28   53    1.946385e-28    2.421223e-29
   28   54    1.123151e-23    1.607931e-24
   28   55    2.984527e-16    5.183026e-17
   28   56    5.921134e-12    6.993467e-13
   28   57    3.453299e-10    3.145332e-11
   28   58    1.551232e-07    1.119391e-08
   28   59    1.017025e-06    4.681158e-08
   28   60    3.225973e-06    2.554859e-08
   28   61    7.351461e-07   -6.302923e-09
   28   62    1.999377e-06   -1.733348e-08
   28   63    4.291255e-09   -1.071793e-11
   28   64    7.332444e-07   -2.097011e-08
   28   65    1.045426e-10   -1.556800e-12
   28   66    5.177541e-13   -2.038420e-14
   28   67    5.929944e-18   -1.509552e-19
   28   68    8.089004e-21   -2.757535e-22
   28   69    1.885068e-27   -3.686525e-29
   29   57    4.064739e-21    5.168771e-22
   29   58    9.635931e-16    9.492737e-17
   29   59    1.949507e-11    1.552682e-12
   29   60    5.804109e-09    3.304787e-10
   29   61    1.278844e-07    3.212847e-09
   29   62    1.383819e-07    4.325278e-09
   29   63    1.023125e-06    1.024192e-08
   29   64    2.124465e-07    2.503376e-09
   29   65    8.151400e-07   -1.229665e-08
   29   66    1.577354e-09   -2.409621e-12
   29   67    7.415920e-11   -2.055777e-12
   29   68    6.494858e-15   -9.175448e-17
   29   69    6.808169e-17   -1.501737e-18
   29   70    1.695521e-22   -1.333915e-24
   29   71    5.134110e-25   -3.542594e-27
   30   58    1.977419e-28    2.656857e-29
   30   59    2.242918e-21    2.371489e-22
   30   60    1.874844e-14    2.042574e-15
   30   61    1.079042e-10    9.686282e-12
   30   62    9.130353e-09    6.682875e-10
   30   63    1.074707e-08    7.766031e-10
   30   64    1.057282e-06    1.438866e-08
   30   65    3.994916e-07    1.340565e-08
   30   66    1.549741e-06   -2.611748e-10
   30   67    1.240704e-08   -1.369990e-10
   30   68    9.528218e-07   -1.438467e-08
   30   69    3.566807e-10   -4.974081e-13
   30   70    8.846696e-11   -2.149955e-12
   30   71    4.609314e-15   -4.792500e-17
   30   72    1.759474e-16   -3.131541e-18
   30   73    1.466954e-21   -5.678486e-24
   30   74    4.515198e-24   -3.818079e-26
   30   75    2.577471e-30    1.434072e-32
   31   61    9.784291e-26    1.286046e-26
   31   62    3.132537e-16    3.044671e-17
   31   63    6.034662e-14    4.871894e-15
   31   64    5.174021e-12    4.133033e-13
   31   65    2.458068e-09    5.208413e-11
   31   66    1.661060e-08    9.085580e-10
   31   67    2.300731e-07    8.271324e-09
   31   68    1.046839e-08    3.701175e-10
   31   69    4.301608e-07    7.878802e-09
   31   70    2.963639e-09    9.832619e-11
   31   71    8.661995e-08   -1.852316e-09
   31   72    5.224864e-11   -4.056437e-13
   31   73    4.432355e-12   -6.078024e-14
   31   74    1.023678e-15   -3.201020e-19
   31   75    1.862748e-17   -9.002447e-20
   31   76    1.097638e-22    9.529045e-25
   31   77    9.019290e-25    8.353088e-27
   31   78    3.040267e-30    6.865108e-32
   32   63    2.741990e-23    2.868564e-24
   32   64    2.440517e-17    2.866749e-18
   32   65    1.557206e-14    1.719544e-15
   32   66    1.384943e-10    1.036261e-11
   32   67    7.326914e-10    6.912747e-11
   32   68    1.740524e-08    1.409365e-09
   32   69    1.457617e-08    8.785860e-10
   32   70    2.865891e-07    4.351255e-09
   32   71    4.847308e-08    1.145226e-09
   32   72    2.363574e-07   -1.754442e-09
   32   73    1.463753e-09    5.670019e-12
   32   74    1.384170e-07   -1.481867e-09
   32   75    1.769540e-10    6.310843e-13
   32   76    1.362284e-11   -1.548677e-13
   32   77    2.125577e-15    4.827846e-18
   32   78    2.816471e-17   -8.399265e-20
   32   79    6.580975e-22    6.972643e-24
   32   80    1.482055e-24    1.057302e-26
   33   65    8.982096e-28    1.128655e-28
   33   66    6.854256e-20    8.070159e-21
   33   67    1.519764e-16    1.253279e-17
   33   68    4.725358e-14    4.796202e-15
   33   69    5.459223e-12    4.837220e-13
   33   70    1.009488e-10    7.094040e-12
   33   71    1.233284e-08    3.818771e-10
   33   72    4.579645e-09    2.774550e-10
   33   73    4.214659e-08    1.544142e-09
   33   74    3.252762e-09    1.233649e-10
   33   75    4.592503e-08    8.709516e-10
   33   76    5.704838e-10    2.029224e-11
   33   77    3.166674e-11    1.413142e-13
   33   78    1.700492e-14    2.829709e-16
   33   79    1.315488e-15    6.762694e-18
   33   80    3.198735e-19    5.755123e-21
   33   81    6.116482e-21    7.969631e-23
   33   82    2.195278e-26    5.817412e-28
   34   67    9.770628e-28    1.222787e-28
   34   68    9.669177e-20    1.088862e-20
   34   69    1.316012e-16    1.583540e-17
   34   70    1.437817e-13    1.668772e-14
   34   71    3.933893e-12    4.153694e-13
   34   72    9.675904e-10    8.085815e-11
   34   73    3.946494e-10    3.534551e-11
   34   74    3.676332e-09    2.984620e-10
   34   75    6.425326e-09    3.682595e-10
   34   76    5.797004e-08   -1.716805e-10
   34   77    3.718965e-09   -1.754173e-11
   34   78    6.330601e-08   -3.361116e-10
   34   79    5.453547e-10    4.054909e-12
   34   80    3.783927e-09   -2.008798e-11
   34   81    7.623253e-12    7.708439e-14
   34   82    3.044086e-12   -1.358356e-14
   34   83    1.549339e-16    1.416576e-18
   34   84    1.546977e-18    4.929171e-21
   34   85    2.421373e-25    4.184042e-27
   35   70    1.280254e-22    1.635379e-23
   35   71    4.776030e-20    5.899747e-21
   35   72    6.707967e-17    7.558647e-18
   35   73    9.212319e-14    8.386903e-15
   35   74    9.835912e-13    9.738178e-14
   35   75    3.636752e-11    3.622240e-12
   35   76    2.585116e-10    2.311607e-11
   35   77    5.526181e-09    2.190620e-10
   35   78    3.138297e-10    1.537908e-11
   35   79    1.385601e-08    2.434827e-10
   35   80    1.004884e-09    2.276878e-11
   35   81    6.869696e-09   -1.745717e-11
   35   82    2.103706e-10    2.041811e-12
   35   83    4.562217e-11    6.942892e-14
   35   84    4.767215e-14    7.034825e-16
   35   85    1.517988e-15    1.647728e-17
   35   86    1.066909e-21    2.626755e-23
   35   87    2.020808e-26    7.571540e-28
   36   71    1.029204e-29    1.388761e-30
   36   72    1.035439e-23    1.559671e-24
   36   73    3.082572e-19    4.004461e-20
   36   74    9.575815e-16    1.200632e-16
   36   75    1.651939e-14    2.184296e-15
   36   76    4.249990e-12    5.539458e-13
   36   77    1.066523e-11    1.145617e-12
   36   78    2.313181e-10    1.925750e-11
   36   79    6.007997e-10    3.342746e-11
   36   80    1.738594e-08   -8.779637e-12
   36   81    3.497126e-09    2.729484e-11
   36   82    5.538157e-08   -1.406482e-10
   36   83    6.311461e-09   -1.682115e-11
   36   84    5.636672e-08   -1.457172e-10
   36   85    5.805394e-10    5.270598e-12
   36   86    4.877468e-10   -8.748716e-13
   36   87    4.170305e-15    4.970992e-17
   36   88    8.625875e-19    2.211190e-20
   36   89    5.808554e-25    2.276266e-26
   36   90    9.357932e-30    4.883318e-31
   37   74    4.441283e-25    6.089189e-26
   37   75    6.480159e-22    8.594162e-23
   37   76    4.276094e-19    5.948610e-20
   37   77    2.818946e-16    3.882044e-17
   37   78    2.678148e-15    3.073738e-16
   37   79    8.266795e-13    8.024858e-14
   37   80    7.197767e-12    5.531641e-13
   37   81    7.481429e-10    2.852151e-11
   37   82    1.997472e-10    9.760975e-12
   37   83    3.451913e-09    1.421228e-10
   37   84    3.489128e-10    1.747682e-11
   37   85    9.258484e-09    1.081738e-10
   37   86    1.619974e-09    7.290809e-12
   37   87    4.202591e-10    2.190375e-12
   37   88    2.910064e-14    5.417491e-16
   37   89    2.336212e-17    7.528085e-19
   37   90    1.435542e-22    6.521241e-24
   37   91    9.843413e-27    5.725485e-28
   38   76    1.484915e-25    2.284202e-26
   38   77    1.117652e-21    1.763620e-22
   38   78    1.191788e-18    2.040461e-19
   38   79    2.847026e-17    4.081340e-18
   38   80    3.225738e-14    3.949494e-15
   38   81    1.342968e-13    1.430723e-14
   38   82    1.936795e-11    1.604065e-12
   38   83    1.498698e-11    1.277728e-12
   38   84    8.361722e-11    7.054793e-12
   38   85    2.605784e-10    1.297843e-11
   38   86    1.569793e-08   -2.616309e-11
   38   87    1.219950e-08   -1.584041e-11
   38   88    3.720370e-08   -1.901413e-11
   38   89    1.206055e-11    1.595607e-13
   38   90    3.965206e-14    1.033080e-15
   38   91    1.429980e-18    5.615691e-20
   38   92    4.934238e-22    2.574447e-23
   38   93    1.741516e-27    1.136188e-28
   39   78    1.332705e-28    2.198168e-29
   39   79    2.172512e-24    3.866913e-25
   39   80    1.832014e-22    2.751620e-23
   39   81    2.606638e-19    3.380178e-20
   39   82    1.717686e-17    1.956421e-18
   39   83    1.407560e-14    1.311797e-15
   39   84    1.532772e-14    1.448485e-15
   39   85    6.211214e-13    7.197064e-14
   39   86    3.766910e-12    3.247952e-13
   39   87    4.236031e-10    1.720103e-11
   39   88    3.206779e-10    1.425988e-11
   39   89    5.795675e-09    3.373190e-11
   39   90    1.169373e-11    2.269105e-13
   39   91    1.245444e-13    4.080187e-15
   39   92    3.407259e-17    1.552540e-18
   39   93    8.666172e-20    5.055271e-21
   39   94    1.023479e-23    7.272747e-25
   39   95    1.425773e-27    1.185859e-28
   40   80    2.076412e-28    4.315014e-29
   40   81    3.729369e-26    6.192785e-27
   40   82    8.860170e-22    1.434825e-22
   40   83    7.950958e-20    1.145813e-20
   40   84    8.071004e-17    1.055068e-17
   40   85    1.072851e-16    1.393827e-17
   40   86    1.242928e-14    1.669232e-15
   40   87    7.686687e-14    7.483563e-15
   40   88    5.536202e-12    4.640995e-13
   40   89    6.730344e-12    4.250553e-13
   40   90    3.314683e-09    4.613057e-12
   40   91    1.092270e-10    1.346502e-13
   40   92    6.785343e-10   -2.089876e-12
   40   93    1.498966e-12    8.823673e-15
   40   94    2.095779e-12   -4.488590e-14
   40   95    1.158606e-15   -9.002506e-18
   40   96    6.193356e-18    5.583529e-20
   40   97    2.306889e-23    5.206750e-25
   40   98    8.405382e-28    3.003489e-29
   41   83    5.309115e-29    8.978270e-30
   41   84    3.510173e-24    5.322837e-25
   41   85    7.592331e-23    1.047195e-23
   41   86    3.597394e-21    4.928097e-22
   41   87    1.459129e-18    2.075781e-19
   41   88    1.102914e-16    1.232214e-17
   41   89    1.531212e-14    1.796849e-15
   41   90    4.124648e-14    4.071562e-15
   41   91    2.956857e-11    1.319920e-12
   41   92    3.233112e-12    1.427293e-13
   41   93    5.672392e-12    2.373377e-13
   41   94    4.673163e-14    2.569790e-15
   41   95    3.152138e-15    1.330293e-16
   41   96    5.892520e-18    3.280672e-19
   41   97    7.369556e-20    5.968150e-21
   41   98    1.596492e-24    1.492811e-25
   41   99    6.081157e-28    6.409233e-29
   42   85    1.158477e-30    1.834594e-31
   42   86    5.898488e-26    9.756047e-27
   42   87    7.725632e-24    1.281400e-24
   42   88    3.203067e-21    5.531606e-22
   42   89    3.396972e-19    4.893847e-20
   42   90    4.377105e-17    6.812048e-18
   42   91    1.986225e-16    2.286449e-17
   42   92    1.954834e-13    1.192202e-14
   42   93    4.974465e-13    4.592291e-15
   42   94    5.084221e-11    7.086148e-14
   42   95    5.555762e-12    1.506822e-14
   42   96    1.448990e-10   -4.259852e-14
   42   97    7.725057e-13    3.420748e-15
   42   98    1.542028e-11   -1.023540e-13
   42   99    1.470784e-15    1.035946e-17
   42  100    6.837594e-17   -3.328127e-19
   42  101    1.262323e-21    1.127509e-23
   42  102    1.095583e-23    6.828201e-26
   42  103    7.975674e-29    1.581276e-30
   43   88    1.729251e-30    2.989942e-31
   43   89    1.319199e-27    2.370715e-28
   43   90    5.750044e-25    8.683124e-26
   43   91    2.901148e-21    4.843005e-22
   43   92    1.366604e-19    1.786651e-20
   43   93    3.470651e-16    2.560706e-17
   43   94    3.614347e-15    1.616420e-16
   43   95    2.929437e-13    1.314458e-14
   43   96    9.811684e-14    4.276451e-15
   43   97    8.516861e-13    3.380663e-14
   43   98    2.048350e-14    5.099787e-16
   43   99    2.042721e-13    1.063995e-15
   43  100    1.593602e-16    2.932344e-18
   43  101    1.829570e-17    1.698952e-19
   43  102    8.709491e-22    1.972264e-23
   43  103    4.124888e-23    8.122662e-25
   43  104    1.290360e-27    4.249462e-29
   44   91    4.661481e-28    9.431403e-29
   44   92    1.679325e-24    3.365711e-25
   44   93    1.374081e-22    2.202617e-23
   44   94    1.430365e-18    1.339221e-19
   44   95    8.514376e-17    7.314100e-18
   44   96    3.389632e-15    8.396914e-17
   44   97    1.952899e-14    1.813252e-16
   44   98    7.642132e-12    9.939927e-16
   44   99    7.257008e-13    2.637458e-15
   44  100    4.020950e-11   -1.258401e-14
   44  101    1.824286e-13    2.453153e-15
   44  102    1.081732e-13    1.457784e-16
   44  103    6.806618e-17    1.000741e-18
   44  104    1.158690e-17    2.390804e-20
   44  105    1.455464e-21    2.258571e-23
   44  106    3.473361e-23    5.426680e-25
   44  107    4.899488e-28    1.421591e-29
   44  108    2.748986e-30    1.625257e-32
   45   94    1.212372e-27    2.030254e-28
   45   95    7.366919e-23    7.706891e-24
   45   96    1.470157e-20    1.456653e-21
   45   97    4.859051e-18    2.170627e-19
   45   98    4.560890e-17    1.554637e-18
   45   99    2.141529e-14    8.614891e-16
   45  100    7.939804e-15    2.685893e-16
   45  101    7.736411e-13    7.564067e-15
   45  102    3.136103e-14    3.216981e-16
   45  103    6.727611e-12   -3.681483e-15
   45  104    2.011399e-14    2.533771e-16
   45  105    8.735070e-15    5.171766e-17
   45  106    4.008494e-18    7.658393e-20
   45  107    4.256971e-19    7.795191e-21
   45  108    5.540905e-23    1.741650e-24
   45  109    9.669991e-25    4.238751e-26
   45  110    3.437945e-29    1.953747e-30
   46   96    2.738331e-26    3.858012e-27
   46   97    1.084120e-23    1.381576e-24
   46   98    1.519937e-20    1.249766e-21
   46   99    7.906728e-19    6.282066e-20
   46  100    3.916129e-17    2.741471e-18
   46  101    7.753489e-16    3.366113e-17
   46  102    2.387973e-13    1.339735e-15
   46  103    1.504096e-13    7.849346e-16
   46  104    2.735272e-11    1.374694e-15
   46  105    5.153227e-13    6.111538e-15
   46  106    2.842748e-11    1.383336e-14
   46  107    8.625635e-14    6.594108e-16
   46  108    1.689629e-11   -2.928181e-14
   46  109    7.543811e-15    8.838552e-17
   46  110    2.856386e-15   -9.656977e-18
   46  111    1.478593e-19    1.516448e-21
   46  112    2.720308e-21    5.558723e-23
   46  113    2.308314e-26    7.825292e-28
   47   98    2.059798e-29    2.776969e-30
   47   99    1.982744e-25    1.801214e-26
   47  100    2.454300e-23    2.169536e-24
   47  101    1.100972e-20    8.827145e-22
   47  102    4.801734e-19    3.119530e-20
   47  103    4.785709e-16    1.661431e-17
   47  104    1.196259e-15    2.875963e-17
   47  105    3.260031e-13    3.076233e-15
   47  106    6.569365e-14    6.535998e-16
   47  107    5.783663e-12    6.564963e-15
   47  108    8.726498e-14    9.638371e-16
   47  109    4.718494e-12   -6.249722e-15
   47  110    7.757668e-15    9.228151e-17
   47  111    3.058796e-15    1.800313e-17
   47  112    1.338201e-18    2.553923e-20
   47  113    9.624961e-20    1.994857e-21
   47  114    3.698047e-24    1.256545e-25
   47  115    5.823104e-26    2.552976e-27
   48  100    2.900985e-29    5.471472e-30
   48  101    6.899275e-27    8.415650e-28
   48  102    9.298739e-24    9.936694e-25
   48  103    1.959779e-21    1.414267e-22
   48  104    8.594904e-19    6.004903e-20
   48  105    5.415664e-17    2.615453e-18
   48  106    1.544068e-15    4.170492e-17
   48  107    6.357057e-15    1.879829e-16
   48  108    1.139100e-12    3.637159e-15
   48  109    1.259937e-13    8.386440e-16
   48  110    2.776789e-11    1.869288e-14
   48  111    3.119639e-13    3.155317e-15
   48  112    3.339019e-11    2.197373e-14
   48  113    8.647792e-14    5.261737e-16
   48  114    1.582743e-11   -5.238464e-14
   48  115    5.106877e-15    5.229524e-17
   48  116    4.564590e-16    1.778937e-18
   48  117    3.397903e-20    5.925592e-22
   48  118    4.624903e-22    1.150952e-23
   48  119    4.048617e-27    1.549553e-28
   49  103    1.642400e-29    1.878572e-30
   49  104    1.331477e-26    1.068940e-27
   49  105    3.106721e-23    2.373167e-24
   49  106    4.662934e-21    2.938699e-22
   49  107    7.063962e-19    3.484610e-20
   49  108    5.159349e-18    2.134420e-19
   49  109    4.265743e-15    6.539393e-17
   49  110    2.889402e-15    3.903064e-17
   49  111    7.181769e-13    3.691397e-15
   49  112    5.950205e-14    7.014547e-16
   49  113    5.288726e-12   -1.994644e-15
   49  114    5.971935e-14    7.538393e-16
   49  115    4.467227e-14    4.393469e-16
   49  116    7.928185e-17    1.821672e-18
   49  117    1.230455e-17    2.369382e-19
   49  118    4.819284e-21    1.562130e-22
   49  119    2.264324e-22    7.629443e-24
   49  120    2.269165e-26    1.059462e-27
   49  121    4.618542e-27    4.471841e-29
   49  122    8.315156e-30    5.555429e-32
   49  123    1.633670e-30    3.491931e-33
   50  106    1.363759e-26    1.474580e-27
   50  107    8.860380e-25    8.994941e-26
   50  108    3.822893e-22    3.087455e-23
   50  109    1.717178e-20    9.047218e-22
   50  110    4.776029e-18    2.698712e-19
   50  111    9.070901e-17    3.839520e-18
   50  112    1.763338e-14    1.301689e-16
   50  113    1.377904e-14    1.038774e-16
   50  114    6.540586e-12    6.089376e-15
   50  115    3.691369e-13    2.923599e-15
   50  116    5.771656e-11    4.093200e-14
   50  117    5.499930e-13    4.675848e-15
   50  118    7.841303e-11    3.327295e-14
   50  119    2.694355e-13    1.213110e-15
   50  120    3.670281e-11   -9.248631e-14
   50  121    1.678290e-14    1.719294e-16
   50  122    1.427123e-13   -8.006300e-16
   50  123    4.569669e-17   -6.646700e-20
   50  124    3.267577e-15   -3.859245e-17
   50  125    1.973293e-19    3.884972e-22
   50  126    2.080032e-21    2.637668e-25
   50  127    4.932982e-26    6.767997e-28
   50  128    3.392822e-28    4.062235e-32
   51  109    1.285391e-29    1.139633e-30
   51  110    3.514300e-26    2.140756e-27
   51  111    5.978606e-24    3.842921e-25
   51  112    1.808850e-21    9.429710e-23
   51  113    6.807665e-19    1.167282e-20
   51  114    2.287812e-18    6.173453e-20
   51  115    2.169115e-15    6.822955e-17
   51  116    5.810545e-16    1.991944e-17
   51  117    1.231886e-13    1.840901e-15
   51  118    1.401961e-14    2.360169e-16
   51  119    1.101720e-12    5.099927e-15
   51  120    1.692873e-14    1.739604e-16
   51  121    2.330552e-12   -3.446789e-15
   51  122    5.118682e-15    5.910915e-17
   51  123    3.063079e-14   -1.272330e-16
   51  124    2.721076e-17    2.512553e-19
   51  125    2.649038e-18    1.798313e-20
   51  126    6.073162e-22    1.220165e-23
   51  127    1.666793e-23    2.935603e-25
   51  128    8.519203e-28    2.399208e-29
   51  129    9.922502e-26    2.479119e-28
   51  130    7.739081e-30    1.900685e-30
   51  131    6.310995e-30    1.290344e-32
   52  112    1.960076e-28    1.368751e-29
   52  113    7.861954e-26    5.339326e-27
   52  114    1.501878e-22    8.090340e-24
   52  115    4.461739e-22    2.549728e-23
   52  116    1.946840e-18    6.740375e-20
   52  117    2.901875e-18    7.611408e-20
   52  118    4.567738e-15    4.412974e-17
   52  119    1.420351e-15    1.626001e-17
   52  120    8.484295e-13    4.302368e-15
   52  121    5.791137e-14    5.168004e-16
   52  122    1.792632e-11    2.695106e-14
   52  123    2.083572e-13    1.940192e-15
   52  124    2.960806e-11    9.170090e-15
   52  125    1.119678e-13    6.749633e-16
   52  126    1.225164e-11   -4.077202e-14
   52  127    1.061614e-14    6.079002e-17
   52  128    5.263210e-13   -3.501039e-15
   52  129    6.119680e-16   -5.725389e-18
   52  130    5.362494e-14   -7.735574e-16
   52  131    4.443384e-18   -2.941720e-21
   52  132    4.386744e-20   -9.345754e-23
   52  133    1.652963e-24    1.869894e-26
   52  134    4.505968e-27   -4.418985e-31
   53  115    3.060314e-29    1.903000e-30
   53  116    1.507472e-27    9.878760e-29
   53  117    1.256426e-23    5.343907e-25
   53  118    3.103771e-22    1.262824e-23
   53  119    9.077237e-19    3.069524e-20
   53  120    9.687152e-19    3.406081e-20
   53  121    1.040593e-15    2.501800e-17
   53  122    3.685084e-16    7.978572e-18
   53  123    1.242724e-13    1.296074e-15
   53  124    7.007924e-15    9.798455e-17
   53  125    1.326856e-12    4.323273e-15
   53  126    1.779375e-14    1.624746e-16
   53  127    2.161699e-12   -4.609352e-15
   53  128    4.742363e-15    5.248242e-17
   53  129    1.278048e-15    7.329944e-18
   53  130    1.127474e-18    1.019622e-20
   53  131    2.499586e-19    7.595963e-21
   53  132    4.861593e-23    2.105489e-24
   53  133    1.037267e-23    1.161687e-25
   53  134    4.814736e-27    5.224429e-29
   53  135    1.592056e-25   -4.834072e-28
   54  118    3.567036e-27    2.970453e-28
   54  119    2.556861e-25    1.771032e-26
   54  120    1.186498e-21    4.999850e-23
   54  121    1.358591e-20    4.922561e-22
   54  122    3.440902e-17    4.785770e-19
   54  123    5.927975e-17    8.653032e-19
   54  124    4.052938e-14    3.520651e-16
   54  125    1.055117e-14    1.168008e-16
   54  126    3.046666e-12    1.665101e-14
   54  127    1.884841e-13    1.755533e-15
   54  128    2.765991e-11    5.832492e-14
   54  129    4.124134e-13    3.161015e-15
   54  130    3.445127e-11   -5.673913e-15
   54  131    1.795098e-13    5.474687e-16
   54  132    1.498772e-11   -5.920841e-14
   54  133    3.189428e-14    8.828927e-18
   54  134    2.022515e-12   -1.004154e-14
   54  135    9.772993e-15   -7.291825e-17
   54  136    7.626275e-13   -7.079952e-15
   54  137    1.244811e-20    6.426525e-23
   54  138    5.599129e-27    1.050950e-28
   55  121    1.023868e-27    5.120050e-29
   55  122    1.173985e-25    5.152299e-27
   55  123    1.662492e-21    4.106272e-23
   55  124    1.022098e-20    2.993889e-22
   55  125    2.756069e-17    5.861573e-19
   55  126    3.770761e-17    6.396562e-19
   55  127    1.699338e-14    2.038673e-16
   55  128    3.589875e-15    5.105079e-17
   55  129    4.359116e-13    3.221816e-15
   55  130    2.141564e-14    2.320338e-16
   55  131    1.907366e-12    3.975348e-15
   55  132    2.066571e-14    1.484144e-16
   55  133    2.190198e-12   -6.737810e-15
   55  134    6.604883e-15    6.687215e-17
   55  135    1.284427e-15    1.468901e-17
   55  136    1.481625e-17    2.640670e-20
   55  137    8.144772e-19    2.974411e-20
   55  138    3.412223e-26    1.712849e-27
   56  123    1.215890e-28    7.651561e-30
   56  124    1.947403e-24    8.186009e-26
   56  125    4.613646e-23    1.588484e-24
   56  126    4.199917e-19    8.632953e-21
   56  127    1.583165e-18    3.205824e-20
   56  128    1.596669e-15    2.141932e-17
   56  129    1.223254e-15    1.644584e-17
   56  130    4.960161e-13    5.350864e-15
   56  131    7.160694e-14    9.563876e-16
   56  132    1.454528e-11    1.090001e-13
   56  133    7.882101e-13    7.865828e-15
   56  134    9.867745e-11    3.870662e-13
   56  135    2.301845e-12    1.305983e-14
   56  136    1.866748e-10    5.515568e-14
   56  137    2.825678e-12    2.975454e-15
   56  138    1.838839e-10   -5.850798e-13
   56  139    6.401001e-17    6.964998e-19
   56  140    8.285801e-22    1.997283e-23
   56  141    2.083164e-28    7.881486e-30
   57  126    1.357350e-28    5.750093e-30
   57  127    1.682641e-24    4.803759e-26
   57  128    3.040288e-23    8.077387e-25
   57  129    3.331154e-19    5.839296e-21
   57  130    1.861440e-18    2.591914e-20
   57  131    2.057335e-15    2.727177e-17
   57  132    7.525309e-16    1.155772e-17
   57  133    3.178251e-13    3.164702e-15
   57  134    5.194310e-14    7.153699e-16
   57  135    4.159925e-12    2.569756e-14
   57  136    2.900311e-13    2.951499e-15
   57  137    1.254530e-11    1.947976e-14
   57  138    5.003015e-13    2.740413e-15
   57  139    1.954801e-11   -5.132748e-14
   57  140    3.806992e-17    4.302743e-19
   57  141    1.753284e-21    4.268162e-23
   57  142    1.511527e-27    5.731665e-29
   58  128    1.269593e-27    8.361521e-29
   58  129    7.374251e-26    2.437332e-27
   58  130    8.652877e-22    2.359012e-23
   58  131    8.417104e-21    2.071896e-22
   58  132    1.080287e-17    1.629323e-19
   58  133    1.740486e-17    2.565402e-19
   58  134    1.001464e-14    1.086560e-16
   58  135    4.814807e-15    6.368394e-17
   58  136    6.764211e-13    5.169371e-15
   58  137    8.980071e-14    9.252634e-16
   58  138    1.359800e-11    4.703398e-14
   58  139    1.044892e-12    6.059873e-15
   58  140    7.787807e-11   -5.947150e-14
   58  141    6.013847e-16    7.802270e-18
   58  142    1.900172e-19    4.921808e-21
   58  143    7.260117e-25    2.857735e-26
   58  144    4.598294e-29    2.391610e-30
   59  131    7.188216e-28    2.546522e-29
   59  132    2.950312e-26    9.446530e-28
   59  133    3.441828e-22    5.094557e-24
   59  134    1.130609e-20    7.273075e-23
   59  135    3.083830e-17    1.676939e-19
   59  136    5.224416e-17    3.719537e-19
   59  137    1.536880e-14    8.232012e-17
   59  138    5.493531e-15    5.592831e-17
   59  139    7.129153e-13    1.643282e-15
   59  140    1.713779e-13    1.521468e-15
   59  141    6.891498e-12   -3.026353e-15
   59  142    3.666427e-16    4.832871e-18
   59  143    4.248169e-19    1.104906e-20
   59  144    4.281132e-24    1.683423e-25
   59  145    1.447758e-27    7.488730e-29
   59  146    9.189253e-30   -4.076564e-35
   60  133    3.327002e-28    3.412264e-30
   60  134    9.028468e-24    7.635953e-26
   60  135    1.855410e-22    1.124649e-24
   60  136    7.041268e-19    4.240574e-21
   60  137    3.335897e-18    1.777829e-20
   60  138    2.091493e-15    8.134329e-18
   60  139    2.343660e-15    1.661102e-17
   60  140    5.725961e-13    1.731430e-15
   60  141    3.251012e-13    1.260483e-15
   60  142    3.535646e-11   -3.062119e-15
   60  143    5.947058e-15    7.951916e-17
   60  144    2.902484e-17    7.630565e-19
   60  145    1.605442e-21    6.341678e-23
   60  146    5.573702e-24   -1.792869e-26
   60  147    4.158886e-29    4.260125e-31
   60  148    4.219630e-26    1.560832e-31
   61  135    1.516110e-30    2.568537e-32
   61  136    9.701274e-29    1.391622e-30
   61  137    1.123815e-24    1.616637e-26
   61  138    3.081712e-23    4.355897e-25
   61  139    6.534992e-20    7.615651e-22
   61  140    5.210354e-19    2.189469e-21
   61  141    7.708658e-16    7.231201e-21
   61  142    2.251129e-15    3.793239e-18
   61  143    2.543069e-13    2.302550e-16
   61  144    2.524606e-16    3.583298e-18
   61  145    8.864015e-18    3.638578e-20
   61  146    2.320577e-21    3.891916e-23
   61  147    1.951892e-22   -3.674743e-24
   61  148    1.154600e-26   -1.774345e-27
   61  149    9.833794e-26   -5.404359e-26
   61  150    1.073314e-30   -5.819452e-31
   61  151    6.866024e-26   -1.199697e-31
   61  152    2.624803e-30   -4.975871e-36
   62  137    1.739026e-30    4.499846e-33
   62  138    1.727771e-25   -2.800606e-28
   62  139    8.010560e-24   -2.613118e-26
   62  140    5.516878e-20   -1.819516e-22
   62  141    5.609138e-19   -1.011509e-21
   62  142    2.401837e-15   -1.436807e-19
   62  143    1.320208e-14    9.689918e-19
   62  144    1.070668e-11    8.038726e-15
   62  145    2.894159e-14    3.933526e-16
   62  146    5.404507e-15    1.275691e-17
   62  147    5.127868e-18    2.301619e-20
   62  148    1.488437e-17   -3.946088e-19
   62  149    2.595691e-21   -4.732093e-23
   62  150    4.500033e-20   -1.366831e-21
   62  151    3.149814e-24   -5.143957e-26
   62  152    4.765099e-25   -1.319598e-26
   62  153    3.487464e-29   -4.858644e-31
   62  154    8.465280e-28    6.141988e-32
   62  155    1.205345e-30    1.595570e-37
   63  141    1.263126e-26    6.465701e-29
   63  142    2.534849e-24    6.109370e-27
   63  143    2.142696e-19   -1.060997e-21
   63  144    3.379996e-17   -1.790008e-19
   63  145    1.079648e-13   -1.504287e-16
   63  146    2.230013e-15    1.567720e-17
   63  147    6.235638e-15   -2.208583e-17
   63  148    5.048853e-17   -6.500238e-20
   63  149    9.117017e-16   -5.588415e-18
   63  150    2.360431e-19    1.540422e-21
   63  151    1.294191e-18   -2.541486e-20
   63  152    1.451301e-21   -6.794105e-23
   63  153    4.924452e-19   -2.885998e-20
   63  154    1.264861e-22   -5.628389e-24
   63  155    6.217517e-24   -1.751808e-25
   63  156    6.546403e-28   -9.439618e-30
   63  157    1.261283e-28    7.782677e-36
   64  142    3.772839e-26   -2.543404e-28
   64  143    1.009982e-23   -7.885196e-26
   64  144    5.191908e-19   -2.462362e-21
   64  145    4.401658e-17   -1.350509e-19
   64  146    8.013342e-13    1.380731e-15
   64  147    3.717881e-14    3.545576e-16
   64  148    1.208967e-13   -3.063545e-18
   64  149    4.769930e-15   -4.676015e-18
   64  150    4.361222e-14   -2.332973e-16
   64  151    1.870895e-16   -2.164402e-18
   64  152    6.617442e-15   -1.701262e-16
   64  153    5.892027e-17   -1.565400e-18
   64  154    8.256595e-15   -2.472882e-16
   64  155    7.997985e-18   -1.301505e-19
   64  156    8.009546e-19   -1.291695e-20
   64  157    2.977242e-22   -7.845192e-25
   64  158    2.864014e-24    2.372946e-26
   64  159    1.514835e-28    3.279268e-30
   64  160    7.573083e-29   -3.303357e-35
   65  145    5.064858e-26    2.056496e-28
   65  146    4.099352e-23    2.148538e-25
   65  147    1.868845e-18    4.047882e-21
   65  148    7.910463e-18   -5.724155e-21
   65  149    2.724112e-16   -3.271840e-19
   65  150    4.335493e-17   -1.037107e-19
   65  151    1.114455e-14   -3.359381e-17
   65  152    5.820829e-17   -6.106551e-20
   65  153    8.868742e-14   -4.539716e-16
   65  154    3.947407e-16    1.504543e-18
   65  155    3.402437e-14   -3.896811e-16
   65  156    9.184867e-17    1.470176e-19
   65  157    8.445833e-17   -1.766571e-18
   65  158    8.668224e-20   -6.523343e-22
   65  159    3.859703e-21    1.693250e-23
   65  160    7.927322e-25    1.398700e-26
   65  161    4.244276e-27    1.281964e-28
   65  162    3.084983e-30    4.164125e-34
   66  146    1.881045e-27    9.268886e-30
   66  147    1.980905e-24    1.527689e-26
   66  148    1.123108e-18    9.615564e-21
   66  149    8.688004e-19    5.884464e-21
   66  150    2.519029e-17    1.494396e-19
   66  151    1.913376e-16    7.792961e-19
   66  152    3.721870e-14    7.482623e-17
   66  153    1.060947e-14    2.042699e-17
   66  154    6.071353e-13   -1.142593e-16
   66  155    1.509732e-14    8.261991e-17
   66  156    1.517231e-12   -5.681699e-15
   66  157    1.487296e-14    1.036122e-16
   66  158    1.315186e-13   -1.844415e-15
   66  159    4.244282e-16   -2.993981e-19
   66  160    6.426817e-17    2.252532e-19
   66  161    5.013290e-20    8.360481e-22
   66  162    9.763882e-22    2.725912e-23
   66  163    1.839133e-25    7.524836e-27
   66  164    6.622147e-28    3.511515e-29
   67  149    1.832728e-26    3.177467e-28
   67  150    2.485160e-26    2.786294e-28
   67  151    8.706041e-23    9.243022e-25
   67  152    1.265492e-21    1.143445e-23
   67  153    5.034034e-18    3.481681e-20
   67  154    2.178261e-17    1.542075e-19
   67  155    4.329147e-15    2.825381e-17
   67  156    5.458505e-17    6.154560e-19
   67  157    1.444783e-13    4.933291e-16
   67  158    3.162591e-15    4.042376e-17
   67  159    2.547419e-13   -4.701476e-16
   67  160    9.134987e-16    8.430185e-18
   67  161    3.943148e-14   -4.323919e-16
   67  162    2.842923e-17    6.463598e-20
   67  163    8.322097e-18    6.108066e-20
   67  164    4.163160e-21    8.512671e-23
   67  165    9.991087e-23    3.190766e-24
   67  166    6.598613e-27    2.966629e-28
   67  167    1.106188e-28    2.493948e-31
   68  151    1.587297e-26    1.495567e-28
   68  152    7.659522e-24    1.007315e-25
   68  153    1.590179e-21    1.812049e-23
   68  154    1.571669e-17    1.386703e-19
   68  155    1.306342e-16    1.100000e-18
   68  156    1.983756e-14    1.666100e-16
   68  157    2.088156e-15    2.216521e-17
   68  158    8.761535e-13    4.808341e-15
   68  159    3.918768e-14    5.539912e-16
   68  160    2.364777e-12    2.969619e-16
   68  161    6.319928e-14    6.421163e-16
   68  162    6.443896e-13   -4.939497e-15
   68  163    4.252487e-15    2.204818e-17
   68  164    2.875768e-15   -4.924242e-17
   68  165    5.443914e-18   -2.076061e-20
   68  166    3.894629e-19    2.886990e-21
   68  167    1.453804e-22    2.995763e-24
   68  168    8.298382e-25    2.748129e-26
   68  169    4.542799e-29    2.096669e-30
   68  170    2.375531e-29    4.069292e-33
   69  154    4.237953e-29    6.287413e-31
   69  155    5.243234e-24    3.726790e-26
   69  156    4.867342e-22    1.578082e-24
   69  157    1.078887e-18    1.913799e-21
   69  158    1.016104e-16    1.935408e-19
   69  159    7.909275e-16    3.673102e-18
   69  160    4.990183e-16    4.382391e-18
   69  161    7.258847e-14    3.486382e-16
   69  162    3.845633e-15    4.929369e-17
   69  163    3.288526e-13    2.429742e-16
   69  164    3.063059e-15    3.344377e-17
   69  165    1.149690e-13   -8.056232e-16
   69  166    3.627885e-16    2.177456e-18
   69  167    2.769219e-16   -4.369822e-18
   69  168    3.631698e-19   -9.102109e-22
   69  169    1.161035e-20    9.339896e-23
   69  170    3.427547e-24    6.219299e-26
   69  171    3.930365e-24   -2.451541e-26
   69  172    1.632518e-28    1.192767e-30
   69  173    1.343053e-28    2.733063e-31
   70  155    1.565139e-27    1.089108e-29
   70  156    2.744604e-24    2.434425e-26
   70  157    2.445305e-22    1.816886e-24
   70  158    1.900633e-18    9.301144e-21
   70  159    1.011718e-17    4.978679e-20
   70  160    5.548301e-15    2.745446e-17
   70  161    3.849573e-15    3.485251e-17
   70  162    4.354869e-13    2.351819e-15
   70  163    7.077827e-14    9.009031e-16
   70  164    3.841707e-12    9.275383e-15
   70  165    2.121935e-13    2.556669e-15
   70  166    2.661602e-12   -9.176224e-15
   70  167    4.412580e-14    3.648442e-16
   70  168    1.186262e-13   -1.623332e-15
   70  169    4.628417e-16   -1.984149e-19
   70  170    3.279781e-17    4.726505e-19
   70  171    3.514809e-20    9.666502e-22
   70  172    4.751241e-22    1.846545e-23
   70  173    1.033032e-25    3.006162e-27
   70  174    8.654615e-26   -2.982649e-26
   70  175    1.612436e-30   -5.698044e-31
   70  176    7.690503e-30    1.127284e-33
   71  158    1.049333e-30    1.688365e-32
   71  159    2.113226e-26    2.908807e-28
   71  160    4.682301e-25    6.191896e-27
   71  161    1.940038e-21    1.723834e-23
   71  162    2.615560e-20    1.052739e-22
   71  163    3.591042e-17    1.017681e-19
   71  164    2.582260e-17    1.422460e-19
   71  165    4.258767e-15    1.576269e-17
   71  166    4.499668e-16    4.424094e-18
   71  167    2.070365e-13    4.787305e-16
   71  168    8.582104e-15    1.046959e-16
   71  169    2.394776e-13   -4.841192e-16
   71  170    1.184590e-15    1.204744e-17
   71  171    8.945771e-15   -4.599686e-17
   71  172    1.925995e-17    1.410753e-19
   71  173    3.124462e-17   -1.630093e-19
   71  174    2.639484e-19   -1.203692e-21
   71  175    3.683417e-18   -2.158582e-20
   71  176    2.726560e-22    2.071991e-24
   71  177    2.248091e-25    4.618627e-27
   71  178    4.259286e-30    1.436603e-31
   71  179    8.482296e-29    8.299236e-34
   72  160    2.443167e-27    2.104191e-29
   72  161    6.202997e-25    4.378863e-27
   72  162    8.107958e-21    4.322241e-23
   72  163    1.196483e-19    6.575036e-22
   72  164    2.037209e-16    1.162890e-18
   72  165    1.081627e-16    9.756621e-19
   72  166    1.043054e-13    4.912893e-16
   72  167    2.666387e-14    2.955903e-16
   72  168    2.845957e-12    8.849190e-15
   72  169    2.873964e-13    3.522265e-15
   72  170    5.425679e-12   -1.931089e-15
   72  171    1.574861e-13    1.885137e-15
   72  172    1.668940e-13   -1.407850e-16
   72  173    1.422338e-15    1.700192e-17
   72  174    2.488715e-16    3.429786e-18
   72  175    4.377069e-19    1.146805e-20
   72  176    1.096962e-19   -7.203949e-23
   72  177    6.223772e-22   -1.540240e-24
   72  178    7.616502e-21   -2.881861e-23
   72  179    7.748921e-25    7.517572e-27
   72  180    1.273618e-27    2.820347e-29
   72  181    1.659861e-30    1.120704e-32
   72  182    5.165076e-30    1.255880e-36
   73  163    1.675120e-29    2.397549e-31
   73  164    8.891112e-28    1.261009e-29
   73  165    5.908283e-24    8.417797e-26
   73  166    1.022753e-23    1.380033e-25
   73  167    1.208253e-19    6.525516e-22
   73  168    2.281775e-19    1.237539e-21
   73  169    1.096230e-16    4.378190e-19
   73  170    2.104275e-16    1.387886e-18
   73  171    4.111373e-14    2.629881e-16
   73  172    4.036576e-16    6.849569e-18
   73  173    1.549789e-13    7.296103e-16
   73  174    1.344829e-16    2.186750e-18
   73  175    5.215648e-13    5.242502e-16
   73  176    9.564425e-16    1.120701e-17
   73  177    1.666886e-14   -9.318352e-17
   73  178    1.920837e-18   -8.834890e-21
   73  179    1.567945e-13   -8.452908e-16
   73  180    4.513531e-17    3.580553e-19
   73  181    2.912522e-19    6.014454e-21
   73  182    1.098341e-23    3.720276e-25
   73  183    3.052206e-27    1.419457e-28
   74  165    5.314713e-29    4.137493e-31
   74  166    4.083776e-24    1.992565e-26
   74  167    1.802068e-22    7.044439e-25
   74  168    3.631616e-18    5.939422e-21
   74  169    1.524430e-17    2.429078e-20
   74  170    8.894647e-15    1.123520e-17
   74  171    7.007398e-15    3.134083e-17
   74  172    9.530760e-13    1.025445e-15
   74  173    2.492543e-13    2.058638e-15
   74  174    4.337689e-12    3.829727e-15
   74  175    2.840327e-13    3.235773e-15
   74  176    9.959904e-13   -7.340822e-16
   74  177    1.150253e-14    1.374990e-16
   74  178    6.456249e-15    2.999793e-17
   74  179    2.728662e-17    4.742456e-19
   74  180    3.660247e-18    4.190296e-20
   74  181    4.873554e-21    1.180419e-22
   74  182    9.580101e-23    3.173370e-24
   74  183    1.216597e-26    5.605351e-28
   74  184    1.074653e-27    1.118180e-30
   74  185    1.342568e-29    2.951624e-35
   75  169    8.185239e-27    8.651415e-29
   75  170    1.000841e-25    1.026007e-27
   75  171    3.646883e-22    1.677685e-24
   75  172    1.434823e-20    1.058050e-23
   75  173    7.732860e-17   -1.699110e-20
   75  174    2.179480e-16    2.506331e-19
   75  175    5.392608e-14    8.558416e-17
   75  176    7.540193e-15    5.834132e-17
   75  177    3.121137e-13    2.392920e-16
   75  178    7.133854e-15    8.202461e-17
   75  179    8.323380e-14   -3.498310e-16
   75  180    1.004881e-15    8.231668e-18
   75  181    1.878163e-15   -1.382944e-17
   75  182    5.176831e-18    2.977726e-20
   75  183    7.068297e-19    9.896704e-21
   75  184    2.018800e-22    5.481335e-24
   75  185    1.676128e-24    3.869569e-26
   75  186    1.589117e-28    5.699960e-30
   75  187    1.134485e-27    8.969314e-32
   75  188    1.727159e-29    2.058634e-36
   76  171    3.494997e-29    2.299450e-31
   76  172    1.760407e-23    6.392128e-26
   76  173    1.463756e-21    2.932732e-24
   76  174    1.194963e-17   -3.956787e-21
   76  175    1.362036e-16   -1.038384e-19
   76  176    1.990415e-14   -1.262502e-17
   76  177    2.266016e-14    4.246652e-17
   76  178    1.288526e-12    6.247940e-16
   76  179    2.036236e-13    1.444837e-15
   76  180    3.233962e-12   -3.289152e-15
   76  181    1.182443e-13    1.115413e-15
   76  182    5.081297e-13   -2.875053e-15
   76  183    7.034089e-15    4.700543e-17
   76  184    3.791481e-15   -2.770104e-17
   76  185    5.530351e-18    3.273506e-20
   76  186    1.720303e-19    2.826776e-21
   76  187    5.578846e-23    1.647910e-24
   76  188    5.581398e-25    1.948649e-26
   76  189    4.196518e-29    2.005753e-30
   76  190    3.438254e-27    7.254612e-32
   76  191    3.984643e-30    3.759103e-36
   77  174    1.403504e-30    1.541743e-32
   77  175    2.380012e-26    2.057276e-28
   77  176    4.054878e-25    1.860229e-27
   77  177    4.430752e-20    2.163802e-24
   77  178    8.978335e-19   -3.435987e-22
   77  179    6.351985e-16   -5.945552e-19
   77  180    1.511427e-15    1.674764e-19
   77  181    1.586390e-13    2.057106e-17
   77  182    1.831870e-14    1.303167e-16
   77  183    3.578519e-13   -3.087848e-16
   77  184    9.937710e-15    9.969562e-17
   77  185    3.729666e-14   -1.577804e-16
   77  186    4.592232e-17    4.102237e-19
   77  187    2.325597e-17   -3.874445e-20
   77  188    2.007674e-20    2.216557e-22
   77  189    2.673936e-20   -6.974508e-22
   77  190    8.071239e-24   -1.001950e-25
   77  191    1.676944e-25    6.301569e-29
   77  192    1.613522e-29    2.227465e-31
   77  193    1.948499e-26    1.361904e-32
   78  177    1.523606e-27    1.579942e-29
   78  178    5.518554e-23    4.143975e-25
   78  179    4.599785e-21    2.747973e-23
   78  180    2.313459e-17    8.320291e-20
   78  181    1.466581e-16    4.764344e-19
   78  182    2.694414e-14    6.951898e-17
   78  183    1.725794e-14    7.506975e-17
   78  184    9.433820e-13    1.976700e-15
   78  185    7.461008e-14    7.000361e-16
   78  186    7.336033e-13   -7.812685e-16
   78  187    5.896964e-15    5.187297e-17
   78  188    9.149978e-14   -1.380329e-15
   78  189    4.257793e-16   -7.772430e-19
   78  190    8.971742e-17    6.347922e-19
   78  191    1.514449e-19    3.044334e-21
   78  192    2.663446e-20   -4.651389e-23
   78  193    1.825696e-23    2.045550e-25
   78  194    2.427714e-24   -1.156893e-26
   78  195    5.817508e-28    4.933849e-30
   78  196    3.692504e-26    1.266725e-28
   78  197    4.177138e-30    5.503752e-32
   78  198    3.512843e-27    2.730129e-33
   78  199    1.401336e-29    1.003086e-36
   78  200    2.097670e-28    1.924438e-38
   79  180    1.258274e-28    9.847866e-31
   79  181    6.885356e-24    4.007560e-26
   79  182    2.074759e-21    1.008905e-23
   79  183    3.195816e-18    1.157816e-20
   79  184    1.496586e-17    5.434940e-20
   79  185    4.483459e-15    1.069420e-17
   79  186    1.941026e-15    9.120258e-18
   79  187    1.063928e-13    1.479755e-16
   79  188    4.116302e-15    3.417670e-17
   79  189    1.683870e-13   -1.003504e-15
   79  190    4.510971e-15    2.114775e-17
   79  191    2.262620e-14   -3.384345e-16
   79  192    8.323912e-17   -3.237969e-19
   79  193    1.223686e-15   -3.445348e-17
   79  194    1.916866e-18   -2.819469e-20
   79  195    2.872131e-19    2.168062e-22
   79  196    2.187049e-22    3.057018e-24
   79  197    3.938457e-24    1.074079e-25
   79  198    1.353781e-27    5.441210e-29
   79  199    2.160619e-27    3.733011e-31
   79  200    1.241068e-28    7.475194e-34
   79  201    5.370795e-26   -1.993165e-34
   79  202    1.937882e-28   -8.267773e-37
   80  182    3.679215e-28    4.883493e-30
   80  183    3.143225e-25    3.473238e-27
   80  184    8.930629e-21    7.167917e-23
   80  185    2.031181e-19    1.325922e-21
   80  186    1.046331e-15    4.254070e-18
   80  187    2.082330e-15    8.242028e-18
   80  188    5.266060e-13    1.409572e-15
   80  189    2.148768e-13    1.342099e-15
   80  190    6.540900e-12    1.045707e-14
   80  191    6.360038e-13    6.157717e-15
   80  192    4.362512e-12   -1.005011e-14
   80  193    1.196617e-13    8.444631e-16
   80  194    6.422313e-13   -6.465972e-15
   80  195    6.042103e-15    7.130724e-18
   80  196    2.335527e-14   -3.327089e-16
   80  197    1.044318e-16   -2.060940e-19
   80  198    2.034491e-16   -1.807272e-18
   80  199    5.086733e-19   -1.797864e-21
   80  200    2.283560e-18   -3.400402e-20
   80  201    1.011537e-21   -5.857260e-24
   80  202    2.273196e-21   -4.572379e-23
   80  203    3.300691e-25   -3.847348e-27
   80  204    1.283756e-24   -3.504057e-26
   80  205    8.652414e-30   -1.131356e-31
   80  206    6.059263e-30    1.569268e-33
   81  185    2.885810e-30    5.252030e-32
   81  186    6.856403e-26    3.836940e-28
   81  187    4.264496e-21    1.272828e-23
   81  188    1.336904e-19    3.114697e-22
   81  189    6.556117e-16   -4.628663e-21
   81  190    3.708888e-15    2.245741e-18
   81  191    3.416188e-13    2.041625e-16
   81  192    1.402641e-13    7.679020e-16
   81  193    8.322647e-13   -5.435541e-16
   81  194    2.122017e-13    1.306667e-15
   81  195    1.663147e-12   -4.878980e-15
   81  196    5.248650e-14    4.526113e-16
   81  197    4.873962e-14   -4.975767e-16
   81  198    6.439334e-16   -5.526136e-19
   81  199    1.140939e-15   -3.640983e-17
   81  200    5.524844e-18   -1.033678e-19
   81  201    1.057092e-18   -3.162765e-20
   81  202    2.920952e-21   -4.561988e-23
   81  203    1.225097e-21   -4.323431e-23
   81  204    5.370850e-24   -3.235788e-26
   81  205    1.676408e-24   -3.915491e-26
   81  206    2.108181e-27   -8.104229e-30
   81  207    5.851350e-27    2.692408e-29
   82  187    1.388177e-28    3.307183e-30
   82  188    1.439170e-24    3.012141e-26
   82  189    1.704443e-23    3.479845e-25
   82  190    5.896353e-19    1.030868e-20
   82  191    6.534025e-18    1.076303e-19
   82  192    7.431649e-15    1.101628e-16
   82  193    5.432420e-15    8.371417e-17
   82  194    1.727392e-12    2.242225e-14
   82  195    5.724910e-13    8.545469e-15
   82  196    2.391372e-11    2.337789e-13
   82  197    3.896950e-12    4.435967e-14
   82  198    6.410223e-11    3.375703e-13
   82  199    3.822654e-12    2.291393e-14
   82  200    9.494053e-11   -9.013902e-14
   82  201    3.940848e-12   -5.018289e-15
   82  202    3.890201e-11   -3.356651e-13
   82  203    1.538051e-12   -1.674960e-14
   82  204    1.251239e-11   -1.833854e-13
   82  205    3.432521e-13   -6.029569e-15
   82  206    2.463819e-12   -4.939851e-14
   82  207    1.524795e-14   -3.766596e-16
   82  208    1.037287e-13   -2.837198e-15
   82  209    1.434794e-21   -1.808857e-23
   82  210    5.963698e-29    8.875097e-32
   83  191    1.298437e-27    1.301850e-29
   83  192    2.235030e-24    8.282562e-27
   83  193    2.781292e-20    5.457188e-23
   83  194    1.695503e-18    2.000923e-21
   83  195    6.494142e-16   -2.528515e-19
   83  196    4.011836e-15   -7.601408e-19
   83  197    1.019227e-13   -9.434599e-17
   83  198    4.936218e-14    1.758554e-16
   83  199    9.966638e-13   -1.768822e-15
   83  200    1.413918e-13    8.054020e-16
   83  201    6.876496e-13   -4.114593e-15
   83  202    1.783549e-14    2.180004e-17
   83  203    1.327722e-13   -2.180960e-15
   83  204    1.792835e-15   -1.461125e-17
   83  205    4.361456e-15   -1.421808e-16
   83  206    3.561297e-17   -1.089903e-18
   83  207    2.170737e-16   -9.316521e-18
   83  208    2.526878e-19   -7.530694e-21
   83  209    2.934551e-20   -2.232609e-21
   83  210    1.576117e-27   -9.582399e-29
   84  194    8.210410e-30    1.122295e-31
   84  195    2.127909e-28    2.569242e-30
   84  196    8.541182e-25    9.256795e-27
   84  197    1.528711e-24    1.931495e-26
   84  198    3.888448e-22    4.569727e-24
   84  199    2.956631e-22    5.646170e-24
   84  200    4.682814e-22    1.039191e-23
   84  201    2.002855e-21    7.345887e-23
   84  202    1.249487e-20    4.048892e-22
   84  203    1.065768e-22    4.718207e-24
   84  204    2.760374e-21    8.774308e-23
   84  205    2.636600e-23    1.006155e-24
   84  206    9.533480e-23    2.278031e-24
   84  207    3.053139e-25    6.553444e-27
   84  208    5.262530e-24    6.534901e-26
   84  209    3.289468e-27    1.670871e-30
   84  210    2.986062e-27   -4.291476e-29
    0    1    8.346427e-12    1.324493e-13
    1    1    1.780619e-06    1.618096e-08
    2    4    1.016396e-07   -2.007327e-10
