1.1064e-04
1.4432e-05
1.4060e+00
1.4223e+05
    1    2    8.939810e-25   -1.931843e-27
    4    8    4.367980e-27    1.006398e-27
    5   10    1.159493e-28    1.463914e-29
    5   11    5.404900e-27    1.245209e-27
    6   11    4.067530e-21    4.914762e-22
    6   12    7.736613e-04   -2.722896e-13
    6   13    2.679117e-13    3.476277e-14
    6   14    2.069858e-21    5.024166e-22
    7   13    5.036501e-14   -5.409751e-17
    7   14    2.713463e-20    3.513790e-21
    7   15    1.589976e-20    3.855656e-21
    8   14    3.363874e-15   -7.230479e-18
    8   15    1.129065e-24    1.380241e-25
    8   16    4.583193e-02   -1.956768e-15
    8   17    1.720563e-14    2.233081e-15
    8   18    5.424715e-15    7.040637e-16
    8   19    2.756779e-25    6.691432e-26
    9   17    1.332833e-16   -1.431508e-19
    9   18    1.149261e-19    2.612154e-20
    9   19    4.475144e-22    8.182568e-23
    9   20    2.330018e-28    5.637829e-29
   10   18    4.586402e-27    4.827425e-28
   10   19    3.302718e-30    1.065583e-30
   10   20    8.353541e-03   -2.594461e-12
   10   21    3.015558e-05   -7.646355e-12
   10   22    3.692467e-06   -9.541861e-13
   10   23    3.641437e-16    4.726199e-17
   10   24    4.376554e-27    1.062325e-27
   11   21    5.802313e-13    7.175428e-14
   11   22    3.612106e-15    4.486112e-16
   11   23    1.457139e-04   -3.785025e-12
   11   24    5.700556e-13    7.398746e-14
   11   25    5.824765e-21    8.480365e-22
   11   26    2.743855e-30    6.894107e-31
   12   23    2.351040e-15    3.066576e-16
   12   24    2.013354e-03    5.297469e-12
   12   25    4.441883e-04   -4.529578e-13
   12   26    2.597256e-04    1.595296e-11
   12   27    3.699720e-14    4.801863e-15
   12   28    5.111583e-23    1.240742e-23
   13   24    1.363152e-26    3.145363e-27
   13   25    2.412671e-14    2.990287e-15
   13   26    1.408287e-04   -2.615318e-11
   13   27    2.011964e-04   -2.275837e-13
   13   28    1.948396e-12    2.529745e-13
   13   29    3.399915e-19    4.489804e-20
   13   30    2.248655e-28    5.493032e-29
   14   26    3.078684e-26    7.172773e-27
   14   27    1.049982e-10    1.304029e-11
   14   28    2.358143e-04    5.451977e-12
   14   29    6.520006e-05    1.297335e-12
   14   30    2.844540e-05    5.799411e-13
   14   31    3.031516e-13    3.934602e-14
   14   32    4.257186e-22    1.033353e-22
   15   28    2.889019e-22    6.697935e-23
   15   29    5.676470e-15    7.340496e-16
   15   30    2.314300e-07   -1.902822e-13
   15   31    2.104118e-06    9.838998e-15
   15   32    6.234748e-15    8.092138e-16
   15   33    1.402710e-16    1.820582e-17
   15   34    2.555459e-25    6.202910e-26
   16   30    4.579179e-26    1.075750e-26
   16   31    3.517513e-10   -1.416125e-15
   16   32    1.166120e-06    3.854164e-14
   16   33    2.100894e-08    4.104846e-15
   16   34    2.736454e-07    3.219970e-15
   16   35    1.505719e-15    1.954271e-16
   16   36    3.132209e-23    7.602857e-24
   17   32    1.890030e-25    2.346835e-26
   17   33    3.858132e-24    5.013044e-25
   17   34    2.024754e-17    2.514804e-18
   17   35    1.020433e-08    4.331789e-16
   17   36    1.725567e-16    2.239613e-17
   17   37    2.828196e-21    3.681769e-22
   17   38    5.474634e-30    1.330956e-30
   18   35    1.729697e-23    2.254907e-24
   18   36    8.448026e-10    2.243397e-18
   18   37    1.194302e-17    1.550160e-18
   18   38    2.659022e-10    9.380390e-19
   18   39    1.651779e-18    2.143843e-19
   18   40    1.318430e-19    1.711189e-20
   18   41    2.767485e-28    6.717554e-29
   19   37    4.762148e-20    8.390655e-22
   19   38    3.359886e-27    7.912478e-28
   19   39    3.745179e-12    2.179638e-19
   19   40    7.447971e-20    9.666723e-21
   19   41    1.189014e-25    2.754012e-26
   19   42    1.110225e-27    1.440961e-28
   19   43    1.828428e-23    2.373116e-24
   20   38    2.135634e-29    3.471641e-30
   20   40    2.851209e-14    2.131955e-22
   20   41    3.218467e-22    4.177278e-23
   20   42    4.763924e-08   -1.818699e-16
   20   43    1.463411e-08   -9.933897e-18
   20   44    7.048443e-08   -1.347403e-17
   20   45    1.046281e-15    1.357968e-16
   20   46    2.020422e-10   -3.671379e-19
   20   47    1.835204e-18    2.381910e-19
   20   48    2.292639e-09   -3.269713e-18
   20   49    3.430617e-18    4.452595e-19
   20   50    2.587345e-27    6.280299e-28
   21   41    3.350541e-28    4.043164e-29
   21   43    1.568191e-16    1.947642e-17
   21   44    7.460539e-17    9.265750e-18
   21   45    6.669493e-09   -9.274486e-17
   21   46    1.008761e-15    1.309270e-16
   21   47    1.163380e-18    1.452033e-19
   21   48    2.000041e-17    2.483989e-18
   21   49    2.739656e-18    3.402570e-19
   21   50    5.007762e-27    1.172418e-27
   22   44    7.302905e-26    1.687427e-26
   22   45    1.391428e-21    1.728242e-22
   22   46    2.020422e-08   -1.170900e-16
   22   47    7.854394e-09    5.021210e-18
   22   48    1.436025e-08    1.143982e-17
   22   49    1.733388e-08    8.787821e-18
   22   50    5.602375e-08    2.465379e-17
   22   51    3.766113e-16    4.888035e-17
   22   52    1.458913e-24    3.363512e-25
   23   47    2.207157e-17    2.741217e-18
   23   48    1.162574e-17    1.443882e-18
   23   49    2.946367e-17    3.659299e-18
   23   50    2.022550e-15    2.943789e-18
   23   51    4.904039e-09   -3.547957e-17
   23   52    3.460881e-16    4.491874e-17
   23   53    3.363065e-24    8.163199e-25
   24   48    1.343062e-27    3.136109e-28
   24   49    3.672075e-25    4.822573e-26
   24   50    9.383977e-13   -1.069113e-20
   24   51    1.177417e-18    1.466946e-19
   24   52    5.579288e-08   -1.213390e-16
   24   53    1.074040e-08   -1.739361e-17
   24   54    1.369099e-07   -7.686909e-17
   24   55    1.540492e-15    1.999403e-16
   24   56    1.070910e-23    2.599435e-24
   25   51    2.796959e-22    3.473728e-23
   25   52    3.180474e-28    7.157343e-29
   25   53    2.254570e-17    2.800107e-18
   25   54    6.187357e-18    7.685986e-19
   25   55    3.456010e-08   -2.881548e-16
   25   56    2.298092e-15    2.982691e-16
   25   57    5.349075e-23    1.296862e-23
   26   54    4.446329e-09   -2.825025e-17
   26   55    2.306637e-16    2.986312e-17
   26   56    1.766820e-06   -5.072005e-15
   26   57    9.986690e-07   -2.606408e-15
   26   58    5.174607e-06   -7.245162e-15
   26   59    1.128996e-13    1.465324e-14
   26   60    1.580475e-21    3.836310e-22
   26   61    4.979730e-30    1.698141e-30
   27   55    3.421879e-19    4.249860e-20
   27   56    3.564125e-26    7.892575e-27
   27   57    3.017236e-16    3.747315e-17
   27   58    2.141189e-16    2.659301e-17
   27   59    2.034761e-06   -1.667523e-14
   27   60    1.297505e-13    1.684030e-14
   27   61    1.073302e-20    2.165586e-21
   27   62    1.743519e-28    5.124400e-29
   28   56    1.383764e-30    3.231151e-31
   28   57    8.050347e-30    1.046080e-30
   28   58    6.192280e-10   -5.103409e-18
   28   59    5.835236e-17    7.466906e-18
   28   60    2.667797e-06   -1.775360e-14
   28   61    1.015184e-06   -4.074423e-16
   28   62    2.259022e-06    7.034808e-16
   28   63    1.345922e-13    1.746872e-14
   28   64    1.389652e-06   -3.144981e-15
   28   65    2.423713e-14    3.145735e-15
   28   66    2.974447e-22    7.219918e-23
   29   59    1.702561e-20    2.114519e-21
   29   60    1.625105e-27    3.882869e-28
   29   61    1.416989e-16    1.759854e-17
   29   62    1.073585e-16    1.333357e-17
   29   63    8.717980e-07   -1.763722e-14
   29   64    1.359879e-13    1.764985e-14
   29   65    1.075841e-06   -1.239816e-14
   29   66    9.561565e-14    1.240994e-14
   29   67    1.230100e-19    1.699189e-20
   29   68    4.284773e-27    9.096365e-28
   29   69    7.505737e-29    1.821878e-29
   30   62    6.106463e-27    1.139206e-27
   30   63    6.070759e-24    7.543718e-25
   30   64    8.425446e-07   -1.083721e-14
   30   65    8.336901e-14    1.082042e-14
   30   66    1.302067e-06   -9.912966e-15
   30   67    2.837024e-07    4.392341e-16
   30   68    1.322620e-06    3.904045e-15
   30   69    4.257000e-14    5.525157e-15
   30   70    1.327706e-10   -5.152608e-19
   30   71    3.989405e-18    5.177845e-19
   30   72    1.183389e-25    2.872455e-26
   31   65    3.126102e-17    3.882514e-18
   31   66    4.415537e-24    1.058184e-24
   31   67    9.324713e-17    1.158101e-17
   31   68    2.135645e-17    2.652405e-18
   31   69    1.594879e-07   -5.051056e-15
   31   70    3.902665e-14    5.065264e-15
   31   71    1.407639e-07   -3.828536e-15
   31   72    2.948736e-14    3.827162e-15
   31   73    4.742290e-21    1.150976e-21
   31   74    1.242048e-28    4.235105e-29
   32   66    3.736414e-28    8.724690e-29
   32   68    1.381894e-24    1.798090e-25
   32   69    4.199912e-21    5.216159e-22
   32   70    2.286683e-07   -4.312105e-15
   32   71    3.323554e-14    4.313587e-15
   32   72    2.362112e-07   -3.297382e-15
   32   73    4.522467e-08    2.106644e-15
   32   74    1.757502e-07   -8.906429e-16
   32   75    1.601687e-14    2.078828e-15
   32   76    1.249214e-11   -4.332712e-20
   32   77    3.348001e-19    4.345368e-20
   32   78    1.060084e-26    2.573157e-27
   33   71    7.923226e-18    9.840396e-19
   33   72    3.516460e-24    8.297043e-25
   33   73    1.227124e-17    1.524050e-18
   33   74    8.246704e-19    1.024219e-19
   33   75    2.000846e-08   -2.504647e-15
   33   76    1.930636e-14    2.505770e-15
   33   77    5.485170e-21    1.194461e-21
   33   78    3.317555e-28    1.036174e-28
   34   72    1.075130e-28    2.510479e-29
   34   74    1.531499e-24    5.791117e-27
   34   75    2.390536e-19    2.968971e-20
   34   76    4.988956e-08   -1.373714e-15
   34   77    1.818953e-08    5.468890e-16
   34   78    7.041446e-08   -3.724353e-16
   34   79    9.237661e-15    1.198955e-15
   34   80    4.239297e-09   -4.054558e-17
   34   81    3.123209e-16    4.053611e-17
   34   82    3.172076e-12   -1.309599e-20
   34   83    1.008991e-19    1.309569e-20
   34   84    1.942557e-27    4.715197e-28
   35   76    1.126124e-29    1.694552e-30
   35   77    9.733038e-19    1.208813e-19
   35   78    3.113355e-19    3.866692e-20
   35   79    8.345301e-09   -1.153388e-15
   35   80    8.887782e-15    1.153543e-15
   35   81    7.274685e-09   -5.011437e-16
   35   82    3.861204e-15    5.011451e-16
   35   83    1.221153e-21    2.953071e-22
   35   84    6.173454e-29    2.098237e-29
   36   78    8.673995e-30    2.025418e-30
   36   79    2.642573e-21    3.281991e-22
   36   80    2.125900e-08   -1.047515e-15
   36   81    8.070869e-15    1.047517e-15
   36   82    5.111922e-08   -1.409992e-15
   36   83    1.566930e-08    6.052546e-16
   36   84    5.823897e-08   -3.015361e-17
   36   85    6.431791e-15    8.347816e-16
   36   86    4.641503e-10   -8.238802e-19
   36   87    6.346652e-18    8.237314e-19
   36   88    7.808253e-26    1.895308e-26
   37   81    1.373794e-19    1.706209e-20
   37   82    1.525952e-25    3.598459e-26
   37   83    4.024912e-19    4.998815e-20
   37   84    7.097238e-20    8.814569e-21
   37   85    8.462406e-09   -7.145281e-16
   37   86    5.505642e-15    7.145764e-16
   37   87    5.853056e-11   -5.229259e-19
   37   88    4.034755e-18    5.236705e-19
   37   89    2.386030e-25    5.791644e-26
   38   84    2.620218e-24    7.939058e-30
   38   85    4.966053e-21    6.167681e-22
   38   86    1.977582e-08   -9.379823e-16
   38   87    1.264904e-08    8.950967e-17
   38   88    3.410537e-08    7.295329e-16
   38   89    9.162755e-16    1.189233e-16
   38   90    3.691121e-23    8.149886e-24
   38   91    3.594181e-30    5.681209e-31
   39   87    5.293282e-20    6.574089e-21
   39   88    3.690481e-20    4.583466e-21
   39   89    5.047083e-09   -9.399671e-17
   39   90    7.242915e-16    9.400573e-17
   39   91    1.294599e-22    3.142381e-23
   39   92    7.072175e-30    2.411698e-30
   40   89    1.735420e-25    2.155338e-26
   40   90    2.223165e-09   -2.453719e-17
   40   91    5.705716e-10    9.249513e-18
   40   92    6.513631e-10    5.469862e-18
   40   93    1.936305e-10    3.786143e-18
   40   94    4.140053e-10   -4.867730e-19
   40   95    5.021997e-17    6.518046e-18
   40   96    7.701181e-13   -2.856143e-21
   40   97    2.201384e-20    2.857175e-21
   40   98    3.238112e-28    7.859914e-29
   41   91    2.023243e-21    2.512806e-22
   41   92    4.415908e-22    5.484428e-23
   41   93    7.196595e-14   -5.815260e-21
   41   94    4.552657e-20    5.908403e-21
   41   95    1.419929e-22    1.763760e-23
   41   96    5.601080e-25    7.110278e-26
   41   97    3.395805e-26    4.219304e-27
   42   92    3.795086e-17   -1.069715e-24
   42   93    8.255877e-24    1.071451e-24
   42   94    1.277137e-13   -4.026098e-21
   42   95    3.569932e-11   -2.595289e-18
   42   96    8.222236e-11   -8.801998e-20
   42   97    2.578413e-11    8.872553e-19
   42   98    7.544015e-11    2.543921e-19
   42   99    1.190705e-17    1.545416e-18
   42  100    1.700721e-15   -2.131714e-23
   42  101    1.682711e-22    2.183990e-23
   42  102    1.276255e-29    3.097874e-30
   43   93    1.324972e-29    1.645574e-30
   43   95    3.452695e-25    4.288138e-26
   43   96    1.028868e-23    1.277821e-24
   43   97    2.767299e-23    3.436901e-24
   43   98    1.156669e-24    1.436566e-25
   43   99    2.728427e-13   -2.775291e-20
   43  100    2.138437e-19    2.775461e-20
   43  101    1.398298e-25    3.393838e-26
   44   96    3.532748e-26    2.689910e-35
   44   98    6.835978e-24    2.748538e-26
   44   99    8.074123e-12   -9.116477e-19
   44  100    3.391437e-11   -5.956188e-19
   44  101    7.022786e-12    8.608650e-19
   44  102    1.442285e-14    6.458751e-19
   44  103    3.410027e-21    4.426582e-22
   44  104    8.414642e-24    2.047413e-24
   45   99    1.117024e-26    1.387308e-27
   45  100    3.798931e-25    4.718148e-26
   45  101    2.086308e-24    2.591130e-25
   45  102    6.764510e-26    8.401504e-27
   45  103    7.469177e-12   -1.123586e-18
   45  104    8.656939e-18    1.123580e-18
   45  105    9.090817e-24    2.206437e-24
   45  106    4.552422e-30    1.264351e-30
   46  103    1.987385e-25    2.468269e-26
   46  104    2.116281e-11   -1.471111e-18
   46  105    4.944958e-12    5.836357e-19
   46  106    2.265111e-11   -2.629535e-19
   46  107    8.863761e-18    1.150426e-18
   46  108    2.501060e-11   -8.910174e-19
   46  109    6.865087e-18    8.910188e-19
   46  110    1.000424e-14   -2.361033e-22
   46  111    1.854224e-21    2.406595e-22
   46  112    5.055098e-28    1.227031e-28
   47  105    4.255212e-25    5.284837e-26
   47  106    5.473374e-26    6.797814e-27
   47  107    4.291531e-12   -1.025600e-18
   47  108    7.901992e-18    1.025596e-18
   47  109    6.599118e-12   -1.283222e-18
   47  110    9.886914e-18    1.283218e-18
   47  111    1.244383e-23    3.020492e-24
   47  112    5.225493e-30    1.783430e-30
   48  107    1.097754e-26    1.363375e-27
   48  108    3.603377e-13   -3.233185e-20
   48  109    2.491090e-19    3.233180e-20
   48  110    1.909899e-11   -1.438848e-18
   48  111    4.587535e-12    5.997525e-19
   48  112    2.054442e-11   -3.065982e-19
   48  113    8.827291e-18    1.145693e-18
   48  114    3.413727e-11   -1.220744e-18
   48  115    9.405564e-18    1.220747e-18
   48  116    2.673547e-15   -6.089542e-23
   48  117    4.760915e-22    6.179186e-23
   48  118    1.062566e-28    2.579182e-29
   49  109    2.428890e-27    3.016606e-28
   49  111    1.640121e-25    2.036975e-26
   49  112    2.336605e-26    2.902039e-27
   49  113    6.099915e-12   -2.058173e-18
   49  114    1.585771e-17    2.058164e-18
   49  115    2.742246e-23    6.626521e-24
   49  116    6.790524e-29    1.290421e-29
   49  117    8.379985e-30    1.043165e-30
   50  112    1.518500e-24   -1.423499e-31
   50  113    1.143386e-26    1.420054e-27
   50  114    1.053077e-13   -6.695621e-21
   50  115    5.384886e-12   -7.388236e-19
   50  116    3.958574e-11   -8.396608e-19
   50  117    8.542088e-12    7.247261e-19
   50  118    4.908860e-11   -3.378296e-19
   50  119    1.176970e-11    3.222325e-19
   50  120    6.577788e-11   -9.630771e-20
   50  121    7.491808e-18    9.723610e-19
   50  122    5.075922e-13   -4.482955e-21
   50  123    3.454316e-20    4.483354e-21
   50  124    5.881525e-14   -2.794825e-22
   50  125    2.153350e-21    2.794832e-22
   50  126    8.038880e-29    1.951289e-29
   51  115    2.630995e-28    3.267615e-29
   51  116    1.393361e-26    1.730511e-27
   51  117    1.064204e-25    1.321709e-26
   51  118    2.285664e-26    2.838719e-27
   51  119    1.711964e-25    2.126205e-26
   51  120    1.890654e-26    2.348199e-27
   51  121    3.464274e-12   -5.658559e-19
   51  122    4.359780e-18    5.658545e-19
   51  123    8.946875e-14   -9.881755e-21
   51  124    7.614730e-20    9.883145e-21
   51  125    3.788467e-26    9.189200e-27
   52  120    1.000424e-30    3.522452e-38
   52  121    3.017745e-27    3.747952e-28
   52  122    9.020211e-12   -8.639733e-19
   52  123    3.001274e-12    2.254430e-19
   52  124    1.532908e-11   -2.120657e-19
   52  125    5.674407e-12    1.480481e-19
   52  126    2.620158e-11   -9.187638e-20
   52  127    6.120823e-18    7.944210e-19
   52  128    5.697727e-13   -7.447691e-21
   52  129    5.738593e-20    7.448115e-21
   52  130    1.846937e-12   -1.053363e-20
   52  131    8.115908e-20    1.053363e-20
   52  132    2.994403e-27    7.268356e-28
   53  123    2.141059e-26    2.659130e-27
   53  124    3.719345e-27    4.619315e-28
   53  125    4.551218e-26    5.652474e-27
   53  126    4.823708e-27    5.991736e-28
   53  127    3.615702e-12   -5.262344e-19
   53  128    4.054508e-18    5.262337e-19
   53  129    2.526486e-24    6.129774e-25
   53  130    5.169518e-27    6.422148e-28
   53  131    1.577699e-28    1.961085e-29
   54  126    1.587975e-27    2.668610e-39
   54  127    5.826635e-27    7.236580e-28
   54  128    9.378969e-12   -8.611124e-19
   54  129    4.878038e-12    9.214240e-20
   54  130    1.462158e-11    1.014440e-19
   54  131    6.636402e-12    6.535828e-20
   54  132    4.009275e-11   -1.445752e-19
   54  133    5.753473e-18    7.467427e-19
   54  134    1.269195e-13   -1.048108e-21
   54  135    8.077033e-21    1.048317e-21
   54  136    8.091666e-12   -3.275157e-21
   54  137    2.523971e-20    3.275155e-21
   54  138    1.099972e-28    2.669788e-29
   55  129    1.436361e-26    1.783916e-27
   55  130    2.909521e-27    3.613537e-28
   55  131    2.619612e-26    3.253479e-27
   55  132    3.018346e-27    3.751289e-28
   55  133    4.580885e-12   -5.529982e-19
   55  134    4.260717e-18    5.529977e-19
   55  135    2.236857e-24    5.429005e-25
   55  136    1.045950e-26    1.299394e-27
   55  137    8.906444e-29    1.182343e-29
   56  132    1.667374e-27    2.963130e-40
   56  133    3.515224e-27    4.366130e-28
   56  134    1.045219e-11   -7.366894e-19
   56  135    5.105869e-12    8.817854e-20
   56  136    3.449992e-11   -3.241409e-19
   56  137    4.228070e-11   -1.065947e-19
   56  138    3.979948e-10    4.385575e-19
   56  139    4.936369e-18    6.406893e-19
   56  140    1.098350e-25    2.666039e-26
   57  135    3.506920e-27    4.355488e-28
   57  136    4.007209e-28    4.976832e-29
   57  137    2.641920e-26    3.281185e-27
   57  138    7.066356e-26    8.879968e-27
   57  139    3.735396e-11   -4.701164e-19
   57  140    3.622136e-18    4.701163e-19
   57  141    3.893124e-25    9.449831e-26
   58  138    2.102342e-25    2.418841e-32
   58  139    2.420527e-25    3.137104e-26
   58  140    9.289652e-11   -5.909737e-19
   58  141    4.555921e-18    5.913125e-19
   58  142    9.158812e-14   -1.030092e-21
   58  143    7.948066e-21    1.031578e-21
   58  144    6.586975e-28    1.565007e-28
   59  140    8.860984e-30    1.118978e-30
   59  141    7.804724e-12   -4.014292e-19
   59  142    3.092914e-18    4.014289e-19
   59  143    1.258152e-24    3.053928e-25
   60  141    1.421733e-28    1.765944e-29
   60  142    1.831762e-11   -4.487601e-19
   60  143    3.281112e-12    1.038281e-19
   60  144    6.940443e-12    8.874185e-20
   60  145    1.586880e-12    1.113266e-19
   60  146    4.721179e-12   -1.065323e-20
   60  147    1.196756e-18    1.553268e-19
   60  148    1.554713e-15   -3.942222e-23
   60  149    3.042533e-22    3.948893e-23
   60  150    2.527738e-21   -4.623643e-29
   60  151    4.890318e-28    6.347139e-29
   61  143    5.149788e-28    6.395881e-29
   61  144    5.445644e-29    6.763326e-30
   61  145    3.448886e-28    4.283412e-29
   61  146    6.492621e-28    8.063619e-29
   61  147    5.171795e-24    6.745844e-25
   61  148    2.637564e-25    3.423337e-26
   61  149    1.652985e-29    2.550118e-30
   61  150    2.480704e-29    3.219701e-30
   62  144    3.536219e-20   -2.530984e-27
   62  145    1.950057e-26    2.530975e-27
   62  146    3.164530e-22    4.127670e-23
   62  147    7.486149e-13   -2.273948e-19
   62  148    2.697089e-12   -4.003096e-20
   62  149    4.961848e-13    1.693938e-19
   62  150    1.600678e-12   -3.354762e-20
   62  151    1.012390e-18    1.313979e-19
   62  152    2.626112e-13   -2.252106e-20
   62  153    1.735208e-19    2.252123e-20
   62  154    1.429177e-15   -8.476212e-23
   62  155    6.532793e-22    8.478904e-23
   62  156    1.092782e-28    2.652524e-29
   63  147    1.782359e-29    2.213633e-30
   63  148    6.671565e-30    8.285872e-31
   63  149    9.539497e-29    1.184777e-29
   63  150    7.374654e-27    9.618103e-28
   63  151    1.722579e-13   -6.850038e-20
   63  152    5.277727e-19    6.849932e-20
   63  153    2.282008e-13   -6.464397e-20
   63  154    4.980684e-19    6.464407e-20
   63  155    1.035080e-24    2.512459e-25
   63  156    3.334834e-29    4.450435e-30
   64  151    1.132321e-27    1.476167e-28
   64  152    5.982790e-13   -1.279758e-19
   64  153    9.859402e-19    1.279648e-19
   64  154    7.795500e-13   -1.663091e-19
   64  155    2.575291e-13    7.162790e-20
   64  156    1.090205e-12   -8.979802e-20
   64  157    4.772731e-13    8.860332e-20
   64  158    2.906294e-12   -1.523517e-19
   64  159    1.912536e-18    2.482278e-19
   64  160    8.753707e-17   -4.776644e-24
   64  161    3.815108e-23    4.951623e-24
   64  162    7.616620e-30    1.848806e-30
   65  153    4.603036e-30    5.716842e-31
   65  155    1.851522e-29    2.299535e-30
   65  156    1.672538e-30    2.077241e-31
   65  157    2.413698e-29    2.997741e-30
   65  158    1.210249e-26    1.578050e-27
   65  159    3.705966e-13   -1.007866e-19
   65  160    7.765360e-19    1.007863e-19
   65  161    1.259930e-24    3.058243e-25
   65  162    1.939759e-29    2.648297e-30
   66  156    1.026076e-30   -1.930289e-43
   66  157    3.641731e-30    4.750101e-31
   66  158    8.864494e-14   -3.070808e-20
   66  159    2.365982e-19    3.070797e-20
   66  160    8.753696e-13   -1.929116e-19
   66  161    3.287116e-13    1.060861e-19
   66  162    1.358600e-12   -1.122403e-19
   66  163    2.448903e-13    1.565263e-19
   66  164    6.033046e-13    8.543327e-21
   66  165    2.619331e-19    3.399627e-20
   66  166    6.289715e-26    1.526711e-26
   67  161    7.330562e-30    9.104341e-31
   67  162    1.390833e-30    1.727373e-31
   67  163    5.883458e-30    7.307085e-31
   67  164    3.069845e-26    4.004119e-27
   67  165    4.844469e-13   -1.220864e-19
   67  166    9.406454e-19    1.220860e-19
   67  167    1.856596e-24    4.506537e-25
   68  163    1.543997e-28    2.013918e-29
   68  164    6.710146e-13   -1.985854e-19
   68  165    1.530051e-18    1.985848e-19
   68  166    1.024529e-12   -1.732677e-19
   68  167    4.067599e-13    7.600566e-20
   68  168    1.667373e-12   -4.561395e-20
   68  169    1.100830e-18    1.428766e-19
   68  170    3.289629e-15   -1.640597e-22
   68  171    1.264695e-21    1.641446e-22
   68  172    2.457057e-28    5.963985e-29
   69  167    2.301987e-30    2.859000e-31
   69  168    3.801365e-26    4.958299e-27
   69  169    5.321774e-13   -1.172482e-19
   69  170    9.033686e-19    1.172479e-19
   69  171    1.077877e-24    2.613948e-25
   69  172    2.846558e-27    3.695469e-28
   69  173    5.169985e-29    6.713007e-30
   70  168    1.012334e-30   -1.558945e-43
   70  169    2.986897e-27    3.895830e-28
   70  170    8.238773e-13   -1.826902e-19
   70  171    4.206468e-13    8.447523e-20
   70  172    1.395940e-12   -8.684900e-20
   70  173    6.939363e-13    6.725681e-20
   70  174    3.156510e-12   -5.948681e-20
   70  175    1.366009e-18    1.772941e-19
   70  176    1.591583e-15   -5.445978e-23
   70  177    4.202703e-22    5.454683e-23
   70  178    7.701529e-29    1.869403e-29
   71  173    1.529632e-30    1.899842e-31
   71  174    2.448846e-25    3.194159e-26
   71  175    4.567643e-13   -1.026476e-19
   71  176    8.534229e-16    1.023686e-19
   71  177    2.148211e-21    2.789360e-22
   71  178    1.394430e-27    3.165120e-28
   72  175    2.827809e-26    3.688462e-27
   72  176    1.193686e-12   -2.160619e-19
   72  177    3.950836e-13    1.100067e-19
   72  178    1.686107e-12   -9.340051e-20
   72  179    4.800926e-13    1.101989e-19
   72  180    2.773397e-12   -7.003659e-20
   72  181    1.227315e-18    1.592930e-19
   72  182    2.712811e-25    6.584834e-26
   73  179    4.016156e-24    5.238486e-25
   73  180    3.440336e-15   -1.535582e-21
   73  181    7.185357e-13   -1.244248e-19
   73  182    9.704899e-19    1.259596e-19
   73  183    7.982287e-25    1.937547e-25
   74  179    2.382829e-28    3.108050e-29
   74  180    5.385606e-14   -1.416954e-20
   74  181    1.091729e-19    1.416950e-20
   74  182    1.813954e-12   -2.473444e-19
   74  183    9.293566e-13    1.069630e-19
   74  184    2.060656e-12   -2.414332e-20
   74  185    1.267628e-18    1.645253e-19
   74  186    8.067934e-14   -3.408180e-21
   74  187    2.625811e-20    3.408037e-21
   74  188    6.090098e-27    1.478258e-27
   75  184    1.660304e-25    2.165623e-26
   75  185    3.076973e-13   -8.678179e-20
   75  186    6.686322e-19    8.678153e-20
   75  187    6.954811e-15   -1.203066e-21
   75  188    9.271178e-21    1.203303e-21
   75  189    1.606739e-26    3.900052e-27
   76  185    1.695903e-26    2.212058e-27
   76  186    1.075723e-12   -2.244609e-19
   76  187    5.077025e-13    8.012235e-20
   76  188    1.117495e-12    1.702704e-20
   76  189    3.858782e-13    4.838188e-20
   76  190    1.474309e-12   -1.797441e-20
   76  191    7.466190e-19    9.690358e-20
   76  192    3.121114e-14   -9.656650e-22
   76  193    7.440902e-21    9.657539e-22
   76  194    1.108073e-27    2.689640e-28
   77  190    3.189843e-26    4.160681e-27
   77  191    3.294584e-13   -8.742920e-20
   77  192    6.736203e-19    8.742891e-20
   77  193    3.208610e-13   -5.021496e-20
   77  194    3.868963e-19    5.021519e-20
   77  195    2.233353e-25    5.421046e-26
   78  190    1.000424e-30   -1.795414e-42
   78  191    2.650429e-27    3.457095e-28
   78  192    1.094212e-12   -2.264201e-19
   78  193    1.744511e-18    2.264196e-19
   78  194    1.340773e-12   -1.413775e-19
   78  195    3.996574e-13    9.685470e-20
   78  196    2.342829e-12   -7.032305e-20
   78  197    8.848633e-19    1.148463e-19
   78  198    4.390750e-15   -7.774229e-23
   78  199    5.992753e-22    7.777989e-23
   78  200    3.963624e-29    9.620961e-30
   79  196    3.422384e-26    4.464002e-27
   79  197    7.109606e-13   -8.577471e-20
   79  198    6.608733e-19    8.577462e-20
   79  199    3.487122e-25    8.464337e-26
   80  196    1.378134e-17   -2.053730e-24
   80  197    1.582659e-23    2.054131e-24
   80  198    2.319164e-12   -1.594253e-19
   80  199    1.055725e-12    8.223011e-20
   80  200    3.396440e-12   -2.042071e-20
   80  201    1.493171e-12    7.139063e-20
   80  202    5.447854e-12   -4.013197e-20
   80  203    5.112669e-19    6.635730e-20
   80  204    8.827271e-14   -3.019914e-22
   80  205    2.326779e-21    3.019924e-22
   80  206    1.864432e-29    4.525562e-30
   81  202    1.714011e-25    2.235681e-26
   81  203    3.296964e-12   -8.911882e-20
   81  204    6.866388e-19    8.911879e-20
   81  205    2.532781e-13   -2.248059e-21
   81  206    1.732085e-20    2.248072e-21
   81  207    3.577680e-28    8.684153e-29
   82  203    3.287909e-27    4.288601e-28
   82  204    4.899135e-12   -9.463533e-20
   82  205    9.272223e-12   -3.080798e-20
   82  206    4.705878e-11   -1.883628e-19
   82  207    6.282857e-11    1.678312e-19
   82  208    1.298627e-10    1.274815e-19
   82  209    1.425049e-19    1.849335e-20
   82  210    3.219244e-28    7.813785e-29
   83  208    3.180599e-25    4.148637e-26
   83  209    3.106580e-12   -4.771582e-21
   83  210    3.676618e-20    4.771539e-21
   83  211    3.777777e-28    9.169633e-29
    0    1    7.261285e-16   -7.883438e-19
    1    1    7.261274e-13   -7.798678e-16
    2    4    2.051247e-08   -2.225845e-11
