2.4349e-09
4.0456e-10
1.4060e+00
1.4223e+05
    1    2    2.845379e-24    9.566598e-26
    6   11    4.912243e-26    5.794056e-27
    6   12    7.736613e-04   -8.109832e-17
    6   13    2.821598e-16    9.811364e-18
    6   14    2.384855e-27    1.518834e-28
    7   13    2.588640e-16    4.305836e-17
    7   14    3.644463e-24    3.047071e-25
    7   15    3.983507e-27    8.658697e-28
    8   14    1.294502e-16    2.152536e-17
    8   15    1.353843e-29    1.596879e-30
    8   16    4.583193e-02   -6.245005e-17
    8   17    1.811533e-17    6.299130e-19
    8   18    5.711519e-18    1.986030e-19
    9   17    7.567514e-16    6.155630e-17
    9   18    1.078003e-24    1.787741e-25
    9   19    3.273118e-26    5.444207e-27
   10   18    2.241469e-30    5.622901e-31
   10   20    8.353541e-03   -7.441964e-16
   10   21    3.015564e-05    4.379804e-16
   10   22    3.692474e-06   -2.444198e-17
   10   23    3.833915e-19    1.333143e-20
   11   21    9.135640e-17    1.519887e-17
   11   22    5.659889e-19    9.416303e-20
   11   23    1.457139e-04    1.835825e-16
   11   24    5.998007e-16    2.085757e-17
   11   25    1.245911e-25    1.889037e-26
   12   23    5.174026e-20    8.596486e-21
   12   24    2.013354e-03   -3.126839e-16
   12   25    4.441883e-04    2.875846e-16
   12   26    2.597255e-04    2.492852e-15
   12   27    3.895262e-17    1.354475e-18
   12   28    5.888453e-29    3.750164e-30
   13   25    3.789225e-18    6.304097e-19
   13   26    1.408289e-04   -5.341701e-15
   13   27    2.011964e-04   -6.342583e-18
   13   28    1.378489e-15    4.982915e-17
   13   29    7.383055e-24    1.225634e-24
   14   27    1.645254e-14    2.737194e-15
   14   28    2.358143e-04    1.160367e-16
   14   29    6.520005e-05    4.647162e-17
   14   30    2.844539e-05    7.920097e-17
   14   31    3.191741e-16    1.109844e-17
   14   32    4.903406e-28    3.122825e-29
   15   28    7.494346e-30    2.257361e-30
   15   29    2.070800e-19    3.442681e-20
   15   30    2.314314e-07   -4.980104e-17
   15   31    2.104118e-06    1.312901e-19
   15   32    6.518562e-18    2.267946e-19
   15   33    1.473928e-19    5.126019e-21
   16   31    3.517620e-10   -7.115449e-20
   16   32    1.166119e-06    8.444918e-19
   16   33    2.100891e-08    2.293970e-19
   16   34    2.736454e-07   -3.091670e-20
   16   35    1.585300e-18    5.512465e-20
   16   36    3.605096e-29    2.296093e-30
   17   32    2.962257e-29    4.928279e-30
   17   33    8.528625e-29    1.417005e-29
   17   34    3.169232e-21    5.272620e-22
   17   35    1.020433e-08    8.650159e-20
   17   36    1.816141e-19    6.315328e-21
   17   37    6.238694e-26    1.036468e-26
   18   35    3.807579e-28    6.326201e-29
   18   36    8.448026e-10   -7.206811e-23
   18   37    1.201651e-20    4.194139e-22
   18   38    2.659022e-10   -6.844920e-23
   18   39    1.739081e-21    6.047195e-23
   18   40    1.388113e-22    4.826796e-24
   19   37    2.736969e-23    4.553319e-24
   19   39    3.745177e-12    4.423881e-23
   19   40    7.841482e-23    2.726697e-24
   19   42    1.168903e-30    4.064552e-32
   19   43    1.925066e-26    6.693908e-28
   20   40    2.851209e-14    3.566282e-26
   20   41    3.388531e-25    1.178272e-26
   20   42    4.763924e-08   -4.989553e-20
   20   43    1.463411e-08   -2.132472e-21
   20   44    7.048443e-08   -8.337981e-22
   20   45    1.101580e-18    3.830455e-20
   20   46    2.020422e-10   -9.424689e-23
   20   47    1.932200e-21    6.718717e-23
   20   48    2.292639e-09   -7.184064e-22
   20   49    3.611936e-21    1.255956e-22
   21   43    2.457228e-20    4.088067e-21
   21   44    1.169006e-20    1.944864e-21
   21   45    6.669494e-09   -2.893974e-20
   21   46    1.062075e-18    3.693091e-20
   21   47    2.962541e-22    3.166737e-23
   21   48    3.133897e-21    5.213835e-22
   21   49    4.292840e-22    7.141915e-23
   22   45    2.179918e-25    3.626708e-26
   22   46    2.020422e-08   -3.301443e-20
   22   47    7.854394e-09    1.520358e-21
   22   48    1.436025e-08    3.403021e-21
   22   49    1.733388e-08    2.779327e-21
   22   50    5.602375e-08    7.676236e-21
   22   51    3.965148e-19    1.378776e-20
   22   52    4.982289e-30    6.741665e-31
   23   47    3.458440e-21    5.753773e-22
   23   48    1.821593e-21    3.030566e-22
   23   49    4.616662e-21    7.680697e-22
   23   50    1.998851e-15    6.178927e-22
   23   51    4.904040e-09   -1.068883e-20
   23   52    3.643800e-19    1.267035e-20
   23   53    3.887240e-30    2.472062e-31
   24   49    8.007680e-30    1.330469e-30
   24   50    9.383978e-13   -3.025591e-24
   24   51    2.583667e-22    3.155649e-23
   24   52    5.579288e-08   -3.407322e-20
   24   53    1.074040e-08   -4.847278e-21
   24   54    1.369099e-07   -2.075231e-20
   24   55    1.621912e-18    5.639770e-20
   24   56    1.233866e-29    7.858078e-31
   25   51    4.382616e-26    7.291317e-27
   25   53    3.532724e-21    5.877359e-22
   25   54    9.931012e-22    1.615723e-22
   25   55    3.456011e-08   -8.200999e-20
   25   56    2.419553e-18    8.413357e-20
   25   57    2.037868e-28    8.863643e-30
   26   54    4.446329e-09   -7.965749e-21
   26   55    2.308867e-19    8.303858e-21
   26   56    1.766820e-06   -1.428521e-18
   26   57    9.986690e-07   -7.326835e-19
   26   58    5.174607e-06   -2.028644e-18
   26   59    1.188667e-16    4.133277e-18
   26   60    1.820969e-27    1.159714e-28
   27   55    5.361811e-23    8.920394e-24
   27   57    4.727758e-20    7.865526e-21
   27   58    3.356655e-20    5.581977e-21
   27   59    2.034761e-06   -4.715432e-18
   27   60    1.366082e-16    4.750189e-18
   27   61    4.106249e-24    1.430150e-25
   28   58    6.192280e-10   -1.439398e-21
   28   59    4.434937e-20    1.935296e-21
   28   60    2.667798e-06   -5.009353e-18
   28   61    1.015184e-06   -1.139259e-19
   28   62    2.259022e-06    2.003233e-19
   28   63    1.417058e-16    4.927447e-18
   28   64    1.389652e-06   -8.849377e-19
   28   65    2.551814e-17    8.873259e-19
   28   66    3.427056e-28    2.182577e-29
   29   59    2.667786e-24    4.438370e-25
   29   61    2.220306e-20    3.693902e-21
   29   62    1.682220e-20    2.798694e-21
   29   63    8.717982e-07   -4.976424e-18
   29   64    1.431739e-16    4.978528e-18
   29   65    1.075841e-06   -3.498034e-18
   29   66    1.006692e-16    3.500508e-18
   29   67    1.199531e-22    4.171365e-24
   29   68    1.366182e-30    4.759967e-32
   30   63    9.506609e-28    1.581606e-28
   30   64    8.425447e-07   -3.057154e-18
   30   65    8.777004e-17    3.052094e-18
   30   66    1.302067e-06   -2.796479e-18
   30   67    2.837024e-07    1.241433e-19
   30   68    1.322620e-06    1.102413e-18
   30   69    4.481995e-17    1.558496e-18
   30   70    1.327706e-10   -1.455062e-22
   30   71    4.200257e-21    1.460529e-22
   31   65    4.898355e-21    8.149346e-22
   31   67    1.461105e-20    2.430827e-21
   31   68    3.346377e-21    5.567335e-22
   31   69    1.594879e-07   -1.425795e-18
   31   70    4.108934e-17    1.428774e-18
   31   71    1.407639e-07   -1.079835e-18
   31   72    3.104587e-17    1.079538e-18
   31   73    6.645608e-27    3.890309e-28
   32   68    3.049233e-29    5.066216e-30
   32   69    6.580916e-25    1.094861e-25
   32   70    2.286684e-07   -1.216366e-18
   32   71    3.498407e-17    1.216665e-18
   32   72    2.362112e-07   -9.300157e-19
   32   73    4.522465e-08    5.942466e-19
   32   74    1.757502e-07   -2.511453e-19
   32   75    1.686341e-17    5.863806e-19
   32   76    1.249214e-11   -1.227200e-23
   32   77    3.524953e-22    1.225710e-23
   33   71    1.241505e-21    2.065479e-22
   33   73    1.922801e-21    3.198945e-22
   33   74    1.292185e-22    2.149796e-23
   33   75    2.000848e-08   -7.065744e-19
   33   76    2.032678e-17    7.068101e-19
   33   77    9.088286e-25    3.985341e-26
   34   74    1.487118e-24    1.621191e-31
   34   75    3.745775e-23    6.231809e-24
   34   76    4.988957e-08   -3.874845e-19
   34   77    1.818953e-08    1.542659e-19
   34   78    7.041447e-08   -1.050453e-19
   34   79    9.725900e-18    3.381925e-19
   34   80    4.239297e-09   -1.143577e-20
   34   81    3.288281e-19    1.143413e-20
   34   82    3.172076e-12   -3.694848e-24
   34   83    1.062319e-22    3.693935e-24
   35   77    1.525087e-22    2.537272e-23
   35   78    4.878468e-23    8.116092e-24
   35   79    8.345310e-09   -3.253516e-19
   35   80    9.357538e-18    3.253837e-19
   35   81    7.274689e-09   -1.413594e-19
   35   82    4.065283e-18    1.413595e-19
   35   83    9.014479e-27    4.121643e-28
   36   79    4.140695e-25    6.888835e-26
   36   80    2.125901e-08   -2.954755e-19
   36   81    8.497392e-18    2.954756e-19
   36   82    5.111923e-08   -3.977151e-19
   36   83    1.566929e-08    1.707268e-19
   36   84    5.823898e-08   -8.503417e-21
   36   85    6.771731e-18    2.354691e-19
   36   86    4.641503e-10   -2.324378e-22
   36   87    6.682091e-21    2.323521e-22
   37   81    2.152624e-23    3.581300e-24
   37   83    6.306705e-23    1.049240e-23
   37   84    1.112076e-23    1.850150e-24
   37   85    8.462411e-09   -2.015525e-19
   37   86    5.796635e-18    2.015627e-19
   37   87    5.853056e-11   -1.476647e-22
   37   88    4.248004e-21    1.477132e-22
   38   84    2.620158e-24    1.628978e-34
   38   85    7.781399e-25    1.294584e-25
   38   86    1.977583e-08   -2.645787e-19
   38   87    1.264904e-08    2.524886e-20
   38   88    3.410537e-08    2.057827e-19
   38   89    9.647033e-19    3.354501e-20
   38   90    7.581668e-27    2.646234e-28
   39   87    8.294142e-24    1.379888e-24
   39   88    5.782674e-24    9.620579e-25
   39   89    5.047083e-09   -2.651445e-20
   39   90    7.625727e-19    2.651646e-20
   39   91    1.497974e-28    9.541042e-30
   40   89    2.719259e-29    4.524003e-30
   40   90    2.223165e-09   -6.921434e-21
   40   91    5.705716e-10    2.609031e-21
   40   92    6.513631e-10    1.542899e-21
   40   93    1.936305e-10    1.067994e-21
   40   94    4.140053e-10   -1.373120e-22
   40   95    5.287425e-20    1.838563e-21
   40   96    7.701181e-13   -8.059760e-25
   40   97    2.317734e-23    8.059309e-25
   41   91    3.170255e-25    5.274322e-26
   41   92    6.919354e-26    1.151166e-26
   41   93    7.196599e-14   -1.646271e-24
   41   94    4.785546e-23    1.665827e-24
   41   95    2.225161e-26    3.701085e-27
   41   96    5.490314e-29    9.103140e-30
   41   97    5.319528e-30    8.848555e-31
   42   92    3.795087e-17   -3.017393e-28
   42   93    8.679683e-27    3.021017e-28
   42   94    1.277137e-13   -1.135707e-24
   42   95    3.569934e-11   -7.320613e-22
   42   96    8.222236e-11   -2.482834e-23
   42   97    2.578413e-11    2.502738e-22
   42   98    7.544014e-11    7.175792e-23
   42   99    1.253638e-20    4.359196e-22
   42  100    1.700721e-15   -6.160412e-27
   42  101    1.771648e-25    6.160440e-27
   43   95    5.410089e-29    9.000713e-30
   43   96    1.612151e-27    2.682121e-28
   43   97    4.336129e-27    7.213976e-28
   43   98    1.812374e-28    3.015229e-29
   43   99    2.728429e-13   -7.828479e-24
   43  100    2.251474e-22    7.828908e-24
   44   96    3.532748e-26    0.000000e+00
   44   98    6.625262e-24    7.703925e-31
   44   99    8.074130e-12   -2.571514e-22
   44  100    3.391438e-11   -1.680081e-22
   44  101    7.022779e-12    2.428276e-22
   44  102    1.441788e-14    1.821836e-22
   44  103    3.589596e-24    1.248188e-25
   45   99    1.750285e-30    2.911932e-31
   45  100    5.952622e-29    9.903320e-30
   45  101    3.269072e-28    5.438724e-29
   45  102    1.059877e-29    1.763308e-30
   45  103    7.469186e-12   -3.169330e-22
   45  104    9.114517e-21    3.169333e-22
   45  105    1.221320e-29    7.274793e-31
   46  103    3.114069e-29    5.180847e-30
   46  104    2.116282e-11   -4.149603e-22
   46  105    4.944953e-12    1.646283e-22
   46  106    2.265111e-11   -7.417161e-23
   46  107    9.332243e-21    3.245041e-22
   46  108    2.501060e-11   -2.513337e-22
   46  109    7.227931e-21    2.513322e-22
   46  110    1.000424e-14   -6.788306e-26
   46  111    1.952226e-24    6.788350e-26
   47  105    6.667570e-29    1.109277e-29
   47  106    8.576185e-30    1.426812e-30
   47  107    4.291539e-12   -2.892943e-22
   47  108    8.319660e-21    2.892942e-22
   47  109    6.599128e-12   -3.619634e-22
   47  110    1.040951e-20    3.619631e-22
   47  111    1.437156e-29    9.158964e-31
   48  107    1.720092e-30    2.861701e-31
   48  108    3.603379e-13   -9.119939e-24
   48  109    2.622755e-22    9.119940e-24
   48  110    1.909901e-11   -4.058613e-22
   48  111    4.587530e-12    1.691746e-22
   48  112    2.054442e-11   -8.648238e-23
   48  113    9.293846e-21    3.231690e-22
   48  114    3.413728e-11   -3.443398e-22
   48  115    9.902682e-21    3.443397e-22
   48  116    2.673547e-15   -1.742949e-26
   48  117    5.012545e-25    1.742980e-26
   49  111    2.569935e-29    4.275577e-30
   49  112    3.661087e-30    6.090915e-31
   49  113    6.099931e-12   -5.805556e-22
   49  114    1.669590e-20    5.805558e-22
   49  115    7.232567e-29    8.560864e-30
   50  112    1.518501e-24   -4.015305e-35
   50  113    1.792578e-30    2.980776e-31
   50  114    1.053078e-13   -1.888659e-24
   50  115    5.384892e-12   -2.084019e-22
   50  116    3.958575e-11   -2.368451e-22
   50  117    8.542083e-12    2.044267e-22
   50  118    4.908861e-11   -9.530672e-23
   50  119    1.176970e-11    9.090586e-23
   50  120    6.577789e-11   -2.716771e-23
   50  121    7.887773e-21    2.742765e-22
   50  122    5.075922e-13   -1.264601e-24
   50  123    3.636888e-23    1.264632e-24
   50  124    5.881526e-14   -7.883560e-26
   50  125    2.267161e-24    7.883456e-26
   51  116    2.183282e-30    3.632305e-31
   51  117    1.667519e-29    2.774235e-30
   51  118    3.581448e-30    5.958421e-31
   51  119    2.682507e-29    4.462861e-30
   51  120    2.961654e-30    4.927275e-31
   51  121    3.464279e-12   -1.596127e-22
   51  122    4.590216e-21    1.596127e-22
   51  123    8.946882e-14   -2.787771e-24
   51  124    8.017199e-23    2.787770e-24
   52  120    1.000424e-30    9.942213e-43
   52  122    9.020217e-12   -2.437049e-22
   52  123    3.001272e-12    6.359234e-23
   52  124    1.532908e-11   -5.982519e-23
   52  125    5.674406e-12    4.176777e-23
   52  126    2.620158e-11   -2.591725e-23
   52  127    6.444328e-21    2.240845e-22
   52  128    5.697728e-13   -2.100869e-24
   52  129    6.041896e-23    2.100910e-24
   52  130    1.846937e-12   -2.971065e-24
   52  131    8.544858e-23    2.971249e-24
   53  123    3.354862e-30    5.581451e-31
   53  125    7.131379e-30    1.186441e-30
   53  127    3.615706e-12   -1.484365e-22
   53  128    4.268806e-21    1.484365e-22
   53  129    5.126856e-30    2.708653e-31
   54  126    1.587975e-27    0.000000e+00
   54  128    9.378976e-12   -2.428971e-22
   54  129    4.878037e-12    2.599157e-23
   54  130    1.462158e-11    2.860882e-23
   54  131    6.636401e-12    1.844193e-23
   54  132    4.009275e-11   -4.078388e-23
   54  133    6.057562e-21    2.106357e-22
   54  134    1.269195e-13   -2.957029e-25
   54  135    8.503921e-24    2.957015e-25
   54  136    8.091666e-12   -9.241158e-25
   54  137    2.658024e-23    9.242577e-25
   55  129    2.250658e-30    3.744399e-31
   55  131    4.104714e-30    6.828973e-31
   55  133    4.580889e-12   -1.559857e-22
   55  134    4.485913e-21    1.559858e-22
   55  135    3.039982e-30    1.812078e-31
   55  136    1.683603e-30    2.731821e-31
   56  132    1.667374e-27    0.000000e+00
   56  134    1.045219e-11   -2.078000e-22
   56  135    5.105868e-12    2.487358e-23
   56  136    3.449992e-11   -9.143577e-23
   56  137    4.228070e-11   -3.006285e-23
   56  138    3.979948e-10    1.237152e-22
   56  139    5.197287e-21    1.807220e-22
   57  137    4.139655e-30    6.887104e-31
   57  138    2.773385e-29    2.007748e-30
   57  139    3.735397e-11   -1.326074e-22
   57  140    3.813582e-21    1.326072e-22
   58  138    2.102341e-25   -3.878718e-36
   58  139    2.383401e-28    8.496618e-30
   58  140    9.289652e-11   -1.667674e-22
   58  141    4.796692e-21    1.667924e-22
   58  142    9.158812e-14   -2.906037e-25
   58  143    8.368149e-24    2.909803e-25
   59  141    7.804727e-12   -1.132317e-22
   59  142    3.256386e-21    1.132322e-22
   59  143    1.449678e-30    9.232747e-32
   60  142    1.831762e-11   -1.266750e-22
   60  143    3.281111e-12    2.935360e-23
   60  144    6.940442e-12    2.425400e-23
   60  145    1.586880e-12    3.224167e-23
   60  146    4.721180e-12   -3.004992e-24
   60  147    1.260009e-21    4.381349e-23
   60  148    1.554713e-15   -1.113891e-26
   60  149    3.203347e-25    1.113880e-26
   60  150    2.527738e-21   -1.789836e-32
   61  147    1.138410e-28    1.891255e-29
   61  148    2.776919e-28    9.656015e-30
   62  144    3.536221e-20   -7.139242e-31
   62  145    2.053127e-29    7.139207e-31
   62  146    6.964263e-27    1.157091e-27
   62  147    7.486167e-13   -6.410700e-23
   62  148    2.697089e-12   -1.153772e-23
   62  149    4.961835e-13    4.803353e-23
   62  150    1.600679e-12   -9.462898e-24
   62  151    1.065899e-21    3.706382e-23
   62  152    2.626113e-13   -6.352640e-24
   62  153    1.826920e-22    6.352634e-24
   62  154    1.429177e-15   -2.391649e-26
   62  155    6.878073e-25    2.391669e-26
   63  151    1.722585e-13   -1.932197e-23
   63  152    5.556695e-22    1.932194e-23
   63  153    2.282013e-13   -1.823443e-23
   63  154    5.243944e-22    1.823443e-23
   63  155    1.193468e-30    7.598281e-32
   64  152    5.982799e-13   -3.609585e-23
   64  153    1.038053e-21    3.609555e-23
   64  154    7.795513e-13   -4.691473e-23
   64  155    2.575285e-13    2.020771e-23
   64  156    1.090206e-12   -2.534775e-23
   64  157    4.772724e-13    2.501080e-23
   64  158    2.906295e-12   -4.297421e-23
   64  159    2.013621e-21    7.001835e-23
   64  160    8.753711e-17   -1.396654e-27
   64  161    4.016750e-26    1.396719e-27
   65  159    3.705974e-13   -2.842918e-23
   65  160    8.175805e-22    2.842921e-23
   65  161    1.451674e-30    9.245277e-32
   66  156    1.026076e-30    0.000000e+00
   66  158    8.864517e-14   -8.661933e-24
   66  159    2.491039e-22    8.661932e-24
   66  160    8.753711e-13   -5.441994e-23
   66  161    3.287108e-13    2.992890e-23
   66  162    1.358601e-12   -3.168429e-23
   66  163    2.448891e-13    4.417621e-23
   66  164    6.033045e-13    2.409749e-24
   66  165    2.757771e-22    9.589420e-24
   67  165    4.844478e-13   -3.443735e-23
   67  166    9.903643e-22    3.443731e-23
   67  167    2.139112e-30    1.362328e-31
   68  164    6.710162e-13   -5.601564e-23
   68  165    1.610924e-21    5.601562e-23
   68  166    1.024531e-12   -4.888524e-23
   68  167    4.067593e-13    2.145010e-23
   68  168    1.667374e-12   -1.286654e-23
   68  169    1.159013e-21    4.030162e-23
   68  170    3.289630e-15   -4.630022e-26
   68  171    1.331539e-24    4.630075e-26
   69  169    5.321783e-13   -3.307258e-23
   69  170    9.511163e-22    3.307256e-23
   69  171    1.286588e-30    8.674263e-32
   69  172    2.994730e-30    1.041390e-31
   70  168    1.012334e-30    0.000000e+00
   70  170    8.238787e-13   -5.153481e-23
   70  171    4.206462e-13    2.383107e-23
   70  172    1.395941e-12   -2.453350e-23
   70  173    6.939358e-13    1.900678e-23
   70  174    3.156511e-12   -1.677949e-23
   70  175    1.438207e-21    5.000984e-23
   70  176    1.591584e-15   -1.538653e-26
   70  177    4.424830e-25    1.538618e-26
   71  174    5.389946e-30    8.955232e-31
   71  175    4.567651e-13   -2.895435e-23
   71  176    8.526350e-16    2.887577e-23
   71  177    2.260635e-24    7.860765e-26
   72  176    1.193688e-12   -6.096701e-23
   72  177    3.950827e-13    3.105179e-23
   72  178    1.686108e-12   -2.648149e-23
   72  179    4.800918e-13    3.121920e-23
   72  180    2.773398e-12   -1.975500e-23
   72  181    1.292183e-21    4.493224e-23
   73  179    8.838476e-29    1.468486e-29
   73  180    3.440347e-15   -4.330326e-25
   73  181    7.185367e-13   -3.509681e-23
   73  182    1.021785e-21    3.552987e-23
   74  180    5.385616e-14   -3.996849e-24
   74  181    1.149432e-22    3.996847e-24
   74  182    1.813956e-12   -6.996381e-23
   74  183    9.293557e-13    3.036577e-23
   74  184    2.060656e-12   -6.810104e-24
   74  185    1.334625e-21    4.640805e-23
   74  186    8.067936e-14   -9.613248e-25
   74  187    2.764595e-23    9.613152e-25
   75  184    3.653958e-30    6.070940e-31
   75  185    3.076980e-13   -2.447882e-23
   75  186    7.039733e-22    2.447881e-23
   75  187    6.954820e-15   -3.394208e-25
   75  188    9.761212e-24    3.394204e-25
   76  186    1.075725e-12   -6.334657e-23
   76  187    5.077019e-13    2.263276e-23
   76  188    1.117495e-12    4.582209e-24
   76  189    3.858779e-13    1.386775e-23
   76  190    1.474309e-12   -5.070116e-24
   76  191    7.860805e-22    2.733388e-23
   76  192    3.121115e-14   -2.724158e-25
   76  193    7.834179e-24    2.724129e-25
   77  191    3.294590e-13   -2.466143e-23
   77  192    7.092251e-22    2.466143e-23
   77  193    3.208614e-13   -1.416436e-23
   77  194    4.073454e-22    1.416436e-23
   78  190    1.000424e-30    0.000000e+00
   78  192    1.094214e-12   -6.386699e-23
   78  193    1.836718e-21    6.386702e-23
   78  194    1.340775e-12   -3.992924e-23
   78  195    3.996566e-13    2.737047e-23
   78  196    2.342830e-12   -1.983618e-23
   78  197    9.316312e-22    3.239502e-23
   78  198    4.390750e-15   -2.193980e-26
   78  199    6.309489e-25    2.193958e-26
   79  197    7.109613e-13   -2.419473e-23
   79  198    6.958031e-22    2.419472e-23
   80  196    1.378135e-17   -5.793012e-28
   80  197    1.665990e-26    5.793129e-28
   80  198    2.319165e-12   -4.497148e-23
   80  199    1.055724e-12    2.319660e-23
   80  200    3.396440e-12   -5.773301e-24
   80  201    1.493170e-12    2.015061e-23
   80  202    5.447854e-12   -1.132042e-23
   80  203    5.382889e-22    1.871758e-23
   80  204    8.827272e-14   -8.518436e-26
   80  205    2.449756e-24    8.518380e-26
   81  202    3.772096e-30    6.267222e-31
   81  203    3.296964e-12   -2.513813e-23
   81  204    7.229299e-22    2.513798e-23
   81  205    2.532781e-13   -6.341180e-25
   81  206    1.823631e-23    6.341196e-25
   82  204    4.899136e-12   -2.669515e-23
   82  205    9.272223e-12   -8.688628e-24
   82  206    4.705878e-11   -5.314635e-23
   82  207    6.282857e-11    4.735609e-23
   82  208    1.298627e-10    3.595651e-23
   82  209    1.500584e-22    5.217886e-24
   83  208    6.999624e-30    1.162966e-30
   83  209    3.106580e-12   -1.346188e-24
   83  210    3.871254e-23    1.346127e-24
    0    1    7.306552e-15   -3.762944e-15
    1    1    5.436990e-12   -6.034975e-16
    2    4    2.068377e-08   -3.193259e-16
