2.7129e-01
2.2606e-04
2.2239e+00
2.8715e+05
    1    2    1.509156e-24    2.097165e-25
    1    3    3.477264e-24    9.392581e-25
    2    3    6.721496e-24    1.704484e-24
    3    6    1.286694e-28    2.815871e-29
    3    7    5.072424e-29    1.076117e-29
    4    7    7.102772e-30    1.493244e-30
    4    8    1.215902e-22    1.252070e-23
    4   10    2.329226e-24    3.957807e-25
    5   10    3.378951e-22    5.778282e-23
    5   11    2.027284e-22    2.414764e-23
    6   11    1.483246e-20   -2.215019e-22
    6   12    7.720747e-04   -1.464079e-07
    6   13    9.499572e-11    2.219705e-13
    6   14    6.224553e-13    1.542135e-13
    6   15    2.871758e-28    9.020267e-29
    7   13    1.839763e-15    6.739425e-17
    7   14    2.570150e-15    2.513385e-16
    7   15    5.331926e-13    1.075391e-13
    7   16    2.231516e-25    5.519881e-26
    8   14    1.305823e-21    1.506968e-23
    8   15    2.791201e-18    6.239269e-19
    8   16    4.583188e-02   -5.147631e-09
    8   17    1.471366e-09    2.199103e-10
    8   18    1.603318e-10    2.136601e-11
    8   19    4.473835e-19    7.037807e-20
    8   20    1.868299e-26    4.910027e-27
    9   17    2.931298e-16    1.963764e-17
    9   18    4.711573e-14    7.338140e-15
    9   19    7.824540e-15    1.587202e-15
    9   20    3.689219e-19    8.660809e-20
    9   21    1.830019e-20    4.184467e-21
    9   22    9.825531e-29    3.134882e-29
   10   18    1.678981e-24    1.060878e-25
   10   19    6.417469e-21    1.533913e-21
   10   20    8.353901e-03    3.464288e-08
   10   21    3.001111e-05   -1.467980e-08
   10   22    3.672592e-06   -1.814222e-09
   10   23    1.604869e-12    1.482948e-13
   10   24    1.935920e-18    4.900324e-19
   10   25    4.096428e-27    1.105700e-27
   11   21    6.132190e-13    1.670835e-14
   11   22    1.698440e-11    1.624583e-12
   11   23    1.459899e-04    2.632790e-08
   11   24    2.317648e-09    2.547857e-10
   11   25    3.599083e-14    6.222120e-15
   11   26    2.828194e-20    6.527357e-21
   11   27    2.842384e-26    9.138491e-27
   12   22    1.156708e-24    3.232713e-25
   12   23    3.764227e-08    3.471859e-09
   12   24    2.013568e-03    2.635554e-08
   12   25    4.440561e-04   -1.927951e-08
   12   26    2.601477e-04    3.650704e-08
   12   27    1.484245e-10    1.632826e-11
   12   28    9.419853e-16    2.036252e-16
   12   29    3.574203e-25    8.668499e-26
   13   24    5.858804e-20    7.411811e-21
   13   25    7.737371e-14    2.287303e-15
   13   26    1.396539e-04   -1.139532e-07
   13   27    2.012162e-04    3.198091e-09
   13   28    1.857983e-08    2.065773e-09
   13   29    4.333318e-13    7.476072e-14
   13   30    6.216922e-19    1.490939e-19
   13   31    1.358251e-24    4.460073e-25
   14   25    2.176958e-30    4.200635e-31
   14   26    1.425916e-16    3.138432e-17
   14   27    7.719220e-07    7.674144e-08
   14   28    2.359067e-04    8.541150e-09
   14   29    6.524737e-05    4.710489e-09
   14   30    2.846959e-05    2.516505e-09
   14   31    1.199334e-09    1.296529e-10
   14   32    6.691507e-15    1.402543e-15
   14   33    1.543878e-22    3.430779e-23
   14   34    1.109615e-28    3.404528e-29
   15   27    1.655786e-30    4.457504e-31
   15   28    2.483965e-18    3.248024e-19
   15   29    4.415973e-13    1.012283e-14
   15   30    2.252604e-07   -6.468909e-10
   15   31    2.104497e-06    3.917345e-11
   15   32    3.998517e-11    4.750143e-12
   15   33    1.942715e-12    2.461811e-13
   15   34    1.237076e-17    2.741927e-18
   15   35    5.790911e-23    1.790724e-23
   16   29    1.678646e-27    2.455614e-28
   16   30    6.054992e-16    1.347556e-16
   16   31    3.480421e-10    2.861522e-12
   16   32    1.167873e-06    1.782186e-10
   16   33    2.113563e-08    1.301773e-11
   16   34    2.737843e-07    1.408477e-11
   16   35    7.229288e-12    8.209431e-13
   16   36    5.693780e-16    1.198334e-16
   16   37    9.123971e-24    2.064991e-24
   16   38    1.541511e-29    4.805458e-30
   17   32    6.762014e-23    4.263555e-24
   17   33    7.775901e-17    1.226768e-17
   17   34    4.555032e-14    3.622179e-15
   17   35    1.021018e-08    6.656484e-14
   17   36    7.113342e-13    7.880066e-14
   17   37    3.641479e-15    5.235261e-16
   17   38    2.097779e-20    4.846541e-21
   17   39    3.301055e-25    1.060586e-25
   18   34    2.955904e-23    4.561878e-24
   18   35    6.785055e-19    9.801678e-20
   18   36    8.448947e-10    8.034578e-15
   18   37    5.262736e-14    5.835007e-15
   18   38    2.660396e-10    1.575052e-14
   18   39    7.064121e-15    7.840403e-16
   18   40    2.469636e-15    3.240950e-16
   18   41    1.829079e-20    4.166450e-21
   18   42    2.418298e-25    7.468759e-26
   19   37    2.360472e-21    9.152109e-23
   19   38    1.155099e-19    2.091517e-20
   19   39    3.751718e-12    5.310337e-16
   19   40    3.090044e-16    3.479468e-17
   19   41    5.372480e-18    1.110103e-18
   19   42    3.388503e-19    6.790765e-20
   19   43    3.028466e-17    4.958058e-18
   19   44    7.846350e-22    2.039465e-22
   19   45    4.069388e-26    1.290339e-26
   19   46    1.897159e-30    3.554911e-31
   20   38    5.051129e-28    5.280134e-30
   20   39    2.717170e-25    7.017302e-26
   20   40    2.852654e-14    2.057742e-18
   20   41    2.647500e-18    4.429344e-19
   20   42    4.763373e-08   -5.632171e-13
   20   43    1.463326e-08   -1.093713e-13
   20   44    7.048269e-08   -1.609506e-13
   20   45    4.248780e-12    4.693191e-13
   20   46    2.020247e-10   -1.819876e-15
   20   47    7.380067e-15    8.140252e-16
   20   48    2.292340e-09   -3.147945e-14
   20   49    1.485661e-15   -5.781065e-18
   20   50    6.823060e-21    6.914653e-22
   20   51    6.822994e-29    7.952935e-30
   21   41    2.827560e-27    1.588851e-28
   21   42    1.336340e-24    2.199024e-25
   21   43    8.027350e-13    6.502204e-14
   21   44    5.169856e-13    5.047420e-14
   21   45    6.667791e-09   -2.177457e-13
   21   46    4.052723e-12    4.465376e-13
   21   47    1.723197e-14    2.062561e-15
   21   48    2.872078e-13    3.056497e-14
   21   49    1.005962e-14    9.038972e-16
   21   50    6.194054e-20    1.095415e-20
   21   51    3.444216e-25    9.287912e-26
   22   43    4.697609e-30    1.237082e-30
   22   44    7.198692e-18    1.398776e-18
   22   45    2.970802e-15    4.307756e-16
   22   46    2.020060e-08   -3.976370e-13
   22   47    7.854470e-09    9.109109e-15
   22   48    1.436075e-08    7.703059e-14
   22   49    1.733334e-08   -8.121865e-14
   22   50    5.602392e-08    2.976596e-14
   22   51    1.465384e-12    1.554884e-13
   22   52    1.923305e-17    3.960633e-18
   22   53    3.976591e-23    9.223657e-24
   22   54    1.462608e-28    4.705948e-29
   23   46    6.935711e-22    1.544860e-22
   23   47    1.782010e-13    1.740805e-14
   23   48    1.172210e-13    1.196377e-14
   23   49    6.622554e-13    7.476691e-14
   23   50    2.155610e-13    2.155971e-14
   23   51    4.903495e-09   -6.510783e-14
   23   52    1.386002e-12    1.521104e-13
   23   53    4.277191e-17    8.835569e-18
   23   54    3.022177e-22    8.056134e-23
   23   55    6.068394e-27    2.124250e-27
   24   47    1.201514e-27    3.508339e-28
   24   48    6.086997e-20    1.167802e-20
   24   49    4.017176e-18    6.463591e-19
   24   50    9.381037e-13   -3.124709e-17
   24   51    7.193917e-14    8.615005e-15
   24   52    5.578926e-08   -3.762132e-13
   24   53    1.073945e-08   -1.242615e-13
   24   54    1.369064e-07   -3.328864e-13
   24   55    5.686577e-12    5.670017e-13
   24   56    1.291807e-16    2.588793e-17
   24   57    2.153534e-22    4.583430e-23
   24   58    2.115499e-27    6.418902e-28
   25   49    1.006594e-30    2.205507e-31
   25   50    5.672270e-25    1.323887e-25
   25   51    2.943922e-18    2.981201e-19
   25   52    3.851872e-19    8.041784e-20
   25   53    3.819764e-13    4.195658e-14
   25   54    6.009722e-13    7.882483e-14
   25   55    3.455180e-08   -9.179959e-13
   25   56    9.183827e-12    1.005146e-12
   25   57    6.111743e-16    1.253301e-16
   25   58    1.076617e-20    3.028438e-21
   25   59    4.548622e-25    1.642074e-25
   26   52    3.882076e-25    7.352690e-26
   26   53    4.439948e-23    1.097715e-23
   26   54    4.445446e-09   -9.762691e-14
   26   55    1.349325e-12    1.519865e-13
   26   56    1.766745e-06   -2.850217e-12
   26   57    9.984963e-07   -2.453306e-11
   26   58    5.174368e-06   -2.478962e-11
   26   59    4.411282e-10    4.700803e-11
   26   60    2.011666e-14    4.117369e-15
   26   61    9.387565e-20    2.166673e-20
   26   62    1.645328e-24    5.295538e-25
   27   54    1.797188e-28    4.607179e-29
   27   55    4.334229e-15    4.493643e-16
   27   56    1.958531e-17    3.863521e-18
   27   57    1.001752e-11    1.175094e-12
   27   58    4.121571e-12    4.893626e-13
   27   59    2.034262e-06   -5.505927e-11
   27   60    5.205044e-10    5.725280e-11
   27   61    8.978503e-14    1.834244e-14
   27   62    4.520514e-18    1.295180e-18
   27   63    8.018052e-22    2.491395e-22
   27   64    7.441441e-27    2.438638e-27
   27   65    9.061238e-30    2.890600e-30
   28   56    1.197059e-22    2.310625e-23
   28   57    5.661826e-21    1.257275e-21
   28   58    6.190678e-10   -1.774889e-14
   28   59    4.531912e-12    5.882483e-13
   28   60    2.667332e-06   -4.588125e-11
   28   61    1.015092e-06   -1.562203e-11
   28   62    2.259158e-06    2.281669e-11
   28   63    5.370470e-10    5.838411e-11
   28   64    1.389563e-06   -8.112409e-12
   28   65    8.233471e-11    7.414723e-12
   28   66    3.700832e-15    7.245805e-16
   28   67    2.120913e-20    5.151409e-21
   28   68    2.947079e-25    9.756231e-26
   29   59    6.209954e-18    1.848231e-20
   29   60    1.624753e-18    3.276794e-19
   29   61    2.923743e-12    3.097334e-13
   29   62    2.521278e-12    2.789873e-13
   29   63    8.711420e-07   -7.930734e-11
   29   64    5.476714e-10    6.034620e-11
   29   65    1.075466e-06   -4.002463e-11
   29   66    3.746846e-10    4.001501e-11
   29   67    1.399392e-13    2.777387e-14
   29   68    6.826234e-18    1.726567e-18
   29   69    1.155915e-20    2.501111e-21
   29   70    1.483913e-26    3.255703e-27
   30   60    2.425894e-25    2.333854e-26
   30   61    4.808440e-25    1.410470e-25
   30   62    1.816537e-18    3.800873e-19
   30   63    6.859742e-16    1.196053e-16
   30   64    8.422076e-07   -3.724938e-11
   30   65    3.365764e-10    3.710165e-11
   30   66    1.303149e-06    1.907908e-10
   30   67    2.823275e-07   -2.230289e-10
   30   68    1.322754e-06    1.666857e-11
   30   69    1.550287e-10    1.517760e-11
   30   70    1.328017e-10    7.233331e-15
   30   71    6.109569e-15    8.456131e-17
   30   72    1.308973e-18    2.232597e-19
   30   73    6.894388e-24    1.255762e-24
   30   74    2.313249e-28    6.561720e-29
   31   63    4.958574e-28    1.123855e-28
   31   64    3.591112e-23    6.468464e-24
   31   65    2.280523e-13    2.229457e-15
   31   66    3.831062e-16    7.394391e-17
   31   67    3.250791e-12    3.770050e-13
   31   68    5.321726e-13    5.996909e-14
   31   69    1.593343e-07   -1.687021e-11
   31   70    1.558008e-10    1.701980e-11
   31   71    1.406796e-07   -5.673668e-12
   31   72    8.364467e-11    5.581237e-12
   31   73    4.775276e-14    8.647338e-15
   31   74    3.779893e-18    9.818012e-19
   31   75    4.934224e-22    1.710458e-22
   31   76    2.243839e-27    8.219659e-28
   32   65    6.061517e-29    1.483523e-29
   32   66    1.022723e-19    1.474051e-20
   32   67    2.440369e-22    6.821725e-23
   32   68    4.470710e-18    9.714888e-19
   32   69    1.617253e-14    2.429327e-15
   32   70    2.285352e-07   -1.465176e-11
   32   71    1.336836e-10    1.470117e-11
   32   72    2.368452e-07    1.052587e-10
   32   73    4.455981e-08   -1.085468e-10
   32   74    1.757204e-07   -2.856948e-12
   32   75    5.996867e-11    6.066433e-12
   32   76    1.250051e-11    1.813426e-15
   32   77    1.062638e-15    8.714019e-17
   32   78    1.180337e-19    2.244136e-20
   32   79    1.333256e-24    3.166676e-25
   32   80    3.088167e-29    1.045972e-29
   33   67    3.574431e-30    6.049467e-31
   33   68    1.281884e-30    3.628637e-31
   33   69    1.314057e-25    2.990703e-26
   33   70    7.509635e-21    1.672309e-21
   33   71    2.519880e-13    2.737814e-14
   33   72    4.269076e-16    8.980761e-17
   33   73    4.905116e-13    5.746754e-14
   33   74    2.161359e-14    2.800152e-15
   33   75    1.993376e-08   -7.879752e-12
   33   76    7.498768e-11    7.905471e-12
   33   77    4.797891e-14    9.729153e-15
   33   78    7.758744e-18    2.182985e-18
   33   79    4.071169e-21    1.467068e-21
   33   80    2.234073e-25    9.397422e-26
   33   81    4.065769e-28    1.323799e-28
   34   70    1.581137e-29    5.420162e-30
   34   71    1.355747e-25    3.912963e-26
   34   72    1.318948e-19    2.815704e-20
   34   73    5.200850e-21    1.340026e-21
   34   74    2.375500e-18    6.420281e-19
   34   75    2.551244e-14    3.184081e-15
   34   76    4.988408e-08    1.730926e-12
   34   77    1.817447e-08   -3.927516e-12
   34   78    7.039553e-08   -2.153694e-12
   34   79    3.940573e-11    4.342725e-12
   34   80    4.238089e-09   -1.271948e-13
   34   81    1.218691e-12    1.296088e-13
   34   82    3.172128e-12    4.072390e-17
   34   83    1.606032e-16    2.686694e-18
   34   84    1.574534e-20    2.374766e-21
   34   85    7.976781e-28    1.306603e-28
   35   73    6.729659e-28    1.528146e-28
   35   74    8.321434e-28    2.621337e-28
   35   75    3.165816e-23    8.347985e-24
   35   76    1.283799e-19    2.655026e-20
   35   77    4.879684e-14    5.848587e-15
   35   78    9.565065e-15    1.093775e-15
   35   79    8.309766e-09   -3.900683e-12
   35   80    3.549965e-11    3.887600e-12
   35   81    7.259313e-09   -1.677406e-12
   35   82    1.541092e-11    1.684682e-12
   35   83    1.566966e-14    3.226979e-15
   35   84    2.781275e-18    8.000361e-19
   35   85    6.531084e-22    2.391262e-22
   35   86    2.253390e-28    8.314153e-29
   36   76    1.001625e-26    3.148862e-27
   36   77    5.501370e-23    1.452062e-23
   36   78    7.114321e-20    1.975096e-20
   36   79    1.777781e-15    2.453937e-16
   36   80    2.122332e-08   -3.989915e-12
   36   81    3.564291e-11    3.979301e-12
   36   82    5.108795e-08   -2.394941e-12
   36   83    1.567755e-08   -1.111999e-13
   36   84    5.823239e-08   -7.994836e-13
   36   85    2.959096e-11    3.307716e-12
   36   86    4.641578e-10    2.301270e-15
   36   87    3.138851e-15   -4.462225e-17
   36   88    2.763757e-19    2.792680e-20
   36   89    9.220658e-26    9.662211e-27
   37   78    1.330831e-30    3.748756e-31
   37   79    2.010336e-25    5.592687e-26
   37   80    8.103211e-22    1.844423e-22
   37   81    7.855672e-15    9.407338e-16
   37   82    3.238461e-17    7.064865e-18
   37   83    2.622873e-14    3.194886e-15
   37   84    2.753828e-15    3.505110e-16
   37   85    8.442042e-09   -2.214929e-12
   37   86    2.035923e-11    2.211018e-12
   37   87    5.855723e-11    6.485543e-15
   37   88    4.751941e-15   -2.822663e-17
   37   89    1.317424e-18    1.675487e-19
   37   90    6.764552e-24    8.063693e-25
   37   91    5.738805e-28    9.034088e-29
   38   80    9.725147e-30    3.304046e-30
   38   81    2.129446e-25    5.975595e-26
   38   82    1.324373e-21    3.005791e-22
   38   83    2.317344e-22    5.854807e-23
   38   84    1.970961e-20    5.513751e-21
   38   85    1.315783e-15    1.752927e-16
   38   86    1.974272e-08   -3.703307e-12
   38   87    1.265483e-08    6.773340e-13
   38   88    3.412879e-08    2.639531e-12
   38   89    3.881499e-12    3.851447e-13
   38   90    5.398669e-16    1.101196e-16
   38   91    1.339365e-20    3.077484e-21
   38   92    8.911182e-25    2.824278e-25
   38   93    2.225898e-30    6.424626e-31
   39   83    4.023908e-29    1.157393e-29
   39   84    1.239876e-29    3.885242e-30
   39   85    2.672898e-25    7.549738e-26
   39   86    4.104225e-21    8.757369e-22
   39   87    3.640986e-15    4.455655e-16
   39   88    2.416788e-15    2.935877e-16
   39   89    5.043861e-09   -3.352861e-13
   39   90    3.224813e-12    3.353416e-13
   39   91    2.114528e-15    4.329956e-16
   39   92    3.972044e-19    1.055879e-19
   39   93    2.207451e-22    7.689797e-23
   39   94    2.115349e-26    7.767144e-27
   40   86    4.203723e-29    1.356678e-29
   40   87    3.386337e-25    9.380164e-26
   40   88    3.168871e-22    7.329844e-23
   40   89    4.416442e-18    7.336624e-19
   40   90    2.225982e-09    5.253320e-13
   40   91    5.674051e-10   -5.511999e-13
   40   92    6.680472e-10    2.545137e-12
   40   93    1.781901e-10   -2.337495e-12
   40   94    4.129245e-10   -1.955659e-13
   40   95    1.961888e-13    1.559271e-14
   40   96    7.602908e-13   -1.768594e-15
   40   97    2.299792e-18   -3.254285e-20
   40   98    1.490571e-22   -2.924455e-24
   40   99    3.899866e-30    1.104682e-32
   41   89    1.998624e-29    6.501524e-30
   41   90    5.572361e-24    1.287124e-24
   41   91    1.555933e-16    1.927157e-17
   41   92    3.612530e-17    4.965276e-18
   41   93    7.184256e-14   -1.244211e-17
   41   94    1.871907e-16    1.992455e-17
   41   95    4.962878e-18    5.844455e-19
   41   96    3.683348e-20    3.950680e-21
   41   97    1.072619e-21    1.253948e-22
   41   98    2.128239e-26    2.193497e-27
   42   91    2.137572e-28    6.110195e-29
   42   92    3.791217e-17   -4.361220e-21
   42   93    6.068936e-19    1.635175e-19
   42   94    3.328213e-13    3.499859e-14
   42   95    3.542544e-11   -4.211488e-14
   42   96    8.517882e-11    4.473756e-13
   42   97    2.288912e-11   -4.372022e-13
   42   98    7.544055e-11   -2.914479e-15
   42   99    6.913259e-15   -1.466286e-16
   42  100    1.703773e-15    5.492540e-20
   42  101    2.129061e-20   -1.265535e-22
   42  102    1.083234e-23    1.008656e-24
   42  103    5.807878e-29    5.059892e-30
   43   93    9.364412e-25    1.123479e-25
   43   94    2.174779e-24    5.737268e-25
   43   95    3.492930e-19    5.006393e-20
   43   96    7.632179e-19    9.372036e-20
   43   97    4.428140e-18    8.128426e-19
   43   98    3.493166e-17    6.772170e-18
   43   99    2.724564e-13   -1.497524e-17
   43  100    3.507345e-16    7.913396e-18
   43  101    8.393007e-19    1.288066e-19
   43  102    4.252723e-23    6.106283e-24
   43  103    5.413139e-26    1.336830e-26
   44   95    1.550278e-28    4.311361e-29
   44   96    5.566208e-25    2.453110e-25
   44   97    7.352651e-21    2.618456e-21
   44   98    3.223882e-14    5.533249e-15
   44   99    8.017948e-12   -8.092281e-15
   44  100    3.460293e-11    1.049486e-13
   44  101    6.342822e-12   -1.039339e-13
   44  102    2.974831e-14    1.542521e-15
   44  103    1.497972e-17    1.452643e-18
   44  104    6.070614e-18    9.123677e-20
   44  105    8.359700e-22    8.035174e-25
   44  106    6.748027e-25    9.471780e-26
   44  107    7.942967e-30    1.070443e-30
   45   98    1.107921e-26    3.795036e-27
   45   99    3.005965e-20    4.481245e-21
   45  100    6.009194e-20    7.881969e-21
   45  101    3.543171e-18    1.107386e-18
   45  102    1.333689e-16    2.739434e-17
   45  103    7.444882e-12   -1.846371e-15
   45  104    2.406789e-14    1.801651e-15
   45  105    8.628057e-17    1.595880e-17
   45  106    4.427543e-20    9.210323e-21
   45  107    8.540042e-23    2.578280e-23
   45  108    1.222243e-26    3.738763e-27
   45  109    4.026044e-29    9.462732e-30
   46  100    2.657452e-28    6.812242e-29
   46  101    4.824910e-27    2.106070e-27
   46  102    4.485895e-20    1.600407e-20
   46  103    3.683203e-17    8.116913e-18
   46  104    2.129685e-11    2.420184e-14
   46  105    4.787896e-12   -2.660312e-14
   46  106    2.264298e-11    2.234718e-17
   46  107    3.318518e-14    2.794856e-15
   46  108    2.499542e-11   -6.810413e-16
   46  109    1.311432e-14    2.560241e-16
   46  110    1.002719e-14    1.707993e-18
   46  111    4.763856e-19   -7.880958e-21
   46  112    8.573868e-22    8.074155e-23
   46  113    4.882952e-27    4.401082e-28
   47  103    5.035156e-26    1.724405e-26
   47  104    1.362542e-22    2.610038e-23
   47  105    3.485433e-19    9.257830e-20
   47  106    4.953430e-17    1.048665e-17
   47  107    4.262693e-12   -2.786009e-15
   47  108    2.911338e-14    2.841979e-15
   47  109    6.580175e-12   -5.944950e-16
   47  110    1.852732e-14    5.126580e-16
   47  111    9.243996e-17    1.458924e-17
   47  112    4.990334e-20    8.607767e-21
   47  113    8.808004e-23    2.464873e-23
   47  114    3.253209e-27    8.893947e-28
   47  115    3.714284e-30    8.319367e-31
   48  105    3.692386e-29    1.353620e-29
   48  106    6.024215e-23    2.179310e-23
   48  107    1.560349e-19    3.463489e-20
   48  108    3.591655e-13   -1.305028e-16
   48  109    1.249253e-15    1.475949e-16
   48  110    1.956959e-11    7.301867e-14
   48  111    4.094202e-12   -7.527645e-14
   48  112    2.054114e-11    1.129746e-15
   48  113    3.148455e-14    2.248235e-15
   48  114    3.411928e-11   -1.039635e-15
   48  115    1.245676e-14   -1.003484e-16
   48  116    2.696039e-15    2.862398e-18
   48  117    1.754638e-19   -2.679395e-21
   48  118    2.595357e-22    2.612043e-23
   48  119    1.546437e-27    1.495656e-28
   49  107    2.219164e-30    7.964910e-31
   49  108    4.633813e-26    9.694666e-27
   49  109    9.245643e-22    1.286920e-22
   49  110    1.725072e-22    3.339850e-23
   49  111    2.474733e-18    8.394894e-19
   49  112    1.154528e-16    2.437779e-17
   49  113    6.043182e-12   -4.804074e-15
   49  114    5.629171e-14    4.715207e-15
   49  115    3.314357e-16    6.332521e-17
   49  116    5.537701e-19    1.260067e-19
   49  117    1.490277e-21    4.745284e-22
   49  118    5.552350e-25    1.806653e-25
   49  119    6.182423e-26    1.160933e-26
   49  120    3.545122e-30    8.595588e-31
   50  111    1.600487e-28    7.123880e-29
   50  112    8.113377e-23    3.017146e-23
   50  113    7.732045e-20    1.968520e-20
   50  114    1.715814e-13    1.134181e-14
   50  115    5.291443e-12   -1.434719e-14
   50  116    4.031115e-11    1.130342e-13
   50  117    7.815682e-12   -1.128783e-13
   50  118    5.223330e-11    4.183245e-13
   50  119    8.635167e-12   -4.162359e-13
   50  120    6.577117e-11   -7.391381e-16
   50  121    2.491606e-14    1.536996e-15
   50  122    5.073604e-13   -3.128197e-17
   50  123    1.119980e-16    6.695220e-18
   50  124    5.874942e-14   -1.208260e-17
   50  125    3.227216e-18    1.600186e-20
   50  126    6.773176e-22    9.689417e-23
   50  127    8.840973e-27    1.604058e-27
   51  114    2.701402e-28    7.976959e-29
   51  115    4.198132e-22    7.591461e-23
   51  116    6.170549e-21    8.512918e-22
   51  117    5.803610e-20    8.326593e-21
   51  118    9.609943e-21    1.455848e-21
   51  119    3.445564e-17    1.109558e-17
   51  120    2.291089e-16    4.388933e-17
   51  121    3.453532e-12   -4.840709e-16
   51  122    1.045896e-14    4.260384e-16
   51  123    8.937333e-14    2.325865e-18
   51  124    1.187042e-16    6.169261e-19
   51  125    2.608935e-19    3.761268e-20
   51  126    6.097705e-23    9.695972e-24
   51  127    4.021562e-26    1.083384e-26
   51  128    1.545653e-30    3.837227e-31
   51  129    9.445288e-30    2.687878e-30
   52  117    2.562266e-30    6.737878e-31
   52  118    2.174593e-27    1.516209e-27
   52  119    7.164021e-25    3.567251e-25
   52  120    1.326508e-18    4.649492e-19
   52  121    5.854003e-17    1.304159e-17
   52  122    9.472372e-12    6.779534e-14
   52  123    2.530983e-12   -6.952019e-14
   52  124    1.738529e-11    2.560731e-13
   52  125    3.623075e-12   -2.548880e-13
   52  126    2.619725e-11   -2.800653e-16
   52  127    1.783113e-14    8.672675e-16
   52  128    5.704275e-13    2.298620e-16
   52  129    1.595469e-15    1.989898e-16
   52  130    1.844233e-12   -4.926219e-16
   52  131    1.477766e-16    2.457812e-18
   52  132    2.931576e-20    4.454342e-21
   52  133    5.119014e-25    1.101890e-25
   52  134    1.040951e-29    3.470257e-30
   53  121    1.384472e-25    4.656042e-26
   53  122    2.168615e-23    4.246330e-24
   53  123    1.513365e-20    2.195926e-21
   53  124    2.581601e-21    5.375860e-22
   53  125    4.583183e-17    1.483774e-17
   53  126    3.428261e-16    6.502865e-17
   53  127    3.604677e-12   -7.073354e-16
   53  128    1.061505e-14    6.230620e-16
   53  129    2.490734e-17    4.405803e-18
   53  130    1.292398e-20    2.700446e-21
   53  131    5.065276e-23    8.722934e-24
   53  132    1.141478e-26    2.169544e-27
   53  133    6.779127e-28    1.764429e-28
   53  135    1.741392e-29    5.048106e-30
   54  124    3.565247e-26    2.078958e-26
   54  125    8.819022e-24    4.339673e-24
   54  126    5.035267e-18    1.751898e-18
   54  127    2.069154e-16    4.505657e-17
   54  128    1.001870e-11    9.757855e-14
   54  129    4.217339e-12   -9.952649e-14
   54  130    1.657769e-11    2.582665e-13
   54  131    4.697991e-12   -2.552676e-13
   54  132    4.007483e-11   -2.697126e-15
   54  133    2.106131e-14    1.613501e-15
   54  134    1.286939e-13    5.301827e-16
   54  135    7.194466e-15    1.141126e-15
   54  136    8.082625e-12   -1.685494e-15
   54  137    3.012584e-20    7.503798e-22
   54  138    1.078959e-26    1.530253e-28
   55  127    5.846715e-25    1.930924e-25
   55  128    5.282506e-23    9.988465e-24
   55  129    1.174339e-20    1.750831e-21
   55  130    5.324632e-21    1.807963e-21
   55  131    9.748519e-17    3.135340e-17
   55  132    6.830689e-16    1.271696e-16
   55  133    4.567048e-12   -1.198197e-15
   55  134    1.303817e-14    1.035419e-15
   55  135    2.262156e-17    4.250570e-18
   55  136    1.680200e-20    3.737985e-21
   55  137    6.710911e-23    1.106926e-23
   56  129    1.315173e-30    5.802828e-31
   56  130    6.930648e-25    3.993380e-25
   56  131    8.449895e-23    4.113243e-23
   56  132    1.557270e-17    5.364077e-18
   56  133    4.619394e-16    9.823237e-17
   56  134    1.099869e-11    8.525392e-14
   56  135    4.543259e-12   -8.643052e-14
   56  136    3.868177e-11    6.460475e-13
   56  137    3.816888e-11   -6.310326e-13
   56  138    3.979404e-10   -1.393809e-14
   56  139    5.646628e-17    4.900147e-19
   56  140    1.124384e-21   -4.676758e-23
   56  141    1.022681e-28   -2.927228e-30
   57  132    3.879269e-30    1.885602e-30
   57  133    1.086292e-24    3.549478e-25
   57  134    6.824714e-23    1.260358e-23
   57  135    5.079138e-21    8.442358e-22
   57  136    1.145179e-20    4.702255e-21
   57  137    1.775668e-16    5.894174e-17
   57  138    6.834493e-15    1.328682e-15
   57  139    3.734691e-11   -1.387645e-15
   57  140    3.829563e-17    3.676174e-20
   57  141    4.198985e-21   -3.865140e-22
   57  142    1.808005e-27   -1.614174e-28
   58  135    3.239129e-30    2.140660e-30
   58  136    1.323912e-24    7.605856e-25
   58  137    1.755852e-22    8.534939e-23
   58  138    2.977386e-17    1.025478e-17
   58  139    3.160227e-15    6.530188e-16
   58  140    9.298175e-11    1.023826e-14
   58  141    1.533186e-15   -8.539964e-17
   58  142    4.491499e-14   -5.466611e-15
   58  143    1.029062e-19   -1.272887e-20
   58  144    1.541403e-21   -1.480252e-22
   58  145    2.762387e-28   -2.338364e-29
   58  146    2.973446e-29    3.462070e-30
   59  137    9.275644e-27    5.564368e-27
   59  138    2.419688e-24    1.195195e-24
   59  139    7.456262e-19    2.617907e-19
   59  140    1.668970e-16    3.512882e-17
   59  141    7.804178e-12   -2.967783e-17
   59  142    3.785564e-16   -6.094209e-18
   59  143    9.477539e-19    4.868794e-20
   59  144    7.689619e-24    3.169786e-25
   59  145    3.740496e-25    4.992498e-26
   60  139    5.959437e-26    3.057630e-26
   60  140    7.964068e-20    2.938892e-20
   60  141    7.426194e-17    1.677937e-17
   60  142    2.205649e-11    1.985980e-13
   60  143    3.532060e-13   -4.949595e-14
   60  144    9.164368e-12    7.008611e-14
   60  145    6.569065e-14   -1.811483e-15
   60  146    3.188134e-12   -2.192045e-13
   60  147    1.934480e-17   -1.453417e-18
   60  148    7.551351e-16   -9.394260e-17
   60  149    1.129944e-21   -1.377671e-22
   60  150    1.803715e-21   -1.047602e-22
   60  151    6.475591e-27   -4.253334e-28
   61  141    1.050260e-27    5.876837e-28
   61  142    4.087489e-24    2.017452e-24
   61  143    2.376051e-18    1.059160e-18
   61  144    9.808259e-19    3.195968e-19
   61  145    4.376715e-17    1.121569e-17
   61  146    2.829374e-18    3.129800e-19
   61  147    8.401827e-17    6.076465e-18
   61  148    3.361575e-21    2.129074e-22
   61  149    2.678073e-20    2.480626e-21
   61  150    2.361117e-25    1.928300e-26
   61  151    2.463211e-26    2.252602e-27
   62  142    7.050099e-27    4.295886e-27
   62  143    9.753817e-23    4.993852e-23
   62  144    1.010548e-15    3.647114e-16
   62  145    5.894823e-15    1.338147e-15
   62  146    8.110344e-13    4.539155e-14
   62  147    1.000915e-13   -1.531622e-14
   62  148    3.115448e-12   -1.447524e-14
   62  149    5.543850e-15    1.682151e-16
   62  150    1.486582e-12   -1.978863e-14
   62  151    2.605772e-16    7.122630e-18
   62  152    2.572966e-13   -9.743686e-16
   62  153    2.377199e-17   -3.889725e-19
   62  154    1.348352e-15   -1.421583e-17
   62  155    3.907648e-20   -1.116367e-21
   62  156    4.687349e-23    1.251528e-24
   62  157    8.541384e-29    1.798740e-30
   63  144    4.139530e-28    2.828096e-28
   63  145    9.624006e-21    5.626808e-21
   63  146    1.160230e-19    5.800453e-20
   63  147    3.836827e-17    1.474191e-17
   63  148    2.674934e-17    7.131749e-18
   63  149    4.510302e-15    8.276037e-16
   63  150    1.907150e-16    8.056669e-18
   63  151    1.684929e-13   -6.354903e-16
   63  152    1.334576e-16    2.171972e-18
   63  153    2.268372e-13   -2.399881e-16
   63  154    9.409044e-17   -3.507449e-18
   63  155    1.568191e-18    1.228241e-19
   63  156    2.379107e-22    1.286354e-23
   63  157    7.757063e-25    1.085854e-25
   63  158    7.113723e-30    9.126651e-31
   64  146    3.172823e-24    2.109194e-24
   64  147    3.161168e-22    1.875998e-22
   64  148    8.669814e-19    4.245098e-19
   64  149    7.481478e-18    2.902562e-18
   64  150    2.594757e-15    6.429223e-16
   64  151    1.545874e-15    1.440235e-16
   64  152    5.931717e-13   -5.537396e-16
   64  153    1.834817e-15    4.587780e-17
   64  154    1.030571e-12    7.427004e-15
   64  155    1.561604e-14   -5.373823e-15
   64  156    1.702068e-12    2.780416e-14
   64  157    2.478163e-14   -1.243176e-16
   64  158    2.735612e-12   -3.015384e-14
   64  159    1.640194e-16   -5.320726e-18
   64  160    6.109791e-17   -3.865891e-18
   64  161    4.091214e-22   -3.101671e-23
   64  162    2.237744e-25   -3.441295e-26
   65  149    3.212662e-30    1.685934e-30
   65  150    4.210925e-29    1.671505e-29
   65  151    2.079139e-25    1.281971e-25
   65  152    1.417907e-25   -4.840193e-27
   65  153    5.472582e-22    3.287365e-22
   65  154    9.745591e-22    5.245414e-22
   65  155    6.289473e-18    2.831289e-18
   65  156    8.818619e-18    2.944056e-18
   65  157    9.172381e-15    2.042912e-15
   65  158    2.980842e-15    1.539782e-16
   65  159    3.583098e-13   -2.197978e-15
   65  160    1.177831e-16   -4.757547e-18
   65  161    1.409568e-18    6.989210e-20
   65  162    1.077012e-22    2.629756e-24
   65  163    1.559586e-25    3.457107e-27
   66  153    2.376778e-26    1.504985e-26
   66  154    1.888852e-22    1.018676e-22
   66  155    1.379391e-21    6.200989e-22
   66  156    1.595877e-17    5.040431e-18
   66  157    6.136650e-17    1.088749e-17
   66  158    9.045428e-14    6.843309e-16
   66  159    4.022185e-15    5.097258e-16
   66  160    1.227062e-12    1.194155e-14
   66  161    2.015216e-14   -3.750677e-15
   66  162    1.636603e-12    5.087851e-15
   66  163    6.560415e-15    2.257031e-17
   66  164    5.145831e-13   -1.451067e-14
   66  165    7.862519e-18   -3.430195e-19
   66  166    6.408855e-21   -5.226078e-22
   66  167    1.064264e-26   -9.232902e-28
   67  157    2.956194e-26    2.942252e-26
   67  158    3.359294e-25    2.109318e-25
   67  159    7.003140e-21    4.012785e-21
   67  160    1.208669e-20    5.824757e-21
   67  161    6.154240e-17    2.392086e-17
   67  162    2.176471e-17    5.568107e-18
   67  163    2.340700e-14    4.594709e-15
   67  164    2.976421e-15    9.309453e-17
   67  165    4.579441e-13   -4.715951e-15
   67  166    3.707046e-17   -1.277893e-18
   67  167    3.049672e-19   -1.424300e-20
   67  168    3.476290e-24   -2.204334e-25
   67  169    2.249168e-27   -2.615894e-28
   68  159    1.938661e-25    1.234207e-25
   68  160    6.037614e-21    3.248020e-21
   68  161    8.950772e-20    3.968120e-20
   68  162    4.582109e-16    1.387558e-16
   68  163    1.155259e-15    1.838937e-16
   68  164    6.751142e-13    1.962477e-15
   68  165    9.286286e-15    8.040948e-16
   68  166    1.600816e-12    3.358688e-14
   68  167    3.125361e-14   -5.889705e-16
   68  168    1.453178e-12   -3.587663e-14
   68  169    1.281294e-16   -7.664041e-18
   68  170    1.588552e-15   -2.015581e-16
   68  171    1.447265e-20   -2.055559e-21
   68  172    6.583835e-24   -1.548648e-24
   68  173    6.579922e-30   -1.554648e-30
   69  162    4.710999e-27    3.375963e-27
   69  163    2.182466e-22    1.394338e-22
   69  164    1.155299e-21    6.516137e-22
   69  165    9.363277e-18    4.333939e-18
   69  166    1.627369e-17    5.680985e-18
   69  167    1.923226e-14    4.439637e-15
   69  168    8.631680e-15    4.923011e-16
   69  169    5.040331e-13   -4.928233e-15
   69  170    2.534880e-16   -1.376045e-17
   69  171    2.606922e-18    1.439515e-19
   69  172    1.365070e-22    4.323764e-24
   69  173    2.768212e-25   -4.646217e-27
   69  174    2.507337e-30   -7.391793e-32
   70  163    4.732282e-30    4.732278e-30
   70  164    5.471990e-25    3.802408e-25
   70  165    1.795268e-23    1.131236e-23
   70  166    2.198068e-19    1.172980e-19
   70  167    2.220978e-18    9.738850e-19
   70  168    4.938833e-15    1.495307e-15
   70  169    8.560571e-15    1.346239e-15
   70  170    1.278858e-12    3.180062e-14
   70  171    7.665099e-14   -8.129269e-15
   70  172    2.873805e-12    1.190891e-13
   70  173    7.789412e-14   -2.843980e-15
   70  174    2.171832e-12   -1.427201e-13
   70  175    3.916626e-17   -4.227967e-18
   70  176    2.353274e-17   -1.880714e-17
   70  177    1.467135e-22   -1.202942e-22
   70  178    2.262235e-25   -1.598619e-25
   71  167    1.097943e-25    8.679333e-26
   71  168    2.734245e-24    1.864497e-24
   71  169    4.629745e-20    2.785972e-20
   71  170    1.428112e-19    7.396358e-20
   71  171    3.019367e-16    1.263658e-16
   71  172    3.741338e-16    1.091453e-16
   71  173    6.341358e-14    1.184680e-14
   71  174    1.071337e-14    5.190245e-17
   71  175    3.827744e-13   -1.213150e-14
   71  176    4.051455e-17   -2.502265e-18
   71  177    2.625644e-19   -5.287948e-20
   71  178    6.110025e-24   -1.400524e-24
   71  179    5.484874e-27   -1.810984e-27
   72  169    1.718471e-26    1.273779e-26
   72  170    5.409344e-22    3.629533e-22
   72  171    1.043557e-20    6.294577e-21
   72  172    2.602544e-17    1.314441e-17
   72  173    1.412198e-16    5.708224e-17
   72  174    4.099384e-14    1.137368e-14
   72  175    2.838613e-14    3.893391e-15
   72  176    2.282542e-12    1.409869e-13
   72  177    7.850223e-14    3.433555e-15
   72  178    2.874021e-12    2.316158e-14
   72  179    4.055747e-14   -4.644355e-15
   72  180    1.183080e-12   -1.782889e-13
   72  181    1.332971e-17   -2.228438e-18
   72  182    2.371267e-21   -5.923945e-22
   72  183    2.001975e-27   -5.181644e-28
   73  172    2.505019e-29    1.935782e-29
   73  173    1.243379e-24    7.897124e-25
   73  174    5.048282e-25    2.654462e-25
   73  175    1.222571e-19    6.142492e-20
   73  176    1.096362e-19    4.391569e-20
   73  177    9.931032e-17    3.194071e-17
   73  178    1.274217e-18    2.275415e-19
   73  179    1.425643e-13    2.395518e-14
   73  180    1.183906e-14   -9.913832e-17
   73  181    5.674493e-13   -2.388696e-14
   73  182    2.392181e-17   -1.522207e-18
   73  183    2.265724e-20   -3.882699e-21
   73  184    3.926455e-26   -7.177754e-27
   73  185    3.140321e-29    9.102372e-32
   74  173    1.628656e-29    1.628656e-29
   74  174    6.845854e-25    4.837527e-25
   74  175    2.836440e-23    1.832845e-23
   74  176    1.129682e-19    6.328653e-20
   74  177    7.136915e-19    3.414281e-19
   74  178    5.059287e-16    1.890155e-16
   74  179    1.059885e-15    2.893767e-16
   74  180    1.836933e-13    3.346218e-14
   74  181    7.339601e-14    7.399000e-15
   74  182    3.489490e-12    8.847524e-14
   74  183    3.386502e-14   -2.396693e-15
   74  184    1.142938e-12   -1.229900e-13
   74  185    3.352378e-16   -9.012799e-17
   74  186    1.331063e-14   -4.326397e-15
   74  187    4.770259e-20   -1.602139e-20
   74  188    1.989675e-23   -9.147289e-24
   74  189    2.951690e-30   -1.329441e-30
   75  177    3.499056e-25    2.610217e-25
   75  178    4.478242e-24    3.033877e-24
   75  179    2.307403e-20    1.384681e-20
   75  180    1.411690e-19    7.287884e-20
   75  181    1.982657e-16    8.053802e-17
   75  182    2.616881e-16    7.289750e-17
   75  183    6.089104e-14    1.024991e-14
   75  184    3.255346e-15   -2.493923e-18
   75  185    2.479347e-13   -9.939422e-15
   75  186    8.962879e-17   -1.290238e-17
   75  187    2.020569e-15   -4.486719e-16
   75  188    3.447856e-20   -8.331183e-21
   75  189    1.744453e-22   -4.377531e-23
   75  190    5.502470e-28   -1.450234e-28
   76  179    9.982401e-27    7.384319e-27
   76  180    1.436734e-22    9.616136e-23
   76  181    3.266110e-21    1.962908e-21
   76  182    1.113080e-17    5.551501e-18
   76  183    9.481735e-17    3.729509e-17
   76  184    3.621184e-14    9.085302e-15
   76  185    1.844921e-14    1.682344e-15
   76  186    1.685805e-12    2.169210e-14
   76  187    1.790784e-14    7.664117e-16
   76  188    1.637908e-12    1.721284e-14
   76  189    8.542006e-15   -3.770952e-18
   76  190    1.167400e-12   -4.889063e-14
   76  191    2.272671e-16   -1.023871e-17
   76  192    1.966748e-14   -1.589874e-15
   76  193    1.278908e-19   -1.243908e-20
   76  194    1.565951e-22   -7.131734e-24
   76  195    4.214307e-28   -2.254776e-29
   77  182    1.300968e-27    9.878759e-28
   77  183    1.443739e-23    9.993122e-24
   77  184    2.252455e-22    1.411596e-22
   77  185    4.104732e-19    2.193361e-19
   77  186    2.200337e-19    9.654301e-20
   77  187    1.682241e-16    6.347938e-17
   77  188    5.269292e-17    1.321959e-17
   77  189    2.620775e-14    5.069716e-15
   77  190    1.806088e-15    8.508948e-17
   77  191    3.405484e-13    1.511547e-15
   77  192    9.339945e-16    1.478040e-17
   77  193    2.805928e-13   -6.757919e-15
   77  194    9.184354e-18   -4.167351e-19
   77  195    4.017968e-20   -8.980388e-22
   77  196    3.162326e-25   -1.137938e-26
   77  197    2.511203e-28   -2.250427e-29
   78  185    1.168929e-25    8.401990e-26
   78  186    6.204684e-22    3.999048e-22
   78  187    3.096461e-21    1.769693e-21
   78  188    9.750590e-18    4.630285e-18
   78  189    2.174325e-17    7.997070e-18
   78  190    1.122762e-14    2.734287e-15
   78  191    4.654029e-15    4.086994e-16
   78  192    1.133602e-12    9.699616e-15
   78  193    1.504151e-14    9.544538e-16
   78  194    1.848499e-12    2.062742e-14
   78  195    2.105193e-14    5.277046e-16
   78  196    2.144113e-12   -3.481312e-14
   78  197    1.955935e-16   -5.378455e-18
   78  198    3.446710e-15   -1.469375e-16
   78  199    6.756043e-20   -3.944916e-21
   78  200    3.394336e-23    7.627690e-25
   78  201    3.889814e-29    7.195300e-31
   79  188    2.297089e-29    2.297022e-29
   79  189    4.308440e-25    3.234897e-25
   79  190    5.944861e-24    4.072942e-24
   79  191    2.095499e-20    1.269270e-20
   79  192    3.686725e-20    1.930004e-20
   79  193    7.115176e-17    3.118945e-17
   79  194    7.002412e-17    2.213090e-17
   79  195    2.667756e-14    5.934352e-15
   79  196    9.109067e-15    4.728459e-16
   79  197    6.746079e-13   -6.439116e-15
   79  198    4.240550e-16   -2.156217e-17
   79  199    1.433406e-18    1.275815e-19
   79  200    1.133467e-22    8.748605e-24
   79  201    1.457860e-25    2.421811e-26
   79  202    5.328296e-30   -1.232664e-30
   80  191    1.008301e-27    7.691137e-28
   80  192    9.598893e-24    6.572030e-24
   80  193    1.938138e-22    1.204480e-22
   80  194    6.086856e-19    3.212779e-19
   80  195    3.789304e-18    1.653963e-18
   80  196    4.246126e-15    1.321033e-15
   80  197    1.446266e-14    2.568059e-15
   80  198    2.872321e-12    6.152270e-14
   80  199    5.445809e-13   -5.298253e-14
   80  200    4.593944e-12    8.876829e-14
   80  201    4.128842e-13   -7.006475e-14
   80  202    5.272017e-12   -3.051882e-14
   80  203    2.083064e-15    8.644731e-17
   80  204    8.409600e-14   -7.023782e-16
   80  205    4.250810e-19   -1.033606e-20
   80  206    2.451179e-23    1.783633e-24
   81  196    1.511420e-25    1.118436e-25
   81  197    3.653924e-22    2.460604e-22
   81  198    5.486424e-21    3.337446e-21
   81  199    6.116894e-18    3.161164e-18
   81  200    5.540749e-17    2.329678e-17
   81  201    1.466491e-14    4.360339e-15
   81  202    8.683651e-14    1.372757e-14
   81  203    3.194594e-12   -1.790613e-14
   81  204    8.109055e-15    1.046638e-15
   81  205    2.459433e-13   -1.255913e-15
   81  206    3.448407e-17    1.199895e-18
   81  207    2.690574e-21    4.200465e-22
   82  198    5.431388e-27    5.431388e-27
   82  199    3.711210e-25    2.357685e-25
   82  200    3.645232e-21    1.993461e-21
   82  201    1.600207e-19    7.322429e-20
   82  202    3.638135e-16    1.187760e-16
   82  203    9.754329e-15    1.924340e-15
   82  204    5.643495e-12    1.139227e-13
   82  205    8.660011e-12   -8.808381e-14
   82  206    5.339606e-11    9.521988e-13
   82  207    5.714690e-11   -8.425454e-13
   82  208    1.290649e-10   -1.375355e-13
   82  209    3.765351e-19    9.914614e-21
   82  210    8.193425e-27    2.173267e-28
   83  202    1.905440e-26    1.404471e-26
   83  203    5.248447e-23    3.520892e-23
   83  204    1.230325e-21    7.441409e-22
   83  205    1.154483e-18    5.935417e-19
   83  206    1.689729e-17    7.077423e-18
   83  207    7.485907e-15    2.188735e-15
   83  208    4.673218e-14    7.134898e-15
   83  209    3.052343e-12   -9.331477e-15
   83  210    4.686807e-20    7.283016e-22
   83  211    4.615808e-27    6.471791e-29
   84  208    4.886103e-30    2.123386e-30
   84  209    1.351198e-29    4.317417e-30
   84  210    1.972670e-27    3.682357e-28
    0    1    7.833803e-14    8.768460e-15
    1    1    9.575190e-12    7.549026e-13
    2    4    5.729539e-09    2.680373e-10
