1.8108e-03
2.3620e-04
1.1477e+00
8.0556e+04
    1    2    6.289493e-25   -1.009451e-28
    4    8    4.881454e-25    1.559538e-25
    5   11    1.006199e-24    3.215525e-25
    6   11    1.000634e-18    2.222913e-19
    6   12    7.736613e-04   -3.222817e-13
    6   13    1.686035e-13    2.188627e-14
    6   14    5.988494e-22    1.454613e-22
    7   13    4.086611e-14    4.552713e-15
    7   14    3.003209e-17    6.682134e-18
    7   15    3.660933e-21    8.909913e-22
    8   14    2.452718e-12    2.744298e-13
    8   15    2.825668e-22    6.277953e-23
    8   16    4.583193e-02    1.658396e-15
    8   17    9.932783e-15    1.290005e-15
    8   18    1.397904e-15    1.815513e-16
    8   19    3.652645e-26    8.871998e-27
    9   17    6.717079e-17    3.646061e-20
    9   18    4.650212e-20    1.055472e-20
    9   19    9.609119e-23    2.114028e-23
    9   20    1.013566e-29    2.483062e-30
   10   18    9.817750e-26    2.116862e-26
   10   20    8.353541e-03   -1.675406e-12
   10   21    3.015560e-05   -5.272358e-12
   10   22    3.692470e-06   -5.940987e-13
   10   23    1.998736e-16    2.595825e-17
   10   24    1.324727e-27    3.217704e-28
   11   21    4.350823e-13    5.208075e-14
   11   22    2.541252e-15    3.042721e-16
   11   23    1.457139e-04   -2.047686e-12
   11   24    3.586294e-13    4.657721e-14
   11   25    3.538679e-22    8.389996e-23
   12   22    3.458020e-30    7.818145e-31
   12   23    1.858922e-19    2.424649e-20
   12   24    2.013354e-03    2.584888e-12
   12   25    4.441883e-04    1.952265e-13
   12   26    2.597260e-04    6.301931e-11
   12   27    2.328969e-14    3.024763e-15
   12   28    2.099005e-23    5.098427e-24
   13   25    1.513751e-14    1.812089e-15
   13   26    1.408284e-04   -6.822656e-11
   13   27    2.011964e-04   -3.974959e-14
   13   28    9.083028e-13    1.179873e-13
   13   29    6.093944e-21    1.023364e-21
   13   30    2.441201e-30    6.571030e-31
   14   26    1.072574e-26    2.424889e-27
   14   27    5.729466e-11    6.858989e-12
   14   28    2.358143e-04    4.198362e-12
   14   29    6.520006e-05    5.784871e-13
   14   30    2.844540e-05    5.177606e-13
   14   31    1.908314e-13    2.478436e-14
   14   32    1.779945e-22    4.323441e-23
   15   28    8.242308e-23    1.861213e-23
   15   29    1.325030e-15    1.702136e-16
   15   30    2.314287e-07   -3.558677e-13
   15   31    2.104118e-06    2.615437e-14
   15   32    3.897425e-15    5.061809e-16
   15   33    5.467614e-17    7.101105e-18
   15   34    6.417632e-26    1.558802e-26
   16   30    6.497648e-28    1.548257e-28
   16   31    3.515912e-10   -2.229269e-14
   16   32    1.166119e-06    1.448520e-14
   16   33    2.100892e-08    2.124869e-15
   16   34    2.736454e-07    1.003573e-15
   16   35    9.190133e-16    1.193575e-16
   16   36    1.184034e-23    2.875987e-24
   17   32    3.838958e-25    4.584907e-26
   17   33    4.201620e-27    5.472124e-28
   17   34    1.826953e-17    2.187168e-18
   17   35    1.020433e-08    3.047541e-16
   17   36    1.084558e-16    1.408577e-17
   17   37    2.332702e-23    3.300022e-24
   18   35    5.651005e-24    7.396758e-25
   18   36    8.448026e-10    1.013880e-18
   18   37    7.339235e-18    9.532311e-19
   18   38    2.659022e-10    9.382441e-20
   18   39    1.025852e-18    1.332332e-19
   18   40    4.691488e-20    6.093101e-21
   18   41    6.199030e-29    1.505728e-29
   19   37    1.202579e-19    1.053715e-20
   19   38    1.516640e-27    3.689231e-28
   19   39    3.745179e-12    1.321619e-19
   19   40    4.688403e-20    6.089098e-21
   19   41    3.108473e-26    7.069816e-27
   19   43    3.043885e-25    3.953266e-26
   20   38    2.914262e-29    5.996743e-30
   20   40    2.851209e-14    1.451766e-22
   20   41    2.026000e-22    2.631285e-23
   20   42    4.763924e-08   -1.120162e-16
   20   43    1.463411e-08   -4.543716e-18
   20   44    7.048443e-08   -1.393105e-19
   20   45    6.577913e-16    8.543108e-17
   20   46    2.020422e-10   -2.006532e-19
   20   47    1.155259e-18    1.500401e-19
   20   48    2.292639e-09   -1.187283e-18
   20   49    2.159568e-18    2.804750e-19
   20   50    1.076929e-27    2.615833e-28
   21   41    1.174108e-28    1.393193e-29
   21   43    8.112573e-17    9.713451e-18
   21   44    3.447404e-17    4.127691e-18
   21   45    6.669494e-09   -6.604428e-17
   21   46    6.350128e-16    8.247271e-17
   21   47    4.418770e-19    5.310390e-20
   21   48    5.865962e-18    7.023515e-19
   21   49    1.707424e-18    2.044360e-19
   21   50    2.128175e-27    4.833337e-28
   22   44    1.383937e-26    3.096250e-27
   22   45    1.437735e-23    1.723946e-24
   22   46    2.020422e-08   -7.375517e-17
   22   47    7.854394e-09    3.547485e-18
   22   48    1.436025e-08    7.865344e-18
   22   49    1.733388e-08    6.893611e-18
   22   50    5.602375e-08    1.836551e-17
   22   51    2.370752e-16    3.079025e-17
   22   52    5.659129e-25    1.338731e-25
   23   47    9.354978e-18    1.120101e-18
   23   48    4.432822e-18    5.307567e-19
   23   49    8.728045e-18    1.045039e-18
   23   50    2.008009e-15    1.096929e-18
   23   51    4.904040e-09   -2.498209e-17
   23   52    2.178615e-16    2.829483e-17
   23   53    1.483840e-24    3.604198e-25
   24   48    3.109034e-28    7.030115e-29
   24   49    1.407526e-27    2.475915e-28
   24   50    9.383978e-13   -6.750966e-21
   24   51    1.696844e-19    2.084359e-20
   24   52    5.579288e-08   -7.577097e-17
   24   53    1.074040e-08   -1.066297e-17
   24   54    1.369099e-07   -4.413984e-17
   24   55    9.697351e-16    1.259446e-16
   24   56    4.647681e-24    1.128908e-24
   25   51    1.018375e-22    1.219332e-23
   25   52    1.517422e-29    3.497264e-30
   25   53    7.159542e-18    8.572362e-19
   25   54    1.679203e-18    2.010765e-19
   25   55    3.456010e-08   -1.847364e-16
   25   56    1.446646e-15    1.878841e-16
   25   57    2.443563e-23    5.935304e-24
   26   54    4.446329e-09   -1.778000e-17
   26   55    1.394656e-16    1.808610e-17
   26   56    1.766820e-06   -3.184830e-15
   26   57    9.986690e-07   -1.628524e-15
   26   58    5.174607e-06   -4.485719e-15
   26   59    7.107021e-14    9.230291e-15
   26   60    6.803796e-22    1.652624e-22
   26   61    1.369813e-30    4.674464e-31
   27   55    1.120554e-19    1.341676e-20
   27   56    5.720967e-27    1.341920e-27
   27   57    7.429218e-17    8.895254e-18
   27   58    6.464914e-17    7.740682e-18
   27   59    2.034761e-06   -1.056488e-14
   27   60    8.167778e-14    1.060796e-14
   27   61    3.046699e-21    7.289615e-22
   27   62    2.757100e-29    9.285131e-30
   28   58    6.192280e-10   -3.212737e-18
   28   59    2.570892e-17    3.329035e-18
   28   60    2.667798e-06   -1.119262e-14
   28   61    1.015184e-06   -2.561059e-16
   28   62    2.259022e-06    4.542498e-16
   28   63    8.469841e-14    1.100026e-14
   28   64    1.389652e-06   -1.970717e-15
   28   65    1.525725e-14    1.981545e-15
   28   66    1.266179e-22    3.075517e-23
   29   59    4.888411e-21    5.853000e-22
   29   60    1.855854e-28    4.455977e-29
   29   61    3.583318e-17    4.290424e-18
   29   62    2.531822e-17    3.031430e-18
   29   63    8.717981e-07   -1.111446e-14
   29   64    8.560198e-14    1.111761e-14
   29   65    1.075841e-06   -7.814345e-15
   29   66    6.018984e-14    7.817179e-15
   29   67    1.436364e-20    2.290529e-21
   29   68    2.249888e-28    5.696655e-29
   29   69    1.317429e-29    3.199997e-30
   30   62    3.802277e-28    6.835667e-29
   30   63    5.390392e-27    6.661599e-28
   30   64    8.425446e-07   -6.823157e-15
   30   65    5.247721e-14    6.815510e-15
   30   66    1.302067e-06   -6.245943e-15
   30   67    2.837024e-07    2.797267e-16
   30   68    1.322620e-06    2.466048e-15
   30   69    2.679777e-14    3.480377e-15
   30   70    1.327706e-10   -3.164644e-19
   30   71    2.472205e-18    3.210787e-19
   30   72    4.974527e-26    1.208299e-26
   31   65    7.139878e-18    8.548799e-19
   31   66    5.945906e-25    1.412151e-25
   31   67    1.933508e-17    2.315055e-18
   31   68    4.722791e-18    5.654757e-19
   31   69    1.594879e-07   -3.187926e-15
   31   70    2.456722e-14    3.190680e-15
   31   71    1.407639e-07   -2.411031e-15
   31   72    1.856227e-14    2.410786e-15
   31   73    2.052036e-21    4.984328e-22
   31   74    3.644443e-29    1.243655e-29
   32   66    1.819319e-29    4.113822e-30
   32   68    6.808443e-26    8.867895e-27
   32   69    3.050354e-23    3.652292e-24
   32   70    2.286683e-07   -2.716424e-15
   32   71    2.091747e-14    2.716656e-15
   32   72    2.362112e-07   -2.006237e-15
   32   73    4.522466e-08    1.190080e-15
   32   74    1.757502e-07   -4.937466e-16
   32   75    1.008260e-14    1.309485e-15
   32   76    1.249214e-11   -2.727672e-20
   32   77    2.107563e-19    2.737211e-20
   32   78    4.593213e-27    1.115679e-27
   33   71    1.541649e-18    1.845868e-19
   33   72    4.425697e-25    1.019453e-25
   33   73    2.252791e-18    2.697343e-19
   33   74    2.153188e-19    2.578089e-20
   33   75    2.000847e-08   -1.578224e-15
   33   76    1.215334e-14    1.578422e-15
   33   77    2.130830e-21    4.993869e-22
   33   78    8.489351e-29    2.803616e-29
   34   72    3.704793e-30    8.377242e-31
   34   74    1.488872e-24    2.322117e-28
   34   75    1.953998e-20    2.339587e-21
   34   76    4.988956e-08   -8.441289e-16
   34   77    1.818953e-08    2.693162e-16
   34   78    7.041447e-08   -1.659775e-16
   34   79    5.703415e-15    7.407348e-16
   34   80    4.239297e-09   -2.553570e-17
   34   81    1.966057e-16    2.553429e-17
   34   82    3.172076e-12   -8.245065e-21
   34   83    6.351585e-20    8.249158e-21
   34   84    7.963628e-28    1.934344e-28
   35   77    1.648272e-19    1.973532e-20
   35   78    5.869494e-20    7.027734e-21
   35   79    8.345304e-09   -7.266103e-16
   35   80    5.594849e-15    7.266338e-16
   35   81    7.274686e-09   -3.156783e-16
   35   82    2.430625e-15    3.156789e-16
   35   83    5.137531e-22    1.246602e-22
   35   84    1.670024e-29    5.693214e-30
   36   79    5.891522e-23    7.054114e-24
   36   80    2.125901e-08   -6.423491e-16
   36   81    4.945886e-15    6.423499e-16
   36   82    5.111923e-08   -8.570375e-16
   36   83    1.566930e-08    3.299456e-16
   36   84    5.823898e-08    2.243355e-17
   36   85    3.885587e-15    5.046432e-16
   36   86    4.641503e-10   -5.031428e-19
   36   87    3.874128e-18    5.031549e-19
   36   88    3.014680e-26    7.322578e-27
   37   81    2.042684e-20    2.445772e-21
   37   82    1.462864e-26    3.368202e-27
   37   83    5.765984e-20    6.903806e-21
   37   84    1.296516e-20    1.552364e-21
   37   85    8.462407e-09   -4.647199e-16
   37   86    3.578243e-15    4.647266e-16
   37   87    5.853056e-11   -3.348023e-19
   37   88    2.579895e-18    3.350654e-19
   37   89    1.046060e-25    2.540851e-26
   38   84    2.620159e-24    4.838522e-32
   38   85    2.469437e-22    2.956739e-23
   38   86    1.977582e-08   -5.701355e-16
   38   87    1.264904e-08    4.141929e-17
   38   88    3.410537e-08    4.564385e-16
   38   89    5.565033e-16    7.227624e-17
   38   90    1.438117e-23    3.158000e-24
   39   87    7.257386e-21    8.689509e-22
   39   88    4.980119e-21    5.962866e-22
   39   89    5.047083e-09   -5.660553e-17
   39   90    4.358533e-16    5.660673e-17
   39   91    5.024446e-23    1.220423e-23
   39   92    1.606765e-30    5.483643e-31
   40   89    3.998429e-28    4.787460e-29
   40   90    2.223165e-09   -1.488259e-17
   40   91    5.705716e-10    5.295460e-18
   40   92    6.513631e-10    3.707495e-18
   40   93    1.936305e-10    2.028408e-18
   40   94    4.140053e-10    7.261689e-20
   40   95    2.909066e-17    3.778169e-18
   40   96    7.701181e-13   -1.625012e-21
   40   97    1.251105e-20    1.624881e-21
   40   98    1.051804e-28    2.554804e-29
   41   91    2.632646e-22    3.152156e-23
   41   92    5.986320e-23    7.167628e-24
   41   93    7.196596e-14   -3.736569e-21
   41   94    2.885002e-20    3.746854e-21
   41   95    2.333769e-23    2.795833e-24
   41   96    4.050308e-24    5.279291e-25
   41   97    6.764697e-27    8.272074e-28
   42   92    3.795087e-17   -6.506753e-25
   42   93    5.011304e-24    6.508329e-25
   42   94    1.277137e-13   -2.441084e-21
   42   95    3.569933e-11   -1.728299e-18
   42   96    8.222236e-11    1.045418e-19
   42   97    2.578413e-11    4.502203e-19
   42   98    7.544015e-11    2.539479e-19
   42   99    7.098111e-18    9.218718e-19
   42  100    1.700721e-15   -1.177696e-23
   42  101    1.034175e-22    1.343141e-23
   42  102    5.528445e-30    1.342846e-30
   43   93    1.650984e-30    1.976779e-31
   43   95    1.024160e-26    1.226261e-27
   43   96    1.218070e-24    1.458436e-25
   43   97    2.804047e-24    3.357380e-25
   43   98    1.343804e-25    1.608994e-26
   43   99    2.728428e-13   -1.878639e-20
   43  100    1.446384e-19    1.878359e-20
   43  101    6.856837e-26    1.665427e-26
   44   96    3.532748e-26    5.290242e-35
   44   98    6.625259e-24    1.129002e-31
   44   99    8.074125e-12   -6.203049e-19
   44  100    3.391438e-11   -3.029766e-19
   44  101    7.022783e-12    4.724166e-19
   44  102    1.442135e-14    4.505413e-19
   44  103    2.102142e-21    2.730476e-22
   44  104    9.041170e-23    2.199497e-23
   44  105    3.384857e-30    1.156021e-30
   45   99    1.087088e-28    1.301607e-29
   45  100    3.795684e-26    4.544694e-27
   45  101    1.791113e-25    2.144559e-26
   45  102    9.679826e-27    1.159012e-27
   45  103    7.469180e-12   -7.380814e-19
   45  104    5.682802e-18    7.380364e-19
   45  105    4.080910e-24    9.912252e-25
   45  106    1.078506e-30    3.427919e-31
   46  103    1.493506e-26    1.788224e-27
   46  104    2.116281e-11   -8.855570e-19
   46  105    4.944956e-12    2.924942e-19
   46  106    2.265111e-11   -9.895799e-20
   46  107    5.328485e-18    6.920404e-19
   46  108    2.501060e-11   -5.403242e-19
   46  109    4.160366e-18    5.403302e-19
   46  110    1.000424e-14   -1.034453e-22
   46  111    1.123995e-21    1.459796e-22
   46  112    2.116248e-28    5.140310e-29
   47  105    3.147080e-26    3.768105e-27
   47  106    5.570031e-27    6.669178e-28
   47  107    4.291534e-12   -6.337173e-19
   47  108    4.879390e-18    6.337104e-19
   47  109    6.599122e-12   -8.255312e-19
   47  110    6.356153e-18    8.254889e-19
   47  111    5.414173e-24    1.315076e-24
   47  112    1.487105e-30    5.089581e-31
   48  107    2.953310e-28    3.536094e-29
   48  108    3.603378e-13   -1.932463e-20
   48  109    1.487932e-19    1.932460e-20
   48  110    1.909900e-11   -8.438074e-19
   48  111    4.587533e-12    3.103083e-19
   48  112    2.054442e-11   -1.360478e-19
   48  113    5.155290e-18    6.695464e-19
   48  114    3.413727e-11   -7.143885e-19
   48  115    5.500723e-18    7.144099e-19
   48  116    2.673547e-15   -3.578522e-23
   48  117    2.781924e-22    3.613042e-23
   48  118    4.148325e-29    1.007617e-29
   49  109    1.718219e-28    2.057281e-29
   49  111    1.056393e-26    1.264855e-27
   49  112    1.966698e-27    2.354790e-28
   49  113    6.099922e-12   -1.212252e-18
   49  114    9.333851e-18    1.212228e-18
   49  115    1.048441e-23    2.544044e-24
   49  116    7.818654e-30    1.981296e-30
   50  112    1.518500e-24   -8.470802e-32
   50  113    4.169054e-28    4.992404e-29
   50  114    1.053078e-13   -3.954209e-21
   50  115    5.384888e-12   -4.298779e-19
   50  116    3.958574e-11   -4.943137e-19
   50  117    8.542086e-12    4.187071e-19
   50  118    4.908861e-11   -1.890468e-19
   50  119    1.176970e-11    1.719150e-19
   50  120    6.577789e-11   -4.018618e-20
   50  121    4.363854e-18    5.667585e-19
   50  122    5.075922e-13   -2.653770e-21
   50  123    2.043444e-20    2.653936e-21
   50  124    5.881526e-14   -1.674728e-22
   50  125    1.289488e-21    1.674731e-22
   50  126    3.115538e-29    7.567561e-30
   51  115    1.665847e-29    1.994575e-30
   51  116    8.861176e-28    1.060978e-28
   51  117    6.402097e-27    7.665447e-28
   51  118    1.493564e-27    1.788290e-28
   51  119    1.007048e-26    1.205773e-27
   51  120    1.376380e-27    1.647983e-28
   51  121    3.464276e-12   -3.416617e-19
   51  122    2.630682e-18    3.416611e-19
   51  123    8.946878e-14   -6.112013e-21
   51  124    4.706511e-20    6.112609e-21
   51  125    1.607617e-26    3.904342e-27
   52  120    1.000424e-30    4.214318e-41
   52  121    8.443189e-29    1.010930e-29
   52  122    9.020214e-12   -4.940454e-19
   52  123    3.001273e-12    1.074230e-19
   52  124    1.532908e-11   -1.016970e-19
   52  125    5.674406e-12    5.706047e-20
   52  126    2.620158e-11   -2.793852e-20
   52  127    3.535654e-18    4.591954e-19
   52  128    5.697728e-13   -4.388007e-21
   52  129    3.378950e-20    4.388433e-21
   52  130    1.846937e-12   -6.291581e-21
   52  131    4.844312e-20    6.291582e-21
   52  132    1.126735e-27    2.736811e-28
   53  123    1.026928e-27    1.229576e-28
   53  124    2.516713e-28    3.013347e-29
   53  125    2.502381e-27    2.996186e-28
   53  126    1.706246e-28    2.042944e-29
   53  127    3.615703e-12   -3.326971e-19
   53  128    2.561657e-18    3.326965e-19
   53  129    1.085360e-24    2.636128e-25
   53  130    3.263709e-28    3.913046e-29
   53  131    1.620897e-29    1.941684e-30
   54  126    1.587975e-27    2.152394e-42
   54  127    2.388984e-28    2.860409e-29
   54  128    9.378972e-12   -4.926735e-19
   54  129    4.878037e-12    1.746153e-20
   54  130    1.462158e-11    9.075956e-20
   54  131    6.636401e-12   -9.216335e-22
   54  132    4.009275e-11   -5.229790e-20
   54  133    3.369930e-18    4.376718e-19
   54  134    1.269195e-13   -6.255406e-22
   54  135    4.817045e-21    6.256168e-22
   54  136    8.091666e-12   -1.946369e-21
   54  137    1.498643e-20    1.946369e-21
   54  138    4.103225e-29    9.966622e-30
   55  129    6.072630e-28    7.270964e-29
   55  130    1.854397e-28    2.220333e-29
   55  131    1.337201e-27    1.601077e-28
   55  132    8.913738e-29    1.067271e-29
   55  133    4.580887e-12   -3.537563e-19
   55  134    2.723807e-18    3.537560e-19
   55  135    9.970861e-25    2.421870e-25
   55  136    5.988100e-28    7.182105e-29
   55  137    1.008051e-29    1.531845e-30
   56  132    1.667374e-27   -3.587324e-43
   56  133    1.533622e-28    1.836256e-29
   56  134    1.045219e-11   -4.165305e-19
   56  135    5.105868e-12    2.846307e-20
   56  136    3.449992e-11   -1.705667e-19
   56  137    4.228070e-11   -9.712783e-20
   56  138    3.979948e-10    2.849212e-19
   56  139    2.855352e-18    3.708407e-19
   56  140    3.867422e-26    9.393866e-27
   57  135    1.233601e-28    1.477033e-29
   57  136    2.397369e-29    2.870451e-30
   57  137    1.195893e-27    1.431883e-28
   57  138    7.181031e-27    9.256095e-28
   57  139    3.735396e-11   -2.999840e-19
   57  140    2.309778e-18    2.999839e-19
   57  141    1.712581e-25    4.159815e-26
   58  138    2.102340e-25   -1.016588e-32
   58  139    9.216975e-26    1.196680e-26
   58  140    9.289652e-11   -3.356555e-19
   58  141    2.584731e-18    3.356936e-19
   58  142    9.158812e-14   -5.785431e-22
   58  143    4.461034e-21    5.793797e-22
   58  144    2.160267e-28    5.246208e-29
   59  141    7.804725e-12   -2.468701e-19
   59  142    1.900818e-18    2.468700e-19
   59  143    5.278636e-25    1.282167e-25
   60  141    1.540067e-30    1.845397e-31
   60  142    1.831762e-11   -2.525250e-19
   60  143    3.281112e-12    4.762318e-20
   60  144    6.940443e-12    6.281344e-20
   60  145    1.586880e-12    5.289643e-20
   60  146    4.721180e-12    9.581474e-22
   60  147    6.791826e-19    8.820928e-20
   60  148    1.554713e-15   -2.335734e-23
   60  149    1.800353e-22    2.338220e-23
   60  150    2.527738e-21   -3.151761e-29
   60  151    2.976846e-28    3.866198e-29
   61  143    1.812516e-29    2.170187e-30
   61  144    1.422461e-30    1.703161e-31
   61  145    1.607773e-29    1.925042e-30
   61  146    1.278255e-29    1.530499e-30
   61  147    4.305384e-26    5.615648e-27
   61  148    1.440826e-25    1.871279e-26
   61  149    1.423193e-30    3.643902e-31
   61  150    8.129878e-30    1.055873e-30
   62  144    3.536220e-20   -1.397049e-27
   62  145    1.075680e-26    1.397047e-27
   62  146    2.651649e-26    3.458671e-27
   62  147    7.486156e-13   -1.389326e-19
   62  148    2.697089e-12   -7.475189e-21
   62  149    4.961841e-13    8.327127e-20
   62  150    1.600678e-12   -1.189063e-20
   62  151    5.775753e-19    7.501294e-20
   62  152    2.626112e-13   -1.315800e-20
   62  153    1.013128e-19    1.315807e-20
   62  154    1.429177e-15   -4.969634e-23
   62  155    3.827242e-22    4.970655e-23
   62  156    4.132757e-29    1.003836e-29
   63  149    3.825649e-30    4.580581e-31
   63  151    1.722581e-13   -4.544391e-20
   63  152    3.499027e-19    4.544373e-20
   63  153    2.282010e-13   -4.357209e-20
   63  154    3.354918e-19    4.357213e-20
   63  155    4.706642e-25    1.143230e-25
   63  156    1.128175e-29    1.503675e-30
   64  152    5.982794e-13   -7.138446e-20
   64  153    5.496349e-19    7.138409e-20
   64  154    7.795505e-13   -9.408127e-20
   64  155    2.575288e-13    3.267750e-20
   64  156    1.090205e-12   -4.348306e-20
   64  157    4.772727e-13    4.352113e-20
   64  158    2.906295e-12   -8.141041e-20
   64  159    1.099330e-18    1.427762e-19
   64  160    8.753709e-17   -2.818283e-24
   64  161    2.219491e-23    2.882578e-24
   64  162    2.908267e-30    7.064248e-31
   65  157    1.105788e-30    1.323997e-31
   65  158    2.473970e-30    2.966464e-31
   65  159    3.705969e-13   -6.362102e-20
   65  160    4.898607e-19    6.362089e-20
   65  161    5.297856e-25    1.286835e-25
   65  162    6.527149e-30    8.846741e-31
   66  156    1.026076e-30   -6.358392e-44
   66  158    8.864504e-14   -1.771383e-20
   66  159    1.363906e-19    1.771379e-20
   66  160    8.753703e-13   -1.086560e-19
   66  161    3.287112e-13    5.347494e-20
   66  162    1.358600e-12   -5.795593e-20
   66  163    2.448898e-13    8.539561e-20
   66  164    6.033046e-13    7.905361e-21
   66  165    1.527311e-19    1.983606e-20
   66  166    2.470068e-26    5.999729e-27
   67  165    4.844472e-13   -7.565588e-20
   67  166    5.825250e-19    7.565568e-20
   67  167    8.149436e-25    1.979475e-25
   68  164    6.710153e-13   -1.139143e-19
   68  165    8.771024e-19    1.139141e-19
   68  166    1.024530e-12   -9.688678e-20
   68  167    4.067595e-13    3.488417e-20
   68  168    1.667373e-12   -1.987524e-20
   68  169    6.304345e-19    8.187808e-20
   68  170    3.289629e-15   -9.459229e-23
   68  171    7.285754e-22    9.462420e-23
   68  172    9.121771e-29    2.215654e-29
   69  169    5.321777e-13   -7.244632e-20
   69  170    5.578128e-19    7.244622e-20
   69  171    4.240072e-25    1.029899e-25
   69  172    1.402755e-27    1.822065e-28
   69  173    2.699056e-29    3.506381e-30
   70  168    1.012334e-30   -6.428457e-44
   70  170    8.238779e-13   -1.042767e-19
   70  171    4.206465e-13    4.439510e-20
   70  172    1.395940e-12   -4.385367e-20
   70  173    6.939360e-13    3.010995e-20
   70  174    3.156510e-12   -2.588007e-20
   70  175    7.661592e-19    9.950542e-20
   70  176    1.591584e-15   -3.111961e-23
   70  177    2.399611e-22    3.116510e-23
   70  178    2.854329e-29    6.933093e-30
   71  174    1.770582e-30    2.298634e-31
   71  175    4.567646e-13   -6.571712e-20
   71  176    8.531388e-16    6.553604e-20
   71  177    1.393855e-21    1.810777e-22
   71  178    5.825611e-28    1.328745e-28
   72  176    1.193687e-12   -1.209697e-19
   72  177    3.950832e-13    5.500050e-20
   72  178    1.686108e-12   -4.519396e-20
   72  179    4.800922e-13    5.383948e-20
   72  180    2.773398e-12   -3.240436e-20
   72  181    6.908753e-19    8.972787e-20
   72  182    9.345451e-26    2.269985e-26
   73  179    2.355404e-28    3.072249e-29
   73  180    3.440340e-15   -9.549203e-22
   73  181    7.185361e-13   -7.756950e-20
   73  182    6.046122e-19    7.852434e-20
   73  183    3.333705e-25    8.097478e-26
   74  180    5.385611e-14   -7.719228e-21
   74  181    5.943548e-20    7.719212e-21
   74  182    1.813955e-12   -1.370240e-19
   74  183    9.293561e-13    5.055130e-20
   74  184    2.060656e-12   -6.050271e-21
   74  185    7.123965e-19    9.252295e-20
   74  186    8.067935e-14   -1.948471e-21
   74  187    1.500292e-20    1.948514e-21
   74  188    2.173150e-27    5.278524e-28
   75  184    1.025642e-30    1.336824e-31
   75  185    3.076976e-13   -5.236866e-20
   75  186    4.032213e-19    5.236856e-20
   75  187    6.954814e-15   -7.513979e-22
   75  188    5.786239e-21    7.514906e-22
   75  189    6.861420e-27    1.666620e-27
   76  186    1.075724e-12   -1.263645e-19
   76  187    5.077022e-13    4.195606e-20
   76  188    1.117495e-12    1.242129e-20
   76  189    3.858780e-13    2.155431e-20
   76  190    1.474309e-12   -4.625648e-21
   76  191    4.239315e-19    5.505836e-20
   76  192    3.121114e-14   -5.758916e-22
   76  193    4.434457e-21    5.759279e-22
   76  194    4.142579e-28    1.006222e-28
   77  191    3.294586e-13   -5.250746e-20
   77  192    4.042900e-19    5.250734e-20
   77  193    3.208612e-13   -3.170481e-20
   77  194    2.441176e-19    3.170491e-20
   77  195    8.641107e-26    2.098902e-26
   78  190    1.000424e-30   -3.695925e-44
   78  192    1.094213e-12   -1.254005e-19
   78  193    9.655425e-19    1.254003e-19
   78  194    1.340774e-12   -7.925105e-20
   78  195    3.996570e-13    5.142212e-20
   78  196    2.342830e-12   -3.823985e-20
   78  197    5.087092e-19    6.606894e-20
   78  198    4.390750e-15   -4.610540e-23
   78  199    3.551027e-22    4.611919e-23
   78  200    1.500799e-29    3.645401e-30
   79  197    7.109609e-13   -5.148231e-20
   79  198    3.963969e-19    5.148228e-20
   79  199    1.377950e-25    3.347005e-26
   80  196    1.378134e-17   -1.125213e-24
   80  197    8.663767e-24    1.125212e-24
   80  198    2.319164e-12   -9.100755e-20
   80  199    1.055724e-12    4.418332e-20
   80  200    3.396440e-12   -1.130543e-20
   80  201    1.493171e-12    4.134457e-20
   80  202    5.447854e-12   -2.397475e-20
   80  203    3.138375e-19    4.075985e-20
   80  204    8.827271e-14   -1.928291e-22
   80  205    1.484735e-21    1.928310e-22
   80  206    8.017992e-30    1.947549e-30
   81  203    3.296964e-12   -5.658676e-20
   81  204    4.356995e-19    5.658675e-20
   81  205    2.532781e-13   -1.489364e-21
   81  206    1.146767e-20    1.489372e-21
   81  207    1.679201e-28    4.078735e-29
   82  204    4.899135e-12   -5.693942e-20
   82  205    9.272223e-12   -2.706913e-20
   82  206    4.705878e-11   -1.129426e-19
   82  207    6.282857e-11    9.989841e-20
   82  208    1.298627e-10    8.647584e-20
   82  209    8.143905e-20    1.057694e-20
   82  210    1.196931e-28    2.907312e-29
   83  208    3.751308e-30    4.892952e-31
   83  209    3.106580e-12   -3.040108e-21
   83  210    2.340783e-20    3.040107e-21
   83  211    1.603896e-28    3.895821e-29
    0    1    4.934447e-17   -3.482359e-20
    1    1    1.572731e-13    8.535736e-17
    2    4    2.057217e-08   -1.452034e-11
