8.3723e-01
1.2398e-03
1.5210e+00
1.0309e+05
    1    2    6.603952e-26   -2.179685e-26
    4    8    1.094964e-19    9.907410e-21
    5   10    2.966766e-27    2.407901e-28
    5   11    2.298280e-19    1.174330e-20
    5   12    3.918314e-29   -6.223142e-31
    6   11    7.684332e-16   -1.350236e-18
    6   12    7.736609e-04   -9.204946e-11
    6   13    2.182257e-11    1.757047e-12
    6   14    1.433062e-17    2.375398e-18
    7   13    5.294909e-15   -1.431153e-15
    7   14    3.341320e-13    2.937778e-18
    7   15    7.439998e-17    1.312828e-17
    7   16    1.329719e-28   -4.096992e-30
    8   14    6.962908e-18   -7.219929e-18
    8   15    2.365015e-19    7.868947e-22
    8   16    4.583193e-02   -3.961484e-13
    8   17    1.467708e-12    1.379577e-13
    8   18    4.187383e-13    5.272965e-14
    8   19    1.424550e-21    2.849596e-22
    9   17    3.252955e-17   -4.224517e-18
    9   18    4.128509e-16    2.204207e-17
    9   19    1.744344e-18    2.716996e-19
    9   20    2.612863e-24    6.003653e-25
    9   21    2.767219e-28    1.091792e-28
   10   18    1.454862e-22   -8.683446e-26
   10   19    1.200677e-24    1.883606e-25
   10   20    8.353540e-03   -1.078634e-10
   10   21    3.015062e-05   -3.816699e-10
   10   22    3.691860e-06   -5.019815e-11
   10   23    2.944241e-14    2.601611e-15
   10   24    2.946199e-23    5.040321e-24
   11   21    9.139689e-12   -2.893334e-12
   11   22    3.060891e-13    2.285312e-14
   11   23    1.457117e-04   -1.881160e-10
   11   24    4.768727e-11    3.858378e-12
   11   25    6.320582e-18    1.024262e-18
   11   26    1.503965e-25    3.321326e-26
   12   22    2.103774e-26   -4.724261e-30
   12   23    1.207046e-12    4.383126e-13
   12   24    2.013357e-03    2.992727e-10
   12   25    4.441881e-04   -4.202380e-11
   12   26    2.598783e-04    9.910137e-10
   12   27    3.096282e-12    2.503483e-13
   12   28    3.545781e-19    5.343269e-20
   12   29    2.703367e-27    3.228120e-28
   13   24    4.625656e-24    9.243208e-25
   13   25    7.817985e-13   -1.018628e-13
   13   26    1.406696e-04   -1.572998e-09
   13   27    2.011963e-04   -1.400780e-11
   13   28    1.588888e-10    1.594911e-11
   13   29    7.654060e-17    1.457101e-17
   13   30    2.581946e-24    6.315346e-25
   14   26    1.372086e-22    1.296307e-23
   14   27    8.191743e-09    7.276382e-10
   14   28    2.358179e-04    2.606754e-10
   14   29    6.520083e-05    7.662602e-11
   14   30    2.844663e-05    3.448028e-11
   14   31    2.536113e-11    2.050363e-12
   14   32    2.949981e-18    4.425310e-19
   14   33    5.200160e-26    1.104756e-26
   15   28    9.879709e-20   -1.671305e-20
   15   29    4.254976e-13    5.283972e-14
   15   30    2.304278e-07   -1.059605e-11
   15   31    2.104193e-06    5.809466e-13
   15   32    5.224647e-13    4.280972e-14
   15   33    1.090192e-14    1.161463e-15
   15   34    1.422996e-21    2.493687e-22
   15   35    1.528701e-28    3.567870e-29
   16   29    7.308670e-29    3.643917e-30
   16   30    6.243164e-22    1.858367e-22
   16   31    2.813191e-10   -9.494878e-14
   16   32    1.166142e-06    2.399121e-12
   16   33    2.101140e-08    2.262770e-13
   16   34    2.736472e-07    2.067299e-13
   16   35    1.254820e-13    1.039287e-14
   16   36    2.181227e-19    3.366292e-20
   16   37    3.747781e-27    8.154988e-28
   17   32    1.821523e-23    4.928576e-25
   17   33    7.153287e-22    2.049629e-22
   17   34    1.827435e-15    1.135648e-16
   17   35    1.020462e-08    2.115213e-14
   17   36    1.443448e-14    1.168856e-15
   17   37    3.897789e-19    8.700225e-20
   17   38    3.454494e-26    9.560028e-27
   18   34    1.618889e-29    5.388950e-30
   18   35    1.647374e-21    1.969497e-22
   18   36    8.448040e-10    1.365447e-16
   18   37    9.955510e-16    8.197025e-17
   18   38    2.659027e-10    7.749062e-17
   18   39    1.378772e-16    1.126054e-17
   18   40    1.026597e-17    1.148044e-18
   18   41    1.511077e-24    2.725639e-25
   19   37    5.507378e-21   -1.437370e-21
   19   38    2.142276e-23    3.006907e-24
   19   39    3.745318e-12    1.126506e-17
   19   40    6.231605e-18    5.038902e-19
   19   41    6.557096e-22    1.131442e-22
   19   42    2.559470e-25    8.003748e-26
   19   43    2.019244e-21    4.365159e-22
   19   44    8.516768e-28    2.310470e-28
   20   38    7.334944e-27    4.953451e-30
   20   39    1.249902e-30    2.483320e-31
   20   40    2.851223e-14    1.082463e-20
   20   41    2.694473e-20    2.180828e-21
   20   42    4.763913e-08   -9.538929e-15
   20   43    1.463410e-08   -5.687720e-16
   20   44    7.048442e-08   -9.795695e-16
   20   45    8.751197e-14    7.082469e-15
   20   46    2.020419e-10   -2.023659e-17
   20   47    1.535273e-16    1.241194e-17
   20   48    2.292637e-09   -2.071893e-16
   20   49    2.869553e-16    2.319793e-17
   20   50    1.791189e-23    2.689876e-24
   21   41    1.095522e-27   -2.037415e-28
   21   42    1.270225e-28    1.809435e-29
   21   43    1.202595e-14    1.077018e-15
   21   44    5.621459e-15    5.337729e-16
   21   45    6.669433e-09   -4.583646e-15
   21   46    8.438909e-14    6.822427e-15
   21   47    8.750683e-17    9.303280e-18
   21   48    1.454675e-15    1.666536e-16
   21   49    2.170286e-16    1.731662e-17
   21   50    3.147427e-23    4.757864e-24
   21   51    3.801106e-30    8.104475e-31
   22   44    4.377733e-22    8.079449e-23
   22   45    1.574867e-19    3.542171e-20
   22   46    2.020414e-08   -6.100292e-15
   22   47    7.854397e-09    2.469699e-16
   22   48    1.436026e-08    5.703256e-16
   22   49    1.733388e-08    3.899047e-16
   22   50    5.602377e-08    1.169507e-15
   22   51    3.150112e-14    2.547053e-15
   22   52    9.036322e-21    1.361988e-21
   22   53    1.084095e-27    2.316644e-28
   23   46    5.622004e-28    1.564610e-28
   23   47    1.646084e-15    1.630844e-16
   23   48    8.603259e-16    8.954188e-17
   23   49    2.192493e-15    2.576837e-16
   23   50    3.749182e-15    1.802491e-16
   23   51    4.904016e-09   -1.744189e-15
   23   52    2.894543e-14    2.340560e-15
   23   53    2.316758e-20    3.413991e-21
   23   54    5.740049e-27    1.186456e-27
   24   48    7.245854e-24    1.254824e-24
   24   49    8.673095e-23    2.129608e-23
   24   50    9.383909e-13   -5.547475e-19
   24   51    9.151674e-17    1.333800e-17
   24   52    5.579281e-08   -6.351517e-15
   24   53    1.074039e-08   -9.220437e-16
   24   54    1.369098e-07   -4.206211e-15
   24   55    1.288387e-13    1.041821e-14
   24   56    7.376401e-20    1.090945e-20
   24   57    1.315883e-26    2.772248e-27
   25   51    2.060143e-20    2.183108e-21
   25   52    1.511109e-24    3.513095e-25
   25   53    1.663312e-15    1.881970e-16
   25   54    4.782373e-16    6.213595e-17
   25   55    3.455992e-08   -1.488234e-14
   25   56    1.922492e-13    1.554244e-14
   25   57    3.661917e-19    5.324643e-20
   25   58    1.781186e-25    3.663178e-26
   26   52    3.231202e-29    6.013491e-30
   26   53    4.445031e-29    1.326158e-29
   26   54    4.446311e-09   -1.472873e-15
   26   55    1.917090e-14    1.600264e-15
   26   56    1.766817e-06   -2.647754e-13
   26   57    9.986673e-07   -1.365929e-13
   26   58    5.174603e-06   -3.814917e-13
   26   59    9.444819e-12    7.635676e-13
   26   60    1.089728e-17    1.615321e-18
   26   61    2.877293e-24    6.069609e-25
   27   55    2.508022e-17    2.773852e-18
   27   56    1.937921e-22    3.571046e-23
   27   57    2.249751e-14    2.827993e-15
   27   58    1.565239e-14    1.783214e-15
   27   59    2.034750e-06   -8.659619e-13
   27   60    1.085439e-11    8.775241e-13
   27   61    4.751739e-17    7.056721e-18
   27   62    5.512661e-23    1.163037e-23
   27   63    5.489674e-28    1.469831e-28
   28   56    7.188028e-27    1.384714e-27
   28   57    2.350442e-27    7.915130e-28
   28   58    6.192247e-10   -2.660822e-16
   28   59    4.919808e-15    5.539265e-16
   28   60    2.667786e-06   -9.246398e-13
   28   61    1.015184e-06   -2.127453e-14
   28   62    2.259023e-06    3.606373e-14
   28   63    1.125921e-11    9.105299e-13
   28   64    1.389650e-06   -1.644922e-13
   28   65    2.027587e-12    1.639212e-13
   28   66    2.055762e-18    3.062722e-19
   28   67    4.174848e-25    8.852901e-26
   29   59    1.243427e-18    1.441316e-19
   29   60    1.101038e-23    2.257318e-24
   29   61    1.040415e-14    1.267815e-15
   29   62    7.901700e-15    9.856076e-16
   29   63    8.717868e-07   -9.188761e-13
   29   64    1.137610e-11    9.197265e-13
   29   65    1.075833e-06   -6.458213e-13
   29   66    7.997368e-12    6.466372e-13
   29   67    7.240785e-17    1.098734e-17
   29   68    1.058338e-22    2.276170e-23
   29   69    6.015524e-25    1.146045e-25
   30   60    1.984182e-28    4.033707e-29
   30   62    1.912612e-23    4.289741e-24
   30   63    1.215940e-21    3.624024e-22
   30   64    8.425377e-07   -5.648890e-13
   30   65    6.974272e-12    5.638815e-13
   30   66    1.302061e-06   -5.164021e-13
   30   67    2.837026e-07    2.269038e-14
   30   68    1.322622e-06    2.030181e-13
   30   69    3.561207e-12    2.879092e-13
   30   70    1.327704e-10   -2.212051e-17
   30   71    3.324703e-16    2.718243e-17
   30   72    8.118394e-22    1.218361e-22
   30   73    3.968643e-28    8.452484e-29
   31   65    2.299759e-15    2.891653e-16
   31   66    3.040963e-20    5.861196e-21
   31   67    6.934476e-15    9.069445e-16
   31   68    1.571621e-15    1.992436e-16
   31   69    1.594846e-07   -2.628227e-13
   31   70    3.264455e-12    2.639266e-13
   31   71    1.407614e-07   -1.995289e-13
   31   72    2.466764e-12    1.994224e-13
   31   73    3.266360e-17    4.831297e-18
   31   74    7.087654e-23    1.476272e-23
   31   75    2.175813e-28    5.698002e-29
   32   66    2.117224e-24    4.880640e-25
   32   67    4.945453e-29    1.425313e-29
   32   68    1.463121e-22    2.860849e-23
   32   69    5.093747e-19    1.202808e-19
   32   70    2.286656e-07   -2.246848e-13
   32   71    2.780241e-12    2.248055e-13
   32   72    2.362091e-07   -1.744643e-13
   32   73    4.522597e-08    1.144508e-13
   32   74    1.757496e-07   -4.851594e-14
   32   75    1.339907e-12    1.083251e-13
   32   76    1.249212e-11   -1.447425e-18
   32   77    2.800775e-17    2.264309e-18
   32   78    7.308626e-23    1.081784e-23
   32   79    2.931349e-29    6.214834e-30
   33   70    5.431922e-28    1.760485e-28
   33   71    5.887922e-16    7.794092e-17
   33   72    1.878348e-20    3.746618e-21
   33   73    9.174936e-16    1.239232e-16
   33   74    6.012755e-17    7.181996e-18
   33   75    2.000687e-08   -1.304724e-13
   33   76    1.615011e-12    1.305593e-13
   33   77    2.956045e-17    4.292485e-18
   33   78    1.367192e-22    2.795028e-23
   33   79    1.828835e-27    4.733096e-28
   34   72    6.285796e-25    1.524046e-25
   34   73    1.404544e-28    4.875631e-29
   34   74    7.446308e-24    1.231208e-24
   34   75    1.910761e-17    3.065786e-18
   34   76    4.988869e-08   -7.240586e-14
   34   77    1.818986e-08    3.104255e-14
   34   78    7.041425e-08   -2.175425e-14
   34   79    7.695922e-13    6.309090e-14
   34   80    4.239271e-09   -2.111829e-15
   34   81    2.612715e-14    2.112273e-15
   34   82    3.172068e-12   -6.628927e-19
   34   83    8.440458e-18    6.823907e-19
   34   84    1.346721e-23    2.029328e-24
   34   85    1.992953e-30    4.274652e-31
   35   76    1.960043e-26    5.688775e-27
   35   77    7.341635e-17    1.018485e-17
   35   78    2.307777e-17    3.061554e-18
   35   79    8.344567e-09   -6.009190e-14
   35   80    7.434196e-13    6.009980e-14
   35   81    7.274366e-09   -2.610849e-14
   35   82    3.230001e-13    2.611194e-14
   35   83    8.358791e-18    1.244318e-18
   35   84    3.511035e-23    7.417335e-24
   35   85    2.167493e-28    5.731041e-29
   36   78    1.080588e-25    1.808924e-26
   36   79    2.571187e-19    5.169569e-20
   36   80    2.125834e-08   -5.533019e-14
   36   81    6.712784e-13    5.532757e-14
   36   82    5.111833e-08   -7.479021e-14
   36   83    1.566967e-08    3.347683e-14
   36   84    5.823897e-08   -3.108422e-15
   36   85    5.336022e-13    4.441482e-14
   36   86    4.641497e-10   -4.307242e-17
   36   87    5.281305e-16    4.367902e-17
   36   88    5.354424e-22    8.230447e-23
   36   89    2.118442e-28    4.607403e-29
   37   80    7.634944e-29    2.333526e-29
   37   81    1.045676e-17    1.496860e-18
   37   82    8.091821e-22    1.692595e-22
   37   83    3.082525e-17    4.470941e-18
   37   84    5.271405e-18    7.055776e-19
   37   85    8.461946e-09   -3.673694e-14
   37   86    4.646690e-13    3.673880e-14
   37   87    5.853024e-11   -2.469708e-17
   37   88    3.395629e-16    2.718359e-17
   37   89    1.665093e-21    2.452801e-22
   37   90    4.857675e-27    1.014655e-27
   38   82    2.080891e-27    5.433073e-28
   38   83    8.994490e-30    3.095154e-30
   38   84    2.634558e-24    3.468769e-27
   38   85    4.283802e-19    7.622785e-20
   38   86    1.977522e-08   -4.982994e-14
   38   87    1.264909e-08    5.333804e-15
   38   88    3.410584e-08    3.816905e-14
   38   89    7.618188e-14    6.325496e-15
   38   90    2.041772e-19    3.144551e-20
   38   91    2.332313e-25    5.106707e-26
   39   86    1.110059e-28    3.805097e-29
   39   87    4.064766e-18    5.948477e-19
   39   88    2.834966e-18    4.157165e-19
   39   89    5.047023e-09   -5.018098e-15
   39   90    6.010450e-14    5.018778e-15
   39   91    8.778388e-19    1.344424e-19
   39   92    4.016601e-24    8.791737e-25
   39   93    4.740306e-29    1.309305e-29
   40   88    3.537680e-28    9.417342e-29
   40   89    2.714270e-23    7.355763e-24
   40   90    2.223149e-09   -1.306732e-15
   40   91    5.705774e-10    5.051868e-16
   40   92    6.513667e-10    2.778606e-16
   40   93    1.936328e-10    2.101411e-16
   40   94    4.140051e-10   -3.930278e-17
   40   95    4.127162e-15    3.528396e-16
   40   96    7.701164e-13   -1.510075e-19
   40   97    1.800988e-18    1.557634e-19
   40   98    2.159272e-24    3.492532e-25
   40   99    1.326896e-30    2.733545e-31
   41   91    1.562790e-19    2.318529e-20
   41   92    3.377895e-20    4.922664e-21
   41   93    7.196223e-14   -2.983251e-19
   41   94    3.817693e-18    3.073286e-19
   41   95    1.075377e-20    1.467961e-21
   41   96    1.881609e-21    6.684313e-24
   41   97    4.066674e-24    3.650027e-25
   41   98    3.670788e-28    6.826959e-29
   42   92    3.795019e-17   -5.688571e-23
   42   93    6.866616e-22    5.706547e-23
   42   94    1.277111e-13   -2.121248e-19
   42   95    3.569764e-11   -1.324322e-16
   42   96    8.222234e-11   -1.017870e-17
   42   97    2.578467e-11    5.048191e-17
   42   98    7.544033e-11    9.707535e-18
   42   99    9.846993e-16    8.261693e-17
   42  100    1.700787e-15    1.455684e-21
   42  101    1.400801e-20    1.151254e-21
   42  102    8.673634e-26    1.284494e-26
   43   93    1.023642e-27    1.525489e-28
   43   95    3.424781e-23    6.983565e-24
   43   96    7.977915e-22    1.200268e-22
   43   97    2.203674e-21    3.474244e-22
   43   98    9.979954e-23    1.717662e-23
   43   99    2.728247e-13   -1.403423e-18
   43  100    1.812698e-17    1.401506e-18
   43  101    9.930732e-22    1.412345e-22
   43  102    1.212763e-26    2.472674e-27
   44   96    3.532884e-26    1.834882e-31
   44   98    5.857158e-22    2.757166e-22
   44   99    8.073529e-12   -4.609068e-17
   44  100    3.391401e-11   -3.364593e-17
   44  101    7.023316e-12    4.742365e-17
   44  102    1.484706e-14    3.228519e-17
   44  103    2.889111e-19    2.402538e-20
   44  104    1.006801e-18    1.483819e-20
   44  105    1.115291e-23    1.080399e-24
   44  106    1.306730e-28    2.194657e-29
   45   99    1.279647e-24    2.913441e-25
   45  100    3.066980e-23    4.923541e-24
   45  101    1.725992e-22    2.878234e-23
   45  102    5.252045e-24    7.805436e-25
   45  103    7.468453e-12   -5.748731e-17
   45  104    7.303645e-16    5.744829e-17
   45  105    6.393612e-20    9.341070e-21
   45  106    1.871845e-24    3.876247e-25
   45  107    4.465460e-28    8.536002e-29
   46  103    1.658877e-23    2.813211e-24
   46  104    2.116188e-11   -7.837858e-17
   46  105    4.945312e-12    3.331509e-17
   46  106    2.265096e-11   -1.622843e-17
   46  107    7.343946e-16    6.130113e-17
   46  108    2.501003e-11   -4.728332e-17
   46  109    5.697085e-16    4.729051e-17
   46  110    1.000599e-14    1.829811e-20
   46  111    1.538842e-19    1.277131e-20
   46  112    3.409196e-24    5.096870e-25
   46  113    1.229768e-29    2.646231e-30
   47  104    2.722004e-29    9.411767e-30
   47  105    3.626590e-23    6.295798e-24
   47  106    4.418156e-24    7.094323e-25
   47  107    4.290882e-12   -5.371603e-17
   47  108    6.561986e-16    5.369489e-17
   47  109    6.598298e-12   -6.604945e-17
   47  110    8.264601e-16    6.599246e-17
   47  111    8.597611e-20    1.269612e-20
   47  112    3.005776e-24    6.291158e-25
   47  113    1.107063e-28    2.948448e-29
   48  107    1.058972e-24    2.112594e-25
   48  108    3.603176e-13   -1.725301e-18
   48  109    2.061511e-17    1.728873e-18
   48  110    1.909809e-11   -7.746971e-17
   48  111    4.587902e-12    3.405648e-17
   48  112    2.054424e-11   -1.836441e-17
   48  113    7.265884e-16    6.180136e-17
   48  114    3.413651e-11   -6.575019e-17
   48  115    7.741554e-16    6.576728e-17
   48  116    2.673533e-15    4.290943e-22
   48  117    3.916456e-20    3.327982e-21
   48  118    7.035595e-25    1.075040e-25
   48  119    2.164164e-30    5.045391e-31
   49  109    2.085060e-25    3.654912e-26
   49  110    8.185461e-29    2.772313e-29
   49  111    1.427308e-23    2.546563e-24
   49  112    1.967184e-24    3.374598e-25
   49  113    6.098629e-12   -1.098304e-16
   49  114    1.300528e-15    1.097719e-16
   49  115    1.798161e-19    2.751774e-20
   49  116    1.125103e-23    2.449899e-24
   49  117    2.214180e-25    4.055872e-27
   49  118    2.085564e-29    2.304005e-30
   49  119    2.719609e-30    4.887700e-31
   50  112    1.518415e-24   -6.807294e-30
   50  113    1.052343e-24    2.007556e-25
   50  114    1.053044e-13   -3.444046e-19
   50  115    5.384424e-12   -3.983692e-17
   50  116    3.958521e-11   -4.540993e-17
   50  117    8.542543e-12    3.953747e-17
   50  118    4.908839e-11   -1.853472e-17
   50  119    1.176990e-11    1.806131e-17
   50  120    6.577783e-11   -6.115353e-18
   50  121    6.172272e-16    5.265677e-17
   50  122    5.075894e-13   -2.397814e-19
   50  123    2.855549e-18    2.411666e-19
   50  124    5.881508e-14   -1.493915e-20
   50  125    1.784149e-19    1.494218e-20
   50  126    5.441469e-25    8.356760e-26
   51  115    2.338518e-26    4.274880e-27
   51  116    1.215981e-24    2.177105e-25
   51  117    9.415432e-24    1.712412e-24
   51  118    1.980791e-24    3.516016e-25
   51  119    1.512079e-23    2.746803e-24
   51  120    1.680392e-24    3.145303e-25
   51  121    3.463918e-12   -2.996527e-17
   51  122    3.607162e-16    2.995957e-17
   51  123    8.946252e-14   -5.128753e-19
   51  124    6.341538e-18    5.185401e-19
   51  125    2.579752e-22    3.837737e-23
   51  126    3.525265e-27    7.498741e-28
   52  120    1.037637e-30    8.355495e-33
   52  121    2.962305e-25    6.038718e-26
   52  122    9.019672e-12   -4.696957e-17
   52  123    3.001411e-12    1.330022e-17
   52  124    1.532895e-11   -1.235540e-17
   52  125    5.674494e-12    9.184569e-18
   52  126    2.620153e-11   -6.197055e-18
   52  127    5.024674e-16    4.303541e-17
   52  128    5.697681e-13   -3.984800e-19
   52  129    4.731800e-18    4.003431e-19
   52  130    1.846930e-12   -5.628987e-19
   52  131    6.712096e-18    5.628960e-19
   52  132    2.023626e-23    3.131428e-24
   52  133    9.278217e-30    2.029149e-30
   53  122    3.495011e-30    1.219570e-30
   53  123    1.957391e-24    3.695354e-25
   53  124    3.198289e-25    5.625665e-26
   53  125    4.064299e-24    7.478364e-25
   53  126    6.147847e-25    1.660059e-25
   53  127    3.615367e-12   -2.735838e-17
   53  128    3.394725e-16    2.735543e-17
   53  129    1.751466e-20    2.589258e-21
   53  130    7.490626e-25    1.429525e-25
   53  131    2.321238e-22    3.847276e-24
   53  132    3.876651e-27    3.711487e-28
   54  126    1.587900e-27   -1.295729e-32
   54  127    5.486200e-25    1.094943e-25
   54  128    9.378433e-12   -4.675194e-17
   54  129    4.878087e-12    6.467033e-18
   54  130    1.462165e-11    4.240403e-18
   54  131    6.636433e-12    4.915131e-18
   54  132    4.009267e-11   -9.098130e-18
   54  133    4.738145e-16    4.022681e-17
   54  134    1.269188e-13   -5.522925e-20
   54  135    6.682988e-19    5.611763e-20
   54  136    8.091664e-12   -4.949038e-20
   54  137    1.720589e-18    4.946916e-20
   54  138    6.882113e-25    9.510770e-26
   55  128    2.172502e-29    7.152223e-30
   55  129    1.335325e-24    2.566334e-25
   55  130    2.532525e-25    4.523499e-26
   55  131    2.363298e-24    4.399809e-25
   55  132    6.113764e-25    2.255368e-25
   55  133    4.580531e-12   -2.864120e-17
   55  134    3.581669e-16    2.863893e-17
   55  135    1.555605e-20    2.277335e-21
   55  136    1.133888e-24    2.123209e-25
   55  137    4.634301e-22    6.464946e-24
   55  138    4.295873e-28    2.605539e-29
   56  132    1.667329e-27   -1.287630e-32
   56  133    3.706036e-25    8.816391e-26
   56  134    1.045173e-11   -4.018953e-17
   56  135    5.105919e-12    5.753642e-18
   56  136    3.449972e-11   -1.829629e-17
   56  137    4.228062e-11   -4.389815e-18
   56  138    3.979951e-10    2.297178e-17
   56  139    4.040899e-16    3.415038e-17
   56  140    7.325829e-22    1.155580e-22
   56  141    4.891440e-28    1.078168e-28
   57  134    4.152342e-29    1.330960e-29
   57  135    3.399717e-25    6.798554e-26
   57  136    3.994672e-26    8.162377e-27
   57  137    2.427607e-24    4.611461e-25
   57  138    1.220356e-23    4.110597e-24
   57  139    3.735366e-11   -2.426633e-17
   57  140    3.043797e-16    2.426600e-17
   57  141    2.714115e-21    3.992088e-22
   57  142    1.434318e-26    2.976881e-27
   58  138    2.110403e-25    3.838500e-28
   58  139    2.618493e-23    4.977117e-24
   58  140    9.289615e-11   -3.201691e-17
   58  141    3.729251e-16    3.233995e-17
   58  142    9.158748e-14   -5.632170e-20
   58  143    6.477892e-19    5.634772e-20
   58  144    4.144770e-24    6.641184e-25
   58  145    1.193616e-29    2.350212e-30
   59  140    2.565475e-26    1.389966e-26
   59  141    7.804469e-12   -2.118079e-17
   59  142    2.576402e-16    2.117951e-17
   59  143    8.581929e-21    1.283223e-21
   59  144    1.587224e-25    3.364398e-26
   59  145    1.167062e-30    1.154610e-30
   60  141    1.938983e-26    5.484486e-27
   60  142    1.831735e-11   -2.297386e-17
   60  143    3.281171e-12    4.666335e-18
   60  144    6.940528e-12    1.591113e-17
   60  145    1.586919e-12   -5.382301e-18
   60  146    4.721175e-12   -8.216153e-19
   60  147    9.757995e-17    8.416525e-18
   60  148    1.554690e-15   -1.807869e-21
   60  149    2.498633e-20    2.080907e-21
   60  150    2.528169e-21    6.732065e-26
   60  151    4.057238e-26    3.349358e-27
   61  143    5.073171e-26    1.029676e-26
   61  144    6.406243e-27    1.484729e-27
   61  145    3.209535e-26    6.168366e-27
   61  146    6.625597e-26    1.386977e-26
   61  147    2.647030e-21    8.333010e-22
   61  148    2.165293e-23    1.966172e-24
   61  149    2.445192e-25    1.313947e-26
   61  150    1.972875e-27    2.324252e-28
   61  151    4.654384e-29    7.325793e-30
   62  144    3.536063e-20   -1.397566e-25
   62  145    1.585038e-24    1.397367e-25
   62  146    5.060582e-19    2.184230e-19
   62  147    7.484706e-13   -1.227768e-17
   62  148    2.697077e-12    9.958376e-19
   62  149    4.962778e-13    5.903795e-18
   62  150    1.600659e-12   -2.080880e-18
   62  151    8.261285e-17    7.111363e-18
   62  152    2.625971e-13   -1.208894e-18
   62  153    1.424560e-17    1.209515e-18
   62  154    1.429124e-15   -4.439488e-21
   62  155    5.370984e-20    4.551489e-21
   62  156    7.283909e-25    1.126790e-25
   62  157    4.732599e-30    1.105110e-30
   63  147    1.952596e-27    4.313893e-28
   63  148    6.473598e-28    1.293589e-28
   63  149    9.338852e-27    1.936518e-27
   63  150    2.650129e-23    1.315782e-23
   63  151    1.722137e-13   -3.479487e-18
   63  152    4.470122e-17    3.477159e-18
   63  153    2.281587e-13   -3.286897e-18
   63  154    4.262521e-17    3.287288e-18
   63  155    7.494872e-21    1.087796e-21
   63  156    3.486388e-25    7.191981e-26
   63  157    2.802108e-29    6.931171e-30
   64  150    2.048438e-30    1.374693e-30
   64  151    5.671134e-24    2.952808e-24
   64  152    5.981998e-13   -7.004037e-18
   64  153    8.005242e-17    6.990608e-18
   64  154    7.794470e-13   -8.972728e-18
   64  155    2.575712e-13    4.099684e-18
   64  156    1.090152e-12   -4.769877e-18
   64  157    4.773254e-13    4.681695e-18
   64  158    2.906201e-12   -8.450009e-18
   64  159    1.564652e-16    1.341241e-17
   64  160    8.753874e-17    4.770394e-22
   64  161    3.129579e-21    2.660706e-22
   64  162    5.034374e-26    7.748563e-27
   65  153    4.630663e-28    9.559453e-29
   65  154    1.576108e-30    4.816386e-31
   65  155    1.765670e-27    3.478051e-28
   65  156    2.013562e-28    4.738388e-29
   65  157    2.277559e-27    4.477350e-28
   65  158    4.780861e-23    2.407814e-23
   65  159    3.705324e-13   -5.234320e-18
   65  160    6.494972e-17    5.232998e-18
   65  161    8.713864e-21    1.299704e-21
   65  162    3.532425e-25    7.467518e-26
   65  163    1.552482e-29    4.748513e-30
   66  156    1.026076e-30   -8.959377e-41
   66  157    2.531611e-26    1.372429e-26
   66  158    8.862580e-14   -1.658927e-18
   66  159    1.937500e-17    1.658463e-18
   66  160    8.752503e-13   -1.040086e-17
   66  161    3.287753e-13    5.886405e-18
   66  162    1.358533e-12   -5.825649e-18
   66  163    2.449855e-13    8.157184e-18
   66  164    6.033107e-13    3.559631e-19
   66  165    2.150944e-17    1.827359e-18
   66  166    4.160676e-22    6.360963e-23
   66  167    3.261583e-27    7.117428e-28
   67  159    2.971341e-29    6.099645e-30
   67  161    7.089872e-28    1.415413e-28
   67  162    1.652619e-28    3.854523e-29
   67  163    6.697875e-28    1.850088e-28
   67  164    1.185442e-22    5.945945e-23
   67  165    4.843695e-13   -6.383058e-18
   67  166    7.826219e-17    6.381146e-18
   67  167    1.262059e-20    1.857363e-21
   67  168    4.075065e-25    8.555641e-26
   67  169    1.404779e-29    4.474185e-30
   68  162    1.011585e-30    1.800581e-32
   68  163    9.390359e-25    5.007788e-25
   68  164    6.708910e-13   -1.075399e-17
   68  165    1.251578e-16    1.075142e-17
   68  166    1.024423e-12   -9.225719e-18
   68  167    4.068043e-13    4.190920e-18
   68  168    1.667346e-12   -2.696426e-18
   68  169    8.999899e-17    7.733465e-18
   68  170    3.289529e-15   -8.518727e-21
   68  171    1.035321e-19    8.857700e-21
   68  172    1.620590e-24    2.518676e-25
   68  173    6.912100e-30    1.565069e-30
   69  165    1.059289e-29    1.989271e-30
   69  166    2.538030e-30    7.248416e-31
   69  167    2.449790e-28    6.025815e-29
   69  168    1.430250e-22    7.145874e-23
   69  169    5.321032e-13   -6.137148e-18
   69  170    7.507788e-17    6.135956e-18
   69  171    7.364582e-21    1.121045e-21
   69  172    4.713326e-25    7.458280e-26
   69  173    4.380825e-27    4.186388e-28
   70  168    1.595319e-30    4.215526e-31
   70  169    1.449128e-23    7.505931e-24
   70  170    8.237638e-13   -9.849169e-18
   70  171    4.206983e-13    4.665640e-18
   70  172    1.395889e-12   -4.179276e-18
   70  173    6.939744e-13    3.221103e-18
   70  174    3.156475e-12   -3.543735e-18
   70  175    1.112435e-16    9.685383e-18
   70  176    1.591552e-15   -2.704816e-21
   70  177    3.434155e-20    2.954238e-21
   70  178    5.055577e-25    7.868050e-26
   70  179    1.239101e-30    2.881738e-31
   71  171    7.082408e-29    1.517154e-29
   71  172    2.051230e-29    5.228321e-30
   71  173    5.835868e-28    3.341369e-28
   71  174    7.915506e-22    3.866013e-22
   71  175    4.566988e-13   -5.284178e-18
   71  176    9.187455e-16    5.268441e-18
   71  177    1.878762e-19    1.534897e-20
   71  178    8.680041e-24    1.307122e-24
   71  179    5.110192e-28    1.078908e-28
   72  174    1.960509e-29    1.325831e-29
   72  175    1.191023e-22    6.050126e-23
   72  176    1.193553e-12   -1.135067e-17
   72  177    3.951491e-13    5.818512e-18
   72  178    1.686057e-12   -2.976941e-18
   72  179    4.801534e-13    3.933011e-18
   72  180    2.773356e-12   -4.105779e-18
   72  181    9.999406e-17    8.681403e-18
   72  182    1.775846e-21    2.817897e-22
   72  183    1.289523e-26    2.892097e-27
   73  177    4.637548e-29    9.658236e-30
   73  178    5.210347e-30    1.232737e-30
   73  179    7.009688e-21    3.077176e-21
   73  180    3.439291e-15   -8.220227e-20
   73  181    7.184567e-13   -6.498637e-18
   73  182    8.093904e-17    6.576846e-18
   73  183    5.478981e-21    8.192604e-22
   73  184    1.415966e-25    2.998334e-26
   73  185    1.805621e-30    1.786284e-30
   74  179    1.142870e-24    5.910544e-25
   74  180    5.384735e-14   -7.819654e-19
   74  181    8.825016e-18    7.819964e-19
   74  182    1.813809e-12   -1.004352e-17
   74  183    9.294124e-13    2.682561e-18
   74  184    2.060643e-12   -1.607534e-18
   74  185    1.032078e-16    8.970646e-18
   74  186    8.067722e-14   -1.859993e-19
   74  187    2.145144e-18    1.841823e-19
   74  188    4.015260e-23    6.315396e-24
   74  189    1.368963e-28    2.998587e-29
   75  182    1.482658e-30    4.121028e-31
   75  183    1.877615e-27    1.289975e-27
   75  184    5.583445e-22    2.744296e-22
   75  185    3.076428e-13   -4.580068e-18
   75  186    5.519936e-17    4.578809e-18
   75  187    6.954054e-15   -6.160983e-20
   75  188    7.722725e-19    6.257459e-20
   75  189    1.097770e-22    1.626939e-23
   75  190    2.624981e-27    5.530057e-28
   76  184    1.830552e-29    1.235814e-29
   76  185    7.650968e-23    3.923587e-23
   76  186    1.075585e-12   -1.159182e-17
   76  187    5.077500e-13    3.858058e-18
   76  188    1.117515e-12    4.309179e-18
   76  189    3.858985e-13   -6.605993e-19
   76  190    1.474299e-12   -1.182232e-18
   76  191    6.094910e-17    5.266704e-18
   76  192    3.121054e-14   -5.119940e-20
   76  193    6.144714e-19    5.150377e-20
   76  194    7.489615e-24    1.162887e-24
   76  195    3.084855e-29    6.852995e-30
   77  187    1.812897e-30    4.201391e-31
   77  189    3.516332e-28    2.433540e-28
   77  190    1.219059e-22    6.106119e-23
   77  191    3.294035e-13   -4.624779e-18
   77  192    5.555454e-17    4.623615e-18
   77  193    3.208291e-13   -2.601471e-18
   77  194    3.232008e-17    2.602335e-18
   77  195    1.556290e-21    2.384547e-22
   77  196    3.504062e-26    7.565695e-27
   78  190    6.499293e-30    3.900138e-30
   78  191    1.462382e-23    7.701648e-24
   78  192    1.094072e-12   -1.243135e-17
   78  193    1.416148e-16    1.242910e-17
   78  194    1.340688e-12   -6.893086e-18
   78  195    3.997147e-13    4.568189e-18
   78  196    2.342786e-12   -3.889892e-18
   78  197    7.246031e-17    6.216869e-18
   78  198    4.390702e-15   -4.002155e-21
   78  199    4.941535e-20    4.159120e-21
   78  200    2.668050e-25    4.134961e-26
   79  194    1.239708e-30    3.237048e-31
   79  195    4.544284e-29    3.102466e-29
   79  196    1.366104e-22    6.885222e-23
   79  197    7.109067e-13   -4.555542e-18
   79  198    5.461707e-17    4.555116e-18
   79  199    2.349682e-21    3.580770e-22
   79  200    2.153617e-26    4.643581e-27
   80  195    1.473568e-29    7.922213e-30
   80  196    1.378007e-17   -1.133983e-22
   80  197    1.298949e-21    1.220542e-22
   80  198    2.319065e-12   -8.629603e-18
   80  199    1.055775e-12    4.538793e-18
   80  200    3.396428e-12   -8.727408e-19
   80  201    1.493215e-12    3.598445e-18
   80  202    5.447829e-12   -2.137251e-18
   80  203    4.253588e-17    3.502366e-18
   80  204    8.827252e-14   -1.570234e-20
   80  205    1.954929e-19    1.568509e-20
   80  206    1.301024e-25    1.933775e-26
   81  199    2.844547e-30    6.473233e-31
   81  200    3.201204e-30    8.268423e-31
   81  201    1.342006e-29    7.201226e-30
   81  202    6.038285e-22    2.989254e-22
   81  203    3.296907e-12   -4.629019e-18
   81  204    5.756416e-17    4.628701e-18
   81  205    2.532766e-13   -1.149741e-19
   81  206    1.471123e-18    1.149895e-19
   81  207    2.718770e-24    4.295926e-25
   82  203    1.547144e-23    7.980286e-24
   82  204    4.899076e-12   -4.994221e-18
   82  205    9.272201e-12   -1.404434e-18
   82  206    4.705867e-11   -9.696406e-18
   82  207    6.282867e-11    8.616564e-18
   82  208    1.298628e-10    6.904800e-18
   82  209    1.044931e-17    5.736920e-19
   82  210    2.026077e-24    2.942586e-25
   83  205    1.622472e-30    4.407896e-31
   83  207    3.204988e-29    1.386031e-29
   83  208    8.839958e-22    4.217455e-22
   83  209    3.106577e-12   -1.633958e-19
   83  210    2.866496e-18    1.629739e-19
   83  211    2.389426e-24    2.998044e-25
   84  210    4.053087e-25    5.687729e-27
    0    1    6.076603e-16   -1.332024e-17
    1    1    3.989838e-13   -3.304236e-14
    2    4    6.387383e-09   -1.123906e-09
