3.4057e+00
8.6600e-02
8.7054e-01
1.8181e+04
    1    2    7.811858e-30    2.088671e-30
    1    3    1.255793e-21   -1.589425e-27
    2    3    6.980257e-18   -4.669272e-26
    3    6    8.316898e-29   -7.749590e-37
    3    7    4.392165e-26    2.149773e-27
    4    7    1.554748e-25    3.375340e-26
    4    8    8.477294e-09    3.953923e-22
    4   10    1.062971e-28   -5.114308e-33
    5   10    7.294017e-25   -1.733978e-30
    5   11    2.658814e-14    9.706850e-16
    6   11    1.977450e-11   -9.740744e-16
    6   12    1.429797e-04    1.148251e-15
    6   13    4.340920e-12   -9.081488e-19
    6   14    1.057138e-12    1.830115e-20
    7   13    9.199272e-19   -6.646372e-19
    7   14    3.465788e-07    3.652671e-18
    7   15    9.809729e-06    1.973923e-10
    7   16    1.364895e-19    2.514923e-21
    7   17    1.595687e-25   -2.296961e-27
    8   14    3.374762e-16    1.010481e-17
    8   15    4.005310e-07   -1.973935e-10
    8   16    4.589784e-02    0.000000e+00
    8   17    2.360806e-10   -1.092958e-18
    8   18    7.447727e-14    1.221817e-16
    8   19    2.278475e-23   -5.042209e-26
    8   20    3.446645e-30   -1.532474e-32
    9   17    9.639728e-22   -1.309824e-22
    9   18    1.339744e-11   -1.221839e-16
    9   19    1.629812e-08    3.414948e-14
    9   20    4.879384e-15   -2.623375e-17
    9   21    2.438246e-22   -3.518106e-24
   10   18    2.735884e-20   -9.833854e-22
   10   19    9.797194e-12   -3.415175e-14
   10   20    8.168777e-03   -1.578598e-16
   10   21    2.567460e-06    1.338896e-15
   10   22    2.185718e-07    1.007040e-16
   10   23    1.365593e-15   -2.203376e-18
   10   24    2.663370e-23   -7.883057e-27
   11   20    3.684123e-24   -4.957803e-25
   11   21    5.551308e-13   -1.477417e-15
   11   22    1.540500e-07    2.655737e-16
   11   23    1.487000e-04    2.618370e-09
   11   24    4.553931e-11   -4.465701e-17
   11   25    9.689181e-18   -9.757098e-21
   11   26    6.781328e-26   -3.804192e-27
   12   22    2.479959e-14   -3.856563e-16
   12   23    4.929112e-07   -2.618371e-09
   12   24    2.544158e-03   -2.147154e-15
   12   25    2.260431e-05    7.082178e-16
   12   26    3.573363e-04    3.001126e-15
   12   27    5.706715e-12   -6.029791e-16
   12   28    8.298773e-19   -4.925856e-25
   12   29    1.337295e-29   -7.331032e-31
   13   23    9.639423e-30   -1.231106e-30
   13   24    2.893401e-20   -8.156265e-22
   13   25    6.249325e-14   -5.223165e-16
   13   26    2.682077e-11    1.788177e-14
   13   27    2.443994e-04    1.578147e-09
   13   28    2.131134e-10   -9.491091e-14
   13   29    5.822844e-15   -8.826204e-19
   13   30    3.807433e-22   -6.348403e-24
   13   31    4.995253e-30   -4.655943e-31
   14   25    1.253870e-24   -3.452547e-25
   14   26    7.365700e-13   -2.000612e-14
   14   27    1.093698e-07   -1.578146e-09
   14   28    3.362687e-04    9.728752e-14
   14   29    1.402907e-04    1.453322e-14
   14   30    1.026961e-04    1.072581e-12
   14   31    1.831711e-10   -1.154237e-15
   14   32    4.917281e-17    5.756212e-24
   14   33    2.396962e-25   -2.327887e-27
   15   28    1.691251e-21   -3.765620e-22
   15   29    9.777206e-13   -1.431439e-14
   15   30    2.680168e-09   -1.072047e-12
   15   31    2.837876e-07    1.658318e-10
   15   32    2.310610e-12   -1.035006e-19
   15   33    1.610211e-12   -3.108078e-20
   15   34    6.878434e-19   -3.329677e-21
   15   35    3.089408e-25   -3.912026e-28
   16   29    3.200034e-27   -1.027199e-27
   16   30    9.649782e-15   -4.908834e-16
   16   31    7.127567e-09   -1.658307e-10
   16   32    3.403554e-05    3.083200e-18
   16   33    5.307118e-07    2.691819e-16
   16   34    1.115689e-08    3.154629e-10
   16   35    4.650819e-14    2.102015e-21
   16   36    5.359365e-17    4.477010e-25
   16   37    2.026612e-25   -4.025906e-29
   17   32    1.823349e-22   -3.761432e-23
   17   33    1.113917e-14   -2.663911e-16
   17   34    1.579868e-08   -3.154629e-10
   17   35    2.446934e-08    3.829790e-10
   17   36    1.665496e-13    4.340969e-21
   17   37    3.385315e-13    1.474632e-17
   17   38    3.515384e-19   -9.446307e-24
   17   39    1.092688e-24   -1.946399e-29
   18   34    4.168852e-18   -2.964948e-19
   18   35    1.135669e-08   -3.829790e-10
   18   36    8.192188e-08   -6.140989e-21
   18   37    7.426741e-10   -1.473838e-17
   18   38    1.131998e-11    6.836110e-14
   18   39    4.100551e-16    7.743212e-25
   18   40    9.048342e-19    2.784529e-27
   18   41    2.815566e-24   -2.561657e-29
   18   42    3.955082e-26    4.978907e-36
   19   36    1.032974e-23   -1.768636e-24
   19   37    8.986429e-21   -2.647214e-22
   19   38    5.006708e-11   -6.836110e-14
   19   39    3.114780e-10    1.815965e-13
   19   40    1.351183e-14    6.498738e-23
   19   41    3.220955e-14    1.836370e-22
   19   42    9.621247e-19   -1.285370e-24
   19   43    3.644776e-23   -2.671729e-29
   19   44    5.546124e-28   -2.498630e-32
   20   38    8.088471e-22   -1.105971e-22
   20   39    2.601736e-12   -1.815965e-13
   20   40    3.640563e-08   -4.307957e-21
   20   41    1.019895e-09    6.687755e-22
   20   42    1.124171e-11    7.006759e-16
   20   43    2.710651e-14    8.775505e-18
   20   44    5.730886e-16    1.755378e-19
   20   45    2.735743e-19   -1.024565e-27
   20   46    4.021783e-21    2.659291e-25
   20   47    6.469798e-26   -9.517208e-33
   20   48    4.311549e-30    5.835672e-40
   21   41    7.570971e-25   -7.639008e-26
   21   42    7.893500e-15   -7.006754e-16
   21   43    2.047286e-12   -5.007465e-18
   21   44    4.570721e-14   -1.738475e-19
   21   45    7.458067e-14    2.340447e-17
   21   46    3.207262e-17   -4.134457e-25
   21   47    2.028955e-19   -4.205141e-26
   21   48    2.352835e-23   -8.895232e-30
   21   49    4.727448e-26   -8.268375e-31
   22   42    3.514828e-30   -1.054909e-30
   22   43    3.138657e-17   -3.768038e-18
   22   44    4.168295e-11   -1.740142e-21
   22   45    4.323211e-12   -2.340441e-17
   22   46    1.030449e-11    9.846423e-17
   22   47    3.230443e-13    2.015810e-16
   22   48    3.123148e-14    3.176451e-20
   22   49    1.273401e-16    1.165371e-21
   22   50    4.404397e-19    7.059275e-29
   22   51    8.535207e-24   -1.472196e-27
   22   52    2.134156e-28   -1.255928e-31
   23   45    9.058863e-23   -1.359430e-23
   23   46    6.927194e-16   -9.846423e-17
   23   47    6.568629e-12   -1.968397e-16
   23   48    7.297070e-13    1.823730e-18
   23   49    5.534250e-13    9.986274e-17
   23   50    4.942472e-16    5.444445e-25
   23   51    1.703457e-15    4.518310e-20
   23   52    8.031263e-19   -2.142606e-22
   23   53    8.116387e-23   -5.074964e-26
   23   54    3.172157e-28   -3.823472e-31
   24   46    1.182482e-26   -2.730007e-27
   24   47    3.633373e-17   -4.741267e-18
   24   48    2.403640e-12   -1.855492e-18
   24   49    4.192431e-12   -9.986391e-17
   24   50    1.705931e-11    4.367087e-17
   24   51    1.801447e-12    1.776864e-16
   24   52    6.417378e-13    1.276156e-18
   24   53    9.717664e-16    3.432267e-25
   24   54    3.083478e-17    7.457575e-23
   24   55    7.127318e-22   -2.037238e-25
   24   56    4.163262e-26   -7.059359e-30
   25   49    4.707932e-25   -7.333066e-26
   25   50    3.354110e-16   -4.367088e-17
   25   51    8.207593e-12   -1.777073e-16
   25   52    4.061268e-12    6.970052e-19
   25   53    4.251984e-12    6.545956e-16
   25   54    3.350591e-14   -7.005944e-23
   25   55    5.928032e-14    2.357974e-19
   25   56    3.391722e-17   -2.191592e-22
   25   57    9.165872e-21   -6.113275e-24
   25   58    8.547616e-26   -1.710267e-27
   25   59    1.499394e-29   -1.956592e-31
   26   51    9.928411e-20   -2.432510e-20
   26   52    9.784989e-13   -1.972944e-18
   26   53    5.568170e-12   -6.545956e-16
   26   54    2.375521e-09    1.843944e-17
   26   55    3.344694e-10    3.829974e-16
   26   56    1.377765e-09    2.607896e-18
   26   57    5.314533e-12    6.478143e-18
   26   58    1.456814e-12    9.107977e-19
   26   59    1.559777e-16   -2.069438e-24
   26   60    9.404767e-19    5.641665e-29
   26   61    1.700441e-24   -2.834458e-28
   26   62    8.211157e-29   -7.248278e-32
   27   53    8.367672e-28   -1.943202e-28
   27   54    1.254493e-16   -1.844055e-17
   27   55    4.031240e-10   -3.832324e-16
   27   56    2.896704e-10    6.908293e-19
   27   57    2.529393e-09    1.194300e-16
   27   58    9.275759e-11   -9.076483e-19
   27   59    1.937934e-09    1.937807e-19
   27   60    2.327538e-12   -1.350250e-17
   27   61    6.187325e-15   -6.252270e-20
   27   62    5.173581e-19   -1.523994e-22
   27   63    5.112847e-22   -1.116019e-24
   27   64    9.050784e-30   -1.810845e-30
   28   55    1.182276e-21   -3.754927e-22
   28   56    2.860178e-11   -3.257844e-18
   28   57    2.718221e-10   -1.259103e-16
   28   58    6.815557e-07   -4.414100e-19
   28   59    3.826584e-07    2.241482e-15
   28   60    3.673570e-06    5.687197e-14
   28   61    8.728308e-08    6.192675e-13
   28   62    3.751071e-08    7.242771e-12
   28   63    2.450034e-11    2.296673e-20
   28   64    3.561588e-12    3.154892e-16
   28   65    9.157595e-17   -6.052771e-22
   28   66    2.188328e-18   -6.682754e-25
   28   67    4.904609e-24   -1.635585e-26
   28   68    8.021508e-28   -6.313968e-31
   29   57    1.684799e-30   -5.056978e-31
   29   58    6.314202e-19   -1.184438e-20
   29   59    3.062367e-12   -2.241749e-15
   29   60    1.307191e-09   -5.682048e-14
   29   61    1.262742e-07   -5.728296e-13
   29   62    7.051367e-08   -7.070672e-12
   29   63    7.902861e-08    1.898446e-12
   29   64    5.860865e-10   -6.231522e-16
   29   65    3.378305e-09    2.072644e-15
   29   66    2.003378e-12   -3.929882e-16
   29   67    1.424546e-14   -3.833257e-21
   29   68    3.767199e-19   -7.664294e-22
   29   69    5.344111e-22   -1.782153e-25
   29   70    3.302438e-28   -2.711214e-30
   30   59    4.284391e-30   -1.224638e-30
   30   60    9.379017e-14   -3.909630e-17
   30   61    6.962326e-11   -4.643613e-14
   30   62    9.423666e-08   -1.720984e-13
   30   63    7.229855e-08   -1.898446e-12
   30   64    6.125628e-06    2.518796e-15
   30   65    7.276510e-07    2.127762e-13
   30   66    1.386245e-06    6.916428e-14
   30   67    3.423226e-09    1.017372e-13
   30   68    8.919362e-10    1.519534e-13
   30   69    6.836275e-14   -1.145607e-18
   30   70    1.969637e-13    5.253640e-15
   30   71    4.118800e-19   -8.334272e-23
   30   72    6.509174e-22   -2.331110e-28
   30   73    1.244869e-27   -3.179692e-30
   31   62    2.399327e-24   -1.241259e-24
   31   63    2.133391e-16   -4.078343e-19
   31   64    5.806481e-12   -2.217007e-15
   31   65    3.221262e-09   -2.147015e-13
   31   66    3.876748e-08   -5.619462e-14
   31   67    4.777213e-07    6.330861e-13
   31   68    1.037388e-08   -1.470100e-13
   31   69    2.582243e-08    1.380261e-13
   31   70    1.110125e-10   -1.050470e-14
   31   71    6.361231e-12    2.887549e-15
   31   72    1.290308e-15   -1.511851e-21
   31   73    1.562015e-17   -5.358797e-23
   31   74    1.094565e-21   -1.361121e-25
   31   75    9.066353e-24   -4.319231e-27
   31   76    2.316086e-29   -5.129944e-32
   32   64    2.011402e-16   -1.886517e-19
   32   65    7.422674e-14   -1.437281e-16
   32   66    1.734529e-09   -1.257466e-14
   32   67    1.373513e-08   -7.348244e-13
   32   68    2.048407e-06   -4.935321e-15
   32   69    3.228412e-07   -1.361429e-13
   32   70    3.573487e-06    2.974398e-14
   32   71    4.655128e-08    2.428687e-14
   32   72    2.263901e-08    1.278112e-14
   32   73    4.426870e-11    3.484427e-16
   32   74    3.021746e-11    4.822572e-17
   32   75    9.038797e-15   -5.541808e-20
   32   76    4.203770e-16    1.679939e-18
   32   77    1.168013e-20   -1.532313e-25
   32   78    1.445195e-22   -1.642984e-27
   32   79    5.962211e-28   -1.883619e-30
   32   80    1.423210e-30   -2.895952e-33
   33   66    4.560809e-28   -2.850164e-28
   33   67    9.160141e-20   -1.293754e-22
   33   68    3.183911e-14   -1.258998e-17
   33   69    2.835412e-11   -1.877568e-15
   33   70    1.297726e-09   -2.389974e-14
   33   71    1.042818e-07    5.475377e-14
   33   72    1.992863e-08    2.695658e-15
   33   73    4.026959e-08    1.286855e-13
   33   74    1.233441e-09   -6.344753e-17
   33   75    4.027230e-10    6.196953e-16
   33   76    2.606229e-12   -3.321895e-18
   33   77    1.799437e-13   -7.731530e-20
   33   78    4.706178e-17   -5.227916e-22
   33   79    7.664303e-18   -9.350859e-22
   33   80    5.293232e-22   -2.090345e-24
   33   81    4.487004e-23   -7.921780e-26
   33   82    6.834529e-29   -2.930254e-31
   34   68    2.486661e-19   -1.554850e-22
   34   69    4.670103e-16   -1.023096e-18
   34   70    2.450708e-11   -5.965398e-16
   34   71    3.881448e-10   -8.192368e-14
   34   72    1.893389e-07   -1.547707e-14
   34   73    4.666711e-08   -1.289897e-13
   34   74    5.982375e-07    1.853443e-15
   34   75    1.070191e-07    3.181659e-14
   34   76    2.483049e-07    1.946244e-14
   34   77    5.183327e-09    4.522095e-14
   34   78    3.713790e-09    1.953593e-12
   34   79    1.119413e-11    5.832686e-21
   34   80    8.250076e-12    3.674906e-15
   34   81    4.364193e-15   -9.420290e-20
   34   82    1.655985e-15    6.035047e-18
   34   83    1.869926e-20   -9.436702e-25
   34   84    8.690006e-22   -2.804466e-25
   34   85    1.684084e-29   -3.059371e-32
   35   71    1.185935e-23   -3.310636e-26
   35   72    6.125284e-17   -4.713787e-20
   35   73    1.440609e-13   -4.366423e-17
   35   74    5.475284e-11   -1.818811e-15
   35   75    3.112366e-09   -3.071141e-14
   35   76    1.867319e-08   -1.171578e-14
   35   77    1.545926e-07    7.387037e-14
   35   78    1.261468e-08   -1.953591e-12
   35   79    2.037260e-08    8.120101e-14
   35   80    1.134253e-09   -6.279820e-14
   35   81    7.415806e-10    1.052548e-19
   35   82    1.277679e-11   -2.038214e-17
   35   83    1.835046e-11   -1.274899e-16
   35   84    6.187610e-15   -2.537927e-19
   35   85    5.404936e-15   -1.884081e-18
   35   86    1.337433e-21   -1.485623e-24
   35   87    2.221958e-27   -2.447263e-30
   36   72    1.620308e-22   -5.721234e-25
   36   73    4.255724e-18   -9.825230e-21
   36   74    2.419627e-13   -2.104972e-17
   36   75    7.752180e-12   -1.723473e-15
   36   76    6.781311e-09   -7.744887e-15
   36   77    8.856526e-09   -1.190898e-13
   36   78    3.776720e-07    7.948298e-17
   36   79    1.699615e-07   -6.043073e-14
   36   80    4.552362e-07    4.956966e-12
   36   81    5.846924e-08    1.768792e-13
   36   82    7.112957e-08    6.826138e-14
   36   83    2.660829e-09    9.216924e-16
   36   84    4.960620e-09    4.156647e-16
   36   85    2.178242e-11    1.885518e-18
   36   86    4.930827e-11    4.406154e-16
   36   87    1.108134e-16   -1.451963e-21
   36   88    3.021520e-21   -1.771914e-26
   36   89    5.856556e-28   -1.838717e-31
   37   75    3.261792e-24   -1.151716e-26
   37   76    4.858435e-18   -7.555258e-21
   37   77    9.347494e-15   -2.397318e-18
   37   78    4.910966e-13   -7.830031e-17
   37   79    4.775008e-10   -2.074668e-14
   37   80    2.447842e-09   -4.895846e-12
   37   81    4.858459e-08   -1.577161e-13
   37   82    2.578700e-08   -6.739874e-14
   37   83    9.851962e-08    1.071577e-14
   37   84    1.961095e-08   -4.149461e-16
   37   85    4.835431e-08    7.590753e-16
   37   86    1.181611e-08   -8.771160e-16
   37   87    2.777353e-08    8.086187e-20
   37   88    6.526144e-13   -3.665867e-17
   37   89    1.027710e-16   -6.763330e-21
   37   90    4.523314e-22   -1.773585e-25
   37   91    5.441886e-27   -5.631354e-30
   38   76    9.088267e-25   -1.091078e-26
   38   77    8.147505e-20   -5.434055e-22
   38   78    2.986115e-15   -3.584907e-18
   38   79    5.385906e-14   -2.342725e-17
   38   80    2.155066e-10   -1.996312e-15
   38   81    4.252237e-10   -1.916269e-14
   38   82    3.111641e-08   -8.103488e-16
   38   83    2.236678e-08   -1.036294e-14
   38   84    1.635550e-07    6.558881e-14
   38   85    7.089875e-08    1.662521e-14
   38   86    1.409527e-07    1.090969e-14
   38   87    7.343472e-08    8.419095e-15
   38   88    1.749569e-07    3.552702e-16
   38   89    1.281478e-11   -1.229109e-19
   38   90    2.730795e-14    6.820551e-24
   38   91    2.816936e-19   -4.850947e-25
   38   92    2.054298e-23   -1.262342e-28
   38   93    2.635087e-29   -3.557398e-33
   39   79    1.119778e-24   -3.360821e-26
   39   80    1.272689e-21   -2.259209e-24
   39   81    7.109851e-18   -5.927427e-21
   39   82    5.977975e-15   -3.777167e-17
   39   83    3.268539e-12   -1.146966e-15
   39   84    5.026302e-12   -6.551924e-14
   39   85    2.814965e-09   -1.731628e-14
   39   86    9.258007e-09   -9.590285e-15
   39   87    4.054590e-08    6.071651e-15
   39   88    4.882486e-08   -1.871460e-16
   39   89    3.761424e-07    3.816349e-15
   39   90    2.354851e-10   -6.071878e-17
   39   91    1.677257e-12   -1.904798e-20
   39   92    2.177934e-16   -1.023977e-21
   39   93    1.863886e-19   -3.035728e-25
   39   94    9.942192e-24   -5.315071e-28
   39   95    6.909767e-28   -6.708407e-32
   40   80    1.678913e-26   -1.007792e-27
   40   81    5.315295e-24   -5.407742e-26
   40   82    7.535181e-18   -7.935288e-22
   40   83    2.746298e-16   -3.925012e-19
   40   84    3.501673e-13   -7.006404e-17
   40   85    5.360156e-13   -6.788023e-17
   40   86    8.732817e-10   -8.824702e-16
   40   87    1.390512e-09   -1.448877e-14
   40   88    1.577887e-08   -7.060692e-17
   40   89    1.794085e-08   -2.270120e-15
   40   90    4.192585e-07    1.093844e-15
   40   91    1.632374e-09    5.442030e-19
   40   92    1.316008e-10    4.486757e-21
   40   93    7.287485e-14    1.470261e-22
   40   94    8.421897e-16    1.927113e-25
   40   95    1.407995e-19   -6.108436e-28
   40   96    2.542493e-22    1.852609e-31
   40   97    5.233930e-28   -4.538542e-34
   41   84    3.687637e-22   -1.844630e-24
   41   85    2.637068e-23   -1.147057e-26
   41   86    4.546186e-19   -3.243766e-22
   41   87    5.579862e-15   -2.146969e-18
   41   88    8.708808e-13   -6.085922e-17
   41   89    1.019719e-10   -1.535372e-15
   41   90    9.042497e-10   -1.013563e-15
   41   91    6.231677e-08    2.276592e-15
   41   92    2.371180e-09   -2.628226e-16
   41   93    8.566558e-10    1.556061e-20
   41   94    3.297038e-12    5.771405e-21
   41   95    1.713100e-13   -3.366971e-21
   41   96    1.655139e-16   -1.164449e-22
   41   97    1.284735e-18   -1.784983e-23
   41   98    1.389792e-23   -2.876671e-25
   41   99    1.738403e-27   -6.956619e-30
   42   86    4.115715e-23   -4.941057e-25
   42   87    1.899800e-20   -7.810866e-23
   42   88    5.595146e-16   -6.826382e-20
   42   89    2.224433e-14   -1.035072e-17
   42   90    6.559464e-12   -1.918767e-17
   42   91    3.527929e-11   -2.277075e-15
   42   92    1.392839e-08    2.654297e-16
   42   93    1.747828e-09    1.589161e-16
   42   94    2.639098e-09    8.980203e-17
   42   95    3.052286e-11    1.624216e-16
   42   96    1.894821e-11    2.815494e-18
   42   97    1.739994e-14    6.471315e-23
   42   98    1.235430e-15    3.924948e-25
   42   99    4.071801e-20   -8.418111e-27
   42  100    4.762462e-18    1.338412e-19
   42  101    2.941131e-24   -1.967803e-28
   42  102    4.113194e-28   -3.740375e-32
   43   89    2.553895e-27   -1.533013e-29
   43   90    9.320945e-23   -7.081357e-25
   43   91    2.883989e-17   -9.188484e-21
   43   92    1.019172e-14   -2.317159e-18
   43   93    2.572983e-11   -1.588123e-16
   43   94    2.638816e-11   -6.704321e-17
   43   95    1.948020e-10   -1.433264e-16
   43   96    1.742466e-11   -3.091868e-18
   43   97    3.861387e-11    1.364824e-18
   43   98    1.933811e-13    5.137871e-22
   43   99    1.068247e-13    3.314743e-24
   43  100    3.522920e-17   -2.676813e-19
   43  101    2.251401e-18   -1.575087e-22
   43  102    6.446110e-23   -7.300574e-25
   43  103    8.326991e-25   -9.996753e-28
   43  104    2.042794e-29   -1.126154e-33
   43  105    6.378026e-28   -8.395788e-32
   44   90    6.237643e-27   -9.360549e-29
   44   91    1.304605e-23   -2.610349e-25
   44   92    6.010820e-19   -1.647534e-22
   44   93    8.432120e-17   -8.478300e-20
   44   94    1.178218e-12   -2.275553e-17
   44   95    1.888874e-12   -1.908712e-17
   44   96    2.285376e-11    2.848794e-19
   44   97    5.698102e-12   -1.099767e-18
   44   98    5.179098e-11    2.319592e-18
   44   99    1.361150e-12    5.589551e-20
   44  100    1.411535e-11    2.667581e-19
   44  101    1.914003e-14    5.071143e-21
   44  102    1.859602e-14    5.025283e-23
   44  103    3.352574e-18   -1.330765e-26
   44  104    2.923204e-17    8.502250e-19
   44  105    1.208594e-22   -4.055268e-28
   44  106    3.239788e-25    3.596056e-34
   44  107    2.449757e-30   -5.832275e-34
   45   93    8.868061e-30   -7.604571e-32
   45   94    7.959627e-24   -1.194472e-26
   45   95    3.874537e-18   -7.752458e-22
   45   96    5.849830e-17   -5.899093e-21
   45   97    1.166568e-14   -2.650814e-19
   45   98    8.115505e-15   -2.305012e-18
   45   99    1.282497e-12   -2.743848e-20
   45  100    1.658566e-13   -1.032765e-19
   45  101    8.440815e-12    3.261572e-19
   45  102    7.529062e-14    7.586116e-23
   45  103    4.570167e-13    5.543684e-20
   45  104    5.991429e-16   -1.700444e-18
   45  105    3.154317e-16   -1.486090e-22
   45  106    8.867855e-20   -1.786229e-22
   45  107    4.687656e-21   -2.161144e-25
   45  108    4.422597e-25   -1.580160e-27
   45  109    1.129549e-27   -8.475258e-31
   46   95    2.487459e-26   -1.066524e-28
   46   96    2.491678e-20   -1.246394e-23
   46   97    5.089158e-19   -1.642389e-22
   46   98    2.649505e-16   -1.472594e-20
   46   99    6.048749e-16   -2.827757e-20
   46  100    1.579292e-13   -2.965409e-20
   46  101    1.682086e-13   -3.303287e-19
   46  102    2.261410e-11    8.289649e-21
   46  103    1.353382e-12    1.138060e-18
   46  104    4.818011e-11    1.388707e-18
   46  105    2.495479e-13    1.112291e-19
   46  106    1.393196e-12    1.430245e-17
   46  107    7.517142e-16    5.477084e-24
   46  108    8.389094e-16    9.660022e-18
   46  109    7.637865e-20    2.258523e-27
   46  110    2.451972e-18    7.423972e-20
   46  111    4.697427e-24    4.453579e-30
   46  112    2.669537e-27    3.057853e-35
   47   97    5.363473e-29   -1.272525e-31
   47   98    3.768102e-27   -4.843363e-30
   47   99    6.212035e-23   -3.007158e-26
   47  100    1.958080e-21   -9.743686e-25
   47  101    9.080224e-18   -8.183925e-22
   47  102    1.086971e-16   -8.411049e-21
   47  103    7.837065e-14   -1.193146e-18
   47  104    3.726230e-14   -4.632872e-19
   47  105    6.587196e-12    8.052313e-20
   47  106    3.425305e-13   -1.430214e-17
   47  107    4.259667e-12    1.106154e-18
   47  108    2.288422e-14   -9.659945e-18
   47  109    3.502247e-14    1.246214e-21
   47  110    3.042488e-17   -7.423915e-20
   47  111    6.375250e-18    7.776343e-28
   47  112    1.968459e-21    7.942710e-29
   47  113    4.748402e-23    3.702503e-32
   47  114    1.701773e-27    3.340007e-34
   47  115    1.116984e-27    0.000000e+00
   48   99    9.499218e-30   -3.563786e-32
   48  100    1.897796e-25   -2.320131e-28
   48  101    6.791327e-24   -5.661927e-27
   48  102    1.035836e-19   -1.884164e-23
   48  103    1.718453e-18   -2.355088e-22
   48  104    4.349952e-15   -7.542285e-20
   48  105    1.062341e-14   -1.914950e-19
   48  106    2.076801e-12    2.366795e-23
   48  107    4.312332e-13   -1.091543e-18
   48  108    5.181910e-11    1.457450e-20
   48  109    8.296273e-13    2.142387e-18
   48  110    2.213083e-11    2.923662e-19
   48  111    5.068697e-14    1.701464e-18
   48  112    1.354831e-13    1.079797e-17
   48  113    5.473048e-17    5.296532e-25
   48  114    1.559122e-16    4.177462e-18
   48  115    2.949915e-21    3.913681e-28
   48  116    4.664219e-19    1.389273e-20
   48  117    8.886858e-25    7.532231e-31
   48  118    1.093191e-27    4.359804e-36
   49  103    5.460072e-28   -5.462456e-31
   49  104    3.973233e-25   -2.208328e-28
   49  105    1.054184e-20   -2.080176e-24
   49  106    2.522715e-19   -4.069039e-23
   49  107    4.750227e-16   -1.466741e-20
   49  108    8.642271e-16   -1.439769e-20
   49  109    5.398772e-13   -2.142722e-18
   49  110    8.594432e-14   -1.733781e-19
   49  111    6.868654e-12   -1.201126e-18
   49  112    1.615749e-13   -1.079779e-17
   49  113    1.103393e-12    5.439036e-21
   49  114    5.003787e-15   -4.177437e-18
   49  115    3.914123e-15    1.040231e-25
   49  116    3.263356e-18   -1.389265e-20
   49  117    3.959135e-19    8.944770e-29
   49  118    9.570993e-23    4.824138e-30
   49  119    1.747627e-24    2.086943e-33
   49  120    1.220921e-28    1.203502e-35
   49  121    1.494582e-27    0.000000e+00
   49  122    3.960706e-30    0.000000e+00
   50  105    2.269197e-28   -4.393934e-31
   50  106    3.129336e-23   -1.633410e-26
   50  107    6.370406e-22   -2.197658e-25
   50  108    5.244106e-18   -5.093623e-22
   50  109    1.079848e-17   -6.001795e-22
   50  110    2.935186e-14   -1.190783e-19
   50  111    1.765623e-14   -5.003972e-19
   50  112    1.161367e-11   -6.116774e-23
   50  113    9.041951e-13    3.646037e-23
   50  114    1.459163e-10    8.174948e-21
   50  115    1.874822e-12    8.319619e-19
   50  116    4.343323e-11    1.682101e-19
   50  117    6.765894e-14    1.359364e-18
   50  118    1.890532e-13    1.560928e-18
   50  119    6.820114e-17    1.412249e-20
   50  120    2.535468e-17    7.271722e-21
   50  121    2.735570e-21    2.644422e-29
   50  122    1.844069e-22    4.471004e-26
   50  123    6.953068e-27    1.186271e-34
   50  124    1.537839e-27    2.166216e-31
   50  125    4.669260e-30    0.000000e+00
   51  109    2.014948e-30   -7.114712e-33
   51  110    2.820077e-26   -7.359935e-29
   51  111    3.918270e-22   -3.136001e-25
   51  112    1.550792e-20   -1.811068e-23
   51  113    3.622058e-17   -5.432762e-21
   51  114    3.079601e-17   -8.827923e-21
   51  115    2.667314e-14   -8.313096e-19
   51  116    2.658225e-15   -1.603688e-19
   51  117    2.282514e-13   -1.351310e-18
   51  118    5.616854e-15   -1.213632e-18
   51  119    3.234608e-14    1.335637e-19
   51  120    1.154970e-16   -7.271104e-21
   51  121    1.824798e-16    1.367773e-20
   51  122    1.752904e-19   -4.250808e-26
   51  123    4.586805e-20    5.444700e-30
   51  124    1.876976e-23    1.798722e-31
   51  125    6.684405e-25    2.188504e-34
   51  126    7.704047e-29    2.891856e-36
   51  127    3.017991e-27    0.000000e+00
   51  128    6.469638e-30    0.000000e+00
   52  112    3.387496e-29   -1.694548e-32
   52  113    4.214640e-26   -2.480285e-29
   52  114    7.025620e-22   -4.624173e-26
   52  115    7.559814e-22   -1.303983e-25
   52  116    1.186654e-15   -7.946358e-21
   52  117    4.918610e-16   -7.936674e-21
   52  118    2.999216e-12   -3.473313e-19
   52  119    1.419866e-13   -1.380389e-19
   52  120    3.318430e-11    7.447340e-22
   52  121    3.303376e-13    1.235279e-18
   52  122    7.596890e-12    3.867715e-18
   52  123    1.725917e-14    2.392223e-18
   52  124    3.639060e-14    4.895083e-21
   52  125    2.275133e-17    1.935402e-21
   52  126    6.450024e-18    3.355636e-23
   52  127    1.222375e-21    1.336930e-29
   52  128    8.478868e-22    2.451382e-23
   52  129    6.195636e-27    7.905538e-34
   52  130    2.668045e-27    3.313211e-29
   52  131    6.574598e-30    0.000000e+00
   53  116    1.940288e-29   -4.002343e-31
   53  117    1.569632e-22   -7.073563e-26
   53  118    9.469899e-21   -6.861933e-25
   53  119    1.834729e-16   -9.609677e-21
   53  120    8.780698e-17    2.005639e-21
   53  121    1.587547e-13   -1.243133e-18
   53  122    1.403378e-14   -3.365025e-18
   53  123    1.903795e-12   -1.022772e-18
   53  124    2.942229e-14   -4.832909e-21
   53  125    1.654871e-13    1.628714e-18
   53  126    6.331879e-16   -3.000343e-23
   53  127    5.775411e-16    1.050530e-20
   53  128    6.123277e-19   -2.450696e-23
   53  129    9.159869e-20    8.382201e-30
   53  130    2.456080e-23   -3.259981e-29
   53  131    7.204670e-25    1.946001e-34
   53  132    6.618572e-29    1.937675e-36
   53  133    3.743893e-27    0.000000e+00
   53  134    1.420927e-29    0.000000e+00
   54  118    2.031516e-23   -5.348437e-27
   54  119    2.567585e-21   -4.428798e-25
   54  120    1.235520e-16   -3.090151e-21
   54  121    2.201671e-16   -5.492899e-21
   54  122    6.060046e-13   -5.027388e-19
   54  123    1.708340e-13   -1.369458e-18
   54  124    3.538342e-11   -5.704380e-22
   54  125    1.652730e-12   -1.630132e-18
   54  126    5.497110e-11   -5.226101e-22
   54  127    5.495627e-13   -9.935630e-21
   54  128    2.399954e-12   -2.971469e-24
   54  129    5.908991e-15    1.455762e-23
   54  130    3.558136e-15    6.096712e-26
   54  131    2.193182e-18    1.094466e-26
   54  132    2.842630e-19    1.626650e-29
   54  133    5.316609e-23    3.728924e-31
   54  134    1.699956e-24    1.450016e-34
   54  135    1.344836e-28    1.031274e-36
   54  136    1.351746e-27    0.000000e+00
   55  121    8.040633e-25   -7.079791e-35
   55  122    1.090112e-22   -1.676208e-32
   55  123    2.536488e-18   -2.745563e-28
   55  124    6.829424e-18   -3.790769e-28
   55  125    9.462777e-15   -4.675279e-25
   55  126    3.367026e-15    2.135691e-25
   55  127    7.897560e-13   -3.123697e-23
   55  128    4.248714e-14    2.708701e-23
   55  129    7.643260e-13   -1.724235e-23
   55  130    9.017406e-15    2.139011e-23
   55  131    1.806225e-14    5.987770e-26
   55  132    5.415479e-17    3.346947e-25
   55  133    2.541131e-17    1.236336e-27
   55  134    3.326528e-20    2.583808e-28
   55  135    2.529111e-21    4.168371e-31
   55  136    1.364701e-24    1.140060e-32
   55  137    2.402235e-26    5.221158e-36
   56  122    6.545499e-25   -4.153352e-35
   56  123    3.918241e-23   -3.917564e-33
   56  124    3.360513e-18   -1.168627e-28
   56  125    9.014403e-18   -1.069415e-27
   56  126    1.497328e-13   -4.817605e-24
   56  127    9.140705e-14   -1.115071e-24
   56  128    4.037362e-11   -8.005687e-22
   56  129    4.924550e-12    5.224962e-22
   56  130    3.692940e-10   -5.248047e-21
   56  131    9.485020e-12    5.231522e-21
   56  132    9.042925e-11   -5.483949e-22
   56  133    6.697585e-13    8.373740e-22
   56  134    1.339532e-12    5.293067e-24
   56  135    3.074757e-15    6.082484e-24
   56  136    1.360536e-15    2.561392e-26
   56  137    1.376389e-18    2.586465e-27
   56  138    1.109371e-19    2.644543e-30
   56  139    8.799420e-27    1.225699e-32
   57  125    4.279006e-27   -5.339366e-37
   57  126    7.066543e-25   -1.309064e-34
   57  127    2.147357e-20   -2.983145e-30
   57  128    1.606487e-19   -2.597097e-29
   57  129    6.595691e-16   -5.088981e-26
   57  130    5.191716e-16   -3.928863e-26
   57  131    1.921806e-13   -1.145653e-23
   57  132    1.857969e-14    9.817914e-24
   57  133    1.909642e-12   -9.217167e-23
   57  134    9.135718e-14    8.862384e-23
   57  135    5.133941e-13   -8.953180e-24
   57  136    8.078102e-15    1.390602e-23
   57  137    6.847840e-15    1.776586e-25
   57  138    5.673541e-17    8.188175e-26
   57  139    1.384529e-17    6.283061e-28
   57  140    1.315763e-23    1.479752e-29
   57  141    1.629479e-28    3.450405e-35
   58  126    1.421714e-29   -3.487187e-40
   58  127    2.008471e-27   -3.331813e-37
   58  128    1.174786e-21   -7.384963e-32
   58  129    1.101638e-20   -1.450398e-30
   58  130    1.821156e-16   -7.928077e-27
   58  131    2.713191e-16   -2.490991e-26
   58  132    3.700606e-13   -1.259426e-23
   58  133    1.248435e-13    3.416689e-24
   58  134    2.483123e-11   -6.001163e-22
   58  135    2.731430e-12    5.026277e-22
   58  136    5.540408e-11   -5.604601e-22
   58  137    1.342473e-12    6.322283e-22
   58  138    1.246407e-11   -3.456387e-23
   58  139    1.568382e-13    6.856080e-23
   58  140    2.616553e-13    8.227377e-25
   58  141    8.653420e-19    1.103647e-25
   58  142    4.982808e-23    1.729852e-30
   58  143    8.546682e-29    3.597441e-35
   59  130    3.139046e-29   -7.196615e-39
   59  131    2.121998e-24   -2.716872e-34
   59  132    5.197412e-23   -1.073220e-32
   59  133    5.021525e-19   -5.044954e-29
   59  134    1.895252e-18   -3.310570e-28
   59  135    1.877169e-15   -1.682498e-25
   59  136    1.038410e-15    5.950595e-26
   59  137    2.186262e-13   -1.305564e-23
   59  138    2.524340e-14    1.124963e-23
   59  139    1.326299e-12   -4.058214e-23
   59  140    1.166790e-13    3.938885e-23
   59  141    5.593432e-13    8.391965e-25
   59  142    1.912575e-17    2.250680e-24
   59  143    4.078661e-21    1.846447e-28
   59  144    4.776522e-26    2.555355e-32
   59  145    1.548132e-29    0.000000e+00
   60  132    1.051615e-26   -8.093032e-37
   60  133    4.681566e-25   -6.857513e-35
   60  134    1.878494e-20   -1.211955e-30
   60  135    9.692107e-20   -1.365747e-29
   60  136    4.502895e-16   -2.270657e-26
   60  137    5.643462e-16   -2.449837e-26
   60  138    2.586458e-13   -1.015235e-23
   60  139    9.456746e-14    4.762347e-24
   60  140    8.662066e-12   -9.234050e-23
   60  141    1.332962e-12    7.545701e-23
   60  142    2.970096e-11   -2.480249e-23
   60  143    2.152979e-15    4.712545e-23
   60  144    2.787443e-18    1.625558e-26
   60  145    8.893610e-23    6.316689e-30
   60  146    1.995318e-26    6.366872e-34
   61  135    6.397287e-30   -3.742784e-40
   61  136    6.715339e-28   -1.750077e-37
   61  137    1.342221e-23   -2.054582e-33
   61  138    3.825233e-22   -9.372085e-32
   61  139    6.249275e-19   -8.094972e-29
   61  140    2.796089e-18   -2.995865e-28
   61  141    8.619368e-15   -5.639898e-25
   61  142    1.382675e-14   -2.098102e-25
   61  143    1.414738e-12   -1.766544e-23
   61  144    7.922803e-16    1.844646e-23
   61  145    4.012157e-18    2.518541e-26
   61  146    9.102283e-22    7.451054e-29
   61  147    1.247854e-24    6.610945e-32
   61  148    5.925601e-29    2.267725e-35
   61  149    8.592068e-26    0.000000e+00
   62  137    2.457309e-28   -4.334425e-38
   62  138    5.278613e-23   -4.335329e-33
   62  139    8.386560e-22   -1.210706e-31
   62  140    9.479517e-18   -7.923738e-28
   62  141    3.297801e-17   -2.888439e-27
   62  142    2.036299e-13   -6.105026e-24
   62  143    4.238348e-13   -1.005127e-23
   62  144    2.689929e-10   -1.174338e-21
   62  145    2.856885e-13    1.185204e-21
   62  146    3.764332e-14    5.137106e-24
   62  147    1.412217e-17    2.224624e-25
   62  148    1.004598e-18    3.208900e-28
   62  149    8.165186e-23    5.902211e-30
   62  150    1.492540e-25    1.381008e-33
   62  151    6.252563e-30    7.951182e-37
   62  152    9.768783e-27    1.291437e-41
   63  141    1.222266e-26   -2.067325e-36
   63  142    4.571633e-24   -7.953314e-34
   63  143    1.549033e-19   -1.578971e-29
   63  144    1.705824e-17   -1.653967e-27
   63  145    1.081577e-13   -3.520099e-24
   63  146    7.663657e-16    3.468515e-24
   63  147    9.584556e-18    5.605741e-26
   63  148    5.399101e-20    4.161570e-28
   63  149    1.634506e-17   -6.698107e-28
   63  150    6.213217e-21    6.765437e-28
   63  151    1.085389e-22    3.663062e-31
   63  152    3.545457e-26    3.868894e-33
   63  153    5.063689e-26    1.478322e-37
   63  154    4.430047e-30    1.430025e-42
   63  155    9.734009e-26    0.000000e+00
   64  141    1.191927e-29   -2.152086e-39
   64  142    1.227568e-24   -1.018502e-34
   64  143    2.593200e-22   -4.306541e-32
   64  144    3.245889e-17   -2.220705e-27
   64  145    1.493975e-15   -8.938524e-26
   64  146    4.570354e-11   -4.419536e-22
   64  147    6.361578e-13    4.174028e-22
   64  148    2.109006e-15    2.453069e-23
   64  149    3.633824e-16    8.325786e-27
   64  150    5.533438e-14   -7.814077e-25
   64  151    5.116178e-17    7.985661e-25
   64  152    3.375706e-17    1.766241e-27
   64  153    2.217714e-20    4.448958e-28
   64  154    4.401652e-21    9.128231e-31
   64  155    2.906749e-24    5.992304e-32
   64  156    5.805831e-26    9.535534e-35
   64  157    2.632715e-28    1.950607e-41
   64  158    3.957715e-26    0.000000e+00
   65  145    3.898545e-27   -1.001901e-36
   65  146    1.987839e-23   -4.500186e-33
   65  147    5.263526e-19   -3.511914e-29
   65  148    9.153159e-20    2.289048e-29
   65  149    1.964961e-23    1.134632e-29
   65  150    3.656120e-21    1.879049e-29
   65  151    1.052391e-18   -9.460726e-29
   65  152    6.292394e-21    7.929215e-29
   65  153    1.096823e-16   -8.076000e-27
   65  154    3.715259e-19    8.006074e-27
   65  155    9.492707e-19    2.380238e-29
   65  156    2.397379e-21    4.691690e-29
   65  157    2.294479e-22    2.147836e-31
   65  158    2.667044e-25    8.058337e-33
   65  159    1.357744e-26    1.666040e-35
   65  160    1.395652e-28    2.690493e-43
   65  161    4.896697e-27    0.000000e+00
   66  146    5.235891e-28   -3.940514e-38
   66  147    1.022950e-24   -9.261885e-35
   66  148    3.466951e-18   -7.400925e-29
   66  149    3.605667e-19    4.753272e-29
   66  150    2.337295e-24    2.558761e-29
   66  151    5.379274e-24   -1.011265e-31
   66  152    2.819067e-17   -5.979492e-27
   66  153    1.783169e-17   -2.004400e-27
   66  154    1.153292e-13   -3.449632e-24
   66  155    7.607379e-16    3.394568e-24
   66  156    1.664652e-14   -3.876494e-25
   66  157    8.165962e-17    4.406770e-25
   66  158    3.030329e-17    4.010292e-27
   66  159    6.233912e-20    7.033108e-28
   66  160    2.473978e-21    2.244994e-30
   66  161    1.491346e-24    3.445827e-32
   66  162    6.178157e-27    3.314672e-35
   66  163    3.529854e-29    2.017870e-43
   67  149    9.961642e-29   -4.431439e-38
   67  150    2.070030e-30   -3.783050e-41
   67  153    2.657430e-23    1.324893e-31
   67  154    4.279793e-21   -2.002284e-29
   67  155    1.285919e-17   -1.308939e-27
   67  156    1.775642e-19    1.286770e-27
   67  157    3.091344e-15   -2.675465e-25
   67  158    3.760498e-17    2.632404e-25
   67  159    2.608966e-16   -1.335773e-26
   67  160    1.019917e-18    1.784477e-26
   67  161    3.118936e-19    8.907927e-29
   67  162    4.261178e-22    1.538793e-29
   67  163    1.329845e-23    3.173458e-32
   67  164    9.531744e-27    4.817090e-34
   67  165    2.036754e-27    1.298611e-40
   67  166    2.043088e-29    0.000000e+00
   68  150    1.180991e-28   -3.654586e-42
   68  154    7.319993e-28   -5.714988e-36
   68  155    9.580202e-23   -1.039721e-31
   68  156    4.211596e-16   -1.355510e-26
   68  157    1.264464e-16   -7.103076e-27
   68  158    1.593863e-12   -1.047702e-22
   68  159    3.995506e-14    1.014762e-22
   68  160    3.162739e-13   -7.809950e-24
   68  161    3.945690e-15    1.087040e-23
   68  162    2.753394e-15    1.714542e-25
   68  163    1.055675e-17    6.982400e-26
   68  164    1.003826e-18    4.558892e-28
   68  165    1.289028e-21    1.971081e-29
   68  166    2.139378e-23    4.028943e-32
   68  167    7.356949e-27    2.255718e-34
   68  168    3.759807e-28    2.089616e-41
   69  156    2.974574e-26   -6.747068e-36
   69  157    4.423906e-22   -2.412695e-31
   69  158    9.189929e-19   -1.002940e-28
   69  159    6.331354e-18   -7.815046e-28
   69  160    2.127202e-18    6.420527e-28
   69  161    2.450487e-15   -1.857180e-25
   69  162    5.804065e-17    1.813343e-25
   69  163    1.529070e-15   -8.897444e-26
   69  164    9.951049e-18    9.236182e-26
   69  165    7.819586e-18    1.019347e-27
   69  166    2.165894e-20    3.405875e-28
   69  167    4.629210e-21    1.347150e-30
   69  168    6.291400e-24    1.304697e-31
   69  169    4.591990e-26    3.005398e-34
   69  170    3.018873e-29    4.132149e-41
   69  171    7.116061e-28    0.000000e+00
   70  157    6.335476e-26   -3.367378e-37
   70  158    5.946087e-26   -3.409083e-36
   70  159    2.033623e-23   -3.789656e-33
   70  160    3.694592e-17   -2.457665e-27
   70  161    9.624829e-17   -7.170154e-27
   70  162    6.275744e-14   -3.690998e-24
   70  163    4.535368e-15    3.324830e-24
   70  164    2.503038e-13   -1.109545e-23
   70  165    6.306615e-15    1.103459e-23
   70  166    9.867971e-15    1.256324e-25
   70  167    8.470235e-17    3.059409e-25
   70  168    2.137500e-17    3.818688e-27
   70  169    5.509696e-20    4.638090e-28
   70  170    1.327780e-21    1.909618e-30
   70  171    1.035701e-24    1.938436e-32
   70  172    3.416175e-27    1.838818e-35
   70  173    1.254883e-29    3.559298e-43
   71  161    1.013841e-25   -1.122760e-35
   71  162    1.220990e-25   -1.023477e-35
   71  163    8.938413e-21   -8.273524e-31
   71  164    2.584556e-21    4.348708e-31
   71  165    1.321273e-18   -1.094899e-28
   71  166    6.333880e-20    1.038682e-28
   71  167    1.611452e-16   -1.575360e-26
   71  168    4.158119e-18    1.541624e-26
   71  169    1.664986e-17   -5.208731e-28
   71  170    7.091715e-20    8.597276e-28
   71  171    7.113994e-19   -2.386680e-29
   71  172    1.499022e-21    2.821022e-29
   71  173    2.508995e-23    7.415464e-32
   71  174    1.719698e-26    7.442819e-34
   71  175    5.860841e-27    0.000000e+00
   72  161    9.148019e-30   -1.398818e-40
   72  163    1.154293e-28   -2.459425e-38
   72  164    7.217843e-22   -5.380021e-32
   72  165    9.653825e-22   -4.485386e-32
   72  166    5.000492e-17   -3.259382e-27
   72  167    8.466543e-18    2.522523e-27
   72  168    2.956638e-15   -1.528915e-25
   72  169    1.399288e-16    1.439955e-25
   72  170    1.544400e-15   -4.986015e-26
   72  171    2.479091e-17    5.811789e-26
   72  172    1.395282e-17    9.765821e-28
   72  173    7.212806e-20    3.847592e-28
   72  174    1.941944e-20    2.276970e-30
   72  175    2.482601e-23    3.577593e-31
   72  176    2.375395e-25    7.030734e-34
   72  177    6.381395e-29    2.709956e-36
   73  167    1.047568e-25   -1.222009e-35
   73  168    2.104967e-26    9.844780e-36
   73  169    1.010764e-22   -8.716902e-33
   73  170    1.334679e-22   -2.544546e-33
   73  171    1.562178e-19   -1.459761e-29
   73  172    2.322574e-21    1.441316e-29
   73  173    1.227936e-18   -9.937375e-29
   73  174    3.225387e-21    9.934328e-29
   73  175    9.406465e-18   -3.951361e-28
   73  176    1.796288e-20    3.936320e-28
   73  177    9.000990e-22    1.716520e-30
   73  178    7.617895e-26    1.050833e-32
   73  179    8.910017e-26    2.410682e-40
   73  180    1.162540e-29    4.484155e-44
   74  169    5.240137e-27   -7.181471e-37
   74  170    8.543115e-23   -6.023903e-33
   74  171    4.236625e-22   -4.209972e-32
   74  172    8.685230e-19   -4.917458e-29
   74  173    1.968121e-19    2.924638e-29
   74  174    2.143484e-17   -9.857064e-28
   74  175    8.660394e-19    9.534550e-28
   74  176    2.427713e-17   -8.024195e-28
   74  177    1.791057e-19    8.393155e-28
   74  178    9.291053e-19   -6.243865e-30
   74  179    2.724466e-21    2.137126e-29
   74  180    1.739104e-22    1.087436e-31
   74  181    1.808139e-25    2.688137e-33
   74  182    1.592489e-26    5.725381e-36
   75  173    3.687800e-26   -3.402672e-36
   75  174    3.757794e-25   -4.234888e-35
   75  175    4.424405e-22   -3.247007e-32
   75  176    8.201004e-23    2.227416e-32
   75  177    1.870605e-20   -1.563521e-30
   75  178    3.549481e-22    1.538097e-30
   75  179    1.955204e-20   -1.356330e-30
   75  180    1.904614e-22    1.373095e-30
   75  181    6.425933e-22   -7.211329e-33
   75  182    1.807929e-24    2.618632e-32
   75  183    1.323329e-25    1.262695e-34
   75  184    5.050341e-29    3.428181e-36
   75  185    3.614733e-27    0.000000e+00
   76  175    7.106315e-30   -9.771927e-40
   76  176    1.151589e-25   -1.845687e-35
   76  177    7.247126e-24   -6.202467e-34
   76  178    5.336346e-20   -2.866109e-30
   76  179    2.932171e-20    8.802463e-31
   76  180    1.019908e-17   -3.787873e-28
   76  181    2.624883e-19    3.659206e-28
   76  182    1.771385e-17   -4.476139e-28
   76  183    1.312120e-19    4.571668e-28
   76  184    4.536192e-20    5.495298e-30
   76  185    4.855543e-23    7.826002e-31
   76  186    3.857623e-25    1.283032e-33
   76  187    1.182361e-28    5.103989e-36
   77  180    8.379176e-27   -1.656150e-36
   77  181    1.811040e-22   -1.313493e-32
   77  182    7.210442e-23    4.974410e-33
   77  183    1.821699e-20   -1.129278e-30
   77  184    3.328128e-22    1.106835e-30
   77  185    3.752040e-21   -1.436638e-31
   77  186    6.200718e-24    1.745843e-31
   77  187    9.175681e-25    4.973776e-34
   77  188    1.045721e-27    3.319659e-35
   77  189    2.951516e-26    1.549724e-40
   77  190    3.066244e-30    5.955518e-45
   78  182    2.341332e-27   -8.492904e-37
   78  183    7.310434e-25   -7.070011e-35
   78  184    2.784919e-20   -1.401752e-30
   78  185    2.298862e-20   -2.973335e-31
   78  186    3.354445e-18   -1.078544e-28
   78  187    1.521569e-20    1.075246e-28
   78  188    7.755317e-20   -1.864673e-30
   78  189    2.636076e-22    2.567046e-30
   78  190    2.435954e-23    1.280690e-32
   78  191    2.818767e-26    4.888294e-34
   78  192    2.446091e-26    2.502517e-39
   78  193    2.420066e-28    8.968310e-44
   79  185    5.566092e-29   -1.625732e-38
   79  186    3.135506e-26   -2.349867e-35
   79  187    1.252072e-22   -9.851654e-33
   79  188    2.124215e-24    8.276490e-33
   79  189    1.035651e-21   -6.561158e-32
   79  190    1.801615e-23    6.454456e-32
   79  191    1.809550e-22   -6.666064e-33
   79  192    5.963526e-25    7.829638e-33
   79  193    1.052664e-25    3.473218e-35
   79  194    1.948544e-28    3.354201e-36
   79  195    3.994287e-26    1.147944e-41
   79  196    2.701477e-28    0.000000e+00
   80  186    1.576759e-30   -3.976184e-44
   80  187    1.114807e-28   -3.319885e-38
   80  188    3.681352e-21   -1.899260e-31
   80  189    2.458990e-20   -1.495214e-30
   80  190    2.069814e-17   -8.110908e-28
   80  191    7.401789e-19    7.491508e-28
   80  192    1.094216e-17   -2.317248e-28
   80  193    1.296416e-19    2.890611e-28
   80  194    7.481071e-20    5.373742e-30
   80  195    2.926132e-22    1.336287e-30
   80  196    3.090440e-23    8.209506e-33
   80  197    4.872443e-26    2.775484e-34
   80  198    1.040626e-26    1.279957e-39
   80  199    2.167025e-28    2.690493e-43
   81  189    7.048589e-26   -5.307495e-36
   81  190    2.396111e-25   -2.557623e-35
   81  191    2.064244e-21   -1.373278e-31
   81  192    6.222972e-22    7.445450e-32
   81  193    1.697007e-20   -8.184089e-31
   81  194    1.449098e-21    7.872088e-31
   81  195    2.308890e-20   -6.953179e-31
   81  196    3.904984e-22    7.691846e-31
   81  197    1.016648e-22    1.847026e-32
   81  198    6.344285e-25    2.145316e-33
   81  199    5.828922e-26    2.323391e-35
   81  200    4.784832e-28    8.968310e-44
   81  201    1.046912e-26    4.304789e-42
   81  202    3.663588e-28    0.000000e+00
   82  191    1.756982e-29   -1.338394e-39
   82  192    2.099968e-24   -9.156440e-35
   82  193    1.200598e-23   -8.527286e-34
   82  194    7.642750e-19   -2.308285e-29
   82  195    1.202142e-19    1.613296e-29
   82  196    2.482854e-17   -4.178005e-28
   82  197    7.957353e-19    3.978674e-28
   82  198    1.965325e-18    7.230711e-30
   82  199    1.540511e-20    1.884085e-29
   82  200    1.136322e-20    2.790357e-31
   82  201    5.444058e-23    6.345750e-32
   82  202    4.883241e-24    4.936459e-34
   82  203    9.059127e-27    1.271697e-35
   83  196    4.091087e-30   -7.440895e-43
   83  197    5.872175e-26   -9.527933e-40
   83  198    5.298818e-27   -4.864411e-40
   83  199    6.090688e-26   -1.033149e-40
   83  200    2.836146e-27   -2.547000e-41
   83  201    4.364364e-26   -5.165747e-41
   83  202    4.943756e-28   -8.968310e-43
   83  203    2.783625e-26    0.000000e+00
   83  204    4.355958e-28    0.000000e+00
   83  205    6.771279e-27    0.000000e+00
    0    1    7.652691e-23   -1.781332e-23
    1    1    9.576040e-19   -2.292259e-19
    2    4    7.619840e-12   -2.959717e-15
