2.0000e+01
6.3112e-01
5.0502e-01
4.5482e+03
    1    3    3.089930e-24   -4.485012e-30
    2    3    1.336918e-23   -3.578906e-31
    3    6    4.545495e-26   -1.642825e-35
    3    7    4.445571e-28    4.481635e-30
    4    7    2.201837e-29    3.613432e-31
    4    8    4.643808e-17    3.490093e-29
    4   10    2.874282e-28   -8.905936e-39
    5   10    6.552050e-24   -1.922693e-31
    5   11    2.589681e-17    3.787880e-19
    6   11    1.058798e-15   -3.787898e-19
    6   12    7.666947e-04   -6.505213e-19
    6   13    1.930092e-10   -3.423174e-19
    6   14    2.566518e-12   -5.471186e-24
    7   13    3.269415e-22    2.325850e-23
    7   14    6.027313e-13    1.183851e-16
    7   15    1.005667e-11    1.442798e-19
    7   16    2.299832e-25   -1.410570e-26
    8   14    1.910296e-14   -1.178812e-16
    8   15    4.014745e-17   -1.441952e-19
    8   16    4.583180e-02    0.000000e+00
    8   17    1.112858e-09   -7.539544e-21
    8   18    3.124660e-10    4.427493e-18
    8   19    5.767507e-19   -9.310143e-21
    8   20    2.233840e-26   -7.238669e-28
    9   17    1.408080e-20   -4.834895e-23
    9   18    6.662789e-14   -4.428280e-18
    9   19    7.658676e-14    9.945081e-21
    9   20    1.237916e-18   -4.850750e-20
    9   21    2.005310e-22   -2.108762e-23
    9   22    5.691348e-30   -5.885927e-31
   10   18    1.909993e-28   -5.003194e-29
   10   19    2.499140e-20   -6.348893e-22
   10   20    8.355095e-03    0.000000e+00
   10   21    2.959428e-05    4.400604e-15
   10   22    3.608505e-06    2.460631e-19
   10   23    2.714345e-12   -3.191988e-14
   10   24    4.393379e-18   -9.477014e-21
   11   21    2.261835e-13   -4.401498e-15
   11   22    7.077700e-11   -3.772378e-19
   11   23    1.469950e-04    1.854376e-09
   11   24    7.165388e-09   -5.820161e-14
   11   25    1.166797e-13   -8.564236e-16
   11   26    5.337430e-24   -2.182161e-24
   12   22    4.105523e-26   -4.652866e-27
   12   23    4.789957e-08   -1.854344e-09
   12   24    2.014035e-03    5.820257e-14
   12   25    4.439222e-04    1.154838e-15
   12   26    2.619278e-04    4.767654e-09
   12   27    4.533016e-10   -3.493687e-13
   12   28    7.916822e-15   -4.602773e-20
   12   29    1.164767e-28   -4.674676e-29
   13   24    1.414692e-22   -2.988412e-23
   13   25    4.893712e-15   -2.981627e-16
   13   26    1.357403e-04   -4.767654e-09
   13   27    2.041261e-04    1.415159e-08
   13   28    5.329496e-08   -1.730069e-10
   13   29    2.453786e-12   -2.710692e-15
   13   30    3.027919e-19   -3.679415e-20
   13   31    2.234694e-30   -1.518005e-30
   14   26    2.474361e-18   -4.897879e-19
   14   27    1.345701e-07   -1.415124e-08
   14   28    2.362049e-04    1.730069e-10
   14   29    6.538267e-05    3.653341e-15
   14   30    2.854771e-05    5.685079e-10
   14   31    3.760630e-09   -1.744191e-13
   14   32    6.346017e-14   -8.476670e-24
   14   33    4.480209e-22   -3.171391e-23
   14   34    3.673094e-29   -5.800854e-30
   15   28    1.952161e-27    3.688635e-28
   15   29    8.834630e-15   -9.426333e-16
   15   30    1.949350e-07   -5.685079e-10
   15   31    2.105721e-06    5.940228e-13
   15   32    1.102867e-10   -3.904970e-17
   15   33    4.807304e-12   -9.619996e-19
   15   34    3.636769e-17   -1.283017e-18
   15   35    1.207645e-21   -1.114547e-23
   16   30    1.075347e-19   -3.986627e-20
   16   31    2.474682e-12   -4.196036e-13
   16   32    1.172733e-06    3.904991e-17
   16   33    2.147479e-08    1.061303e-18
   16   34    2.741726e-07    1.963894e-16
   16   35    2.168971e-11   -1.255033e-18
   16   36    5.368261e-15    1.130122e-26
   16   37    1.603120e-22   -2.337662e-25
   16   38    3.975683e-28   -1.707110e-32
   17   33    5.689842e-19   -9.916617e-20
   17   34    9.099472e-16   -1.951065e-16
   17   35    1.025462e-08    1.257705e-18
   17   36    2.220739e-12    2.884227e-24
   17   37    7.346607e-15    2.374752e-20
   17   38    1.554060e-19   -3.047508e-23
   17   39    8.179466e-24   -1.064940e-27
   17   40    6.069833e-29   -3.278171e-31
   18   34    2.405917e-28   -1.247032e-28
   18   35    1.056361e-20   -2.596162e-21
   18   36    8.452366e-10    2.067952e-25
   18   37    1.641555e-13   -2.374699e-20
   18   38    2.663282e-10    2.039000e-21
   18   39    2.184603e-14   -1.096864e-24
   18   40    5.641244e-15    3.881196e-28
   18   41    1.480982e-19   -9.834057e-24
   18   42    4.059345e-24   -1.680739e-33
   18   43    3.592869e-29   -4.878113e-32
   19   37    2.793863e-25   -6.594226e-26
   19   38    5.522433e-19   -2.008548e-21
   19   39    3.778182e-12    1.134142e-24
   19   40    1.004582e-15    1.332978e-27
   19   41    5.047759e-17    9.834133e-24
   19   42    1.821653e-19   -1.790889e-24
   19   43    3.545830e-17   -1.940881e-22
   19   44    4.138411e-21   -1.359154e-24
   19   45    4.483205e-25   -1.836348e-28
   19   46    6.686944e-30   -2.543706e-32
   20   39    1.253359e-29   -6.375522e-30
   20   40    2.865735e-14    1.893266e-29
   20   41    1.154179e-17    3.985905e-30
   20   42    4.762035e-08   -1.985233e-23
   20   43    1.463168e-08    1.017978e-16
   20   44    7.047640e-08    6.554513e-17
   20   45    1.332424e-11   -4.138697e-19
   20   46    2.019829e-10    7.704188e-19
   20   47    2.320297e-14   -2.587650e-20
   20   48    2.291524e-09    0.000000e+00
   20   49    3.644086e-15   -3.046906e-18
   20   50    1.145597e-20   -3.605429e-22
   20   51    2.000344e-28   -8.750701e-30
   21   43    3.258747e-12   -1.017977e-16
   21   44    2.145967e-12   -6.554513e-17
   21   45    6.666600e-09    6.161792e-19
   21   46    1.274991e-11   -1.540589e-18
   21   47    5.650051e-14   -5.952005e-20
   21   48    1.063096e-12   -2.958083e-18
   21   49    4.691092e-14   -2.932606e-18
   21   50    6.897612e-19   -2.597712e-21
   21   51    4.078639e-24   -1.438817e-25
   21   52    2.183941e-30   -1.194241e-31
   22   44    9.511926e-17   -2.789196e-26
   22   45    5.127767e-15   -2.023089e-19
   22   46    2.019284e-08    7.701713e-19
   22   47    7.854571e-09    1.578864e-16
   22   48    1.436097e-08    3.102298e-18
   22   49    1.733273e-08    6.013256e-18
   22   50    5.602367e-08    2.964615e-21
   22   51    4.431682e-12   -5.570903e-15
   22   52    1.641077e-16   -7.038267e-19
   22   53    7.546203e-22   -1.009528e-23
   23   47    7.055687e-13   -1.578010e-16
   23   48    4.548805e-13   -1.442072e-19
   23   49    2.199100e-12   -3.165163e-20
   23   50    8.641662e-13    1.080424e-26
   23   51    4.903104e-09    5.570942e-15
   23   52    4.116879e-12   -8.003634e-15
   23   53    3.825364e-16   -1.743165e-18
   23   54    7.799218e-21   -6.851098e-23
   23   55    7.963709e-26   -5.359706e-27
   24   48    9.806690e-19   -5.517003e-24
   24   49    1.204464e-17   -2.090892e-21
   24   50    9.374870e-13   -1.413639e-27
   24   51    2.099372e-13   -3.661687e-20
   24   52    5.578087e-08    8.004338e-15
   24   53    1.073805e-08    1.743172e-18
   24   54    1.368989e-07    2.297577e-20
   24   55    1.658845e-11   -3.455615e-14
   24   56    1.244831e-15   -1.538315e-18
   24   57    3.559507e-21   -7.379791e-23
   24   58    4.386493e-26   -1.474958e-27
   25   51    1.113017e-17   -1.756490e-21
   25   52    2.695957e-18   -3.072528e-24
   25   53    1.336990e-12    5.492996e-26
   25   54    1.413052e-12   -2.291663e-20
   25   55    3.453584e-08    3.455617e-14
   25   56    2.890657e-11   -1.359951e-15
   25   57    5.546848e-15   -2.696143e-17
   25   58    5.252253e-21   -7.658797e-22
   25   59    2.667430e-24   -2.536727e-25
   26   52    6.596245e-24   -9.692675e-29
   26   53    6.907322e-23   -5.917881e-26
   26   54    4.443556e-09   -4.135903e-24
   26   55    4.215591e-12    8.967847e-20
   26   56    1.766387e-06    1.361489e-15
   26   57    9.983193e-07    2.753535e-17
   26   58    5.173842e-06    9.181837e-19
   26   59    1.389615e-09   -1.560106e-16
   26   60    2.052472e-13    8.290739e-25
   26   61    2.836694e-18   -3.447045e-21
   26   62    9.404115e-23   -6.049873e-25
   26   63    3.421292e-29   -1.010582e-30
   27   55    1.607029e-14   -1.113333e-19
   27   56    3.484300e-17   -2.238221e-24
   27   57    3.076486e-11   -5.741466e-19
   27   58    1.283822e-11   -9.184004e-19
   27   59    2.033203e-06    1.560103e-16
   27   60    1.636777e-09   -4.652007e-14
   27   61    8.957459e-13   -6.596492e-17
   27   62    1.274489e-16   -3.058694e-19
   27   63    2.189900e-20   -3.483611e-22
   27   65    2.414083e-29   -1.229981e-30
   28   56    1.945572e-21   -1.614963e-27
   28   57    7.321821e-21   -2.471509e-26
   28   58    6.187275e-10   -7.237830e-25
   28   59    1.083147e-11    6.501861e-20
   28   60    2.666145e-06    4.652008e-14
   28   61    1.015078e-06    4.156126e-16
   28   62    2.259194e-06    6.222521e-15
   28   63    1.689065e-09   -2.316360e-19
   28   64    1.389385e-06    6.738252e-15
   28   65    2.491531e-10   -1.201442e-14
   28   66    3.459977e-14   -7.700739e-20
   28   67    2.882633e-19   -7.005810e-21
   28   68    1.729841e-23   -9.923141e-26
   28   69    2.300745e-30   -5.122067e-32
   29   59    1.218767e-17   -6.501997e-20
   29   60    1.416692e-17   -4.490921e-21
   29   61    9.782955e-12   -3.496442e-16
   29   62    8.312229e-12   -6.222215e-15
   29   63    8.699880e-07    3.518363e-19
   29   64    1.717630e-09   -1.331211e-14
   29   65    1.074662e-06    1.203632e-14
   29   66    1.133966e-09   -1.621124e-12
   29   67    1.279467e-12   -2.504784e-18
   29   68    1.296532e-16   -1.908149e-18
   29   69    9.463511e-20   -2.299954e-22
   29   70    7.702840e-26   -5.741076e-27
   29   71    6.425386e-30   -3.703862e-31
   30   60    1.011009e-24   -3.071352e-27
   30   61    1.186557e-23   -5.767487e-26
   30   62    1.898601e-17   -2.526881e-22
   30   63    6.264518e-16   -1.198814e-19
   30   64    8.414894e-07    6.573857e-15
   30   65    1.055445e-09    2.121639e-16
   30   66    1.302726e-06    1.621124e-12
   30   67    2.821727e-07    1.817166e-17
   30   68    1.323041e-06    1.923921e-16
   30   69    4.816880e-10   -6.372511e-14
   30   70    1.381924e-10    1.653668e-13
   30   71    1.483654e-14   -3.331966e-17
   30   72    7.444079e-18   -1.945247e-23
   30   73    7.455262e-23   -1.387826e-24
   30   74    7.784938e-27   -3.584843e-29
   31   63    2.847463e-27   -3.967056e-29
   31   64    8.795046e-23   -2.447514e-25
   31   65    4.815480e-13   -2.340643e-16
   31   66    3.554942e-15   -4.592507e-20
   31   67    1.008996e-11   -1.565980e-17
   31   68    1.784400e-12   -1.904834e-16
   31   69    1.590097e-07    6.372519e-14
   31   70    4.794725e-10   -3.306544e-13
   31   71    1.404971e-07    2.231394e-16
   31   72    2.662187e-10   -2.294283e-15
   31   73    4.561401e-13   -1.140555e-17
   31   74    1.126313e-16   -9.823166e-20
   31   75    3.957294e-20   -1.373942e-22
   31   76    4.931209e-25   -7.960157e-27
   31   77    5.290631e-29   -1.780344e-30
   32   65    2.707908e-29   -3.821303e-31
   32   66    5.928313e-19   -3.132133e-23
   32   67    5.644054e-21   -2.200583e-24
   32   68    2.958041e-17   -5.200489e-25
   32   69    2.484481e-14   -7.740911e-20
   32   70    2.282543e-07    1.652875e-13
   32   71    4.199026e-10   -1.883202e-16
   32   72    2.367770e-07    2.294302e-15
   32   73    4.455947e-08    1.150046e-17
   32   74    1.756597e-07    1.159906e-19
   32   75    1.879835e-10   -1.223331e-14
   32   76    1.261891e-11    1.115027e-15
   32   77    3.197539e-15   -1.067956e-19
   32   78    1.099917e-18   -9.113085e-23
   32   79    1.790113e-23   -4.121608e-25
   32   80    1.445997e-27   -2.144303e-29
   33   67    4.996528e-30   -5.143007e-32
   33   68    7.764507e-29   -2.237585e-31
   33   69    1.168147e-24   -5.640394e-28
   33   70    3.902106e-20   -5.367986e-24
   33   71    7.897406e-13   -1.499461e-18
   33   72    4.153192e-15   -1.941009e-20
   33   73    1.502556e-12   -9.474352e-20
   33   74    6.248479e-14   -2.350042e-20
   33   75    1.977194e-08    1.223331e-14
   33   76    2.373602e-10   -2.207538e-15
   33   77    5.053424e-13   -1.475905e-18
   33   78    2.661171e-16   -2.146724e-20
   33   79    4.077652e-19   -3.621524e-22
   33   80    2.891357e-23   -8.321185e-25
   33   81    2.221942e-26   -2.858876e-28
   34   70    8.792220e-29   -1.559703e-32
   34   71    1.532716e-25   -2.357619e-28
   34   72    1.259188e-18   -7.500782e-25
   34   73    2.147612e-20   -4.179543e-25
   34   74    6.027576e-18    5.697214e-21
   34   75    6.736119e-14   -2.842328e-21
   34   76    4.978663e-08    1.092511e-15
   34   77    1.822507e-08    1.885264e-18
   34   78    7.035921e-08    3.449153e-17
   34   79    1.222123e-10    4.871577e-22
   34   80    4.235690e-09    2.587787e-15
   34   81    3.815947e-12   -9.401374e-16
   34   82    3.178987e-12    1.665340e-16
   34   83    4.380770e-16   -1.466079e-19
   34   84    1.009236e-19   -2.373663e-22
   34   85    1.222719e-26   -1.620887e-28
   35   73    7.202040e-27   -1.591215e-29
   35   74    1.143732e-26   -3.090899e-30
   35   75    6.204731e-23   -4.712369e-27
   35   76    1.526475e-19   -1.159317e-24
   35   77    1.419226e-13   -3.025467e-19
   35   78    3.054125e-14   -3.446996e-17
   35   79    8.233927e-09    1.228694e-20
   35   80    1.095963e-10   -4.422124e-14
   35   81    7.226726e-09    9.401373e-16
   35   82    4.837802e-11   -4.807999e-16
   35   83    1.611219e-13   -8.011320e-18
   35   84    8.773501e-17   -2.113272e-20
   35   85    6.043606e-20   -1.535327e-22
   35   86    1.019807e-25   -8.261545e-28
   36   76    2.626606e-26   -2.186188e-31
   36   77    1.248078e-22   -1.223085e-26
   36   78    2.147756e-19    8.594462e-33
   36   79    3.564853e-15   -1.241218e-20
   36   80    2.115061e-08    4.163345e-14
   36   81    1.091710e-10    5.955334e-19
   36   82    5.098456e-08    3.142714e-16
   36   83    1.573067e-08    8.162281e-18
   36   84    5.822216e-08    2.266475e-20
   36   85    9.036542e-11   -1.168017e-19
   36   86    4.642454e-10    1.760917e-17
   36   87    1.000244e-14   -9.595780e-19
   36   88    1.405805e-18   -6.017483e-23
   36   89    2.064371e-24   -4.733121e-27
   36   90    1.928993e-29   -2.612570e-31
   37   78    8.923428e-30   -1.084342e-32
   37   79    2.598052e-25   -8.235845e-29
   37   80    1.593144e-21   -2.323126e-23
   37   81    2.244132e-14   -5.954146e-19
   37   82    2.937378e-16   -5.665459e-21
   37   83    7.339623e-14   -4.311247e-21
   37   84    8.189367e-15   -1.264657e-21
   37   85    8.397362e-09    1.171801e-19
   37   86    6.479735e-11   -3.506393e-17
   37   87    5.883211e-11    9.595789e-19
   37   88    1.472608e-14   -6.031829e-18
   37   89    9.358278e-18   -4.488910e-21
   37   90    3.176443e-22   -9.082158e-25
   37   91    3.505750e-26   -2.644183e-28
   38   80    4.305558e-29   -2.906650e-33
   38   81    2.807090e-25   -9.219158e-29
   38   82    1.031830e-20   -2.048840e-27
   38   83    8.395867e-22   -3.147215e-27
   38   84    5.190086e-20    5.168247e-25
   38   85    2.955418e-15   -2.305686e-22
   38   86    1.967444e-08    1.745475e-17
   38   87    1.266499e-08    1.512913e-20
   38   88    3.417904e-08    6.032317e-18
   38   89    1.173173e-11   -1.171772e-18
   38   90    4.897319e-15   -1.434428e-24
   38   91    3.947242e-19   -5.048708e-24
   38   92    5.896956e-23   -2.644204e-27
   38   93    5.752382e-28   -5.667652e-31
   39   83    6.036318e-28   -1.544236e-30
   39   84    7.753540e-30   -7.373620e-31
   39   85    4.307612e-25   -1.938701e-29
   39   86    2.447117e-21   -2.017334e-26
   39   87    9.997255e-15   -1.512827e-20
   39   88    6.924266e-15   -3.288962e-22
   39   89    5.037203e-09    1.176272e-18
   39   90    9.872340e-12   -1.871251e-17
   39   91    2.061818e-14   -1.779549e-21
   39   92    1.255111e-17   -4.309740e-22
   39   93    1.985862e-20   -2.365814e-25
   39   94    7.361769e-24   -2.870310e-27
   39   95    3.115984e-27   -2.205701e-30
   40   86    6.125225e-29   -4.510847e-34
   40   87    5.277835e-25   -4.008410e-29
   40   88    2.276911e-21   -1.382316e-28
   40   89    4.939983e-18   -7.656967e-24
   40   90    2.224068e-09    1.871252e-17
   40   91    5.682010e-10    1.785469e-21
   40   92    6.718538e-10    4.319951e-22
   40   93    1.747472e-10   -9.822770e-25
   40   94    4.132893e-10    1.033976e-25
   40   95    5.836353e-13   -4.616913e-20
   40   96    7.634793e-13   -1.387410e-21
   40   97    1.351315e-17   -9.716518e-23
   40   98    6.276945e-22   -8.857800e-24
   41   89    1.593919e-28   -1.760808e-32
   41   90    2.060894e-24   -1.715332e-29
   41   91    4.220139e-16   -8.607360e-27
   41   92    8.514355e-17   -6.886106e-23
   41   93    7.156449e-14    1.613946e-24
   41   94    5.837037e-16    4.281543e-28
   41   95    1.979500e-17    4.616700e-20
   41   96    2.003894e-19    1.386371e-21
   41   97    6.900697e-21    9.646669e-23
   41   98    6.348243e-23   -7.184580e-25
   41   99    4.287150e-28   -1.250311e-29
   42   91    1.588298e-28   -7.471143e-32
   42   92    3.783574e-17    6.886107e-23
   42   93    2.848812e-19    1.152153e-28
   42   94    3.170524e-13   -8.582807e-28
   42   95    3.528075e-11    6.326639e-24
   42   96    8.569259e-11    3.605990e-24
   42   97    2.241574e-11    8.142559e-25
   42   98    7.554282e-11    9.628899e-24
   42   99    2.464581e-14   -4.535663e-20
   42  100    2.232159e-15    6.555263e-18
   42  101    9.112771e-20   -4.550769e-23
   42  102    4.867846e-23   -3.226523e-26
   42  103    1.074739e-27   -7.835901e-30
   43   93    2.582047e-24   -1.162087e-28
   43   94    1.200094e-24   -2.976263e-29
   43   95    6.444439e-19   -3.915672e-24
   43   96    2.099363e-18   -2.716923e-24
   43   97    8.908772e-18    2.346464e-27
   43   98    1.722555e-17   -5.423419e-31
   43   99    2.715871e-13    4.535680e-20
   43  100    2.367593e-16   -1.311053e-17
   43  101    7.690338e-18   -3.875481e-21
   43  102    2.286070e-22   -1.883682e-23
   43  103    3.450836e-24   -3.018417e-26
   43  104    7.599721e-28   -3.061306e-31
   44   95    3.254511e-28   -2.396827e-32
   44   96    7.607743e-24    2.450212e-25
   44   97    1.344115e-21   -2.346656e-27
   44   98    2.910585e-14   -2.019484e-28
   44   99    7.967419e-12   -1.324781e-25
   44  100    3.471089e-11    6.555264e-18
   44  101    6.255436e-12    3.921090e-21
   44  102    6.325495e-14    1.922174e-23
   44  103    8.538656e-17   -1.094261e-23
   44  104    1.872812e-14    4.462444e-16
   44  105    5.875281e-20   -1.608345e-24
   44  106    2.737500e-23   -3.771725e-31
   44  107    1.405236e-27   -2.439432e-30
   45   98    3.211945e-27   -6.690950e-30
   45   99    4.824874e-20   -1.526900e-26
   45  100    1.384418e-19   -8.087627e-25
   45  101    2.319130e-18   -9.741560e-27
   45  102    5.010226e-17   -2.426699e-25
   45  103    7.387650e-12    1.399583e-23
   45  104    4.314923e-14   -8.924889e-16
   45  105    8.770272e-16   -3.009890e-21
   45  106    1.207054e-18   -1.771944e-20
   45  107    8.375640e-21   -2.814139e-24
   45  108    2.823370e-24   -7.351873e-26
   45  109    1.181263e-26   -6.459452e-29
   46   99    1.017205e-30   -3.465625e-34
   46  100    1.128634e-27   -1.544443e-33
   46  101    4.662251e-27   -6.689015e-32
   46  102    1.263880e-20    3.161911e-27
   46  103    1.069957e-17   -3.194265e-24
   46  104    2.122495e-11    4.462444e-16
   46  105    4.826186e-12    3.011587e-21
   46  106    2.262919e-11    2.275518e-20
   46  107    9.751408e-14    2.952927e-24
   46  108    2.497960e-11    2.570978e-16
   46  109    3.883210e-14    1.102512e-25
   46  110    3.743248e-14    6.817770e-16
   46  111    2.222543e-18    1.112694e-28
   46  112    4.801193e-21    2.741065e-32
   46  113    1.564894e-25    8.581017e-36
   46  114    8.348217e-30    0.000000e+00
   47  103    1.903751e-26   -2.112669e-30
   47  104    8.234971e-23   -8.676485e-27
   47  105    3.477878e-19   -4.264667e-26
   47  106    1.654862e-17   -5.035746e-21
   47  107    4.198298e-12    8.522222e-25
   47  108    8.357187e-14   -2.570978e-16
   47  109    6.534072e-12    3.860122e-23
   47  110    3.833881e-14   -6.817770e-16
   47  111    8.706924e-16    1.777106e-27
   47  112    2.054564e-18    1.797124e-29
   47  113    7.941904e-21    6.961936e-32
   47  114    2.170707e-24    1.015293e-34
   47  115    2.009543e-27    0.000000e+00
   48  105    4.428657e-29   -5.817899e-33
   48  106    1.570849e-23   -2.086502e-37
   48  107    5.194950e-20   -9.711948e-25
   48  108    3.567766e-13   -3.837019e-27
   48  109    3.542051e-15   -3.871319e-23
   48  110    1.956595e-11   -1.647899e-25
   48  111    4.048364e-12    1.855502e-24
   48  112    2.053410e-11    1.785081e-20
   48  113    8.426831e-14    1.274042e-25
   48  114    3.412809e-11    9.099282e-16
   48  115    3.766272e-14    1.360943e-25
   48  116    2.855822e-15    2.528496e-19
   48  117    7.141204e-19    7.270771e-30
   48  118    1.444692e-21    5.940102e-33
   48  119    4.710377e-26    0.000000e+00
   49  108    1.815446e-26   -2.282142e-30
   49  109    1.794281e-21   -5.191299e-26
   49  110    1.597414e-22   -3.961630e-27
   49  111    9.892286e-19   -1.785724e-24
   49  112    3.665172e-17   -1.785084e-20
   49  113    5.916633e-12   -2.059874e-25
   49  114    1.495537e-13   -9.099282e-16
   49  115    3.334083e-15    7.776591e-27
   49  116    8.149727e-18   -2.528496e-19
   49  117    1.440310e-19    3.595711e-31
   49  118    2.421637e-22    2.770875e-33
   49  119    7.612785e-25    9.011817e-36
   49  120    3.803692e-28    0.000000e+00
   49  121    1.352932e-30    0.000000e+00
   50  110    3.254864e-30   -9.623329e-35
   50  111    9.169720e-29   -1.893953e-32
   50  112    2.619181e-23   -2.938736e-37
   50  113    2.780544e-20   -1.223221e-27
   50  114    1.639576e-13   -1.262177e-27
   50  115    5.243225e-12    5.169879e-26
   50  116    4.037285e-11    5.182804e-24
   50  117    7.749577e-12    4.738517e-24
   50  118    5.315265e-11    3.653812e-23
   50  119    7.724673e-12    6.014185e-23
   50  120    6.577545e-11    3.627020e-20
   50  121    7.176853e-14    1.132552e-25
   50  122    5.074759e-13    6.419830e-20
   50  123    2.236870e-16    5.478146e-28
   50  124    5.877179e-14    3.409660e-23
   50  125    8.477059e-18    3.483930e-29
   50  126    4.189358e-21    1.248319e-32
   50  127    1.479640e-25    1.099041e-36
   50  128    4.441267e-30    0.000000e+00
   51  114    7.653306e-29   -1.598864e-31
   51  115    5.697697e-22   -1.294148e-25
   51  116    1.147849e-20   -5.296811e-24
   51  117    1.068835e-19   -4.638632e-24
   51  118    1.806957e-20   -3.659602e-23
   51  119    1.887526e-17   -6.005773e-23
   51  120    7.904741e-17   -3.627025e-20
   51  121    3.429198e-12    4.690857e-24
   51  122    3.453667e-14   -6.419824e-20
   51  123    8.950425e-14    8.456589e-28
   51  124    4.053891e-16   -3.409531e-23
   51  125    2.171969e-18    9.274893e-30
   51  126    1.989503e-21    1.607249e-32
   51  127    2.694046e-24    2.268704e-35
   51  128    4.937982e-28    0.000000e+00
   51  129    1.042754e-30    0.000000e+00
   52  116    2.529351e-30   -1.234378e-34
   52  117    8.746831e-30   -1.028601e-33
   52  118    1.381681e-28   -1.165973e-34
   52  119    3.823422e-26   -2.898286e-31
   52  120    4.751558e-19   -7.607423e-33
   52  121    1.576844e-17   -4.758180e-24
   52  122    9.491932e-12   -6.947025e-26
   52  123    2.472944e-12    2.819200e-25
   52  124    1.790246e-11   -4.200527e-26
   52  125    3.110626e-12    2.122074e-24
   52  126    2.619600e-11    5.121411e-23
   52  127    5.256849e-14    8.434501e-26
   52  128    5.707154e-13    1.029202e-17
   52  129    8.491163e-16    8.554210e-28
   52  130    1.845074e-12    4.028467e-24
   52  131    3.999366e-16    1.253303e-27
   52  132    1.984556e-19    4.981899e-31
   52  133    9.900264e-24    5.110168e-35
   53  121    6.456984e-26   -3.701089e-30
   53  122    1.173940e-23   -2.357907e-26
   53  123    2.684069e-20   -2.457891e-25
   53  124    3.730238e-21   -4.522770e-27
   53  125    2.419889e-17   -2.062374e-24
   53  126    1.327091e-16   -5.125504e-23
   53  127    3.579718e-12    8.947122e-24
   53  128    3.527584e-14   -1.029202e-17
   53  129    2.408725e-16    9.946550e-28
   53  130    4.098970e-19   -4.029743e-24
   53  131    8.570618e-22    6.536313e-33
   53  132    4.395372e-25    4.208362e-36
   53  133    9.420085e-28    0.000000e+00
   53  135    1.699781e-30    0.000000e+00
   54  123    1.439326e-30   -8.408765e-35
   54  124    2.106801e-27   -5.022254e-41
   54  125    5.920986e-25   -4.257450e-30
   54  126    1.912701e-18   -3.042969e-32
   54  127    6.474654e-17   -9.019934e-24
   54  128    1.005064e-11   -9.208847e-26
   54  129    4.138562e-12    1.292470e-26
   54  130    1.706900e-11    0.000000e+00
   54  131    4.218958e-12    2.504160e-26
   54  132    4.006691e-11   -3.231174e-26
   54  133    6.354577e-14    8.315225e-26
   54  134    1.288096e-13    1.514613e-28
   54  135    4.084143e-15    1.230623e-28
   54  136    8.085766e-12    0.000000e+00
   54  137    8.010585e-20    3.609106e-28
   55  127    3.138803e-25   -2.002014e-38
   55  128    3.562370e-23   -7.540796e-36
   55  129    2.040187e-20   -1.002085e-33
   55  130    3.844408e-21    7.320038e-34
   55  131    5.348494e-17   -1.762611e-30
   55  132    2.823357e-16   -1.212874e-29
   55  133    4.537392e-12   -8.320274e-26
   55  134    4.293107e-14    8.180172e-26
   55  135    2.305825e-16    1.087198e-27
   55  136    3.947950e-19    1.814515e-30
   55  137    4.834280e-22    2.694797e-33
   55  138    3.275924e-29    0.000000e+00
   56  129    1.691751e-30    0.000000e+00
   56  130    5.063836e-26   -1.096286e-39
   56  131    6.605177e-24   -3.078326e-37
   56  132    6.178562e-18   -8.551129e-32
   56  133    1.552144e-16   -4.067564e-30
   56  134    1.100817e-11   -7.431701e-26
   56  135    4.489313e-12    1.050132e-26
   56  136    3.920306e-11   -5.169879e-26
   56  137    3.757844e-11   -6.462349e-27
   56  138    3.980542e-10    5.169879e-26
   56  139    2.606758e-16    6.736280e-26
   56  140    8.384116e-21    1.888675e-31
   56  141    3.470860e-27    0.000000e+00
   57  133    6.211291e-25   -5.243807e-38
   57  134    4.968757e-23   -4.637325e-36
   57  135    7.368797e-21   -3.370377e-34
   57  136    3.963230e-21    1.120951e-34
   57  137    8.879438e-17   -1.774937e-30
   57  138    3.377236e-15   -6.863090e-29
   57  139    3.735021e-11   -7.108583e-26
   57  140    2.897635e-16    7.374997e-26
   57  141    4.227971e-20    1.626093e-30
   57  142    1.951783e-25    1.387581e-34
   57  143    1.853974e-30    0.000000e+00
   58  136    9.996889e-26   -1.733395e-39
   58  137    1.358795e-23   -5.407274e-37
   58  138    1.112301e-17   -9.398538e-32
   58  139    1.233320e-15   -1.163570e-29
   58  140    9.307848e-11   -6.462349e-26
   58  141    2.748070e-15    6.050248e-26
   58  142    4.311379e-14   -3.786532e-29
   58  143    6.249451e-19    4.654857e-29
   58  144    2.999347e-21    1.687069e-33
   58  145    3.581679e-27    0.000000e+00
   58  146    5.476205e-29    0.000000e+00
   59  137    2.163467e-28   -2.156879e-41
   59  138    1.382869e-25   -1.779313e-38
   59  139    2.228012e-19   -1.121854e-32
   59  140    5.974567e-17   -2.711709e-30
   59  141    7.802307e-12   -5.492996e-26
   59  142    2.356543e-15    5.481242e-26
   59  143    6.003526e-18    4.645497e-29
   59  144    5.770206e-22    6.770518e-32
   59  145    1.999615e-24    1.355969e-35
   59  146    9.829977e-30    0.000000e+00
   60  139    1.966516e-27   -1.782900e-40
   60  140    1.687698e-20   -2.768524e-34
   60  141    2.167428e-17   -5.700753e-31
   60  142    2.217903e-11   -5.169879e-26
   60  143    1.181424e-13    5.167354e-26
   60  144    9.198759e-12   -2.908057e-26
   60  145    1.477562e-14    2.993569e-26
   60  146    3.294270e-12   -9.693523e-27
   60  147    1.357404e-16    1.003071e-26
   60  148    7.357082e-16   -6.902533e-31
   60  149    8.332359e-21    1.986120e-30
   60  150    1.818846e-21    1.041958e-34
   60  151    5.836560e-26    0.000000e+00
   61  141    1.999180e-28   -2.042533e-41
   61  142    1.855537e-24   -1.660386e-37
   61  143    8.321340e-18   -1.771856e-31
   61  144    1.455472e-18    8.955574e-32
   61  145    1.181722e-16   -3.475918e-30
   61  146    2.223724e-18    3.237488e-30
   61  147    2.854467e-16   -8.923989e-30
   61  148    1.173915e-19    9.254527e-30
   61  149    3.794730e-20    5.795845e-33
   61  150    4.970109e-24    1.143262e-33
   61  151    1.467818e-25    1.298278e-36
   61  152    2.719158e-29    0.000000e+00
   62  142    2.697614e-28   -1.197269e-41
   62  143    8.236534e-24   -5.054626e-37
   62  144    7.277777e-16   -4.634558e-30
   62  145    3.133266e-15   -8.716913e-29
   62  146    7.601755e-13   -6.260400e-27
   62  147    3.327394e-14    5.023466e-27
   62  148    3.142236e-12   -2.342601e-26
   62  149    2.919311e-15    2.469450e-26
   62  150    1.512182e-12   -1.110716e-26
   62  151    5.632164e-16    1.120646e-26
   62  152    2.589731e-13   -2.221432e-27
   62  153    1.481235e-16    2.245098e-27
   62  154    1.368700e-15   -5.127596e-30
   62  155    3.414522e-19    8.655418e-30
   62  156    2.982702e-22    2.408541e-33
   62  157    6.368872e-27    0.000000e+00
   63  144    8.311072e-30   -1.345247e-42
   63  145    2.270368e-21   -1.177375e-34
   63  146    2.328053e-20   -2.840747e-33
   63  147    1.481726e-17   -1.019972e-30
   63  148    6.307841e-18   -2.657783e-31
   63  149    3.332870e-15   -2.228532e-28
   63  150    3.954756e-17    2.203942e-28
   63  151    1.686361e-13   -1.077900e-26
   63  152    5.219193e-16    1.069962e-26
   63  153    2.267624e-13   -1.365676e-26
   63  154    7.149732e-16    1.365459e-26
   63  155    1.143637e-17    6.873413e-29
   63  156    1.445882e-20    3.770971e-31
   63  157    4.909922e-23    5.345325e-34
   63  158    6.361538e-27    0.000000e+00
   64  146    2.170716e-25   -2.984654e-39
   64  147    2.299466e-23   -1.404716e-36
   64  148    1.317126e-19   -2.311116e-33
   64  149    1.562775e-18   -1.238373e-31
   64  150    1.717600e-15   -3.372380e-29
   64  151    4.621284e-16    0.000000e+00
   64  152    5.889478e-13   -1.050132e-26
   64  153    4.288479e-15    1.019918e-26
   64  154    1.030569e-12   -1.938705e-26
   64  155    1.063400e-14    1.906992e-26
   64  156    1.676517e-12   -2.564745e-26
   64  157    1.210036e-14    2.583677e-26
   64  158    2.778781e-12   -2.302212e-26
   64  159    1.367842e-15    2.320572e-26
   64  160    6.540675e-17    2.104040e-29
   64  161    5.385141e-21    3.864920e-31
   64  162    2.093843e-24    4.318105e-35
   64  163    1.957666e-29    0.000000e+00
   65  151    1.479625e-26    0.000000e+00
   65  152    5.565202e-26   -1.169755e-38
   65  153    1.004212e-22   -1.257779e-35
   65  154    9.721243e-23   -3.793320e-35
   65  155    2.584421e-18   -2.184005e-31
   65  156    2.420150e-18   -1.748744e-31
   65  157    7.110577e-15   -4.117854e-28
   65  158    1.285602e-15    2.739319e-28
   65  159    3.611963e-13   -1.378298e-26
   65  160    9.888130e-16    1.387823e-26
   65  161    1.108975e-17    6.872797e-29
   65  162    9.059563e-21    2.568423e-31
   65  163    1.893031e-23    2.618237e-34
   65  164    1.296399e-27    0.000000e+00
   66  153    3.420681e-28   -4.775625e-41
   66  154    3.392822e-23   -1.381206e-36
   66  155    1.765249e-22   -2.122943e-35
   66  156    8.359979e-18   -3.035266e-31
   66  157    2.373704e-17   -1.999886e-30
   66  158    8.825712e-14   -3.067091e-27
   66  159    3.399664e-15    2.856860e-27
   66  160    1.219627e-12   -2.342601e-26
   66  161    1.285389e-14    2.319251e-26
   66  162    1.642650e-12   -2.160848e-26
   66  163    4.648270e-15    2.206365e-26
   66  164    5.279769e-13   -3.029226e-27
   66  165    7.947354e-17    3.139383e-27
   66  166    5.618349e-20    9.001797e-31
   66  167    1.104212e-24    1.964049e-34
   66  168    2.698382e-28    0.000000e+00
   67  157    1.389678e-28    0.000000e+00
   67  158    1.819469e-26   -3.435222e-39
   67  159    1.315471e-21   -1.489586e-34
   67  160    1.871191e-21   -1.455732e-34
   67  161    2.834030e-17   -2.335768e-30
   67  162    6.465088e-18    1.640122e-30
   67  163    1.778359e-14   -1.047607e-27
   67  164    1.025001e-15    9.734544e-28
   67  165    4.651393e-13   -1.534808e-26
   67  166    4.629187e-16    1.541789e-26
   67  167    2.971177e-18    4.937776e-29
   67  168    5.165693e-22    5.464676e-32
   67  169    4.341366e-25    1.681738e-35
   67  170    1.313990e-29    0.000000e+00
   68  159    6.762913e-27   -8.925262e-40
   68  160    1.093481e-21   -5.172175e-35
   68  161    1.456360e-20   -1.396299e-33
   68  162    2.673342e-16   -9.170508e-30
   68  163    4.879286e-16   -2.879342e-29
   68  164    6.663233e-13   -1.948802e-26
   68  165    1.215705e-14    1.889006e-26
   68  166    1.581022e-12   -2.261822e-26
   68  167    1.664253e-14    2.260560e-26
   68  168    1.493710e-12   -1.191496e-26
   68  169    7.851732e-16    1.242032e-26
   68  170    1.591728e-15    9.860761e-31
   68  171    1.595365e-19    8.001637e-30
   68  172    6.800699e-23    1.211323e-33
   68  173    6.507798e-28    0.000000e+00
   69  162    1.010403e-28   -1.257806e-41
   69  163    2.591539e-23   -2.633107e-36
   69  164    1.213730e-22   -3.397179e-35
   69  165    3.678084e-18   -2.634672e-31
   69  166    4.550267e-18   -2.365042e-31
   69  167    1.572965e-14   -6.973530e-28
   69  168    4.521090e-15    3.534097e-28
   69  169    5.100899e-13   -1.353054e-26
   69  170    1.811216e-15    1.384254e-26
   69  171    1.941923e-17    7.210990e-29
   69  172    1.177964e-20    3.040637e-31
   69  173    2.529347e-23    4.176120e-34
   69  174    2.797266e-27    0.000000e+00
   70  164    2.433603e-26   -1.506676e-39
   70  165    9.181216e-25   -9.899866e-38
   70  166    5.263873e-20   -2.220838e-33
   70  167    4.660974e-19   -3.717045e-32
   70  168    3.336272e-15   -9.860761e-29
   70  169    4.223143e-15   -1.498836e-28
   70  170    1.277950e-12   -2.766693e-26
   70  171    4.151424e-14    2.677078e-26
   70  172    2.882128e-12   -3.311954e-26
   70  173    3.662860e-14    3.339090e-26
   70  174    2.246565e-12   -1.090521e-26
   70  175    4.075850e-16    1.177833e-26
   70  176    7.164674e-18    5.403389e-30
   70  177    4.557676e-22    2.435812e-32
   70  178    2.871159e-25    3.442224e-36
   71  167    1.902340e-27   -2.877034e-40
   71  168    1.373143e-25   -1.703548e-38
   71  169    1.036544e-20   -8.802102e-34
   71  170    2.860659e-20   -1.907874e-33
   71  171    1.780486e-16   -1.163570e-29
   71  172    1.641325e-16   -2.046108e-30
   71  173    5.721490e-14   -2.789412e-27
   71  174    5.208593e-15    2.523566e-27
   71  175    3.943641e-13   -1.181398e-26
   71  176    4.878814e-16    1.208407e-26
   71  177    2.223959e-18    2.151071e-29
   71  178    7.013559e-22    4.669628e-32
   71  179    8.392689e-25    1.860918e-35
   71  180    6.122116e-29    0.000000e+00
   72  169    2.682906e-28   -2.856407e-41
   72  170    4.990730e-23   -2.556700e-36
   72  171    1.019695e-21   -8.632831e-35
   72  172    9.398390e-18   -3.497489e-31
   72  173    4.381274e-17   -2.070760e-30
   72  174    3.038887e-14   -7.573065e-28
   72  175    1.224313e-14    1.798603e-28
   72  176    2.224969e-12   -3.635071e-26
   72  177    3.264436e-14    3.576380e-26
   72  178    3.000268e-12   -2.988836e-26
   72  179    1.351064e-14    3.055889e-26
   72  180    1.213875e-12   -6.260400e-27
   72  181    1.530110e-16    6.565098e-27
   72  182    5.365866e-20    9.988414e-31
   72  183    7.021331e-25    1.647813e-34
   72  184    1.885231e-29    0.000000e+00
   73  173    1.178753e-25    0.000000e+00
   73  174    9.478897e-26   -8.919523e-39
   73  175    4.484161e-20   -3.039358e-33
   73  176    2.785663e-20   -1.895837e-33
   73  177    6.877047e-17   -1.429810e-30
   73  178    5.988584e-19    1.402751e-30
   73  179    1.259602e-13   -5.275902e-27
   73  180    4.877672e-15    5.033721e-27
   73  181    5.907582e-13   -1.403541e-26
   73  182    3.113213e-16    1.422356e-26
   73  183    4.989702e-19    1.091742e-29
   73  184    2.119054e-23    7.721778e-33
   73  185    8.121194e-27    0.000000e+00
   74  174    3.364874e-26   -2.106477e-39
   74  175    1.630900e-24   -1.372022e-37
   74  176    2.558571e-20   -1.191669e-33
   74  177    1.386208e-19   -1.897041e-32
   74  178    2.824857e-16   -8.628166e-30
   74  179    4.324969e-16   -1.814380e-29
   74  180    1.552043e-13   -3.180687e-27
   74  181    3.460042e-14    1.533546e-27
   74  182    3.520276e-12   -3.998578e-26
   74  183    1.338436e-14    4.142782e-26
   74  184    1.202569e-12   -8.481832e-27
   74  185    3.218502e-16    8.807731e-27
   74  186    1.169195e-14   -4.417621e-29
   74  187    4.915948e-19    4.870494e-29
   74  188    1.835752e-22    4.035895e-33
   74  189    3.003632e-28    0.000000e+00
   75  177    9.157404e-27   -1.120680e-39
   75  178    2.095426e-25   -3.177508e-38
   75  179    4.026301e-21   -4.130217e-34
   75  180    2.370376e-20   -3.695378e-33
   75  181    9.748154e-17   -5.928783e-30
   75  182    9.659117e-17   -4.338735e-30
   75  183    5.120649e-14   -1.994240e-27
   75  184    9.781028e-16    1.954403e-27
   75  185    2.598383e-13   -8.128423e-27
   75  186    3.672668e-16    8.137840e-27
   75  187    2.065518e-15   -3.037114e-29
   75  188    5.361732e-19    4.639575e-29
   75  189    1.556689e-21    3.764911e-32
   75  190    9.033177e-26    0.000000e+00
   75  191    3.529670e-30    0.000000e+00
   76  179    1.265724e-28   -1.138975e-41
   76  180    1.111148e-23   -5.466049e-37
   76  181    2.584319e-22   -2.068870e-35
   76  182    3.585234e-18   -1.240299e-31
   76  183    2.762005e-17   -1.839648e-30
   76  184    2.605366e-14   -6.058452e-28
   76  185    6.896845e-15    3.297439e-28
   76  186    1.664547e-12   -3.089810e-26
   76  187    9.128849e-15    3.092808e-26
   76  188    1.643825e-12   -1.696366e-26
   76  189    2.394263e-15    1.706227e-26
   76  190    1.218486e-12   -7.674039e-27
   76  191    3.743254e-16    7.654367e-27
   76  192    2.031279e-14   -6.310887e-29
   76  193    1.416490e-18    7.198067e-29
   76  194    8.759364e-22    8.173729e-33
   76  195    2.089422e-26    0.000000e+00
   77  182    1.531142e-29   -2.583994e-42
   77  183    9.977873e-25   -8.926410e-38
   77  184    1.728758e-23   -2.377437e-36
   77  185    1.042167e-19   -7.258348e-33
   77  186    3.358956e-20    3.117599e-33
   77  187    8.022398e-17   -4.351061e-30
   77  188    1.410192e-17    3.321844e-30
   77  189    1.936499e-14   -7.604619e-28
   77  190    4.316533e-16    7.264423e-28
   77  191    3.410075e-13   -9.844984e-27
   77  192    5.792254e-16    9.874073e-27
   77  193    2.887156e-13   -5.856503e-27
   77  194    1.247635e-16    5.866512e-27
   77  195    2.900506e-19    2.380209e-30
   77  196    3.226542e-23    3.362484e-33
   77  197    3.401405e-26    0.000000e+00
   78  185    1.980879e-27   -1.919218e-40
   78  186    5.366914e-23   -2.280459e-36
   78  187    2.223053e-22   -1.307150e-35
   78  188    3.043378e-18   -1.286521e-31
   78  189    4.293037e-18   -1.887411e-31
   78  190    7.100005e-15   -1.893266e-28
   78  191    1.252293e-15    1.177375e-28
   78  192    1.119731e-12   -2.019484e-26
   78  193    8.560088e-15    2.000551e-26
   78  194    1.835922e-12   -1.736756e-26
   78  195    6.573719e-15    1.746696e-26
   78  196    2.198261e-12   -1.050132e-26
   78  197    8.908408e-16    1.076342e-26
   78  198    3.558952e-15   -7.888609e-31
   78  199    3.811486e-19    6.994496e-30
   78  200    1.918065e-22    1.067890e-33
   78  201    1.404865e-27    0.000000e+00
   79  189    1.338217e-26   -1.193861e-39
   79  190    2.542997e-25   -2.282112e-38
   79  191    4.072244e-21   -2.467598e-34
   79  192    5.769739e-21   -2.663200e-34
   79  193    3.320158e-17   -1.522255e-30
   79  194    2.391479e-17   -8.936315e-32
   79  195    2.101240e-14   -5.774462e-28
   79  196    3.674268e-15    4.070522e-28
   79  197    6.841676e-13   -9.592549e-27
   79  198    2.038623e-15    9.741249e-27
   79  199    1.127947e-17    4.320246e-29
   79  200    4.773920e-21    5.973768e-32
   79  201    7.295748e-24    3.837989e-35
   79  202    8.390414e-28    0.000000e+00
   80  191    1.065657e-29   -1.360661e-42
   80  192    6.986570e-25   -2.497925e-38
   80  193    1.371640e-23   -9.492117e-37
   80  194    1.807131e-19   -4.357416e-33
   80  195    8.509543e-19   -3.033340e-32
   80  196    2.996483e-15   -3.747089e-29
   80  197    6.913222e-15   -1.128071e-28
   80  198    2.970916e-12   -2.019484e-26
   80  199    4.312859e-13    1.661026e-26
   80  200    4.791873e-12   -1.130911e-26
   80  201    2.038305e-13    1.494418e-26
   80  202    5.305703e-12   -7.270142e-27
   80  203    2.666308e-15    7.764758e-27
   80  204    8.445293e-14   -3.786532e-29
   80  205    2.080961e-18    3.890533e-29
   80  206    1.317845e-22    7.236813e-34
   81  196    5.196934e-27   -3.974755e-40
   81  197    5.666744e-23   -1.633937e-36
   81  198    8.449301e-22   -4.250588e-35
   81  199    3.009970e-18   -4.352602e-32
   81  200    2.479204e-17   -6.347865e-31
   81  201    1.343437e-14   -8.046381e-29
   81  202    6.149912e-14   -6.310887e-28
   81  203    3.216745e-12   -1.130911e-26
   81  204    1.159083e-14    1.178243e-26
   81  205    2.468360e-13   -3.029226e-28
   81  206    1.114620e-16    3.605341e-28
   81  207    2.396133e-20    1.103919e-31
   81  208    1.485091e-29    0.000000e+00
   82  199    2.285663e-26   -7.346840e-40
   82  200    9.888232e-22   -7.899322e-36
   82  201    3.918865e-20   -6.138902e-34
   82  202    2.581210e-16   -9.860761e-31
   82  203    5.595459e-15   -3.865418e-29
   82  204    5.813338e-12   -1.211690e-26
   82  205    8.440998e-12   -8.077936e-27
   82  206    5.496533e-11   -2.584939e-26
   82  207    5.554762e-11    1.938705e-26
   82  208    1.291483e-10    2.584939e-26
   82  209    6.708937e-19    1.666679e-27
   82  210    8.195612e-26    0.000000e+00
   83  202    1.001695e-27   -5.901148e-41
   83  203    1.102801e-23   -2.982817e-37
   83  204    2.730705e-22   -7.758263e-36
   83  205    7.084452e-19   -8.666685e-33
   83  206    9.013758e-18   -8.782241e-32
   83  207    7.955517e-15   -3.944305e-29
   83  208    3.997447e-14   -5.679799e-29
   83  209    3.058638e-12   -8.077936e-28
   83  210    2.328106e-19    7.060046e-28
   83  211    1.787668e-26    0.000000e+00
   84  208    2.453668e-30    0.000000e+00
   84  209    7.313863e-30    0.000000e+00
   84  210    1.032124e-27    0.000000e+00
    0    1    6.918024e-26    1.379391e-26
    1    1    7.574629e-20    1.097591e-20
    2    4    1.226232e-11   -2.113737e-18
