2.8190e-01
1.0082e-05
2.6718e+00
4.2811e+05
    1    2    1.267018e-17    3.850122e-19
    1    3    1.123931e-18    7.426573e-20
    2    3    5.824062e-15    2.727553e-16
    3    6    8.857758e-24    2.556386e-25
    3    7    9.701889e-24    4.837958e-25
    4    7    5.686678e-21    1.744623e-22
    4    8    1.300142e-13    1.128932e-14
    4    9    1.541766e-30    4.094739e-32
    4   10    4.843336e-24    2.217153e-25
    5   10    3.501890e-18    9.089368e-20
    5   11    3.677996e-17    2.157705e-18
    5   12    2.964073e-27    2.335209e-28
    6   11    9.526085e-13    3.673950e-14
    6   12    6.871801e-04   -2.576292e-07
    6   13    2.691295e-10    6.170754e-12
    6   14    2.059233e-10    9.289938e-12
    6   15    8.253760e-24    5.741016e-25
    7   12    1.280049e-22    5.598632e-24
    7   13    8.318018e-11    3.460237e-13
    7   14    9.886171e-09    2.877722e-10
    7   15    3.151390e-08    9.829520e-10
    7   16    3.536890e-19    1.982676e-20
    7   17    7.604635e-25    4.266882e-26
    8   13    1.581836e-30    7.645384e-32
    8   14    2.868833e-13    2.005746e-15
    8   15    2.151400e-08    8.741159e-10
    8   16    4.582666e-02   -1.135732e-08
    8   17    2.312417e-07    5.939835e-09
    8   18    3.384031e-11    8.055304e-13
    8   19    1.701949e-19    7.620440e-21
    8   20    1.939017e-26    2.137253e-27
    9   15    1.025460e-26    1.400763e-28
    9   16    4.554559e-20    2.123194e-21
    9   17    4.887663e-11    2.636628e-13
    9   18    6.935410e-09    1.061225e-10
    9   19    8.703980e-09    6.375224e-10
    9   20    5.517049e-15    5.071980e-16
    9   21    4.354764e-20    1.156767e-21
    9   22    2.855229e-29    1.036057e-30
   10   17    2.008557e-28    1.026149e-29
   10   18    3.188649e-15    3.045355e-17
   10   19    1.118478e-10    4.872498e-12
   10   20    8.378970e-03   -2.728627e-08
   10   21    1.004976e-05    1.023146e-08
   10   22    1.548753e-06   -9.484307e-09
   10   23    3.286391e-14    4.700773e-16
   10   24    5.951262e-20    2.433918e-21
   10   25    4.859215e-28    3.030661e-29
   11   19    7.389245e-26    1.148161e-27
   11   20    2.245223e-17    1.071229e-18
   11   21    2.177112e-08    9.300070e-11
   11   22    3.784608e-07    7.392830e-09
   11   23    1.510829e-04   -7.489716e-09
   11   24    1.255327e-10    2.470639e-12
   11   25    8.064165e-15    7.313825e-17
   11   26    6.927087e-22    1.947969e-23
   11   27    6.109819e-29    2.906057e-30
   12   21    2.644518e-22    1.363466e-23
   12   22    1.301325e-13    5.646407e-15
   12   23    2.711163e-07   -1.522867e-09
   12   24    2.143062e-03    5.252559e-07
   12   25    3.434643e-04   -4.274908e-07
   12   26    2.882894e-04    4.701047e-08
   12   27    1.502100e-11    3.038388e-13
   12   28    1.783935e-17    5.012133e-19
   12   29    6.429463e-26    3.299461e-27
   13   23    3.948522e-26    1.768018e-27
   13   24    2.226012e-14   -2.284068e-17
   13   25    3.169081e-09    1.449395e-11
   13   26    1.412791e-08   -7.230490e-10
   13   27    2.785469e-04    3.379398e-07
   13   28    1.665402e-09   -1.295862e-12
   13   29    1.154844e-13   -1.200848e-15
   13   30    3.770268e-20    3.702407e-22
   13   31    1.789288e-26    5.295566e-28
   14   25    2.590978e-20    3.780355e-22
   14   26    2.890985e-12    5.394893e-14
   14   27    9.977815e-06   -5.039297e-07
   14   28    2.537551e-04    9.152827e-08
   14   29    7.320068e-05    4.098736e-08
   14   30    3.322808e-05    2.952928e-08
   14   31    2.171537e-10    4.518758e-12
   14   32    4.713223e-16    1.422084e-17
   14   33    3.741717e-23    1.946380e-24
   14   34    9.709854e-30    6.815455e-31
   15   27    4.797945e-21    1.144189e-22
   15   28    1.514743e-12   -6.936692e-14
   15   29    9.448556e-10    4.134230e-12
   15   30    2.234350e-08   -9.486926e-10
   15   31    1.935028e-06   -1.090521e-08
   15   32    2.013942e-11   -6.158184e-15
   15   33    1.841660e-12    3.265968e-14
   15   34    4.465073e-18    1.637798e-19
   15   35    2.662696e-23    1.354333e-25
   16   28    6.581798e-28    2.426603e-29
   16   29    1.868663e-17   -7.534294e-19
   16   30    1.771282e-12   -5.721403e-14
   16   31    2.179861e-08   -3.333030e-10
   16   32    2.181672e-06    2.248465e-08
   16   33    5.106927e-08    8.370131e-11
   16   34    2.057306e-08   -2.132305e-09
   16   35    5.349836e-12   -2.698582e-13
   16   36    1.096250e-14   -1.482384e-16
   16   37    9.025752e-22    9.094437e-24
   16   38    1.523581e-27    4.949848e-29
   17   30    3.651069e-29   -1.244527e-30
   17   31    3.451417e-22   -9.153412e-24
   17   32    9.045608e-17    1.956439e-18
   17   33    1.343304e-14   -1.750997e-16
   17   34    1.824352e-09    1.915163e-11
   17   35    5.179450e-08   -3.702981e-09
   17   36    3.587594e-12   -1.178166e-13
   17   37    1.260229e-13    6.284661e-15
   17   38    7.376061e-19    5.089641e-20
   17   39    1.639683e-23    1.409175e-24
   17   40    7.616655e-29    7.983038e-30
   18   32    3.444338e-29   -7.582525e-31
   18   33    5.175102e-26    4.482143e-28
   18   34    2.483948e-17   -2.465664e-19
   18   35    6.543967e-10    2.216440e-11
   18   36    1.508183e-08    3.535464e-10
   18   37    4.071183e-11    1.362988e-12
   18   38    7.546069e-11   -3.034628e-12
   18   39    1.386644e-14    3.916152e-16
   18   40    3.263403e-15   -1.350104e-16
   18   41    4.821014e-20   -1.014709e-21
   18   42    8.500228e-23    4.295371e-24
   18   43    7.052212e-28    4.805764e-29
   19   35    1.854113e-27   -7.692231e-30
   19   36    1.645377e-17    6.604383e-19
   19   37    2.317254e-15    6.471980e-17
   19   38    1.094219e-12    4.831798e-14
   19   39    3.415340e-10    6.356070e-12
   19   40    6.582868e-13    9.346193e-15
   19   41    2.889398e-13    7.356784e-15
   19   42    7.748388e-17    2.633395e-18
   19   43    5.222885e-17   -1.839060e-18
   19   44    4.880822e-21   -1.085445e-22
   19   45    1.847153e-24   -8.717083e-26
   19   46    5.103238e-29   -3.739196e-30
   20   38    2.574257e-18    8.064526e-20
   20   39    1.292171e-13    8.093259e-15
   20   40    1.162205e-08    5.013258e-10
   20   41    8.193895e-10    1.528908e-11
   20   42    3.086168e-08   -4.850127e-10
   20   43    1.432001e-09   -7.534993e-11
   20   44    2.427151e-09   -3.377799e-10
   20   45    1.115794e-12   -9.234570e-14
   20   46    4.776728e-13   -1.207143e-13
   20   47    6.926486e-17   -1.688232e-17
   20   48    2.217615e-15   -1.445590e-15
   20   49    3.727827e-21   -2.289937e-21
   20   50    5.475425e-26   -3.201519e-26
   21   39    1.046087e-29    3.901628e-31
   21   40    4.119694e-23    2.791003e-24
   21   41    1.240331e-16    5.953996e-18
   21   42    3.106877e-13    7.002632e-15
   21   43    5.775802e-09   -7.505735e-11
   21   44    1.040726e-09   -6.850277e-11
   21   45    1.122523e-08   -8.926740e-10
   21   46    3.320814e-11   -1.948847e-12
   21   47    7.060730e-13   -1.574201e-13
   21   48    5.910542e-13   -2.446345e-13
   21   49    8.288970e-15   -3.512801e-15
   21   50    2.805660e-19   -1.100876e-19
   21   51    2.350961e-23   -8.414006e-24
   21   52    1.565558e-29   -5.111823e-30
   22   42    2.219631e-21    1.138043e-22
   22   43    3.562047e-15    9.742123e-17
   22   44    7.870339e-09    1.477708e-10
   22   45    8.950436e-09    7.152839e-11
   22   46    5.258893e-08    1.212687e-10
   22   47    5.085848e-09    1.376377e-10
   22   48    4.176653e-09   -2.073440e-10
   22   49    6.977830e-11   -1.208579e-11
   22   50    8.006078e-09   -6.518629e-10
   22   51    9.438890e-13   -5.713952e-14
   22   52    1.379367e-16   -9.698945e-18
   22   53    7.671204e-22   -3.671606e-23
   22   54    2.855688e-26   -1.575090e-27
   23   44    4.489727e-22    1.424372e-23
   23   45    1.032410e-18    4.404255e-20
   23   46    6.508704e-11    1.569825e-12
   23   47    1.879216e-08    5.798793e-10
   23   48    4.321699e-09    9.068191e-11
   23   49    1.346751e-08   -2.615525e-10
   23   50    5.697512e-10   -4.660387e-11
   23   51    6.694251e-09   -4.492045e-10
   23   52    1.646530e-11   -6.306702e-13
   23   53    8.653673e-15   -4.502180e-16
   23   54    1.834840e-19   -5.876813e-21
   23   55    4.229705e-23   -1.497813e-24
   23   56    9.111096e-30   -1.039449e-31
   24   45    3.043079e-28    1.085902e-29
   24   46    1.123669e-21    5.337660e-23
   24   47    2.453728e-12    8.129539e-14
   24   48    5.514918e-10    3.673972e-11
   24   49    2.119117e-09    9.353504e-11
   24   50    1.554236e-08    4.770004e-10
   24   51    2.600589e-08    1.763862e-10
   24   52    3.853968e-08   -5.660983e-10
   24   53    7.102181e-10   -7.547673e-11
   24   54    8.972636e-09   -1.031044e-09
   24   55    1.542219e-12   -1.413085e-13
   24   56    6.194925e-16   -7.592141e-17
   24   57    2.807924e-21   -2.745011e-22
   24   58    4.357472e-25   -5.025184e-26
   25   48    3.972918e-19    1.487348e-20
   25   49    4.054555e-16    2.868564e-17
   25   50    4.970245e-12    2.611465e-13
   25   51    1.858230e-09    1.146231e-10
   25   52    9.324246e-09    4.953136e-10
   25   53    2.733087e-08    5.096468e-10
   25   54    1.978113e-08   -1.120425e-09
   25   55    1.031799e-08   -8.794028e-10
   25   56    3.037326e-11   -1.758545e-12
   25   57    6.101760e-14   -6.345134e-15
   25   58    5.747425e-18   -4.969396e-19
   25   59    7.420362e-21   -8.395907e-22
   25   60    2.939903e-26   -2.593370e-27
   25   61    1.309463e-30   -3.966705e-31
   26   49    6.514155e-25    2.692660e-26
   26   50    3.959265e-20    2.919881e-21
   26   51    6.746638e-14    4.543944e-15
   26   52    3.028912e-11    3.036347e-12
   26   53    9.988959e-10    8.874742e-11
   26   54    5.711783e-08    1.766313e-09
   26   55    6.865556e-08    7.362519e-10
   26   56    1.398686e-06   -1.576137e-08
   26   57    1.392006e-07   -1.029997e-08
   26   58    1.753851e-06   -7.878174e-08
   26   59    1.000042e-09   -2.427736e-11
   26   60    1.432217e-12   -1.075772e-13
   26   61    1.690806e-17   -8.796688e-19
   26   62    1.319383e-20   -1.286769e-21
   26   63    1.068601e-26   -7.704020e-28
   27   51    1.660294e-29    1.310590e-30
   27   52    4.117149e-23    2.972665e-24
   27   53    2.840145e-18    2.966778e-19
   27   54    9.294436e-13    9.825139e-14
   27   55    2.572352e-09    1.642644e-10
   27   56    9.723899e-09    4.813737e-10
   27   57    9.314347e-07    1.467850e-08
   27   58    4.790407e-07   -4.960546e-10
   27   59    1.996295e-06   -3.801299e-08
   27   60    9.753980e-09   -1.438052e-10
   27   61    1.110524e-10   -6.730948e-12
   27   62    4.976221e-14   -2.080011e-15
   27   63    3.358926e-16   -1.878510e-17
   27   64    6.755114e-21   -2.183209e-22
   27   65    1.653069e-23   -4.441572e-25
   27   66    3.030871e-29   -9.547318e-32
   28   53    8.518867e-28    6.449464e-29
   28   54    7.624060e-23    8.233731e-24
   28   55    2.224351e-15    2.821056e-16
   28   56    2.749297e-11    2.692327e-12
   28   57    1.111333e-09    8.190841e-11
   28   58    3.921109e-07    2.293756e-08
   28   59    1.818433e-06    6.676458e-08
   28   60    3.632769e-06    3.618804e-08
   28   61    6.448349e-07   -6.676019e-09
   28   62    1.739285e-06   -2.304182e-08
   28   63    4.820761e-09    2.422748e-11
   28   64    4.396511e-07   -2.100373e-08
   28   65    9.115292e-11   -2.227648e-12
   28   66    3.189620e-13   -1.544364e-14
   28   67    5.414399e-18   -1.365569e-19
   28   68    6.399007e-21   -2.395255e-22
   28   69    2.374416e-27   -3.114657e-29
   29   57    2.512846e-20    2.601376e-21
   29   58    3.651117e-15    2.829872e-16
   29   59    5.611602e-11    3.482267e-12
   29   60    1.153521e-08    4.820398e-10
   29   61    1.649583e-07    2.719741e-09
   29   62    1.875759e-07    3.500481e-09
   29   63    1.159174e-06    1.019775e-08
   29   64    2.243716e-07   -1.804717e-09
   29   65    5.969744e-07   -1.781258e-08
   29   66    1.631760e-09   -1.032234e-11
   29   67    5.226663e-11   -1.718962e-12
   29   68    6.623102e-15   -6.764343e-17
   29   69    6.059088e-17   -1.215620e-18
   29   70    2.348011e-22    8.456425e-25
   29   71    7.395877e-25    6.439124e-27
   30   58    1.477195e-27    1.586398e-28
   30   59    9.929596e-21    8.056799e-22
   30   60    7.731734e-14    6.527682e-15
   30   61    3.029525e-10    1.940135e-11
   30   62    2.190150e-08    1.280534e-09
   30   63    2.458716e-08    1.340690e-09
   30   64    1.329274e-06    2.615933e-08
   30   65    6.106028e-07    1.554596e-08
   30   66    1.541005e-06   -8.699227e-10
   30   67    1.238860e-08    8.617316e-11
   30   68    7.315641e-07   -1.817866e-08
   30   69    3.945209e-10   -8.214054e-13
   30   70    5.939433e-11   -2.172234e-12
   30   71    4.611030e-15   -6.062681e-17
   30   72    1.593445e-16   -3.282807e-18
   30   73    2.015751e-21    5.533418e-24
   30   74    5.816771e-24    1.238662e-27
   30   75    5.178430e-30    1.213477e-31
   31   61    7.212018e-25    7.262901e-26
   31   62    1.037895e-15    7.045935e-17
   31   63    1.719626e-13    1.072342e-14
   31   64    1.319612e-11    7.661743e-13
   31   65    3.413179e-09    7.863279e-11
   31   66    3.102897e-08    1.164100e-09
   31   67    3.471426e-07    9.438209e-09
   31   68    1.775807e-08    5.633815e-10
   31   69    5.205726e-07    5.355729e-09
   31   70    5.309520e-09    2.047568e-10
   31   71    5.892757e-08   -2.102370e-09
   31   72    5.086596e-11   -6.402375e-13
   31   73    3.884253e-12   -6.774395e-14
   31   74    1.279334e-15    6.280675e-18
   31   75    2.154643e-17    5.711753e-20
   31   76    1.867295e-22    4.692458e-24
   31   77    1.591816e-24    4.982689e-26
   31   78    7.922216e-30    4.210078e-31
   32   63    1.094327e-22    7.865475e-24
   32   64    1.059923e-16    9.593244e-18
   32   65    5.564230e-14    4.464114e-15
   32   66    3.666514e-10    2.323377e-11
   32   67    2.229607e-09    1.563746e-10
   32   68    4.908505e-08    3.472504e-09
   32   69    3.366445e-08    1.780199e-09
   32   70    3.736477e-07    8.840068e-09
   32   71    6.225368e-08    8.043504e-10
   32   72    2.083936e-07   -2.383934e-09
   32   73    1.742326e-09    1.596122e-11
   32   74    1.143544e-07   -2.033375e-09
   32   75    2.087793e-10    1.039702e-12
   32   76    1.166564e-11   -1.797220e-13
   32   77    2.637452e-15    1.869993e-17
   32   78    3.146409e-17    7.748734e-20
   32   79    1.095505e-21    2.738718e-23
   32   80    2.352992e-24    6.017898e-26
   32   81    2.010706e-30    9.693709e-32
   33   65    5.413347e-27    5.187872e-28
   33   66    2.904325e-19    2.441892e-20
   33   67    4.864854e-16    3.279980e-17
   33   68    1.630430e-13    1.199279e-14
   33   69    1.764296e-11    1.312884e-12
   33   70    2.579637e-10    1.485369e-11
   33   71    1.850229e-08    5.573139e-10
   33   72    9.246175e-09    4.022587e-10
   33   73    6.524778e-08    1.848026e-09
   33   74    5.652398e-09    1.858854e-10
   33   75    5.741826e-08    8.395615e-10
   33   76    1.027980e-09    4.049683e-11
   33   77    4.044227e-11    1.040753e-12
   33   78    2.955746e-14    1.352215e-15
   33   79    1.749282e-15    4.373165e-17
   33   80    5.993656e-19    2.722397e-20
   33   81    1.030189e-20    4.020483e-22
   33   82    5.580307e-26    3.402601e-27
   34   67    5.107138e-27    4.506507e-28
   34   68    4.314228e-19    3.847679e-20
   34   69    5.485329e-16    4.644925e-17
   34   70    6.882105e-13    6.702493e-14
   34   71    1.535465e-11    1.299494e-12
   34   72    2.894251e-09    2.186770e-10
   34   73    1.306220e-09    1.006309e-10
   34   74    1.064051e-08    7.637978e-10
   34   75    1.382948e-08    7.278562e-10
   34   76    5.535175e-08   -2.087502e-10
   34   77    3.524851e-09   -4.927384e-12
   34   78    5.750932e-08   -5.106846e-10
   34   79    6.753819e-10    8.805668e-12
   34   80    3.434083e-09   -3.039231e-11
   34   81    9.886348e-12    1.412363e-13
   34   82    2.826777e-12   -1.913720e-14
   34   83    2.128002e-16    3.418697e-18
   34   84    1.931821e-18    2.385803e-20
   34   85    4.862758e-25    1.733266e-26
   34   86    1.928384e-30    1.103455e-31
   35   70    6.467512e-22    5.740021e-23
   35   71    2.836897e-19    2.880951e-20
   35   72    3.011892e-16    2.653738e-17
   35   73    3.210845e-13    2.544548e-14
   35   74    3.611815e-12    2.938121e-13
   35   75    1.313121e-10    1.086514e-11
   35   76    8.163168e-10    6.255953e-11
   35   77    9.044816e-09    3.000537e-10
   35   78    6.515487e-10    3.379923e-11
   35   79    1.752860e-08    2.989465e-10
   35   80    1.590330e-09    5.853639e-11
   35   81    6.535659e-09   -2.826025e-11
   35   82    2.639922e-10    4.462742e-12
   35   83    4.973530e-11    3.638112e-13
   35   84    7.273207e-14    2.086071e-15
   35   85    2.213596e-15    6.143135e-17
   35   86    2.429282e-21    1.223535e-22
   35   87    6.533380e-26    4.664653e-27
   36   71    6.287951e-29    5.828397e-30
   36   72    8.318943e-23    9.931322e-24
   36   73    1.635096e-18    1.590353e-19
   36   74    4.955401e-15    5.075981e-16
   36   75    8.919594e-14    9.274037e-15
   36   76    2.491913e-11    2.879348e-12
   36   77    4.652923e-11    4.567311e-12
   36   78    6.938441e-10    5.188234e-11
   36   79    1.320103e-09    7.048765e-11
   36   80    1.719927e-08    3.478404e-12
   36   81    4.082790e-09    4.730849e-11
   36   82    5.291037e-08   -2.391153e-10
   36   83    6.027586e-09   -7.854672e-12
   36   84    5.375845e-08   -2.346463e-10
   36   85    7.371867e-10    1.231555e-11
   36   86    4.764215e-10   -1.115096e-12
   36   87    6.160185e-15    1.271041e-16
   36   88    1.770535e-18    7.512559e-20
   36   89    1.857914e-24    1.201879e-25
   36   90    4.302621e-29    3.692081e-30
   37   74    2.814396e-24    2.845448e-25
   37   75    4.067710e-21    4.325863e-22
   37   76    2.629214e-18    2.821382e-19
   37   77    1.911523e-15    2.278002e-16
   37   78    1.295395e-14    1.314237e-15
   37   79    2.930553e-12    2.400757e-13
   37   80    1.949804e-11    1.263550e-12
   37   81    1.176075e-09    3.460738e-11
   37   82    3.937554e-10    1.814911e-11
   37   83    5.835732e-09    2.039566e-10
   37   84    7.529220e-10    3.929447e-11
   37   85    1.100140e-08    1.554041e-10
   37   86    1.843563e-09    2.245800e-11
   37   87    4.968723e-10    5.957316e-12
   37   88    5.062938e-14    1.736734e-15
   37   89    5.554412e-17    3.070234e-18
   37   90    5.128969e-22    3.942192e-23
   37   91    5.003390e-26    4.878146e-27
   38   76    1.163040e-24    1.378399e-25
   38   77    8.371537e-21    9.862747e-22
   38   78    1.286178e-17    1.905213e-18
   38   79    1.924396e-16    2.306209e-17
   38   80    1.712332e-13    1.828668e-14
   38   81    5.590836e-13    5.106304e-14
   38   82    5.727200e-11    4.134892e-12
   38   83    4.935640e-11    3.784462e-12
   38   84    2.605858e-10    1.997392e-11
   38   85    5.212350e-10    2.484037e-11
   38   86    1.504680e-08   -4.797812e-11
   38   87    1.188022e-08   -2.505570e-11
   38   88    3.709507e-08   -2.233351e-11
   38   89    1.729293e-11    3.785457e-13
   38   90    7.574170e-14    3.354982e-15
   38   91    4.059909e-18    2.682637e-19
   38   92    1.914323e-21    1.668507e-22
   38   93    1.034974e-26    1.120061e-27
   39   78    1.232316e-27    1.501828e-28
   39   79    2.794667e-23    4.239345e-24
   39   80    1.440122e-21    1.775346e-22
   39   81    1.627993e-18    1.798196e-19
   39   82    8.058935e-17    7.639055e-18
   39   83    4.830683e-14    3.737658e-15
   39   84    5.700778e-14    4.620991e-15
   39   85    2.950805e-12    2.994931e-13
   39   86    1.201197e-11    9.243852e-13
   39   87    6.981646e-10    2.267946e-11
   39   88    5.821016e-10    2.414402e-11
   39   89    6.428667e-09    5.854632e-11
   39   90    1.832265e-11    5.733106e-13
   39   91    2.615299e-13    1.404645e-14
   39   92    1.010944e-16    7.564792e-18
   39   93    3.507950e-19    3.356901e-20
   39   94    6.086545e-23    7.074546e-24
   39   95    1.162459e-26    1.577912e-27
   40   80    3.672518e-27    6.222999e-28
   40   81    3.459049e-25    4.574291e-26
   40   82    8.450024e-21    1.140267e-21
   40   83    5.384404e-19    6.205404e-20
   40   84    4.716901e-16    5.092389e-17
   40   85    6.230574e-16    6.676351e-17
   40   86    8.246499e-14    1.015346e-14
   40   87    3.101944e-13    2.777644e-14
   40   88    1.689855e-11    1.252204e-12
   40   89    1.713264e-11    1.085366e-12
   40   90    3.444320e-09    8.016785e-12
   40   91    1.154470e-10    5.010897e-13
   40   92    5.966722e-10   -3.225930e-12
   40   93    1.673230e-12    2.257414e-14
   40   94    9.115320e-13   -3.207718e-14
   40   95    7.225738e-16   -8.795459e-18
   40   96    5.244953e-18    5.513359e-20
   40   97    2.948593e-23    9.780117e-25
   40   98    1.543830e-27    8.473024e-29
   41   83    6.374872e-28    8.865617e-29
   41   84    2.771631e-23    3.301049e-24
   41   85    5.374419e-22    6.010976e-23
   41   86    2.413859e-20    2.671083e-21
   41   87    1.122517e-17    1.426606e-18
   41   88    5.255366e-16    5.067951e-17
   41   89    7.173468e-14    7.107113e-15
   41   90    1.713122e-13    1.608321e-14
   41   91    5.444806e-11    2.235451e-12
   41   92    5.953217e-12    2.632504e-13
   41   93    9.125527e-12    3.452675e-13
   41   94    1.034570e-13    6.404617e-15
   41   95    5.189568e-15    3.565729e-16
   41   96    1.361237e-17    1.218101e-18
   41   97    2.464753e-19    2.780727e-20
   41   98    8.004275e-24    1.065113e-24
   41   99    4.220471e-27    6.423436e-28
   42   85    1.058051e-29    1.295866e-30
   42   86    5.716602e-25    7.384696e-26
   42   87    7.322886e-23    9.478329e-24
   42   88    3.824706e-20    5.837792e-21
   42   89    2.410721e-18    2.847625e-19
   42   90    3.684096e-16    5.020974e-17
   42   91    1.099060e-15    1.215179e-16
   42   92    5.318523e-13    3.616375e-14
   42   93    6.919044e-13    1.094690e-14
   42   94    5.492825e-11    1.141403e-13
   42   95    6.373681e-12    3.485727e-14
   42   96    1.427201e-10   -1.182257e-13
   42   97    8.685900e-13    9.206539e-15
   42   98    1.143981e-11   -1.333803e-13
   42   99    1.628598e-15    1.853759e-17
   42  100    5.647618e-17    2.860926e-19
   42  101    1.589314e-21    4.437960e-23
   42  102    1.298616e-23    4.006153e-25
   42  103    1.431947e-28    7.595947e-30
   43   88    2.031138e-29    2.710332e-30
   43   89    1.957862e-26    3.065378e-27
   43   90    4.825148e-24    5.873770e-25
   43   91    2.931861e-20    4.170150e-21
   43   92    9.215631e-19    1.098224e-19
   43   93    1.212341e-15    9.808697e-17
   43   94    7.806174e-15    3.179639e-16
   43   95    5.677709e-13    2.326975e-14
   43   96    1.926993e-13    8.022493e-15
   43   97    1.458769e-12    5.506554e-14
   43   98    3.068688e-14    1.170799e-15
   43   99    2.033764e-13    1.218863e-15
   43  100    2.261854e-16    6.368308e-18
   43  101    2.337828e-17    6.619906e-19
   43  102    1.642718e-21    8.263257e-23
   43  103    7.480994e-23    4.055819e-24
   43  104    3.467041e-27    2.622582e-28
   44   91    6.237305e-27    8.907964e-28
   44   92    2.755748e-23    4.693275e-24
   44   93    1.352091e-21    1.883425e-22
   44   94    6.641887e-18    6.108747e-19
   44   95    3.136330e-16    2.447254e-17
   44   96    6.503277e-15    2.497541e-16
   44   97    2.730808e-14    4.270630e-16
   44   98    7.805462e-12   -1.723515e-15
   44   99    8.418824e-13    7.627659e-15
   44  100    3.972857e-11   -2.284690e-14
   44  101    2.538622e-13    5.483773e-15
   44  102    1.113985e-13    5.805854e-16
   44  103    1.015394e-16    2.788756e-18
   44  104    1.110228e-17    1.269969e-19
   44  105    2.055541e-21    6.937043e-23
   44  106    4.980750e-23    2.014035e-24
   44  107    1.054139e-27    6.568700e-29
   44  108    3.951635e-30    5.691686e-32
   45   93    1.471503e-29    2.562016e-30
   45   94    1.411817e-26    2.019013e-27
   45   95    4.108564e-22    4.003075e-23
   45   96    6.499026e-20    5.526934e-21
   45   97    1.159515e-17    5.099361e-19
   45   98    8.136236e-17    1.995332e-18
   45   99    3.895626e-14    1.404381e-15
   45  100    1.452585e-14    4.997951e-16
   45  101    1.009395e-12    1.277065e-14
   45  102    4.370666e-14    8.300047e-16
   45  103    6.554668e-12   -6.571366e-15
   45  104    2.742039e-14    5.770749e-16
   45  105    1.038200e-14    1.753717e-16
   45  106    6.834622e-18    2.651090e-19
   45  107    7.239564e-19    3.297002e-20
   45  108    1.371143e-22    9.182847e-24
   45  109    2.988586e-24    2.516647e-25
   45  110    1.587444e-28    1.667853e-29
   46   96    2.559831e-25    3.255510e-26
   46   97    7.477968e-23    8.234717e-24
   46   98    5.822326e-20    4.224037e-21
   46   99    2.778847e-18    1.978899e-19
   46  100    1.262728e-16    8.728261e-18
   46  101    1.714294e-15    7.209268e-17
   46  102    3.157415e-13    2.355505e-15
   46  103    1.869635e-13    1.284431e-15
   46  104    2.769240e-11    4.209285e-16
   46  105    6.999875e-13    1.278866e-14
   46  106    2.908673e-11    2.112120e-14
   46  107    1.112284e-13    1.604555e-15
   46  108    1.547312e-11   -4.865915e-14
   46  109    1.008021e-14    1.961006e-16
   46  110    2.437439e-15   -3.102106e-18
   46  111    1.885095e-19    4.057240e-21
   46  112    4.235124e-21    1.688164e-22
   46  113    5.483714e-26    3.397477e-27
   47   98    1.698271e-28    1.935937e-29
   47   99    9.105301e-25    7.010288e-26
   47  100    9.980912e-23    7.539154e-24
   47  101    4.323530e-20    3.220412e-21
   47  102    1.456782e-18    8.186237e-20
   47  103    9.977855e-16    3.282186e-17
   47  104    2.071560e-15    4.697665e-17
   47  105    4.369314e-13    4.901930e-15
   47  106    9.078294e-14    1.420853e-15
   47  107    6.045036e-12    1.013882e-14
   47  108    1.176247e-13    2.235251e-15
   47  109    4.386207e-12   -1.005571e-14
   47  110    1.022467e-14    2.039007e-16
   47  111    3.564090e-15    6.500643e-17
   47  112    2.240759e-18    8.993259e-20
   47  113    1.689289e-19    8.416456e-21
   47  114    9.636155e-24    6.879333e-25
   47  115    1.820561e-25    1.581030e-26
   47  116    1.351270e-30    1.457246e-31
   48  100    3.006260e-28    3.275608e-29
   48  101    4.459503e-26    4.496210e-27
   48  102    5.882787e-23    5.811143e-24
   48  103    7.855745e-21    5.161180e-22
   48  104    3.145722e-18    2.117900e-19
   48  105    1.307958e-16    5.681980e-18
   48  106    3.059778e-15    1.054874e-16
   48  107    1.071045e-14    2.865759e-16
   48  108    1.372886e-12    6.439956e-15
   48  109    1.672167e-13    1.839774e-15
   48  110    2.894733e-11    3.369867e-14
   48  111    4.294050e-13    7.381102e-15
   48  112    3.423325e-11    2.340706e-14
   48  113    1.068448e-13    1.324551e-15
   48  114    1.332088e-11   -8.032176e-14
   48  115    6.338270e-15    1.061901e-16
   48  116    4.882794e-16    9.948824e-18
   48  117    5.449233e-20    2.326566e-21
   48  118    8.408602e-22    4.804267e-23
   48  119    1.120931e-26    8.833561e-28
   49  103    1.257989e-28    1.292541e-29
   49  104    6.286321e-26    4.388962e-27
   49  105    1.296195e-22    8.964377e-24
   49  106    1.353099e-20    6.829410e-22
   49  107    1.890083e-18    8.808209e-20
   49  108    1.211053e-17    4.586290e-19
   49  109    7.023262e-15    1.100880e-16
   49  110    4.658347e-15    7.782474e-17
   49  111    8.901927e-13    5.678704e-15
   49  112    8.663895e-14    1.651074e-15
   49  113    5.126779e-12   -3.837005e-15
   49  114    8.075603e-14    1.689608e-15
   49  115    5.442306e-14    1.091194e-15
   49  116    1.387374e-16    5.812774e-18
   49  117    2.090607e-17    1.011681e-18
   49  118    1.201498e-20    8.391268e-22
   49  119    5.856113e-22    4.648990e-23
   49  120    8.723550e-26    8.739988e-27
   49  121    7.859106e-27    1.506977e-28
   49  122    1.418273e-29    1.571834e-31
   49  123    2.310735e-30    6.801331e-33
   50  106    8.639502e-26    8.164245e-27
   50  107    4.567614e-24    3.787571e-25
   50  108    1.799155e-21    1.374640e-22
   50  109    5.299796e-20    2.444700e-21
   50  110    1.500397e-17    8.506724e-19
   50  111    1.968166e-16    7.141532e-18
   50  112    2.505386e-14    2.428939e-16
   50  113    1.821072e-14    1.447998e-16
   50  114    7.016325e-12    1.025747e-14
   50  115    4.858466e-13    6.400354e-15
   50  116    6.016670e-11    7.535455e-14
   50  117    7.340417e-13    1.071904e-14
   50  118    7.968422e-11    3.627966e-14
   50  119    3.195567e-13    2.974584e-15
   50  120    3.210542e-11   -1.481578e-13
   50  121    2.108447e-14    3.619113e-16
   50  122    1.082888e-13   -1.082436e-15
   50  123    4.105131e-17    2.593176e-20
   50  124    1.931096e-15   -4.026471e-17
   50  125    1.742650e-19    4.223139e-22
   50  126    1.863972e-21    1.638231e-23
   50  127    6.665453e-26    2.090716e-27
   50  128    3.318739e-28    8.581849e-32
   51  109    7.673342e-29    6.204534e-30
   51  110    1.344199e-25    6.805441e-27
   51  111    2.260926e-23    1.359960e-24
   51  112    4.743177e-21    1.965679e-22
   51  113    1.145321e-18    1.636341e-20
   51  114    3.954708e-18    7.246296e-20
   51  115    3.647140e-15    8.589420e-17
   51  116    1.254677e-15    4.581291e-17
   51  117    1.893518e-13    3.274979e-15
   51  118    2.416441e-14    6.272252e-16
   51  119    1.298106e-12    8.169445e-15
   51  120    2.379024e-14    4.499302e-16
   51  121    2.125357e-12   -5.873107e-15
   51  122    6.635967e-15    1.277808e-16
   51  123    2.461476e-14   -1.582813e-16
   51  124    3.157300e-17    5.079395e-19
   51  125    2.931089e-18    6.240456e-20
   51  126    9.820629e-22    4.252312e-23
   51  127    2.631549e-23    1.243838e-24
   51  128    1.959162e-27    1.307506e-28
   51  129    1.000953e-25    3.505164e-28
   51  130    2.172167e-29    3.476150e-30
   51  131    8.740244e-30    3.122097e-32
   52  112    8.941743e-28    5.202462e-29
   52  113    2.568357e-25    1.273628e-26
   52  114    4.006107e-22    1.469567e-23
   52  115    1.203122e-21    4.588500e-23
   52  116    5.225588e-18    1.930262e-19
   52  117    6.685892e-18    1.818577e-19
   52  118    7.829934e-15    9.745336e-17
   52  119    2.478015e-15    4.074770e-17
   52  120    1.133975e-12    8.234850e-15
   52  121    8.658753e-14    1.352121e-15
   52  122    1.948712e-11    4.797375e-14
   52  123    2.879449e-13    4.758250e-15
   52  124    2.975923e-11    2.080176e-15
   52  125    1.356539e-13    1.637389e-15
   52  126    1.025953e-11   -6.323250e-14
   52  127    1.174348e-14    1.256553e-16
   52  128    3.800678e-13   -4.785830e-15
   52  129    4.286591e-16   -5.798857e-18
   52  130    2.870069e-14   -7.274670e-16
   52  131    3.526527e-18   -7.256466e-21
   52  132    3.571331e-20    1.786906e-22
   52  133    1.994660e-24    5.463698e-26
   52  134    4.577040e-27    6.918635e-29
   53  115    1.018620e-28    4.209943e-30
   53  116    4.929021e-27    2.098944e-28
   53  117    4.035955e-23    1.652869e-24
   53  118    8.972076e-22    2.943082e-23
   53  119    2.141936e-18    5.511179e-20
   53  120    2.483360e-18    8.183041e-20
   53  121    2.091948e-15    5.328049e-17
   53  122    7.360364e-16    2.063401e-17
   53  123    1.850403e-13    2.509432e-15
   53  124    1.158469e-14    2.693556e-16
   53  125    1.513862e-12    6.467255e-15
   53  126    2.396341e-14    4.112143e-16
   53  127    1.927998e-12   -7.439164e-15
   53  128    5.959721e-15    1.093175e-16
   53  129    1.421960e-15    2.184901e-17
   53  130    1.365741e-18    3.496994e-20
   53  131    2.849510e-19    7.231437e-21
   53  132    8.025889e-23    3.786572e-24
   53  133    1.412718e-23    1.999741e-25
   53  134    7.706671e-27    1.436468e-28
   53  135    1.727460e-25   -9.521803e-28
   54  118    2.036672e-26    1.316755e-27
   54  119    1.143829e-24    5.897527e-26
   54  120    4.353353e-21    1.863428e-22
   54  121    4.081816e-20    1.389471e-21
   54  122    7.433744e-17    1.146917e-18
   54  123    1.213772e-16    1.985880e-18
   54  124    6.704795e-14    7.530218e-16
   54  125    1.827272e-14    3.117547e-16
   54  126    4.086793e-12    3.246896e-14
   54  127    2.813709e-13    4.609101e-15
   54  128    3.066644e-11    9.717787e-14
   54  129    5.439682e-13    7.639428e-15
   54  130    3.355064e-11   -3.385016e-14
   54  131    1.974829e-13    1.370014e-15
   54  132    1.222526e-11   -8.859738e-14
   54  133    3.124393e-14    2.001782e-17
   54  134    1.584476e-12   -1.550146e-14
   54  135    7.605500e-15   -9.494108e-17
   54  136    5.202232e-13   -8.387070e-15
   54  137    1.397767e-20    1.132655e-22
   54  138    9.502159e-27    2.929323e-28
   55  121    4.521263e-27    2.118964e-28
   55  122    4.147923e-25    1.561641e-26
   55  123    4.302126e-21    8.580535e-23
   55  124    2.632115e-20    5.796300e-22
   55  125    5.982029e-17    1.128308e-18
   55  126    7.931456e-17    1.570674e-18
   55  127    2.913459e-14    4.269066e-16
   55  128    6.414082e-15    1.347707e-16
   55  129    5.987038e-13    5.941454e-15
   55  130    3.215277e-14    6.044667e-16
   55  131    2.058173e-12    4.861930e-15
   55  132    2.580954e-14    3.639417e-16
   55  133    1.867753e-12   -1.037855e-14
   55  134    7.887386e-15    1.307998e-16
   55  135    1.457086e-15    2.795788e-17
   55  136    1.285194e-17   -1.746078e-20
   55  137    1.124299e-18    3.400583e-20
   55  138    7.633082e-26    4.060886e-27
   56  122    4.056684e-30    3.041143e-31
   56  123    6.063210e-28    2.470938e-29
   56  124    8.483089e-24    3.114456e-25
   56  125    1.566184e-22    3.943338e-24
   56  126    1.231857e-18    2.610009e-20
   56  127    4.175524e-18    8.341915e-20
   56  128    3.514212e-15    5.737450e-17
   56  129    2.630415e-15    4.834217e-17
   56  130    8.927266e-13    1.364523e-14
   56  131    1.360746e-13    2.940800e-15
   56  132    2.123992e-11    2.324309e-13
   56  133    1.238708e-12    2.141196e-14
   56  134    1.180471e-10    6.492728e-13
   56  135    2.946634e-12    3.099880e-14
   56  136    1.854849e-10   -6.721704e-14
   56  137    2.960657e-12    8.464655e-15
   56  138    1.572431e-10   -8.986784e-13
   56  139    8.660809e-17    1.544057e-18
   56  140    1.623819e-21    6.476982e-23
   56  141    6.502146e-28    4.059357e-29
   57  125    2.875427e-30    1.181259e-31
   57  126    5.499734e-28    1.609193e-29
   57  127    5.889994e-24    1.480123e-25
   57  128    9.247016e-23    2.004964e-24
   57  129    8.009823e-19    1.101621e-20
   57  130    4.239052e-18    5.641382e-20
   57  131    4.154790e-15    6.330092e-17
   57  132    1.580292e-15    3.369699e-17
   57  133    5.236911e-13    6.644452e-15
   57  134    9.213603e-14    1.975117e-15
   57  135    5.491000e-12    4.497521e-14
   57  136    4.228906e-13    7.431729e-15
   57  137    1.318783e-11    1.927146e-14
   57  138    5.810296e-13    6.059908e-15
   57  139    1.717999e-11   -8.011324e-14
   57  140    5.204983e-17    9.717435e-19
   57  141    3.389335e-21    1.371082e-22
   57  142    4.559481e-27    2.861947e-28
   58  128    1.048845e-26    4.119737e-28
   58  129    2.971406e-25    7.098878e-27
   58  130    2.945189e-21    6.615780e-23
   58  131    2.457311e-20    4.444145e-22
   58  132    2.610856e-17    3.650117e-19
   58  133    3.971830e-17    6.044478e-19
   58  134    1.883518e-14    2.318527e-16
   58  135    9.311529e-15    1.709335e-16
   58  136    1.019681e-12    1.036149e-14
   58  137    1.432647e-13    2.427176e-15
   58  138    1.615053e-11    7.524277e-14
   58  139    1.296057e-12    1.424145e-14
   58  140    7.462622e-11   -1.028761e-13
   58  141    8.767406e-16    1.896875e-17
   58  142    3.846387e-19    1.662362e-20
   58  143    2.263220e-24    1.478688e-25
   58  144    2.014327e-28    1.733760e-29
   59  131    2.984088e-27    8.033616e-29
   59  132    1.014950e-25    2.190336e-27
   59  133    8.436667e-22    7.411798e-24
   59  134    2.187041e-20   -4.010076e-23
   59  135    5.134726e-17   -4.490139e-20
   59  136    8.832518e-17    4.212392e-19
   59  137    2.221466e-14    8.672872e-17
   59  138    8.787071e-15    1.221710e-16
   59  139    8.374154e-13    1.476472e-15
   59  140    2.300025e-13    3.364874e-15
   59  141    6.700513e-12   -4.551813e-15
   59  142    5.342390e-16    1.183582e-17
   59  143    8.432854e-19    3.673485e-20
   59  144    1.282892e-23    8.397892e-25
   59  145    6.004612e-27    5.167031e-28
   59  146    1.144729e-29   -1.131389e-34
   60  133    1.003146e-27   -7.478001e-30
   60  134    2.198305e-23   -1.657343e-25
   60  135    4.012354e-22   -3.748516e-24
   60  136    1.307688e-18   -7.075447e-21
   60  137    5.870200e-18   -2.098326e-20
   60  138    3.096469e-15   -6.615621e-18
   60  139    3.666357e-15    2.330343e-17
   60  140    7.040815e-13    1.271741e-15
   60  141    3.988959e-13    2.745140e-15
   60  142    3.496249e-11   -4.201634e-15
   60  143    8.619020e-15    1.936570e-16
   60  144    5.617082e-17    2.459791e-18
   60  145    4.629585e-21    3.035102e-22
   60  146    8.133243e-24    5.819036e-25
   60  147    9.161277e-29    8.486602e-30
   60  148    3.061938e-26    8.914978e-32
   61  135    4.633555e-30   -1.258961e-32
   61  136    2.557764e-28   -1.248088e-30
   61  137    2.553544e-24   -2.580815e-27
   61  138    6.338563e-23   -1.824825e-26
   61  139    1.066262e-19   -1.554726e-22
   61  140    6.978116e-19   -3.111340e-21
   61  141    8.231079e-16   -6.057298e-18
   61  142    2.418317e-15   -8.501770e-19
   61  143    2.358815e-13    3.366673e-16
   61  144    3.381138e-16    8.041921e-18
   61  145    8.743671e-18    1.842177e-19
   61  146    3.291206e-21    1.389101e-22
   61  147    9.222534e-23   -1.047546e-24
   61  148    5.609597e-27    5.849413e-29
   61  149    1.328066e-25    3.483755e-26
   61  150    5.282138e-30    1.704566e-30
   61  151    5.426369e-26   -2.349556e-31
   61  152    1.823788e-30   -7.360106e-36
   62  137    3.985974e-30   -1.333075e-31
   62  138    3.100265e-25   -8.872990e-27
   62  139    1.316472e-23   -3.783089e-25
   62  140    7.620698e-20   -1.851434e-21
   62  141    7.821116e-19   -1.318970e-20
   62  142    2.936189e-15   -2.684212e-17
   62  143    1.552259e-14   -7.005291e-17
   62  144    1.111979e-11    1.258145e-14
   62  145    4.201661e-14    9.671705e-16
   62  146    5.367597e-15    1.073513e-16
   62  147    5.825778e-18    2.052520e-19
   62  148    4.584969e-18   -1.705064e-19
   62  149    1.031036e-21   -2.336487e-23
   62  150    1.102830e-20   -5.952661e-22
   62  151    1.160485e-24   -3.468246e-26
   62  152    1.596580e-25   -2.585167e-27
   62  153    1.721859e-29    1.157300e-31
   62  154    6.842817e-28    5.435362e-32
   62  155    1.087619e-30   -8.803232e-37
   63  140    1.612080e-30   -3.855445e-32
   63  141    2.158857e-26   -4.235400e-28
   63  142    4.074563e-24   -5.816630e-26
   63  143    2.560184e-19   -4.184214e-21
   63  144    3.678550e-17   -4.976484e-19
   63  145    1.083671e-13   -3.846230e-16
   63  146    2.768496e-15    3.524659e-17
   63  147    5.217459e-15   -3.297757e-17
   63  148    4.493979e-17   -4.381785e-20
   63  149    6.361191e-16   -7.492786e-18
   63  150    2.360039e-19    2.461953e-21
   63  151    6.043247e-19   -1.370258e-20
   63  152    3.312668e-22   -1.277640e-23
   63  153    4.758146e-20   -4.883841e-21
   63  154    1.761416e-23   -1.373192e-24
   63  155    1.152690e-24   -6.324401e-26
   63  156    1.758969e-28   -5.485778e-30
   63  157    1.233120e-28    6.289255e-35
   64  142    6.274765e-26   -2.320882e-27
   64  143    1.531574e-23   -5.060706e-25
   64  144    7.097071e-19   -1.595602e-20
   64  145    5.933248e-17   -7.503991e-19
   64  146    1.036113e-12    1.949198e-15
   64  147    5.797551e-14    9.331165e-16
   64  148    1.387618e-13    2.163744e-16
   64  149    4.760616e-15    1.605846e-17
   64  150    3.347232e-14   -2.154635e-16
   64  151    1.267153e-16   -2.454662e-19
   64  152    2.276574e-15   -8.619179e-17
   64  153    1.909884e-17   -8.391491e-19
   64  154    2.135025e-15   -1.140305e-16
   64  155    2.964700e-18   -8.861704e-20
   64  156    3.240404e-19   -3.052447e-21
   64  157    1.737678e-22    2.292732e-24
   64  158    2.132980e-24    7.315265e-26
   64  159    1.662133e-28    9.333355e-30
   64  160    7.274970e-29   -2.932338e-35
   65  145    8.951574e-26   -1.547651e-27
   65  146    7.012492e-23   -4.987743e-25
   65  147    2.763640e-18   -4.716698e-21
   65  148    1.080817e-17   -4.734528e-20
   65  149    3.363371e-16   -1.543621e-18
   65  150    4.462142e-17   -2.561610e-19
   65  151    1.093759e-14   -7.811902e-17
   65  152    5.722177e-17   -8.653340e-20
   65  153    7.145070e-14   -7.438009e-16
   65  154    4.015099e-16    2.949087e-18
   65  155    1.931039e-14   -3.922509e-16
   65  156    7.279830e-17    1.531277e-19
   65  157    3.938652e-17   -7.193962e-20
   65  158    5.701033e-20    1.155719e-21
   65  159    3.067122e-21    1.157541e-22
   65  160    9.070629e-25    5.374088e-26
   65  161    6.389360e-27    5.047660e-28
   65  162    3.262253e-30    1.839631e-33
   66  146    6.274787e-27   -5.775682e-29
   66  147    6.388352e-24    5.533462e-27
   66  148    3.073936e-18    1.320027e-20
   66  149    2.195327e-18    1.005710e-20
   66  150    5.487997e-17    2.592839e-19
   66  151    3.355605e-16    8.380995e-19
   66  152    4.943883e-14   -2.803876e-18
   66  153    1.281881e-14    1.698610e-17
   66  154    6.056124e-13   -1.728267e-15
   66  155    1.768341e-14    1.687443e-16
   66  156    1.220993e-12   -9.451466e-15
   66  157    1.576753e-14    1.942408e-16
   66  158    6.654090e-14   -1.376132e-15
   66  159    3.022759e-16    5.514713e-19
   66  160    5.112005e-17    9.519644e-19
   66  161    5.703303e-20    2.309407e-21
   66  162    1.401139e-21    8.465011e-23
   66  163    3.832749e-25    3.124969e-26
   66  164    1.832114e-27    1.853510e-28
   67  149    6.519773e-26    6.189933e-28
   67  150    8.235015e-26    8.424375e-28
   67  151    2.484022e-22    2.894643e-24
   67  152    2.932199e-21    2.839076e-23
   67  153    8.738843e-18    5.899050e-20
   67  154    3.631307e-17    2.851193e-19
   67  155    6.263049e-15    4.820355e-17
   67  156    8.776478e-17    1.607437e-18
   67  157    1.683607e-13    5.180013e-16
   67  158    4.707782e-15    9.809842e-17
   67  159    2.257970e-13   -9.278015e-16
   67  160    1.077573e-15    1.730630e-17
   67  161    2.346685e-14   -4.319894e-16
   67  162    2.368274e-17    9.618118e-20
   67  163    8.030613e-18    1.966562e-19
   67  164    5.717935e-21    2.641756e-22
   67  165    1.753359e-22    1.170776e-23
   67  166    1.699220e-26    1.492844e-27
   67  167    1.150445e-28    3.042554e-31
   68  151    7.618025e-26    1.636071e-28
   68  152    3.448077e-23    4.148786e-25
   68  153    5.503729e-21    5.420936e-23
   68  154    3.783119e-17    2.422555e-19
   68  155    2.710189e-16    1.888240e-18
   68  156    3.393336e-14    2.913885e-16
   68  157    3.649291e-15    5.543553e-17
   68  158    1.145334e-12    6.393732e-15
   68  159    6.259219e-14    1.394710e-15
   68  160    2.304118e-12   -2.616582e-15
   68  161    7.901213e-14    1.401321e-15
   68  162    4.306484e-13   -4.402636e-15
   68  163    3.944597e-15    4.642229e-17
   68  164    1.519856e-15    9.460106e-18
   68  165    4.060563e-18    1.138515e-19
   68  166    3.231369e-19    1.330605e-20
   68  167    1.730978e-22    1.082599e-23
   68  168    1.285598e-24    1.051745e-25
   68  169    1.035248e-28    1.061760e-29
   68  170    3.432734e-29    5.642458e-34
   69  154    1.578988e-28    1.737962e-30
   69  155    1.182670e-23    1.325985e-26
   69  156    8.654491e-22   -4.139754e-24
   69  157    1.643592e-18   -1.124408e-20
   69  158    1.507302e-16   -9.164627e-19
   69  159    1.111871e-15    2.399630e-18
   69  160    7.866694e-16    8.338331e-18
   69  161    9.172616e-14    4.233041e-16
   69  162    5.942150e-15    1.205781e-16
   69  163    3.301355e-13   -3.527648e-17
   69  164    3.982917e-15    7.537716e-17
   69  165    8.025263e-14   -9.229614e-16
   69  166    3.531584e-16    3.781300e-18
   69  167    1.598317e-16    1.534606e-18
   69  168    2.942628e-19    9.235899e-21
   69  169    1.139113e-20    5.338936e-22
   69  170    4.558747e-24    2.863334e-25
   69  171    2.975888e-24   -2.840439e-26
   69  172    1.816417e-28    2.405880e-30
   69  173    1.246331e-28    7.262066e-31
   70  155    7.189841e-27   -7.117801e-29
   70  156    1.120780e-23   -1.539974e-26
   70  157    8.030212e-22   -2.330167e-24
   70  158    4.266751e-18   -2.457142e-20
   70  159    2.030611e-17   -7.946201e-20
   70  160    9.114778e-15   -1.960705e-17
   70  161    6.722350e-15    4.819129e-17
   70  162    6.009527e-13    1.837025e-15
   70  163    1.148704e-13    1.994572e-15
   70  164    4.212703e-12    6.597304e-15
   70  165    2.938169e-13    5.757030e-15
   70  166    2.142865e-12   -8.630760e-15
   70  167    4.760993e-14    7.967369e-16
   70  168    6.241216e-14   -6.161596e-16
   70  169    3.401541e-16    4.140281e-18
   70  170    3.020464e-17    8.989633e-19
   70  171    4.600906e-20    2.358910e-21
   70  172    7.912818e-22    5.437303e-23
   70  173    2.354934e-25    2.044938e-26
   70  174    6.619396e-26   -4.110319e-28
   70  175    1.795208e-28    1.897895e-29
   70  176    1.156671e-29    3.636823e-33
   71  158    4.428754e-30    9.490114e-33
   71  159    6.257869e-26   -2.645514e-29
   71  160    1.185798e-24    1.035375e-27
   71  161    3.804310e-21    9.806826e-25
   71  162    4.419575e-20   -5.277013e-23
   71  163    5.094687e-17   -8.601375e-20
   71  164    3.818419e-17    1.694586e-19
   71  165    5.385026e-15    1.078270e-17
   71  166    6.712876e-16    9.608246e-18
   71  167    2.283547e-13    3.275147e-16
   71  168    1.196402e-14    2.356093e-16
   71  169    2.062691e-13   -5.462200e-16
   71  170    1.393540e-15    2.576004e-17
   71  171    6.715416e-15   -1.496439e-17
   71  172    1.996384e-17    3.732050e-19
   71  173    2.427228e-17   -1.614376e-19
   71  174    2.294664e-19   -1.580280e-21
   71  175    2.958937e-18   -2.812693e-20
   71  176    3.182047e-22    4.195347e-24
   71  177    3.632522e-25    1.266653e-26
   71  178    1.010335e-29    5.725975e-31
   71  179    9.748218e-29    4.732407e-33
   72  160    1.070134e-26   -3.068302e-29
   72  161    2.159394e-24   -1.004712e-26
   72  162    2.053795e-20   -1.213383e-22
   72  163    2.713700e-19   -1.064963e-21
   72  164    3.768261e-16   -5.480976e-19
   72  165    2.048117e-16    1.409056e-18
   72  166    1.508176e-13    2.662131e-17
   72  167    4.350118e-14    5.622530e-16
   72  168    3.343622e-12    4.397205e-15
   72  169    4.166503e-13    7.615474e-15
   72  170    5.011845e-12    9.908000e-16
   72  171    1.965031e-13    4.194362e-15
   72  172    1.447799e-13    2.906186e-15
   72  173    1.699808e-15    6.970316e-17
   72  174    3.092080e-16    1.122249e-17
   72  175    7.639713e-19    4.327508e-20
   72  176    1.159186e-19    9.349847e-22
   72  177    7.171438e-22   -2.415101e-24
   72  178    8.031372e-21   -5.177279e-23
   72  179    1.195812e-24    1.942297e-26
   72  180    4.672331e-27    1.136961e-28
   72  181    2.726382e-30    5.907423e-32
   72  182    1.704151e-30    1.027740e-35
   73  163    5.686113e-29   -2.179235e-32
   73  164    2.594177e-27    2.934196e-30
   73  165    1.417470e-23    4.674788e-26
   73  166    2.575645e-23    1.523696e-25
   73  167    2.201600e-19   -7.212464e-22
   73  168    3.745996e-19    5.961927e-22
   73  169    1.398715e-16    1.378773e-19
   73  170    2.914290e-16    1.882759e-18
   73  171    5.035035e-14    3.667394e-16
   73  172    6.225764e-16    1.625456e-17
   73  173    1.693517e-13    1.052234e-15
   73  174    2.002297e-16    5.264497e-18
   73  175    5.228917e-13    5.040618e-16
   73  176    1.282312e-15    2.626458e-17
   73  177    1.340230e-14   -1.121649e-16
   73  178    1.675424e-18   -1.201403e-20
   73  179    1.337589e-13   -1.186659e-15
   73  180    5.496754e-17    7.481776e-19
   73  181    4.708859e-19    1.644044e-20
   73  182    2.620603e-23    1.487768e-24
   73  183    1.012878e-26    7.855643e-28
   74  165    2.667207e-28   -1.584535e-30
   74  166    1.365672e-23   -1.316410e-25
   74  167    5.183136e-22   -5.236887e-24
   74  168    7.449735e-18   -9.238644e-20
   74  169    2.807066e-17   -2.802791e-19
   74  170    1.369080e-14   -1.140114e-16
   74  171    1.105296e-14   -1.652736e-18
   74  172    1.171322e-12   -4.945007e-15
   74  173    3.552662e-13    3.453933e-15
   74  174    4.504065e-12    4.222096e-15
   74  175    3.778331e-13    7.504824e-15
   74  176    8.555925e-13    5.672591e-15
   74  177    1.356202e-14    3.781806e-16
   74  178    5.848701e-15    1.581715e-16
   74  179    3.423911e-17    1.643361e-18
   74  180    3.877789e-18    1.994905e-19
   74  181    7.266222e-21    5.238590e-22
   74  182    1.669160e-22    1.450875e-23
   74  183    3.098900e-26    3.329550e-27
   74  184    7.080660e-28    3.313774e-30
   74  185    1.493277e-29    1.282123e-34
   75  169    2.226462e-26   -1.562503e-28
   75  170    2.372090e-25   -1.140470e-27
   75  171    6.289832e-22   -2.670187e-24
   75  172    2.086220e-20   -1.111769e-22
   75  173    9.660282e-17   -6.127654e-19
   75  174    2.710700e-16   -9.029144e-19
   75  175    6.135710e-14   -1.148806e-16
   75  176    9.800539e-15    1.059540e-16
   75  177    3.079457e-13   -8.038985e-17
   75  178    9.095140e-15    1.751655e-16
   75  179    6.143147e-14   -2.315022e-16
   75  180    1.003538e-15    1.759676e-17
   75  181    1.164391e-15    5.985074e-18
   75  182    4.463867e-18    1.199625e-19
   75  183    6.716780e-19    2.718672e-20
   75  184    2.775658e-22    1.720151e-23
   75  185    2.399830e-24    1.838718e-25
   75  186    3.299523e-28    3.209073e-29
   75  187    1.354946e-27    2.650701e-32
   75  188    9.825714e-30   -3.016900e-37
   76  171    1.799117e-28   -7.296548e-31
   76  172    6.731658e-23   -5.336764e-25
   76  173    4.441762e-21   -4.335606e-23
   76  174    2.569375e-17   -3.139888e-19
   76  175    2.506018e-16   -2.716518e-18
   76  176    3.029613e-14   -2.412843e-16
   76  177    3.361360e-14   -3.713069e-17
   76  178    1.564584e-12   -3.589539e-15
   76  179    2.808008e-13    3.238691e-15
   76  180    3.081533e-12   -2.784375e-15
   76  181    1.450284e-13    2.668244e-15
   76  182    3.553798e-13   -2.223384e-16
   76  183    6.689106e-15    1.359510e-16
   76  184    2.356637e-15    1.821591e-17
   76  185    4.876000e-18    1.438477e-19
   76  186    1.798909e-19    8.016991e-21
   76  187    8.433205e-23    5.558022e-24
   76  188    9.886289e-25    8.077336e-26
   76  189    1.094168e-28    1.120481e-29
   76  190    4.587835e-27    8.968301e-32
   76  191    5.771772e-30    6.476408e-36
   77  174    5.432145e-30   -2.270876e-32
   77  175    6.885953e-26   -4.463461e-28
   77  176    8.992003e-25   -4.307610e-27
   77  177    7.438969e-20   -4.538088e-22
   77  178    1.368577e-18   -8.640288e-21
   77  179    8.295149e-16   -5.451454e-18
   77  180    1.887108e-15   -6.995335e-18
   77  181    1.752821e-13   -5.269603e-16
   77  182    2.339929e-14    2.608395e-16
   77  183    3.254945e-13   -5.094026e-16
   77  184    1.173718e-14    2.119336e-16
   77  185    2.660343e-14   -3.675195e-17
   77  186    4.625405e-17    9.591760e-19
   77  187    1.710279e-17    3.260030e-19
   77  188    2.085615e-20    8.444404e-22
   77  189    8.449066e-21   -1.993027e-22
   77  190    3.678500e-24   -2.962865e-27
   77  191    9.585706e-26    1.480781e-27
   77  192    7.265785e-29    2.683250e-30
   77  193    4.440718e-26    2.248399e-32
   78  177    1.064628e-26    7.305530e-29
   78  178    2.571112e-22    7.661211e-25
   78  179    1.692883e-20    1.981483e-23
   78  180    5.975404e-17   -1.113982e-19
   78  181    3.178003e-16   -3.422582e-19
   78  182    4.644517e-14   -4.630980e-17
   78  183    2.773910e-14    1.228598e-16
   78  184    1.214921e-12    7.379269e-16
   78  185    1.115861e-13    1.814449e-15
   78  186    6.974545e-13    8.150862e-16
   78  187    7.228890e-15    1.476007e-16
   78  188    4.955311e-14   -9.858288e-16
   78  189    3.206499e-16    7.834234e-19
   78  190    7.558931e-17    1.308323e-18
   78  191    1.822262e-19    7.121931e-21
   78  192    2.152295e-20    6.231505e-22
   78  193    2.108998e-23    1.052853e-24
   78  194    1.685394e-24    1.108898e-26
   78  195    5.887474e-28    1.638665e-29
   78  196    6.154584e-26    1.095309e-28
   78  197    6.162296e-30    7.400498e-32
   78  198    5.123608e-27    2.166424e-33
   78  199    1.211413e-29    1.261987e-36
   78  200    1.652070e-28    1.414975e-38
   79  180    4.512207e-28    7.400601e-31
   79  181    1.940304e-23   -1.984703e-26
   79  182    5.137161e-21   -1.123788e-23
   79  183    6.438734e-18   -2.217899e-20
   79  184    2.777683e-17   -6.650085e-20
   79  185    6.712113e-15   -2.302328e-17
   79  186    2.871199e-15    9.895997e-18
   79  187    1.251606e-13   -2.464579e-16
   79  188    5.691305e-15    7.832048e-17
   79  189    1.307882e-13   -1.417214e-15
   79  190    4.544460e-15    4.198295e-17
   79  191    1.101882e-14   -1.825295e-16
   79  192    5.424266e-17    1.935151e-19
   79  193    3.523873e-16   -1.631306e-17
   79  194    7.690341e-19   -1.791178e-20
   79  195    1.502449e-19   -3.117263e-22
   79  196    1.621174e-22    3.270114e-24
   79  197    3.820733e-24    1.572284e-25
   79  198    1.878854e-27    1.174865e-28
   79  199    2.002197e-27    4.214648e-31
   79  200    1.941833e-28    1.312743e-33
   79  201    4.508314e-26   -5.717715e-34
   79  202    2.265070e-28   -5.787810e-35
   80  182    2.765223e-27    2.892772e-29
   80  183    1.749307e-24    1.279424e-26
   80  184    3.284973e-20    1.023644e-22
   80  185    5.952607e-19    8.348253e-22
   80  186    2.159329e-15   -3.909728e-18
   80  187    3.710054e-15   -1.365020e-18
   80  188    7.446859e-13   -1.356653e-15
   80  189    3.136658e-13    2.233316e-15
   80  190    7.164947e-12    9.294109e-16
   80  191    8.513503e-13    1.387919e-14
   80  192    3.749782e-12    5.257971e-15
   80  193    1.306702e-13    2.515720e-15
   80  194    4.060012e-13   -2.167642e-15
   80  195    5.184175e-15    7.336287e-17
   80  196    1.346976e-14   -1.311476e-16
   80  197    8.298545e-17    7.397973e-19
   80  198    1.234257e-16   -1.967695e-18
   80  199    3.748884e-19   -1.550672e-21
   80  200    1.167871e-18   -3.140318e-20
   80  201    6.927326e-22   -6.445544e-24
   80  202    1.045265e-21   -3.631564e-23
   80  203    2.066474e-25   -3.621035e-27
   80  204    5.309326e-25   -2.420335e-26
   80  205    5.552775e-30   -1.185793e-31
   80  206    5.010740e-30    2.585633e-33
   81  185    3.700569e-27   -4.449817e-30
   81  186    1.937594e-25   -6.818067e-28
   81  187    8.627478e-21   -6.174781e-23
   81  188    2.464418e-19   -1.934825e-21
   81  189    8.789920e-16   -9.614766e-18
   81  190    4.887253e-15   -4.298584e-17
   81  191    3.878148e-13   -2.798554e-15
   81  192    1.762076e-13    6.539940e-16
   81  193    7.963605e-13   -2.767307e-15
   81  194    2.399071e-13    2.139203e-15
   81  195    1.377227e-12   -5.182169e-15
   81  196    5.720326e-14    9.647149e-16
   81  197    3.137453e-14    3.206473e-16
   81  198    5.264559e-16    1.498752e-17
   81  199    3.315281e-16   -8.440433e-18
   81  200    2.226736e-18   -9.992099e-21
   81  201    3.855558e-19   -6.367646e-21
   81  202    1.734282e-21    1.888023e-24
   81  203    5.188847e-22   -1.670407e-23
   81  204    4.684033e-24   -1.726582e-26
   81  205    1.147203e-24   -1.640485e-26
   81  206    2.215634e-27   -1.233650e-29
   81  207    8.771892e-27    3.278727e-29
   82  187    9.553875e-28    2.144584e-29
   82  188    1.027561e-23    2.085531e-25
   82  189    1.067612e-22    2.227057e-24
   82  190    2.469920e-18    4.138256e-20
   82  191    2.308067e-17    3.680700e-19
   82  192    1.973389e-14    2.877647e-16
   82  193    1.347244e-14    2.398923e-16
   82  194    3.435371e-12    4.728092e-14
   82  195    1.163328e-12    2.297507e-14
   82  196    3.695735e-11    4.095685e-13
   82  197    6.127656e-12    1.022409e-13
   82  198    7.646882e-11    4.199877e-13
   82  199    4.678412e-12    4.592608e-14
   82  200    8.468227e-11   -4.027309e-13
   82  201    3.514324e-12   -4.822894e-15
   82  202    2.557317e-11   -4.436196e-13
   82  203    9.933398e-13   -1.869824e-14
   82  204    6.806474e-12   -1.822719e-13
   82  205    1.838935e-13   -5.474778e-15
   82  206    1.162953e-12   -4.053044e-14
   82  207    7.020734e-15   -2.813783e-16
   82  208    4.297523e-14   -1.970581e-15
   82  209    9.836103e-22   -2.051855e-23
   82  210    6.386173e-29    1.849938e-31
   83  191    5.129625e-27    1.563528e-29
   83  192    5.826074e-24   -4.943433e-26
   83  193    5.796546e-20   -6.374733e-22
   83  194    3.166824e-18   -3.768576e-20
   83  195    9.476324e-16   -1.262905e-17
   83  196    5.305501e-15   -5.717033e-17
   83  197    1.086094e-13   -1.045393e-15
   83  198    5.893410e-14    4.298631e-18
   83  199    9.137722e-13   -6.657807e-15
   83  200    1.542200e-13    1.217679e-15
   83  201    4.927889e-13   -3.777465e-15
   83  202    1.516467e-14    1.162272e-16
   83  203    6.356866e-14   -1.612922e-15
   83  204    1.061620e-15   -8.121828e-18
   83  205    1.197159e-15   -6.245804e-17
   83  206    1.067052e-17   -4.826241e-19
   83  207    4.402486e-17   -3.248864e-18
   83  208    7.143304e-20   -3.607414e-21
   83  209    3.208539e-21   -3.524246e-22
   83  210    2.794841e-28   -2.335408e-29
   84  194    3.009460e-29   -2.744409e-32
   84  195    6.777561e-28   -2.184118e-30
   84  196    2.160447e-24   -9.901879e-27
   84  197    4.162684e-24    1.081643e-27
   84  198    7.512592e-22    5.277974e-25
   84  199    4.613601e-22    4.566244e-24
   84  200    2.561137e-21    6.446451e-23
   84  201    2.279428e-21    4.817099e-23
   84  202    1.811237e-20    4.049565e-22
   84  203    1.792512e-21    8.028215e-23
   84  204    2.771200e-21    5.730047e-23
   84  205    8.630530e-23    3.509065e-24
   84  206    4.883504e-23    2.539585e-25
   84  207    4.007752e-25    6.619807e-27
   84  208    7.352723e-25   -2.481386e-26
   84  209    1.765779e-27   -1.394517e-29
   84  210    2.689152e-27   -5.827611e-29
    0    1    1.654011e-11    4.324206e-13
    1    1    2.352923e-06    1.315973e-08
    2    4    1.109481e-07   -1.044846e-09
