6.5510e+00
1.7785e-01
6.5448e-01
7.8991e+03
    1    3    2.570529e-23   -1.406650e-32
    2    3    2.214410e-21   -8.337584e-32
    3    6    9.458938e-26   -8.598098e-39
    3    7    2.094797e-30    2.718021e-32
    4    7    1.561261e-30    6.962669e-32
    4    8    1.217901e-07    0.000000e+00
    4   10    7.991346e-29   -9.842720e-42
    5   10    9.910594e-24   -1.744409e-33
    5   11    1.410536e-15    8.871892e-19
    6   11    8.800434e-15   -8.871895e-19
    6   12    2.341140e-06    0.000000e+00
    6   13    5.681903e-15   -9.168930e-26
    6   14    1.071969e-10   -7.312794e-23
    7   13    9.227413e-25   -1.363503e-28
    7   14    5.785586e-07    1.058791e-22
    7   15    2.614917e-05    2.049900e-11
    7   16    1.262380e-23   -2.143946e-25
    7   17    8.947678e-28   -2.645091e-29
    8   14    4.574576e-27   -7.988686e-30
    8   15    2.025403e-08   -2.049900e-11
    8   16    4.746358e-02    0.000000e+00
    8   17    7.261046e-12   -8.893807e-25
    8   18    2.349230e-12    1.068055e-18
    8   19    2.719625e-25   -1.237102e-27
    8   20    2.758335e-28   -2.518731e-30
    9   17    1.618291e-28   -3.078565e-31
    9   18    5.702776e-14   -1.068055e-18
    9   19    3.619427e-11    3.747082e-17
    9   20    4.554638e-17   -5.029210e-19
    9   21    2.816917e-22   -8.347341e-24
   10   18    1.114756e-29   -8.228682e-31
   10   19    5.234284e-15   -3.747081e-17
   10   20    5.402045e-03    8.673617e-19
   10   21    1.325108e-07    5.563948e-20
   10   22    1.433037e-10    4.690095e-19
   10   23    5.341225e-19   -1.769968e-21
   10   24    1.274085e-20   -7.744608e-24
   11   21    1.017553e-17   -5.579911e-20
   11   22    3.121862e-10   -4.003949e-19
   11   23    6.579094e-09    1.167695e-12
   11   24    4.620755e-12   -1.057636e-17
   11   25    1.733315e-16   -3.585081e-19
   11   26    2.452345e-26   -2.825303e-27
   12   22    2.148506e-18   -6.861468e-20
   12   23    1.070391e-10   -1.167695e-12
   12   24    2.951423e-03    1.040834e-17
   12   25    1.585179e-06    3.919645e-19
   12   26    1.417964e-07    8.828054e-13
   12   27    1.378380e-13   -2.993601e-17
   12   28    1.693482e-16   -2.774455e-22
   13   24    2.068046e-29   -1.231888e-30
   13   25    1.948196e-18   -3.344847e-20
   13   26    1.771827e-08   -8.828023e-13
   13   27    2.522214e-06    1.700529e-10
   13   28    2.770024e-09   -2.533898e-12
   13   29    2.134879e-13   -6.645765e-17
   13   30    1.054779e-21   -3.611806e-23
   13   31    2.005116e-28   -3.838157e-29
   14   26    5.458723e-17   -3.044839e-18
   14   27    5.738651e-09   -1.700529e-10
   14   28    9.698175e-04    2.533898e-12
   14   29    2.377843e-05    6.809128e-17
   14   30    4.709396e-04    7.887821e-11
   14   31    3.739426e-09   -4.887274e-14
   14   32    3.233063e-12   -1.251244e-22
   14   33    8.429429e-24   -1.681427e-25
   14   34    5.163767e-27   -2.298025e-28
   15   28    2.757098e-30   -1.268202e-30
   15   29    5.428260e-17   -1.632087e-18
   15   30    9.598030e-08   -7.887821e-11
   15   31    6.282464e-05    3.599355e-11
   15   32    1.030834e-08   -1.028520e-15
   15   33    1.538347e-08   -8.675019e-16
   15   34    7.007394e-15   -6.966291e-17
   15   35    1.583366e-18   -4.117830e-21
   16   30    1.501270e-18   -1.568354e-19
   16   31    7.522921e-10   -3.594467e-11
   16   32    2.459985e-04    1.028528e-15
   16   33    1.822202e-05    2.851089e-15
   16   34    1.852864e-04    3.026516e-12
   16   35    1.252139e-08   -2.041676e-16
   16   36    1.980290e-09    4.549493e-24
   16   37    3.790124e-21   -1.557386e-24
   16   38    6.777737e-23   -8.200923e-28
   17   32    2.431600e-30   -1.030572e-30
   17   33    4.038871e-14   -1.983588e-15
   17   34    5.929611e-11   -3.026447e-12
   17   35    5.161573e-06    1.434956e-15
   17   36    1.818832e-08   -2.415367e-22
   17   37    1.878060e-08    6.006768e-15
   17   38    2.931911e-15   -1.620153e-19
   17   39    4.945569e-18   -1.814449e-22
   17   40    1.348096e-25   -2.051653e-28
   17   41    1.606137e-28   -5.156064e-31
   18   34    1.255912e-22   -1.834359e-23
   18   35    1.777191e-14   -1.230784e-15
   18   36    6.859341e-06    0.000000e+00
   18   37    1.473513e-07   -6.006768e-15
   18   38    1.026867e-05    5.272145e-15
   18   39    1.901828e-10   -2.581812e-21
   18   40    2.909491e-11    0.000000e+00
   18   41    4.611115e-17   -8.628139e-22
   18   42    1.137482e-18   -1.347331e-28
   18   43    3.622105e-26   -1.385798e-29
   18   44    3.102642e-28   -5.370291e-32
   19   37    2.887141e-25   -2.916175e-26
   19   38    3.233701e-12   -5.271983e-15
   19   39    3.004020e-07    1.051538e-18
   19   40    6.322767e-10    0.000000e+00
   19   41    4.744713e-11    9.656300e-22
   19   42    3.307770e-14   -9.163608e-20
   19   43    9.641634e-16   -1.487167e-21
   19   44    1.212918e-19   -1.122521e-23
   19   45    6.181618e-22   -7.135044e-26
   19   46    7.205977e-27   -7.724322e-30
   20   38    1.668537e-30   -4.685303e-31
   20   39    7.316708e-18   -1.048780e-18
   20   40    1.005072e-07    0.000000e+00
   20   41    2.709038e-09   -1.029840e-22
   20   42    7.169962e-08    9.804406e-20
   20   43    8.131493e-10    1.664983e-17
   20   44    5.226249e-10    3.148571e-16
   20   45    6.613775e-13   -5.789119e-21
   20   46    3.184067e-13    2.119501e-19
   20   47    1.481523e-16   -4.655850e-23
   20   48    4.400853e-19    0.000000e+00
   20   49    3.469642e-28   -8.174916e-32
   21   42    3.428345e-20   -6.401557e-21
   21   43    1.891279e-12   -1.664834e-17
   21   44    3.780523e-11   -3.148531e-16
   21   45    2.795471e-10    1.558660e-16
   21   46    1.244761e-11   -4.238368e-19
   21   47    5.020431e-13   -2.137779e-19
   21   48    3.879935e-15   -3.042220e-21
   21   49    3.609434e-17   -1.296460e-21
   21   50    5.199425e-24   -6.283773e-27
   21   51    1.673432e-29   -1.663616e-31
   22   43    8.605592e-27   -2.121664e-27
   22   44    4.717952e-11   -3.898858e-21
   22   45    1.401910e-11   -1.558602e-16
   22   46    2.128775e-09    2.129535e-19
   22   47    2.975124e-10    2.389224e-17
   22   48    5.511396e-10    1.252917e-18
   22   49    1.144613e-11    8.425959e-19
   22   50    4.096762e-12    6.462349e-27
   22   51    9.961917e-18   -3.528810e-21
   22   52    3.374568e-21   -4.078339e-24
   22   53    1.732718e-29   -6.532001e-32
   23   45    4.802600e-27   -1.480077e-27
   23   46    3.655083e-21   -1.066947e-21
   23   47    3.757110e-13   -2.367842e-17
   23   48    1.399047e-11   -1.063455e-18
   23   49    1.945763e-10    2.972187e-17
   23   50    1.561206e-11    0.000000e+00
   23   51    2.958731e-11    8.539837e-18
   23   52    7.190794e-15   -3.939689e-18
   23   53    3.254358e-17   -4.178897e-20
   23   54    2.698231e-24   -6.679077e-27
   23   55    2.770504e-28   -5.254273e-30
   24   47    3.561932e-26   -9.545410e-27
   24   48    1.175931e-13   -1.864194e-19
   24   49    6.247874e-13   -3.056317e-17
   24   50    4.141869e-10    1.354508e-23
   24   51    1.657300e-10   -4.518494e-18
   24   52    8.079829e-10    5.333006e-18
   24   53    4.449052e-12    4.178908e-20
   24   54    1.459500e-12    4.767153e-20
   24   55    1.958343e-18   -1.149573e-21
   24   56    4.691801e-21   -1.633815e-24
   24   57    1.051528e-29   -6.143322e-32
   25   50    4.144064e-23   -1.353408e-23
   25   51    9.034784e-14   -4.017814e-18
   25   52    3.258830e-12   -1.388089e-18
   25   53    9.873004e-11    7.798407e-18
   25   54    1.043129e-11   -4.767166e-20
   25   55    3.762075e-11    1.071995e-18
   25   56    5.498272e-15   -7.297303e-20
   25   57    6.623169e-17   -9.071768e-20
   25   58    1.176194e-23   -4.833068e-25
   25   59    1.314434e-26   -3.522473e-28
   26   52    1.261724e-15   -5.224436e-21
   26   53    3.230138e-14   -7.798407e-18
   26   54    4.358722e-10    2.584939e-25
   26   55    7.396524e-10   -1.000792e-18
   26   56    1.637916e-07    9.547650e-20
   26   57    5.999794e-10    1.000044e-17
   26   58    5.275128e-09    7.992716e-18
   26   59    4.901850e-14   -1.550790e-21
   26   60    1.354475e-15   -5.285368e-29
   26   61    1.999082e-23   -6.845314e-27
   26   62    7.752286e-26   -1.405356e-28
   27   54    2.954792e-25   -1.169622e-25
   27   55    3.588419e-14   -7.005394e-20
   27   56    1.241899e-12   -2.201933e-20
   27   57    1.884366e-09   -9.798352e-18
   27   58    3.964959e-10   -8.087186e-18
   27   59    2.202427e-08    2.713152e-21
   27   60    1.177108e-11   -1.275961e-16
   27   61    2.382698e-12   -4.944793e-17
   27   62    9.080494e-18   -5.781789e-21
   27   63    1.247404e-19   -5.591660e-22
   27   65    5.280596e-29   -7.581542e-31
   28   56    2.040879e-15   -4.773762e-22
   28   57    1.170788e-13   -1.113652e-19
   28   58    1.988145e-08    9.447064e-20
   28   59    2.229924e-08    2.316106e-21
   28   60    1.074909e-05    1.281781e-16
   28   61    8.747878e-08    8.463356e-16
   28   62    6.501819e-06    1.637835e-14
   28   63    3.722837e-10   -1.399197e-20
   28   64    1.456725e-09    2.370885e-16
   28   65    1.345694e-15   -1.828567e-20
   28   66    1.011169e-16   -6.341792e-23
   28   67    2.667129e-24   -1.826591e-26
   28   68    5.573060e-27   -9.008759e-30
   29   58    4.622930e-27   -1.780884e-28
   29   59    2.312781e-18   -3.476873e-21
   29   60    6.513846e-15   -5.818694e-19
   29   61    7.912479e-11   -7.968870e-16
   29   62    7.764514e-11   -1.637577e-14
   29   63    6.036709e-08    2.050767e-16
   29   64    2.144691e-10   -4.683927e-16
   29   65    8.741315e-09    1.117400e-17
   29   66    3.677082e-13   -1.481316e-16
   29   67    1.081841e-13   -5.984755e-20
   29   68    5.068533e-20   -2.115254e-22
   29   69    5.076062e-22   -3.476338e-25
   29   71    4.000633e-30   -6.498490e-32
   30   60    8.702805e-22   -7.450098e-25
   30   61    4.855211e-19   -6.650193e-22
   30   62    6.873553e-13   -2.577867e-18
   30   63    3.802709e-12   -2.050622e-16
   30   64    5.272892e-08    2.313042e-16
   30   65    1.907760e-09   -1.096547e-17
   30   66    2.352627e-06    1.482096e-16
   30   67    5.332211e-10    1.752356e-16
   30   68    1.895465e-08    3.052807e-16
   30   69    6.357493e-14   -2.312554e-18
   30   70    2.685312e-14    1.272719e-16
   30   71    3.002652e-21   -1.583130e-24
   30   72    3.975242e-22   -2.927225e-28
   30   73    3.431101e-30   -1.799840e-32
   30   74    5.593348e-29   -7.257969e-32
   31   63    5.378067e-26   -2.111372e-28
   31   64    1.044413e-20   -8.190071e-24
   31   65    1.388946e-15   -1.902432e-19
   31   66    2.133698e-14   -7.747293e-20
   31   67    4.005428e-10   -1.751403e-16
   31   68    1.014859e-11   -3.032407e-16
   31   69    3.342816e-09    3.531992e-17
   31   70    1.309543e-12   -2.544828e-16
   31   71    2.619449e-12    6.183665e-17
   31   72    1.434597e-17   -3.483878e-23
   31   73    1.770366e-17   -1.247410e-22
   31   74    3.634965e-23   -8.982094e-27
   31   75    6.590795e-25   -6.448167e-28
   31   77    1.023542e-29   -9.705774e-32
   32   64    5.740185e-28   -1.105636e-30
   32   65    2.943353e-25   -1.170555e-27
   32   66    1.709881e-17   -2.545676e-22
   32   67    3.229558e-16   -3.548281e-20
   32   68    4.117406e-10   -2.039821e-18
   32   69    3.759466e-11   -3.300735e-17
   32   70    3.507596e-07    1.272114e-16
   32   71    4.854268e-10   -6.075099e-17
   32   72    4.100452e-07    2.783033e-19
   32   73    5.569519e-11    2.483547e-17
   32   74    3.943657e-10    6.365428e-19
   32   75    5.540783e-15   -8.617072e-20
   32   76    1.172349e-15    2.907578e-19
   32   77    1.108452e-21   -1.681501e-26
   32   78    1.613509e-23   -3.767083e-28
   32   80    1.052018e-29   -4.396125e-32
   33   68    1.945340e-26   -1.579754e-29
   33   69    1.645573e-19   -2.239017e-23
   33   70    1.304769e-17   -5.055209e-22
   33   71    2.029152e-12   -1.085498e-18
   33   72    2.112975e-13    3.592759e-18
   33   73    1.397723e-09    4.455552e-17
   33   74    7.928211e-12   -8.402430e-19
   33   75    6.152117e-10    9.024250e-17
   33   76    2.196473e-13   -5.756444e-19
   33   77    2.033422e-13   -1.794609e-19
   33   78    2.061956e-18   -4.707036e-23
   33   79    3.442664e-19   -8.625774e-23
   33   80    6.306298e-25   -5.114387e-27
   33   81    1.029655e-26   -3.733210e-29
   33   83    6.393887e-30   -5.926244e-32
   34   70    5.477350e-21   -2.738055e-25
   34   71    3.701635e-19   -1.604478e-22
   34   72    2.306128e-11   -3.871041e-18
   34   73    1.243394e-11   -6.939086e-17
   34   74    2.352740e-07    2.037644e-19
   34   75    7.582336e-09   -8.669701e-17
   34   76    9.513449e-07    1.900318e-18
   34   77    1.623110e-09    4.238847e-16
   34   78    2.483330e-08    3.353201e-15
   34   79    5.159523e-12    8.596054e-23
   34   80    3.244316e-12    6.398860e-17
   34   81    9.713170e-17   -5.507730e-21
   34   82    1.051318e-17    3.548356e-20
   34   83    1.606283e-24   -1.571991e-28
   34   84    2.791081e-26   -1.849809e-29
   35   72    1.678075e-30   -2.652069e-33
   35   73    4.697505e-22   -2.924617e-25
   35   74    9.938472e-19   -7.249997e-23
   35   75    1.616392e-13   -3.459306e-18
   35   76    7.548125e-13   -1.350234e-18
   35   77    7.053335e-10   -4.108279e-16
   35   78    1.054332e-11   -3.353537e-15
   35   79    2.137215e-09    1.594127e-15
   35   80    9.617048e-12   -1.093465e-15
   35   81    3.067550e-11    5.638942e-21
   35   82    3.658002e-14   -1.104851e-19
   35   83    9.970122e-15   -1.422506e-19
   35   84    1.411811e-19   -1.052954e-23
   35   85    7.643004e-21   -5.471390e-24
   35   86    1.326117e-30   -3.027285e-33
   36   73    1.937674e-30   -9.187017e-33
   36   74    3.499516e-23   -6.252158e-27
   36   75    4.136435e-20   -1.888561e-23
   36   76    1.130569e-13   -2.651659e-19
   36   77    4.663164e-13   -1.287728e-17
   36   78    1.555138e-08    3.358353e-19
   36   79    1.624757e-09   -1.593956e-15
   36   80    4.315311e-07    1.050270e-15
   36   81    7.048848e-09    2.010238e-16
   36   82    2.755666e-07    3.258366e-17
   36   83    8.686109e-10    5.158750e-17
   36   84    7.369192e-09    5.078098e-18
   36   85    2.188904e-12   -7.935384e-22
   36   86    1.374944e-12    3.740508e-17
   36   87    1.752193e-20   -4.736792e-25
   36   88    1.909284e-25   -2.302928e-30
   37   77    4.205936e-24   -2.215725e-27
   37   78    1.051154e-21   -3.598805e-25
   37   79    1.905228e-15   -1.701906e-19
   37   80    5.060311e-15   -2.079145e-17
   37   81    2.688738e-11   -2.009789e-16
   37   82    5.981298e-12   -3.176997e-17
   37   83    3.108048e-09   -4.171749e-17
   37   84    1.167419e-10   -5.080163e-18
   37   85    1.618975e-08    2.365274e-17
   37   86    4.884508e-10   -7.448240e-17
   37   87    1.416738e-09    4.135903e-25
   37   88    3.878419e-16   -4.476609e-20
   37   89    1.266720e-20   -1.712200e-24
   37   90    1.043626e-28   -8.408552e-32
   38   78    2.385513e-26   -5.881358e-29
   38   79    3.916412e-23   -3.498446e-26
   38   80    9.655772e-17   -1.836871e-21
   38   81    4.869031e-16   -4.506151e-20
   38   82    1.320191e-11   -7.386945e-19
   38   83    9.204726e-12   -9.727706e-18
   38   84    5.721845e-09    4.468430e-21
   38   85    1.075864e-09   -2.319788e-17
   38   86    1.492218e-07    3.762142e-17
   38   87    1.647371e-08    1.207853e-16
   38   88    9.119174e-07    7.755010e-18
   38   89    2.738955e-12   -7.738384e-20
   38   90    6.800252e-16   -9.222612e-26
   38   91    6.538772e-23   -2.356855e-28
   38   92    1.251563e-27   -1.581423e-32
   39   81    8.561395e-29   -1.465813e-31
   39   82    2.043502e-25   -2.651675e-27
   39   83    8.230053e-20   -5.932974e-23
   39   84    8.926866e-20   -2.391449e-21
   39   85    3.580245e-14   -4.540583e-19
   39   86    2.342203e-13   -5.376800e-19
   39   87    2.832548e-10   -1.204710e-16
   39   88    5.760436e-10   -5.997800e-18
   39   89    2.761240e-07    1.330346e-16
   39   90    8.153717e-12   -4.355080e-18
   39   91    5.679831e-15   -1.385380e-22
   39   92    1.730622e-20   -1.674565e-25
   39   93    1.474883e-24   -4.951287e-30
   39   95    1.140377e-30   -2.274722e-34
   40   82    8.324294e-30   -1.800282e-33
   40   83    1.305641e-28   -3.832143e-31
   40   84    1.966419e-21   -8.080161e-25
   40   85    1.491672e-20   -3.879391e-24
   40   86    3.092004e-15   -6.416591e-21
   40   87    1.468540e-14   -3.142898e-19
   40   88    1.000991e-10   -1.712456e-18
   40   89    3.044055e-10   -1.329496e-16
   40   90    6.825998e-07    4.400019e-18
   40   91    1.846152e-10    1.488046e-21
   40   92    1.325179e-12    1.676172e-25
   40   93    3.569592e-17    5.454234e-30
   40   94    4.308534e-20    1.143521e-34
   40   95    2.133394e-25   -4.528231e-33
   40   96    5.591026e-29   -2.863042e-38
   41   87    7.493110e-25   -5.921131e-28
   41   88    1.106037e-21   -1.589053e-25
   41   89    2.456945e-16   -7.648377e-21
   41   90    1.914516e-14   -4.485649e-20
   41   91    2.348730e-10    1.214180e-19
   41   92    7.349371e-13   -1.674945e-19
   41   93    2.797072e-14    8.249595e-24
   41   94    5.739080e-18   -1.042313e-30
   41   95    3.057034e-20   -1.246193e-27
   41   96    8.510323e-25   -1.245408e-30
   41   97    9.979673e-28   -2.847741e-32
   42   88    1.420971e-26   -3.560316e-30
   42   89    4.047770e-24   -3.868044e-27
   42   90    7.819098e-18   -4.697128e-23
   42   91    9.261879e-16   -1.227672e-19
   42   92    4.525178e-10    1.674945e-19
   42   93    7.391902e-12    1.171590e-20
   42   94    9.269619e-12    3.578925e-20
   42   95    7.473914e-15    5.602700e-19
   42   96    4.902789e-16    8.822309e-22
   42   97    2.030371e-20    7.356992e-30
   42   98    1.735145e-22    5.139026e-33
   42   99    3.918471e-29   -2.032097e-35
   42  100    1.642383e-25    2.878139e-27
   43   91    1.679782e-27   -1.099107e-30
   43   92    3.439975e-23   -1.606203e-26
   43   93    9.244404e-16   -1.172278e-20
   43   94    5.121155e-15    1.996263e-17
   43   95    3.272261e-13    3.993821e-17
   43   96    2.658951e-15   -9.696798e-22
   43   97    4.877689e-15    2.470685e-18
   43   98    1.204448e-18    2.657783e-32
   43   99    8.117890e-20   -1.444447e-33
   43  100    3.688929e-25   -5.756277e-27
   43  101    9.402495e-27   -1.350895e-30
   43  102    2.486365e-29   -5.783019e-31
   43  103    7.182997e-27   -1.770931e-29
   44   92    1.209878e-27   -6.810309e-31
   44   93    6.638344e-22   -1.370743e-24
   44   94    5.042085e-13   -1.999842e-17
   44   95    1.951460e-12   -4.049848e-17
   44   96    1.640323e-10    8.850833e-23
   44   97    5.021995e-12   -2.467875e-18
   44   98    5.608171e-11    1.039829e-19
   44   99    1.036439e-13    3.031645e-20
   44  100    8.510228e-14    9.520957e-21
   44  101    5.377525e-18    2.028306e-22
   44  102    4.033437e-19    1.106760e-25
   44  103    1.562046e-24    1.765274e-29
   44  104    1.304333e-22    3.433709e-24
   44  105    2.870801e-30   -2.214605e-35
   45   95    8.964865e-23   -3.683730e-26
   45   96    5.050450e-21   -1.030905e-24
   45   97    6.017072e-17   -2.737203e-21
   45   98    1.771389e-16    3.731980e-18
   45   99    3.399581e-13    3.301596e-17
   45  100    5.783603e-15    4.227191e-17
   45  101    1.713567e-13    3.563217e-17
   45  102    8.216080e-17   -1.121355e-25
   45  103    3.408162e-17    6.063238e-20
   45  104    1.178245e-21   -6.867418e-24
   45  105    1.031661e-22   -9.982402e-29
   45  106    3.168509e-28   -1.310709e-30
   45  107    4.737104e-26   -4.485069e-30
   45  108    6.801188e-29   -4.990490e-31
   46   96    1.676210e-23   -1.721933e-26
   46   97    1.092629e-19   -7.241482e-23
   46   98    3.360714e-14   -3.835963e-18
   46   99    3.442083e-13   -3.304627e-17
   46  100    1.096485e-10   -4.228143e-17
   46  101    8.813532e-12   -3.563215e-17
   46  102    1.679337e-10    2.481594e-21
   46  103    7.207280e-13    8.162939e-19
   46  104    1.975141e-12    4.936786e-19
   46  105    5.795696e-16    2.025525e-20
   46  106    1.560338e-16    1.772164e-19
   46  107    2.445320e-21    4.485304e-30
   46  108    1.226826e-20    3.413323e-22
   46  109    1.540708e-27   -3.852461e-33
   46  110    1.954790e-25    4.058205e-27
   47   99    3.021890e-25   -3.004181e-28
   47  100    6.743403e-23   -6.892799e-26
   47  101    1.186623e-18   -2.195872e-22
   47  102    1.558119e-17    3.382220e-20
   47  103    2.804229e-14    1.364012e-19
   47  104    1.662766e-14    3.458748e-16
   47  105    5.861904e-13    7.243731e-17
   47  106    2.066682e-15   -1.789856e-19
   47  107    2.180056e-15    1.236528e-17
   47  108    3.937412e-19   -6.710824e-22
   47  109    6.237748e-20    4.181878e-23
   47  110    8.098452e-25   -8.104253e-27
   47  111    5.345024e-26   -1.023097e-32
   47  112    7.051064e-29   -7.692079e-34
   47  113    2.653728e-26   -1.694941e-31
   47  114    1.327306e-29   -3.556968e-31
   48  100    2.686578e-28   -6.745075e-31
   48  101    2.900282e-23   -4.965630e-26
   48  102    9.718513e-17   -3.630378e-20
   48  103    3.600444e-15   -1.013328e-18
   48  104    9.727374e-12   -3.463685e-16
   48  105    1.957318e-12   -7.245757e-17
   48  106    1.455598e-10    1.771873e-21
   48  107    2.347203e-12   -1.236162e-17
   48  108    1.317668e-11    1.525604e-20
   48  109    1.355862e-14    7.307885e-19
   48  110    1.633869e-14    5.788231e-20
   48  111    2.299754e-18    1.855394e-20
   48  112    5.328819e-19    6.077654e-21
   48  113    3.119375e-24    1.694950e-31
   48  114    1.818417e-22    4.988131e-24
   48  115    1.024013e-29   -6.574393e-36
   49  103    1.372245e-29   -2.819328e-32
   49  104    3.731754e-26   -4.259499e-29
   49  105    1.867797e-21   -7.568986e-25
   49  106    8.149240e-21   -1.683576e-24
   49  107    5.763595e-17   -3.125467e-21
   49  108    4.213708e-16    5.407863e-18
   49  109    8.964018e-14    1.132698e-18
   49  110    8.282495e-15    2.100980e-16
   49  111    3.647458e-14    7.109814e-17
   49  112    4.428365e-17   -8.752438e-21
   49  113    2.029022e-17    2.294459e-21
   49  114    2.909375e-21   -9.951332e-24
   49  115    3.179984e-22    6.629788e-36
   49  116    3.317356e-27   -2.899693e-29
   49  117    1.246821e-26   -5.934298e-31
   49  118    1.233463e-28   -3.041061e-30
   50  106    9.486544e-22   -1.016894e-24
   50  107    7.471481e-19   -5.293272e-22
   50  108    2.718585e-14   -5.422790e-18
   50  109    1.632650e-14   -1.863528e-18
   50  110    2.522440e-11   -2.101559e-16
   50  111    1.221885e-12   -7.111670e-17
   50  112    3.187895e-11    2.674960e-21
   50  113    1.850875e-13   -2.291187e-21
   50  114    5.453223e-13    5.805612e-24
   50  115    4.493022e-16    2.472664e-24
   50  116    2.073420e-16    7.823060e-26
   50  117    1.569314e-20    2.570854e-24
   50  118    3.343815e-21    3.421368e-25
   50  119    4.175730e-25    1.132321e-26
   50  120    1.616797e-26    2.005220e-28
   50  121    1.110378e-28   -1.406731e-34
   51  110    1.097455e-27   -5.881988e-30
   51  111    1.526862e-23   -2.509609e-26
   51  112    7.405850e-23   -1.776154e-25
   51  113    1.062342e-20   -3.272308e-24
   51  114    1.430923e-21   -8.423030e-25
   51  115    3.863244e-20   -2.471460e-24
   51  116    6.013922e-22    5.152422e-24
   51  117    2.102180e-19   -2.176450e-24
   51  118    5.994897e-22    8.754605e-24
   51  119    1.262890e-20    2.668610e-25
   51  120    1.550854e-24   -2.015910e-28
   51  121    6.488624e-25    2.973291e-27
   51  122    1.129110e-29   -5.779878e-36
   51  123    9.677277e-27    0.000000e+00
   52  114    5.547948e-25   -7.499047e-29
   52  115    3.394867e-24   -1.202564e-27
   52  116    3.803523e-19   -5.230623e-24
   52  117    1.190188e-20   -3.944029e-25
   52  118    3.825399e-17   -9.096567e-24
   52  119    1.302312e-19    1.905260e-26
   52  120    6.232661e-17    2.005419e-25
   52  121    3.496688e-20    2.819303e-23
   52  122    1.360101e-19    2.285609e-23
   52  123    5.524329e-23    1.283707e-24
   52  124    2.648406e-24    1.276525e-28
   52  125    1.949239e-28    4.636906e-30
   53  117    1.850322e-28   -1.712428e-31
   53  118    1.144376e-24    2.310977e-27
   53  119    2.763260e-21   -1.048788e-25
   53  120    7.906320e-21    1.986939e-22
   53  121    1.745659e-18    2.096424e-23
   53  122    4.038248e-20    8.718369e-22
   53  123    4.974722e-19    1.948150e-22
   53  124    3.736226e-22   -1.291465e-28
   53  125    1.930756e-22    6.365918e-25
   53  126    2.378164e-26   -1.238107e-33
   53  127    5.211187e-26    2.468853e-29
   53  128    2.182053e-28   -1.669516e-32
   54  117    5.437790e-27    0.000000e+00
   54  118    4.591717e-24   -2.482597e-27
   54  119    5.430314e-22   -1.923580e-25
   54  120    3.872297e-18   -1.988945e-22
   54  121    9.594914e-19   -4.916025e-23
   54  122    5.251650e-16   -8.946930e-22
   54  123    1.191169e-17   -1.960965e-22
   54  124    1.028161e-16    8.907563e-25
   54  125    3.141814e-19    2.276049e-25
   54  126    1.110373e-18    2.098501e-23
   54  127    6.288982e-22    8.531102e-25
   54  128    2.822816e-22    5.544202e-25
   54  129    8.235795e-26    1.673726e-27
   54  130    4.231731e-26    5.768259e-29
   54  131    1.962539e-28    3.639494e-32
   55  122    9.820333e-27    2.578207e-28
   55  123    6.388528e-24    1.247813e-27
   55  124    2.232803e-22    5.836374e-24
   55  125    1.962939e-20    9.822777e-24
   55  126    1.675081e-20    4.522675e-22
   55  127    1.557186e-19    1.968067e-22
   55  128    9.894511e-22    1.435403e-23
   55  129    1.561402e-21    3.578683e-24
   55  130    8.321834e-25   -5.862047e-29
   55  131    2.471168e-25    4.963533e-28
   55  132    2.459615e-29   -1.012520e-37
   55  133    4.304935e-26    3.543243e-33
   55  134    1.466912e-29   -2.773421e-38
   56  121    4.209029e-28    0.000000e+00
   56  122    2.988996e-25   -3.149239e-28
   56  123    4.571677e-24   -3.478781e-27
   56  124    3.601667e-20   -6.727129e-24
   56  125    1.716537e-20   -1.068698e-23
   56  126    2.303451e-17   -4.732525e-22
   56  127    1.221818e-18   -1.976598e-22
   56  128    2.539775e-17   -1.490806e-23
   56  129    2.332239e-19   -3.559286e-24
   56  130    2.602050e-18    1.467640e-25
   56  131    4.002575e-21    5.689152e-25
   56  132    1.433929e-20    1.229015e-26
   56  133    9.571791e-24    1.235163e-25
   56  134    2.130820e-24    3.259280e-26
   56  135    1.857719e-27    5.304885e-29
   56  136    3.537712e-26    0.000000e+00
   57  127    2.361933e-27   -9.515072e-31
   57  128    9.799260e-25    2.787249e-26
   57  129    1.189647e-22    5.228765e-26
   57  130    6.214688e-22    1.603506e-23
   57  131    1.635162e-20    5.720445e-24
   57  132    1.724833e-21    4.783509e-23
   57  133    1.412782e-20    2.854646e-24
   57  134    1.023216e-22    1.856098e-24
   57  135    3.020917e-23    6.224944e-26
   57  136    2.300672e-26   -1.245521e-33
   57  137    8.370503e-26    8.728047e-28
   57  138    1.162829e-28    0.000000e+00
   57  139    8.995918e-26    7.191698e-33
   58  125    1.302220e-30    0.000000e+00
   58  127    4.620279e-27    0.000000e+00
   58  128    5.410444e-23   -2.826090e-26
   58  129    1.249687e-22   -7.335827e-26
   58  130    1.798380e-19   -1.618182e-23
   58  131    3.153269e-20   -6.289857e-24
   58  132    4.890617e-18   -4.784738e-23
   58  133    1.406066e-19   -2.977872e-24
   58  134    4.182531e-18   -1.888690e-24
   58  135    3.219251e-20    1.336805e-25
   58  136    1.440080e-19    2.191995e-25
   58  137    2.293947e-22    5.629036e-25
   58  138    3.806552e-22    1.410825e-24
   58  139    6.942682e-25    1.347118e-26
   58  140    4.296435e-25    1.631848e-26
   59  132    7.125288e-29   -9.149532e-32
   59  133    9.175529e-25    2.842935e-28
   59  134    2.475768e-23    5.579640e-25
   59  135    2.289353e-21    1.912961e-25
   59  136    1.397640e-21    3.566547e-23
   59  137    2.108344e-20    5.118737e-24
   59  138    9.956907e-22    2.422174e-23
   59  139    1.737567e-21    7.549875e-24
   59  140    2.687259e-23    5.354156e-25
   59  141    1.357972e-23    2.111093e-25
   60  131    5.013538e-29    0.000000e+00
   60  132    4.487399e-26    0.000000e+00
   60  133    3.261243e-25   -5.743173e-28
   60  134    2.308376e-21   -5.579640e-25
   60  135    2.337373e-21   -3.872791e-25
   60  136    8.849465e-19   -3.588467e-23
   60  137    1.064848e-19   -5.682513e-24
   60  138    3.763670e-18   -2.563124e-23
   60  139    1.092110e-19   -7.558996e-24
   60  140    1.302444e-18    9.180533e-25
   60  141    1.534437e-20    1.246692e-24
   60  142    9.893619e-20    1.569789e-23
   60  143    8.611981e-26    3.031219e-28
   60  144    2.215640e-29    1.409922e-33
   61  137    1.899373e-28   -1.625972e-31
   61  138    1.072176e-25    2.198327e-27
   61  139    8.786867e-24    1.322578e-26
   61  140    1.096925e-22    1.914775e-24
   61  141    1.478224e-20    3.106162e-25
   61  142    5.157364e-21    7.503246e-23
   61  143    5.631231e-20    1.202971e-22
   61  144    3.591226e-25   -4.219943e-32
   61  145    2.571999e-28    1.367953e-30
   61  146    3.146774e-29   -7.536704e-39
   62  137    2.665971e-28    0.000000e+00
   62  138    5.311185e-24   -3.520027e-27
   62  139    2.195696e-23   -1.757588e-26
   62  140    2.440828e-20   -3.384563e-24
   62  141    8.779511e-21   -1.768418e-24
   62  142    3.201639e-18   -9.073036e-23
   62  143    5.123284e-19   -1.202974e-22
   62  144    9.369815e-18    1.857059e-29
   62  145    3.262440e-22   -1.315336e-30
   62  146    4.560297e-25    1.709499e-35
   62  147    2.009154e-30    0.000000e+00
   63  143    5.082371e-28   -4.042045e-31
   63  144    1.533235e-27   -1.853002e-29
   63  145    2.184773e-25   -5.259269e-32
   63  146    5.516021e-29   -1.708514e-35
   64  146    3.076644e-29    0.000000e+00
    0    1    3.466966e-29   -9.426392e-30
    1    1    1.627539e-27   -4.717684e-28
    2    4    9.735771e-15   -1.756744e-20
