5.5466e-01
4.0102e-04
2.3508e+00
3.1810e+05
    1    2    5.394169e-20   -4.211684e-23
    1    3    5.166109e-21   -3.325258e-24
    2    3    2.031622e-16    2.804190e-18
    3    6    2.379770e-26   -4.087295e-28
    3    7    4.399089e-27   -2.335667e-28
    4    7    1.334608e-23   -5.244128e-26
    4    8    2.874606e-15    1.117460e-16
    4   10    2.804362e-24    2.798099e-24
    5   10    3.113263e-20   -3.847991e-22
    5   11    9.020113e-20    8.803418e-23
    6   11    3.099052e-14    5.641694e-16
    6   12    6.173639e-04   -5.489504e-07
    6   13    4.142210e-11   -3.553657e-14
    6   14    1.387544e-12   -2.785853e-14
    6   15    1.021606e-27   -2.971726e-29
    7   12    6.576619e-25    1.598180e-26
    7   13    2.617474e-11    2.231525e-13
    7   14    9.276051e-10    6.912082e-12
    7   15    1.270116e-08    1.349697e-10
    7   16    5.691215e-21    2.871386e-23
    7   17    8.544957e-27   -2.830786e-29
    8   14    1.552595e-13    3.750041e-15
    8   15    1.161191e-08    2.554785e-10
    8   16    4.582348e-02   -2.960575e-08
    8   17    1.052738e-08   -6.018295e-11
    8   18    7.506455e-13   -1.952247e-14
    8   19    4.143553e-22   -1.564860e-23
    8   20    1.643035e-29   -3.618345e-31
    9   15    2.479299e-28    6.259387e-30
    9   16    1.732278e-21    4.317506e-23
    9   17    7.632423e-12    4.717856e-14
    9   18    4.569287e-10   -5.437669e-12
    9   19    3.898056e-09    6.506409e-11
    9   20    3.315967e-16    7.648926e-19
    9   21    1.466929e-22   -4.929261e-24
   10   17    2.298664e-30    7.697349e-32
   10   18    4.739521e-16    9.418204e-18
   10   19    4.246170e-11    9.073057e-13
   10   20    8.397432e-03    1.217355e-07
   10   21    6.897906e-06   -4.373719e-08
   10   22    9.857178e-07   -1.291526e-08
   10   23    2.594682e-15   -7.303212e-17
   10   24    2.873771e-22   -1.010076e-23
   11   19    9.296418e-28    2.186765e-29
   11   20    3.699840e-18    1.161814e-19
   11   21    9.753104e-09    1.014819e-10
   11   22    4.306520e-07    8.825689e-10
   11   23    1.601645e-04    4.002340e-08
   11   24    1.900457e-11   -2.717637e-13
   11   25    2.742491e-16   -9.262640e-18
   11   26    3.656788e-24   -1.773810e-25
   12   21    3.313326e-23    1.441551e-24
   12   22    4.633029e-14    1.231814e-15
   12   23    1.424900e-06    1.516697e-08
   12   24    2.119781e-03    3.041238e-07
   12   25    3.652424e-04   -2.420547e-07
   12   26    2.889428e-04    6.172554e-08
   12   27    2.205069e-12   -3.096223e-14
   12   28    2.925971e-19   -9.719944e-21
   12   29    8.632353e-29   -3.144624e-30
   13   23    1.620229e-27    5.527669e-29
   13   24    3.991079e-14    7.925023e-16
   13   25    1.324772e-09    1.365447e-11
   13   26    3.527458e-09   -1.340591e-10
   13   27    2.725599e-04    2.309599e-07
   13   28    4.746349e-10   -9.011699e-12
   13   29    1.972736e-14   -4.420733e-16
   13   30    9.824564e-22   -3.586965e-23
   13   31    7.218347e-29   -3.688379e-30
   14   25    2.092382e-19    7.763353e-21
   14   26    4.428429e-12    1.138206e-13
   14   27    2.351395e-05   -3.490039e-07
   14   28    2.573990e-04    9.594570e-08
   14   29    7.457418e-05    3.749244e-08
   14   30    3.352336e-05    2.226776e-08
   14   31    3.426428e-11   -4.571266e-13
   14   32    1.119171e-17   -3.584821e-19
   14   33    1.227784e-25   -4.457030e-27
   15   27    1.273332e-21    4.091798e-23
   15   28    1.313455e-12   -6.681125e-15
   15   29    5.426050e-10    6.341897e-12
   15   30    1.525157e-08   -4.700789e-10
   15   31    1.190649e-06   -2.228335e-08
   15   32    3.546959e-12   -8.006667e-14
   15   33    2.014154e-13   -3.875778e-15
   15   34    7.938029e-20   -2.651090e-21
   15   35    3.143625e-26   -1.592937e-27
   16   28    1.202896e-28    5.203177e-30
   16   29    1.290473e-17    9.898542e-20
   16   30    1.564628e-12   -3.032011e-15
   16   31    8.940124e-08   -2.321427e-10
   16   32    3.040309e-06    2.687045e-08
   16   33    4.355303e-08   -1.447357e-10
   16   34    6.623367e-10   -2.212933e-11
   16   35    2.606580e-14   -2.966593e-15
   16   36    6.296520e-17   -3.091316e-18
   16   37    6.244332e-25   -3.218040e-26
   17   30    2.245039e-30    2.596595e-32
   17   31    3.914892e-23    1.354319e-25
   17   32    6.591280e-16    6.408422e-18
   17   33    9.383798e-15   -8.316668e-17
   17   34    3.346682e-09    2.870933e-11
   17   35    2.076929e-09   -2.036074e-10
   17   36    1.215063e-13   -3.837746e-15
   17   37    1.812289e-14   -1.679868e-17
   17   38    1.929074e-20   -2.570384e-22
   17   39    7.654222e-26   -2.077060e-27
   18   32    1.869160e-30    2.621526e-32
   18   33    3.022890e-25    1.248029e-26
   18   34    3.076935e-17    2.200043e-19
   18   35    5.366258e-09    1.750862e-10
   18   36    2.644604e-08    3.811693e-11
   18   37    3.549688e-11    4.498099e-13
   18   38    5.588461e-12   -2.387709e-13
   18   39    9.130858e-16   -2.190468e-17
   18   40    2.245788e-17   -1.437886e-18
   18   41    6.805451e-23   -4.753532e-24
   18   42    1.743961e-25   -8.058930e-27
   19   35    2.626401e-28    3.158596e-30
   19   36    4.034032e-17    1.652977e-18
   19   37    1.347110e-15    1.431405e-17
   19   38    2.975997e-12    8.841881e-14
   19   39    2.731696e-10   -1.834077e-12
   19   40    6.373861e-14   -2.008398e-15
   19   41    3.802058e-14   -4.766950e-16
   19   42    1.516402e-18   -4.523530e-20
   19   43    1.642552e-19   -1.197172e-20
   19   44    2.974172e-24   -2.619008e-25
   19   45    1.146494e-28   -1.548283e-29
   20   38    2.492174e-18    6.493572e-20
   20   39    1.366749e-12    7.267648e-14
   20   40    3.134960e-08    6.251846e-10
   20   41    8.354513e-10    2.057624e-12
   20   42    1.175920e-08   -5.451269e-10
   20   43    1.006562e-10   -5.250854e-12
   20   44    8.320677e-12   -2.093083e-12
   20   45    2.938463e-15   -4.749992e-16
   20   46    2.590524e-16   -1.018435e-16
   20   47    7.402319e-21   -3.157590e-21
   20   48    1.064017e-22   -1.139197e-22
   20   49    3.541068e-29   -3.796401e-29
   21   40    6.417953e-23    3.773534e-24
   21   41    7.043570e-17    1.912977e-18
   21   42    3.720449e-13    6.200894e-15
   21   43    4.014877e-09   -1.329217e-10
   21   44    8.514968e-11   -4.485417e-12
   21   45    3.514391e-10   -4.130151e-11
   21   46    2.205141e-13   -3.345565e-14
   21   47    3.966284e-15   -2.668368e-16
   21   48    2.001375e-17   -1.279638e-17
   21   49    2.667630e-19   -1.789364e-19
   21   50    2.928445e-24   -1.968363e-24
   21   51    1.047250e-28   -7.122480e-29
   22   42    1.288250e-21    5.215467e-23
   22   43    8.624041e-15    2.804087e-16
   22   44    9.890317e-09    4.919267e-11
   22   45    7.725283e-09   -2.682900e-11
   22   46    3.489175e-08   -7.382007e-10
   22   47    2.725469e-09   -2.441740e-12
   22   48    4.632315e-10   -3.630779e-11
   22   49    1.470275e-12   -1.408438e-13
   22   50    4.626484e-10   -6.736180e-11
   22   51    1.540528e-14   -2.393920e-15
   22   52    5.573457e-19   -9.571320e-20
   22   53    7.254175e-25   -1.241775e-25
   22   54    7.921038e-30   -1.478697e-30
   23   44    3.950300e-22    1.650036e-23
   23   45    1.277046e-18    4.204973e-20
   23   46    1.757709e-10    2.547538e-12
   23   47    4.588174e-08    3.162594e-10
   23   48    4.295063e-09    1.734090e-11
   23   49    4.158201e-09   -2.203420e-10
   23   50    2.643657e-11   -4.024497e-12
   23   51    7.388992e-10   -1.001960e-10
   23   52    6.642855e-13   -9.394870e-14
   23   53    1.196467e-16   -1.883525e-17
   23   54    8.248605e-22   -1.299725e-22
   23   55    5.770668e-26   -1.005166e-26
   24   45    1.423691e-28    7.457614e-30
   24   46    2.867059e-21    1.411784e-22
   24   47    1.575570e-11    4.902313e-13
   24   48    3.713675e-09    1.650808e-10
   24   49    7.388239e-09    2.239261e-10
   24   50    1.982427e-08   -5.374336e-11
   24   51    1.450296e-08   -5.572473e-10
   24   52    2.025004e-08   -7.295256e-10
   24   53    6.536968e-11   -8.713755e-12
   24   54    8.924365e-10   -1.338786e-10
   24   55    4.815788e-14   -7.404144e-15
   24   56    4.615027e-18   -8.336666e-19
   24   57    4.413896e-24   -7.944704e-25
   24   58    1.931438e-28   -4.158733e-29
   25   48    9.691038e-19    3.930663e-20
   25   49    1.050400e-15    5.647972e-17
   25   50    3.428766e-11    1.583026e-12
   25   51    8.916902e-09    2.901102e-10
   25   52    2.036911e-08    1.474857e-10
   25   53    3.302171e-08   -1.040029e-10
   25   54    3.505281e-09   -3.455476e-10
   25   55    1.985062e-09   -2.559517e-10
   25   56    2.365320e-12   -3.051137e-13
   25   57    1.426664e-15   -2.354070e-16
   25   58    5.057380e-20   -8.483280e-21
   25   59    2.189757e-23   -4.707888e-24
   25   60    2.097353e-29   -4.477582e-30
   26   49    8.806403e-25    4.520981e-26
   26   50    1.412377e-19    9.580859e-21
   26   51    1.265667e-12    8.142650e-14
   26   52    2.671317e-10    1.737806e-11
   26   53    8.598270e-09    4.209288e-10
   26   54    6.911686e-08    9.400561e-10
   26   55    6.979345e-08   -9.368838e-10
   26   56    9.272963e-07   -1.826105e-08
   26   57    3.273235e-08   -3.065286e-09
   26   58    5.693604e-07   -3.693939e-08
   26   59    1.147748e-10   -8.068599e-12
   26   60    6.189673e-14   -7.789006e-15
   26   61    1.862780e-19   -2.324267e-20
   26   62    6.204582e-23   -1.211639e-23
   26   63    8.050788e-30   -1.573179e-30
   27   51    8.040592e-30    5.873538e-31
   27   52    1.455429e-22    1.031045e-23
   27   53    7.550760e-18    5.530817e-19
   27   54    1.554080e-11    1.045178e-12
   27   55    9.231336e-09    4.049780e-10
   27   56    3.152038e-08    7.579883e-10
   27   57    1.097526e-06    1.485850e-09
   27   58    2.121052e-07   -6.201823e-09
   27   59    1.414527e-06   -5.359416e-08
   27   60    2.595545e-09   -1.270615e-10
   27   61    1.155285e-11   -1.117105e-12
   27   62    2.296242e-15   -2.227762e-16
   27   63    1.075984e-17   -1.326162e-18
   27   64    6.358900e-23   -7.674947e-24
   27   65    1.375758e-25   -1.768730e-26
   28   53    2.437332e-27    2.014575e-28
   28   54    2.240412e-22    1.932605e-23
   28   55    1.005925e-13    9.028150e-15
   28   56    1.236909e-10    8.096971e-12
   28   57    6.193118e-09    3.639505e-10
   28   58    7.661545e-07    2.614482e-08
   28   59    2.551337e-06    4.561105e-08
   28   60    4.726740e-06    3.431190e-08
   28   61    4.551706e-07   -8.201997e-09
   28   62    1.108417e-06   -2.446232e-08
   28   63    1.377639e-09   -3.513949e-11
   28   64    1.847994e-07   -1.081132e-08
   28   65    1.294976e-11   -7.321308e-13
   28   66    3.872094e-14   -3.369765e-15
   28   67    1.848636e-19   -1.567375e-20
   28   68    2.441738e-22   -2.461647e-23
   28   69    1.271505e-29   -1.290018e-30
   29   57    1.948751e-20    1.393916e-21
   29   58    1.173771e-14    8.160820e-16
   29   59    9.083321e-11    4.229130e-12
   29   60    2.561432e-08    8.603966e-10
   29   61    3.731595e-07    8.721767e-09
   29   62    3.258812e-07    2.341080e-09
   29   63    1.268451e-06   -1.673963e-09
   29   64    1.142046e-07   -3.375683e-09
   29   65    3.956859e-07   -1.559143e-08
   29   66    5.251982e-10   -1.911976e-11
   29   67    1.256633e-11   -7.606388e-13
   29   68    5.836157e-16   -3.337830e-17
   29   69    5.848085e-18   -4.066068e-19
   29   70    4.109713e-24   -2.834960e-25
   29   71    1.857180e-26   -1.283077e-27
   30   58    4.916054e-28    3.982181e-29
   30   59    1.958466e-20    1.573989e-21
   30   60    2.974339e-13    2.137966e-14
   30   61    1.785428e-09    1.034253e-10
   30   62    8.766009e-08    4.126230e-09
   30   63    1.080499e-07    4.353860e-09
   30   64    1.906278e-06    3.354127e-08
   30   65    6.756631e-07    7.420101e-09
   30   66    1.473131e-06   -7.604734e-09
   30   67    7.072833e-09   -1.340854e-10
   30   68    4.081745e-07   -1.403128e-08
   30   69    8.350602e-11   -2.669244e-12
   30   70    2.594128e-11   -1.286747e-12
   30   71    5.552769e-16   -2.633636e-17
   30   72    2.612705e-17   -1.326335e-18
   30   73    7.653043e-23   -3.769915e-24
   30   74    3.684040e-25   -1.808952e-26
   31   61    7.319935e-26    5.056651e-27
   31   62    3.436648e-15    2.357582e-16
   31   63    3.548662e-13    2.040810e-14
   31   64    6.224686e-11    3.340814e-12
   31   65    5.441525e-09    1.705003e-10
   31   66    7.298402e-08    2.193865e-09
   31   67    6.443650e-07    1.101173e-08
   31   68    1.282707e-08    1.170752e-10
   31   69    5.646684e-07   -3.183232e-09
   31   70    3.401221e-09    7.250587e-12
   31   71    3.181474e-08   -1.360473e-09
   31   72    1.182635e-11   -4.570708e-13
   31   73    1.275342e-12   -4.896760e-14
   31   74    1.792931e-16   -6.156510e-18
   31   75    4.499338e-18   -1.419203e-19
   31   76    1.242392e-23   -3.572288e-25
   31   77    1.565967e-25   -3.619319e-27
   32   63    1.609409e-22    1.259158e-23
   32   64    6.286459e-16    5.088508e-17
   32   65    6.745086e-13    5.099015e-14
   32   66    1.065156e-09    5.753857e-11
   32   67    1.261084e-08    7.379697e-10
   32   68    1.831636e-07    8.855847e-09
   32   69    3.979264e-08    1.299490e-09
   32   70    6.014449e-07    1.242812e-08
   32   71    6.697588e-08   -1.175951e-10
   32   72    1.564033e-07   -2.560729e-09
   32   73    7.301410e-10   -9.865630e-12
   32   74    7.867274e-08   -1.829598e-09
   32   75    6.418299e-11   -1.237159e-12
   32   76    6.636523e-12   -1.722981e-13
   32   77    5.419583e-16   -1.226399e-17
   32   78    1.098609e-17   -2.176341e-19
   32   79    1.039781e-22   -1.842652e-24
   32   80    3.920918e-25   -5.440400e-27
   33   65    3.225612e-27    2.741060e-28
   33   66    1.901250e-18    1.634116e-19
   33   67    6.037345e-16    3.843606e-17
   33   68    7.894160e-13    5.586113e-14
   33   69    5.209418e-11    3.148381e-12
   33   70    4.715524e-10    2.258941e-11
   33   71    4.375249e-08    1.552068e-09
   33   72    2.222726e-08    5.808024e-10
   33   73    9.764016e-08    1.231864e-09
   33   74    3.747587e-09    4.753213e-11
   33   75    7.417511e-08    3.058099e-10
   33   76    8.941224e-10    1.086242e-11
   33   77    2.642021e-11    4.989656e-14
   33   78    1.158004e-14    7.708041e-17
   33   79    7.543121e-16   -3.320436e-18
   33   80    1.140032e-19   -6.809979e-23
   33   81    2.649053e-21   -3.373886e-24
   33   82    3.530238e-27    1.497066e-30
   34   67    1.152001e-26    1.088265e-27
   34   68    1.276421e-18    1.070973e-19
   34   69    5.467578e-15    4.810023e-16
   34   70    2.863950e-12    2.371505e-13
   34   71    6.132059e-11    4.481267e-12
   34   72    1.161573e-08    6.752714e-10
   34   73    3.906966e-09    2.193062e-10
   34   74    3.141866e-08    1.442164e-09
   34   75    2.795898e-08    9.368723e-10
   34   76    5.142414e-08   -1.482493e-10
   34   77    3.673191e-09   -4.164302e-11
   34   78    4.854767e-08   -5.333369e-10
   34   79    3.752495e-10   -1.844524e-12
   34   80    2.967689e-09   -3.073235e-11
   34   81    4.437605e-12   -2.237932e-14
   34   82    2.458284e-12   -2.154455e-14
   34   83    5.621400e-17   -3.493496e-19
   34   84    8.246747e-19   -4.907160e-21
   34   85    2.653972e-26   -1.826186e-28
   35   70    2.750899e-21    2.676582e-22
   35   71    3.837968e-19    3.498497e-20
   35   72    8.762941e-16    7.406916e-17
   35   73    8.207255e-13    5.681443e-14
   35   74    1.538016e-11    1.086723e-12
   35   75    5.338443e-10    3.307879e-11
   35   76    3.399172e-09    1.959326e-10
   35   77    1.539562e-08    3.409114e-10
   35   78    1.009031e-09    2.436173e-11
   35   79    2.395210e-08    2.913544e-10
   35   80    1.531554e-09    2.382400e-11
   35   81    6.332469e-09   -2.553410e-11
   35   82    2.189138e-10    2.641773e-13
   35   83    3.716100e-11   -8.644365e-14
   35   84    2.763839e-14    6.333415e-17
   35   85    9.186013e-16    3.374302e-18
   35   86    1.758400e-22    7.050178e-25
   35   87    2.124157e-27    1.715020e-29
   36   71    1.138461e-28    1.212246e-29
   36   72    2.620017e-22    2.907654e-23
   36   73    9.482807e-18    9.600451e-19
   36   74    2.731377e-14    2.485076e-15
   36   75    8.307414e-13    7.855015e-14
   36   76    1.410940e-10    1.205498e-11
   36   77    2.828091e-10    2.343938e-11
   36   78    2.236301e-09    1.151448e-10
   36   79    2.066509e-09    7.988512e-11
   36   80    1.908447e-08    7.013978e-11
   36   81    3.974777e-09    3.264507e-11
   36   82    4.776559e-08   -2.360685e-10
   36   83    6.941579e-09   -3.979813e-11
   36   84    4.981343e-08   -2.534581e-10
   36   85    5.080112e-10    5.139483e-13
   36   86    4.364469e-10   -1.671332e-12
   36   87    1.367827e-15   -2.988875e-18
   36   88    2.421220e-19    8.908393e-22
   36   89    4.464368e-26    1.779235e-28
   37   74    8.016908e-24    8.892097e-25
   37   75    9.263397e-21    9.275117e-22
   37   76    1.991037e-17    2.112867e-18
   37   77    7.708251e-15    7.447570e-16
   37   78    8.927907e-14    8.560073e-15
   37   79    1.161179e-11    7.660168e-13
   37   80    5.824304e-11    3.314574e-12
   37   81    2.148635e-09    5.269321e-11
   37   82    6.441520e-10    2.078326e-11
   37   83    9.385669e-09    2.190567e-10
   37   84    8.517768e-10    2.488856e-11
   37   85    1.467794e-08    1.862068e-10
   37   86    1.641527e-09    9.105748e-12
   37   87    3.272609e-10    1.196778e-12
   37   88    1.071685e-14    6.886828e-17
   37   89    8.190594e-18    1.025158e-19
   37   90    1.952765e-23    2.806512e-25
   37   91    8.734379e-28    1.618370e-29
   38   76    4.910416e-24    5.688700e-25
   38   77    1.218667e-19    1.497885e-20
   38   78    1.051079e-16    1.266283e-17
   38   79    2.486536e-15    2.914325e-16
   38   80    7.255742e-13    6.223507e-14
   38   81    2.514645e-12    2.014558e-13
   38   82    1.700304e-10    8.934850e-12
   38   83    8.344689e-11    4.476833e-12
   38   84    7.246966e-10    3.796308e-11
   38   85    8.559031e-10    3.078681e-11
   38   86    1.585977e-08   -1.973446e-11
   38   87    1.174613e-08   -2.706699e-11
   38   88    3.493220e-08   -5.565813e-11
   38   89    6.775594e-12    1.590169e-14
   38   90    3.081352e-14    2.834246e-16
   38   91    4.753168e-19    5.447277e-21
   38   92    1.669224e-22    2.980114e-24
   38   93    1.896122e-28    3.575991e-30
   39   78    6.233952e-27    8.175688e-28
   39   79    1.140864e-22    1.483124e-23
   39   80    1.204647e-20    1.538156e-21
   39   81    3.970558e-18    3.818312e-19
   39   82    3.471341e-16    3.212492e-17
   39   83    1.346628e-13    8.805197e-15
   39   84    1.129878e-13    7.625409e-15
   39   85    1.347742e-11    1.012647e-12
   39   86    3.452829e-11    2.070970e-12
   39   87    1.200392e-09    3.020603e-11
   39   88    9.733253e-10    2.620924e-11
   39   89    7.225215e-09    5.983894e-11
   39   90    1.043264e-11    1.337604e-13
   39   91    1.413167e-13    2.614936e-15
   39   92    2.655347e-17    6.043139e-19
   39   93    7.025579e-20    2.036720e-21
   39   94    4.015252e-24    1.276447e-25
   39   95    5.153172e-28    1.922028e-29
   40   80    3.574903e-26    5.337016e-27
   40   81    5.585559e-24    8.008769e-25
   40   82    3.750018e-20    4.423371e-21
   40   83    4.102867e-18    4.627641e-19
   40   84    1.783032e-15    1.581666e-16
   40   85    2.202684e-15    1.987353e-16
   40   86    4.015677e-13    3.798894e-14
   40   87    8.548558e-13    6.839270e-14
   40   88    4.551787e-11    2.413611e-12
   40   89    3.176448e-11    1.610143e-12
   40   90    3.253466e-09    8.968794e-12
   40   91    8.627235e-11   -4.920894e-14
   40   92    8.948974e-10   -1.500831e-12
   40   93    2.144308e-12   -8.110848e-15
   40   94    1.706342e-11   -1.738433e-13
   40   95    5.719541e-15   -3.545406e-17
   40   96    4.491447e-17    1.912946e-20
   40   97    6.276699e-23    1.362639e-25
   40   98    1.371397e-27    8.191458e-30
   41   83    7.875487e-28    9.877491e-29
   41   84    1.456784e-22    1.800754e-23
   41   85    8.490429e-22    8.311524e-23
   41   86    6.045564e-20    6.128659e-21
   41   87    4.133474e-17    4.380259e-18
   41   88    1.852888e-15    1.750958e-16
   41   89    3.286699e-13    2.479779e-14
   41   90    4.846520e-13    3.655212e-14
   41   91    8.239894e-11    2.393460e-12
   41   92    8.035878e-12    2.241718e-13
   41   93    2.462397e-11    6.689162e-13
   41   94    2.616342e-13    6.647259e-15
   41   95    8.051287e-14    1.816916e-15
   41   96    1.139541e-16    3.141841e-18
   41   97    2.056552e-18    8.854063e-20
   41   98    1.807945e-23    8.158838e-25
   41   99    5.767441e-27    2.910918e-28
   42   85    3.802480e-29    5.103080e-30
   42   86    1.874210e-24    2.205220e-25
   42   87    3.394241e-22    4.109457e-23
   42   88    2.227203e-19    2.851762e-20
   42   89    1.412672e-17    1.624956e-18
   42   90    2.680630e-15    2.717886e-16
   42   91    3.922347e-15    3.844309e-16
   42   92    1.049873e-12    5.820060e-14
   42   93    4.169052e-13    1.539354e-14
   42   94    3.930574e-11    1.438221e-14
   42   95    3.137009e-12   -2.101750e-15
   42   96    1.400632e-10   -1.019863e-14
   42   97    5.909763e-13   -5.564873e-16
   42   98    3.286473e-11   -8.692016e-14
   42   99    1.297309e-15   -6.054408e-19
   42  100    2.314243e-16   -1.150582e-18
   42  101    1.430627e-21   -5.396880e-24
   42  102    2.628033e-23   -4.851509e-26
   42  103    6.844709e-29   -2.290129e-32
   43   88    3.132866e-29    4.047047e-30
   43   89    3.719538e-26    5.060511e-27
   43   90    1.573855e-23    1.968695e-24
   43   91    1.650790e-19    1.863665e-20
   43   92    3.993074e-18    4.502484e-19
   43   93    2.749434e-15    2.105035e-16
   43   94    4.101870e-15    1.938251e-16
   43   95    6.052141e-13    1.674446e-14
   43   96    1.288220e-13    3.594079e-15
   43   97    2.229886e-12    6.137744e-14
   43   98    5.239523e-14    1.068991e-15
   43   99    4.557483e-13    6.230079e-15
   43  100    2.278841e-16    4.045187e-18
   43  101    2.808739e-17    2.506036e-19
   43  102    6.189350e-22    7.179426e-24
   43  103    4.907270e-23    4.456030e-25
   43  104    6.785861e-28    7.815864e-30
   44   91    3.390389e-26    4.898236e-27
   44   92    2.727310e-22    3.702496e-23
   44   93    9.392845e-21    1.253351e-21
   44   94    8.900164e-18    8.425496e-19
   44   95    2.358707e-16    1.265947e-17
   44   96    4.277208e-15    2.125048e-16
   44   97    1.217444e-14    3.979343e-16
   44   98    6.865765e-12    9.961301e-17
   44   99    6.626067e-13   -7.182373e-16
   44  100    4.092381e-11   -8.717179e-15
   44  101    1.344140e-13    6.156535e-16
   44  102    1.180394e-13    8.879081e-17
   44  103    3.997305e-17    1.631425e-19
   44  104    2.502805e-17    1.004629e-19
   44  105    1.444825e-21    9.564714e-24
   44  106    5.311637e-23    3.644673e-25
   44  107    2.937827e-28    2.577566e-30
   44  108    1.025147e-30    1.622902e-33
   45   93    5.169373e-29    7.440897e-30
   45   94    5.584168e-26    8.004811e-27
   45   95    3.809189e-22    4.038966e-23
   45   96    4.622796e-20    3.092777e-21
   45   97    5.463359e-18    3.488345e-19
   45   98    3.343471e-17    1.337963e-18
   45   99    4.276797e-14    1.137835e-15
   45  100    8.405191e-15    2.308319e-16
   45  101    5.443440e-13    8.023437e-15
   45  102    1.543190e-14    1.613165e-16
   45  103    7.121686e-12   -1.647682e-15
   45  104    1.611425e-14    7.501008e-17
   45  105    9.286599e-15    3.611992e-17
   45  106    2.544665e-18    1.953290e-20
   45  107    4.583209e-19    4.124204e-21
   45  108    3.125589e-23    3.810443e-25
   45  109    8.463162e-25    1.708107e-26
   45  110    1.233645e-29    2.747517e-31
   46   96    1.887468e-25    2.262937e-26
   46   97    6.799874e-23    6.092256e-24
   46   98    2.006423e-20    1.361540e-21
   46   99    1.350472e-18    6.830278e-20
   46  100    1.110349e-16    5.894424e-18
   46  101    6.711580e-16    2.444506e-17
   46  102    7.648519e-14    4.411299e-16
   46  103    7.138591e-14    5.508440e-16
   46  104    2.607069e-11   -2.647891e-15
   46  105    3.592004e-13    1.734081e-15
   46  106    2.591114e-11    4.976283e-15
   46  107    3.956607e-14    3.998048e-17
   46  108    2.100851e-11   -1.162007e-14
   46  109    4.757367e-15    1.187583e-17
   46  110    5.359613e-15   -8.188839e-18
   46  111    1.128633e-19    6.131675e-23
   46  112    4.073628e-21    2.608162e-23
   46  113    1.156992e-26    8.795912e-29
   47   98    7.653480e-29    7.609039e-30
   47   99    1.665324e-25    1.301799e-26
   47  100    3.982977e-23    2.506018e-24
   47  101    2.759210e-20    1.871314e-21
   47  102    5.700250e-19    3.167425e-20
   47  103    2.097064e-16    5.880718e-18
   47  104    4.733157e-16    1.043742e-17
   47  105    1.795816e-13    2.550478e-15
   47  106    3.035710e-14    3.056427e-16
   47  107    5.097826e-12    4.751020e-15
   47  108    6.224853e-14    3.468018e-16
   47  109    5.747959e-12   -1.319311e-15
   47  110    6.365609e-15    2.633665e-17
   47  111    3.879329e-15    1.426479e-17
   47  112    9.953478e-19    7.340165e-21
   47  113    1.253226e-19    1.193942e-21
   47  114    2.092500e-24    2.487782e-26
   47  115    5.493561e-26    1.044842e-27
   48  100    3.969794e-29    6.927903e-30
   48  101    2.308534e-26    1.968227e-27
   48  102    2.097719e-23    1.845624e-24
   48  103    7.714583e-22    4.854842e-23
   48  104    4.685662e-19    2.322100e-20
   48  105    2.981818e-17    1.047552e-18
   48  106    8.282839e-16    2.671677e-17
   48  107    7.091246e-15    1.730893e-16
   48  108    6.031624e-13    8.626203e-16
   48  109    4.836778e-14    1.877139e-16
   48  110    2.482623e-11    2.245011e-15
   48  111    1.551886e-13    5.307639e-16
   48  112    2.848445e-11    1.464870e-14
   48  113    3.616543e-14   -2.712609e-17
   48  114    2.441792e-11   -2.271892e-14
   48  115    3.647710e-15    6.337611e-18
   48  116    1.108570e-15   -6.720365e-19
   48  117    3.242335e-20    4.291284e-23
   48  118    9.250733e-22    6.150751e-24
   48  119    2.744164e-27    2.162855e-29
   49  103    1.927191e-29    1.875601e-30
   49  104    3.758056e-27    2.776217e-28
   49  105    1.189426e-23    7.183278e-25
   49  106    3.075427e-21    1.513756e-22
   49  107    4.498214e-19    2.153743e-20
   49  108    4.961582e-18    2.295231e-19
   49  109    1.295525e-15    2.700753e-17
   49  110    6.547248e-16    1.035908e-17
   49  111    3.167117e-13    2.029989e-15
   49  112    2.351893e-14    1.767927e-16
   49  113    5.810662e-12    1.393221e-15
   49  114    4.925029e-14    2.624336e-16
   49  115    6.376384e-14    6.899302e-16
   49  116    6.682010e-17    9.721263e-19
   49  117    1.549959e-17    1.915873e-19
   49  118    2.929957e-21    4.449511e-23
   49  119    2.520892e-22    4.079561e-24
   49  120    1.070754e-26    1.975741e-28
   49  121    8.540090e-28    4.948463e-30
   50  106    8.267002e-27    6.130688e-28
   50  107    9.880507e-25    7.016215e-26
   50  108    2.978669e-22    2.079050e-23
   50  109    4.023415e-21    2.113957e-22
   50  110    1.738476e-18    7.389722e-20
   50  111    4.408554e-17    1.253588e-18
   50  112    4.698684e-15    4.469255e-17
   50  113    6.571580e-15    8.386393e-17
   50  114    5.322549e-12    3.876605e-16
   50  115    2.026653e-13    8.206931e-16
   50  116    5.168810e-11    7.500008e-15
   50  117    2.521564e-13    6.692768e-16
   50  118    7.141535e-11    2.084425e-14
   50  119    1.145398e-13   -1.445018e-16
   50  120    5.133843e-11   -3.431683e-14
   50  121    1.199054e-14    2.618203e-17
   50  122    2.868349e-13   -4.791651e-16
   50  123    4.422663e-17   -2.229401e-19
   50  124    1.252450e-14   -5.517514e-17
   50  125    3.100397e-19   -7.008102e-22
   50  126    5.566029e-21   -3.043880e-24
   50  127    4.844819e-26    5.236478e-29
   50  128    3.726224e-28    1.434786e-32
   51  109    3.312012e-30    2.566081e-31
   51  110    3.447034e-27    2.113852e-28
   51  111    1.077513e-24    5.598452e-26
   51  112    5.830973e-22    2.306519e-23
   51  113    1.351560e-19    2.864465e-21
   51  114    9.843725e-19    2.490860e-20
   51  115    2.302268e-15    4.471492e-17
   51  116    3.634021e-16    1.051849e-17
   51  117    6.150784e-14    1.277818e-15
   51  118    4.086093e-15    8.224725e-17
   51  119    5.959413e-13    3.350008e-15
   51  120    6.281771e-15    3.037343e-17
   51  121    2.993635e-12   -4.406684e-18
   51  122    4.091271e-15    1.615466e-17
   51  123    5.621506e-14   -6.185161e-17
   51  124    2.844633e-17    7.264179e-20
   51  125    5.660607e-18    2.712301e-20
   51  126    6.511541e-22    5.090338e-24
   51  127    2.802313e-23    2.482518e-25
   51  128    5.888608e-28    6.599981e-30
   51  129    5.801310e-26    2.658926e-29
   51  130    2.525980e-28    1.151424e-31
   51  131    1.959154e-30    1.062856e-33
   52  112    1.349183e-29    7.298203e-31
   52  113    2.072162e-26    1.055513e-27
   52  114    3.160666e-23    1.077607e-24
   52  115    1.503137e-22    5.288075e-24
   52  116    8.881574e-19    3.930811e-20
   52  117    4.421176e-19    1.783665e-20
   52  118    4.247560e-16    4.390006e-18
   52  119    1.494736e-16    1.473044e-18
   52  120    2.427512e-13    6.469535e-16
   52  121    1.194835e-14    1.770209e-17
   52  122    1.398765e-11    5.204293e-15
   52  123    8.700015e-14    2.414114e-16
   52  124    2.685262e-11    1.106571e-14
   52  125    5.394405e-14   -2.735090e-20
   52  126    1.899254e-11   -1.581554e-14
   52  127    8.099773e-15    4.680268e-18
   52  128    1.084542e-12   -1.384418e-15
   52  129    8.031743e-16   -7.521296e-18
   52  130    2.641365e-13   -1.474947e-15
   52  131    9.631163e-18   -3.006131e-20
   52  132    1.552946e-19   -2.388353e-22
   52  133    2.472144e-24    1.740800e-27
   52  134    8.596563e-27   -1.981441e-30
   53  115    2.523876e-30    1.078246e-31
   53  116    2.795994e-28    1.267700e-29
   53  117    3.301294e-24    1.804540e-25
   53  118    3.394116e-23    1.825450e-24
   53  119    8.783049e-20    2.127205e-21
   53  120    8.824796e-20    2.351845e-21
   53  121    2.214266e-16    5.476126e-18
   53  122    6.706096e-17    1.381242e-18
   53  123    3.443772e-14    4.802820e-16
   53  124    1.682367e-15    2.086677e-17
   53  125    7.160371e-13    2.364504e-15
   53  126    7.792654e-15    2.706618e-17
   53  127    2.903909e-12   -1.428712e-15
   53  128    4.509795e-15    1.848975e-17
   53  129    1.922418e-15    1.327168e-17
   53  130    2.627312e-18    2.185632e-20
   53  131    2.338912e-18    5.363329e-20
   53  132    2.510166e-22    6.609306e-24
   53  133    6.024800e-24    1.472419e-25
   53  134    4.757577e-28   -4.013694e-29
   53  135    9.960938e-26    1.032348e-28
   54  118    4.868464e-28    3.680257e-29
   54  119    1.187009e-26    6.189873e-28
   54  120    5.842730e-23    2.838735e-24
   54  121    9.027629e-22    3.880843e-23
   54  122    1.001740e-18    1.943434e-20
   54  123    3.207673e-18    6.819796e-20
   54  124    3.870783e-15    2.150028e-17
   54  125    1.046609e-15    5.556015e-18
   54  126    8.895646e-13    2.499168e-15
   54  127    4.199104e-14    7.630277e-17
   54  128    1.928968e-11    1.513714e-14
   54  129    1.605956e-13    2.996410e-16
   54  130    3.267939e-11    1.853805e-14
   54  131    9.558528e-14   -1.652954e-16
   54  132    2.520791e-11   -2.777487e-14
   54  133    2.082749e-14   -3.690813e-17
   54  134    3.359089e-12   -1.478319e-15
   54  135    9.843586e-15   -7.582630e-17
   54  136    2.024025e-12   -8.234415e-15
   54  137    5.407135e-21   -3.270600e-23
   54  138    9.017015e-28   -3.906076e-30
   55  121    2.699391e-29    1.577744e-30
   55  122    5.375363e-27    2.919008e-28
   55  123    3.400622e-23    1.035776e-24
   55  124    4.077084e-22    1.347383e-23
   55  125    1.578000e-18    3.472012e-20
   55  126    1.566741e-18    2.801562e-20
   55  127    1.724898e-15    2.303500e-17
   55  128    3.924694e-16    4.287515e-18
   55  129    1.115505e-13    8.313624e-16
   55  130    5.146396e-15    3.173679e-17
   55  131    1.188730e-12    2.943964e-15
   55  132    1.053014e-14    2.108488e-17
   55  133    3.296229e-12   -2.711939e-15
   55  134    7.414938e-15    3.017048e-17
   55  135    2.907637e-15    3.538464e-17
   55  136    3.896622e-17    3.912465e-19
   55  137    3.967534e-18    9.534989e-20
   55  138    3.174726e-26    7.237931e-28
   56  124    1.846070e-26    9.234625e-28
   56  125    5.899786e-25    2.239028e-26
   56  126    3.603820e-21    1.041334e-22
   56  127    3.144715e-20    8.101679e-22
   56  128    3.626325e-17    3.439781e-19
   56  129    3.470687e-17    3.104089e-19
   56  130    3.683450e-14    2.097032e-16
   56  131    5.013128e-15    2.291550e-17
   56  132    2.994086e-12    1.162514e-14
   56  133    1.199020e-13    2.440858e-16
   56  134    4.607091e-11    1.021323e-13
   56  135    6.666836e-13   -1.185126e-16
   56  136    1.643259e-10    1.647685e-13
   56  137    1.608306e-12   -3.996795e-15
   56  138    2.743887e-10   -2.780630e-13
   56  139    2.285441e-17   -2.923187e-20
   56  140    1.643628e-22    3.689901e-25
   56  141    9.177935e-30    1.477011e-32
   57  126    1.054020e-30    5.119441e-32
   57  127    8.303324e-27    3.249410e-28
   57  128    3.631094e-25    1.338673e-26
   57  129    3.146844e-21    5.238841e-23
   57  130    1.520608e-20    1.539394e-22
   57  131    5.240431e-17    5.085852e-19
   57  132    2.138337e-17    1.751517e-19
   57  133    2.661628e-14    1.887320e-16
   57  134    5.025911e-15    3.554123e-17
   57  135    1.080853e-12    5.383810e-15
   57  136    7.222738e-14    3.172069e-16
   57  137    8.619080e-12    1.913339e-14
   57  138    3.384738e-13    7.082506e-16
   57  139    2.732384e-11   -2.272319e-14
   57  140    1.502005e-17   -5.087002e-21
   57  141    4.826774e-22    2.019848e-24
   57  142    1.135682e-28    5.124710e-31
   58  128    8.976798e-30    5.649987e-31
   58  129    1.094662e-28    3.744682e-30
   58  130    2.791412e-24    8.275615e-26
   58  131    5.342261e-23    1.232162e-24
   58  132    9.545654e-20    1.411035e-21
   58  133    2.536293e-19    3.470253e-21
   58  134    3.850777e-16    3.219992e-18
   58  135    2.430886e-16    2.088556e-18
   58  136    9.372058e-14    4.601068e-16
   58  137    1.235645e-14    4.242217e-17
   58  138    6.025949e-12    1.489811e-14
   58  139    4.874962e-13    5.169757e-16
   58  140    8.672814e-11   -1.598716e-14
   58  141    2.324403e-16    2.812338e-19
   58  142    6.165864e-20    4.092297e-22
   58  143    7.248255e-26    5.413964e-28
   58  144    1.866153e-26   -2.132885e-31
   59  131    1.140210e-30    4.492298e-32
   59  132    1.157030e-28    3.931048e-30
   59  133    1.330309e-24    2.165517e-26
   59  134    6.223608e-23   -2.334887e-26
   59  135    7.262506e-19    6.433534e-22
   59  136    1.713044e-18    1.432601e-21
   59  137    1.679380e-15    4.740288e-18
   59  138    6.495172e-16    2.325488e-18
   59  139    2.723847e-13    3.910338e-16
   59  140    7.909967e-14    3.034002e-16
   59  141    7.456183e-12   -4.657694e-16
   59  142    1.599057e-16    3.246702e-19
   59  143    1.849126e-19    1.519173e-21
   59  144    6.960993e-25    6.911231e-27
   59  145    4.719992e-28   -2.025861e-30
   59  146    7.160191e-30    5.127681e-34
   60  134    8.954562e-27    4.767535e-29
   60  135    3.390454e-25    3.624945e-28
   60  136    6.351051e-21    1.743073e-23
   60  137    4.426873e-20    4.884942e-23
   60  138    1.185065e-16    1.777524e-19
   60  139    1.689629e-16    2.371015e-19
   60  140    1.662438e-13    3.109151e-16
   60  141    1.283381e-13    5.336944e-17
   60  142    3.665241e-11    9.234571e-16
   60  143    3.077471e-15    9.450626e-18
   60  144    2.480546e-17    1.949929e-19
   60  145    5.955395e-22    5.727422e-24
   60  146    4.888211e-22   -1.125420e-24
   60  147    1.213538e-27   -1.364933e-30
   60  148    3.668425e-26    1.081415e-28
   61  137    4.659291e-27    5.762363e-29
   61  138    2.472888e-25    2.698836e-27
   61  139    2.089554e-21    1.467680e-23
   61  140    2.733643e-20   -5.367173e-23
   61  141    1.718412e-16   -2.252342e-19
   61  142    8.047904e-16   -7.273012e-19
   61  143    3.369785e-13    5.502234e-16
   61  144    1.942170e-16    1.022279e-18
   61  145    1.142063e-16    1.137694e-18
   61  146    1.571512e-20    1.635105e-22
   61  147    2.295732e-20   -3.237042e-22
   61  148    7.290290e-25   -1.366602e-26
   61  149    2.216253e-23   -4.861486e-25
   61  150    9.019871e-29   -1.818529e-30
   61  151    7.619978e-26    3.810406e-30
   61  152    1.650426e-30    3.371859e-35
   62  139    1.620102e-26   -1.653128e-28
   62  140    7.148643e-22   -4.172689e-24
   62  141    1.029625e-20   -6.777705e-23
   62  142    2.826272e-16   -2.979405e-19
   62  143    2.633221e-15   -5.636537e-18
   62  144    9.256162e-12    7.155140e-15
   62  145    2.070252e-14    7.244427e-17
   62  146    5.614905e-14   -1.755494e-16
   62  147    6.136878e-17   -3.028924e-19
   62  148    1.079358e-15   -4.075777e-18
   62  149    6.992092e-20   -2.613759e-22
   62  150    2.501494e-18   -1.634923e-20
   62  151    6.849562e-23   -3.472420e-25
   62  152    3.683751e-22   -2.121873e-23
   62  153    1.226067e-26   -6.723525e-28
   62  154    1.333818e-27    4.486161e-30
   63  141    6.627778e-29    2.200115e-31
   63  142    1.877981e-26   -1.199956e-29
   63  143    7.753583e-21   -9.611900e-23
   63  144    3.685348e-18   -3.836285e-20
   63  145    6.697492e-14   -1.509464e-16
   63  146    1.023135e-15    2.606900e-19
   63  147    5.028294e-15   -2.142977e-17
   63  148    6.490434e-17   -3.843507e-20
   63  149    3.970155e-15    1.531455e-17
   63  150    6.251462e-19    1.393874e-21
   63  151    5.006629e-17   -9.898976e-19
   63  152    9.115535e-20   -2.504327e-21
   63  153    1.292855e-16   -2.914055e-18
   63  154    1.934798e-20   -3.625207e-22
   63  155    1.417310e-21   -1.343733e-23
   63  156    8.243857e-26   -4.920794e-28
   63  157    1.342221e-28    1.835474e-33
   64  143    2.226801e-26   -2.951043e-28
   64  144    7.914143e-21   -5.185483e-23
   64  145    1.447220e-18   -8.766277e-21
   64  146    1.572525e-13    4.097147e-17
   64  147    5.755913e-15    8.164304e-18
   64  148    2.050237e-14   -3.509957e-16
   64  149    4.386308e-15   -4.965049e-17
   64  150    1.310381e-13   -9.376873e-16
   64  151    8.198544e-16   -1.080774e-17
   64  152    1.226450e-13   -1.235883e-15
   64  153    4.894890e-16   -6.884306e-18
   64  154    2.444544e-13   -2.358851e-15
   64  155    1.445140e-16   -8.607299e-19
   64  156    2.366867e-16   -6.652907e-18
   64  157    4.995237e-20   -1.221403e-21
   64  158    7.396659e-22   -1.250473e-23
   64  159    1.824334e-26   -2.586112e-28
   64  160    6.973881e-29    7.672104e-35
   65  145    2.135300e-28    2.060498e-31
   65  146    4.715876e-25    1.366047e-27
   65  147    4.319885e-20    3.017095e-22
   65  148    3.715681e-20   -7.216947e-22
   65  149    2.853462e-18   -7.145142e-20
   65  150    3.674330e-18   -5.403271e-20
   65  151    1.528315e-15   -1.752340e-17
   65  152    2.181366e-17   -1.285235e-19
   65  153    8.339003e-14   -2.059112e-16
   65  154    3.273578e-16   -3.839962e-19
   65  155    1.412796e-13   -4.187964e-16
   65  156    2.983171e-16    3.499876e-19
   65  157    3.608642e-15   -4.620761e-17
   65  158    2.594998e-18   -2.128042e-20
   65  159    1.843016e-19    1.431544e-23
   65  160    2.199155e-23    8.288188e-26
   65  161    1.419330e-25    1.531335e-27
   65  162    4.158286e-30    5.875548e-32
   65  163    3.421218e-29   -9.947441e-36
   66  147    1.092229e-28   -1.502602e-30
   66  148    3.050691e-22   -8.582191e-25
   66  149    1.185216e-22   -1.170886e-24
   66  150    2.383721e-21   -9.191142e-23
   66  151    1.460482e-19   -4.389289e-21
   66  152    5.705558e-16   -9.093817e-18
   66  153    6.385450e-16   -6.139445e-18
   66  154    1.808319e-13   -3.158508e-16
   66  155    4.285600e-15   -7.743876e-18
   66  156    2.022953e-12    1.343334e-15
   66  157    1.758275e-14    5.002959e-17
   66  158    8.833393e-13   -3.627563e-15
   66  159    2.057137e-15    4.805968e-19
   66  160    3.229099e-15   -5.575683e-17
   66  161    1.546540e-18   -2.059168e-20
   66  162    5.434470e-20   -2.992237e-22
   66  163    5.474202e-24   -1.199039e-26
   66  164    2.509985e-26    1.229067e-28
   67  149    1.329416e-30    6.016273e-33
   67  151    1.521994e-27   -6.446224e-29
   67  152    2.492391e-25   -7.493781e-27
   67  153    2.083794e-20   -3.219858e-22
   67  154    2.824241e-19   -2.398278e-21
   67  155    3.017860e-16    4.753214e-20
   67  156    5.127592e-18    9.998528e-21
   67  157    4.709668e-14    1.733736e-16
   67  158    8.920599e-16    5.425084e-18
   67  159    2.746948e-13    3.196671e-16
   67  160    8.640059e-16    3.881443e-18
   67  161    1.544464e-13   -5.440864e-16
   67  162    8.745658e-17    1.287242e-19
   67  163    2.228239e-16   -4.268163e-18
   67  164    7.297984e-20   -1.083887e-21
   67  165    3.007687e-21   -2.200879e-23
   67  166    9.743799e-26   -4.234221e-28
   67  167    1.700883e-28    1.703924e-30
   68  153    5.698949e-27   -2.597681e-28
   68  154    2.430576e-21   -6.655467e-23
   68  155    1.424389e-19   -2.501353e-21
   68  156    3.336802e-16   -1.164968e-18
   68  157    6.917603e-17   -1.058973e-19
   68  158    1.550792e-13    7.309468e-16
   68  159    7.698689e-15    5.722756e-17
   68  160    1.644213e-12    4.136993e-15
   68  161    4.281846e-14    2.139783e-16
   68  162    1.998255e-12   -2.810853e-15
   68  163    1.063652e-14    2.474467e-17
   68  164    9.976553e-14   -1.004426e-15
   68  165    1.265906e-16   -7.273086e-19
   68  166    2.628204e-17   -3.493048e-19
   68  167    5.839199e-21   -5.541526e-23
   68  168    4.396299e-23   -1.410610e-25
   68  169    1.137692e-27   -5.239188e-31
   68  170    2.417310e-29    3.395932e-34
   69  155    3.546993e-27   -7.186623e-29
   69  156    8.744653e-25   -1.374766e-26
   69  157    9.641072e-21   -6.872304e-23
   69  158    1.647502e-18   -5.248828e-21
   69  159    4.420257e-17    2.100746e-20
   69  160    2.580248e-17    3.619358e-20
   69  161    1.516658e-14    6.569714e-17
   69  162    7.777975e-16    5.055157e-18
   69  163    2.240428e-13    5.565612e-16
   69  164    1.922292e-15    1.013814e-17
   69  165    2.923095e-13   -4.533130e-16
   69  166    7.353990e-16    1.936434e-18
   69  167    9.239815e-15   -9.893731e-17
   69  168    8.767994e-18   -5.243923e-20
   69  169    3.906529e-19    7.700729e-22
   69  170    6.749005e-23    4.066807e-25
   69  171    2.541436e-23    1.016332e-25
   69  172    5.267079e-28    3.740599e-30
   69  173    1.130631e-28    3.607759e-31
   69  174    1.373284e-30    2.222013e-36
   70  156    5.051991e-28   -1.265252e-31
   70  157    5.974972e-26   -4.385771e-28
   70  158    2.330426e-22   -6.160601e-24
   70  159    6.872546e-21   -1.224780e-22
   70  160    5.765475e-17   -2.396576e-19
   70  161    7.759675e-17   -6.260184e-20
   70  162    4.118780e-14    1.422751e-16
   70  163    7.842766e-15    4.344212e-17
   70  164    1.612957e-12    6.028929e-15
   70  165    9.064585e-14    5.966923e-16
   70  166    4.529833e-12    4.189226e-15
   70  167    6.846967e-14    3.056493e-16
   70  168    1.129469e-12   -4.958936e-15
   70  169    3.324929e-15    1.602486e-18
   70  170    4.040007e-16    3.703874e-18
   70  171    2.828928e-19    3.770860e-21
   70  172    5.265809e-21    1.106186e-22
   70  173    6.034326e-25    1.473104e-26
   70  174    4.011853e-26   -2.122331e-28
   70  175    1.306942e-28    2.479569e-30
   70  176    7.894513e-30    2.336891e-34
   71  160    1.033225e-28   -1.128398e-30
   71  161    5.705614e-24   -2.237523e-26
   71  162    1.256129e-22   -1.594094e-24
   71  163    1.149555e-18   -4.346606e-21
   71  164    1.037110e-18   -2.839191e-21
   71  165    5.631907e-16    5.679213e-19
   71  166    5.560834e-17    1.470369e-19
   71  167    8.894785e-14    2.580818e-16
   71  168    4.018994e-15    2.698559e-17
   71  169    3.670339e-13    4.965875e-16
   71  170    1.561938e-15    8.397273e-18
   71  171    5.424648e-14   -1.156233e-16
   71  172    8.944332e-17    2.483108e-19
   71  173    1.792296e-16    3.675443e-19
   71  174    5.050863e-19   -5.129401e-22
   71  175    1.168166e-17    5.472774e-21
   71  176    4.686271e-22    1.814266e-24
   71  177    3.300225e-25    3.065388e-27
   71  178    3.049679e-30    3.712715e-32
   71  179    1.021174e-28    1.984059e-34
   72  161    2.678255e-29   -4.135494e-31
   72  162    1.912395e-25   -6.860011e-27
   72  163    1.729745e-23   -4.599302e-25
   72  164    5.114911e-19   -6.492007e-21
   72  165    6.857353e-19   -6.397173e-21
   72  166    4.547913e-15   -5.961466e-18
   72  167    1.749025e-15    1.787280e-18
   72  168    7.442341e-13    1.604831e-15
   72  169    8.549310e-14    4.406631e-16
   72  170    6.582155e-12    1.319712e-14
   72  171    1.863654e-13    1.213735e-15
   72  172    1.412445e-12   -1.216319e-15
   72  173    9.799802e-15    4.211485e-17
   72  174    3.110695e-15    2.430758e-17
   72  175    3.602460e-18    4.346373e-20
   72  176    2.778518e-19    2.510249e-21
   72  177    1.117755e-22   -4.749287e-25
   72  178    1.781914e-21   -1.969335e-23
   72  179    9.079375e-26   -7.285968e-28
   72  180    5.742665e-27    3.816230e-28
   72  182    5.115864e-30   -1.788673e-37
   73  165    4.053024e-27   -2.102540e-29
   73  166    1.008376e-26   -7.078963e-29
   73  167    9.056833e-22   -5.340767e-24
   73  168    2.896934e-21   -2.417116e-23
   73  169    1.052208e-17   -2.163689e-21
   73  170    1.886250e-17    1.309930e-20
   73  171    1.367834e-14    7.722421e-17
   73  172    1.864244e-16    2.135212e-18
   73  173    1.343934e-13    8.678457e-16
   73  174    9.764880e-17    1.136637e-18
   73  175    5.305256e-13    1.346716e-15
   73  176    7.642942e-16    3.950020e-18
   73  177    4.223492e-14   -9.250780e-17
   73  178    2.563521e-18   -9.622214e-21
   73  179    2.286964e-13   -8.402173e-16
   73  180    4.184370e-17    1.829880e-20
   73  181    3.396249e-19    2.586911e-21
   73  182    5.920756e-24    6.078476e-26
   73  183    1.336149e-27    2.057361e-29
   74  167    4.354662e-28   -2.281659e-29
   74  168    3.667938e-22   -1.239581e-23
   74  169    8.960640e-21   -2.236745e-22
   74  170    4.385516e-17   -7.154126e-19
   74  171    8.729635e-17   -1.062619e-18
   74  172    7.299014e-14   -4.151991e-16
   74  173    2.727504e-14   -8.428036e-17
   74  174    2.143221e-12   -2.482169e-15
   74  175    1.640020e-13    4.018866e-16
   74  176    3.069047e-12    3.411479e-15
   74  177    3.064341e-14    1.793692e-16
   74  178    1.231730e-13    2.910324e-16
   74  179    4.034502e-16    2.877802e-18
   74  180    2.582919e-16    9.808239e-19
   74  181    2.303546e-19    1.856086e-21
   74  182    8.099964e-21    1.053261e-22
   74  183    5.122205e-25    8.170562e-27
   74  184    6.641840e-28    1.424549e-29
   74  185    2.159265e-29    5.046271e-34
   75  170    1.706963e-29   -2.972571e-31
   75  171    4.868124e-25   -1.013311e-26
   75  172    5.356711e-23   -1.093590e-24
   75  173    1.537499e-18   -1.886142e-20
   75  174    7.589783e-18   -7.122245e-20
   75  175    6.222552e-15   -2.635495e-17
   75  176    1.288830e-15   -1.808288e-18
   75  177    1.741033e-13   -7.884009e-18
   75  178    4.528715e-15    1.793443e-17
   75  179    2.588899e-13    2.503471e-16
   75  180    3.011909e-15    1.717722e-17
   75  181    3.523535e-14   -2.895229e-17
   75  182    7.742032e-17    3.311977e-19
   75  183    3.481320e-17    2.919780e-19
   75  184    5.535003e-21    6.560381e-23
   75  185    1.326682e-22    7.470510e-25
   75  186    6.484164e-27    5.622373e-29
   75  187    2.659312e-27    5.478681e-30
   75  188    1.268967e-29    4.915546e-35
   76  173    5.707834e-28   -3.907155e-29
   76  174    1.957171e-22   -9.771614e-24
   76  175    1.862377e-20   -7.326742e-22
   76  176    3.623208e-17   -1.008973e-18
   76  177    1.802579e-16   -3.707932e-18
   76  178    7.705036e-14   -8.591507e-16
   76  179    2.502657e-14   -1.827317e-16
   76  180    2.216539e-12   -6.063915e-15
   76  181    9.359590e-14    1.877199e-17
   76  182    2.793540e-12   -2.493162e-15
   76  183    3.452787e-14    1.123764e-16
   76  184    1.162694e-13   -2.872300e-16
   76  185    1.092454e-16    1.813591e-19
   76  186    7.874206e-18    1.514061e-20
   76  187    1.416372e-21    7.569683e-24
   76  188    2.851839e-23    1.420151e-25
   76  189    9.912917e-28    7.519763e-30
   76  190    5.714880e-27    2.362440e-30
   76  191    3.716568e-30    3.529438e-35
   77  176    7.460123e-30   -3.257188e-31
   77  177    4.624422e-24   -2.275353e-25
   77  178    4.188177e-22   -1.688635e-23
   77  179    2.923045e-18   -7.916819e-20
   77  180    3.057508e-17   -5.563564e-19
   77  181    1.858842e-14   -1.595913e-16
   77  182    3.891986e-15   -1.673623e-17
   77  183    3.398201e-13   -2.844803e-16
   77  184    1.028766e-14    3.385038e-17
   77  185    1.793749e-13    1.983482e-16
   77  186    1.555460e-16    8.669452e-19
   77  187    5.205742e-16    9.203858e-19
   77  188    2.954526e-19    1.678354e-21
   77  189    1.840810e-18   -1.172930e-20
   77  190    3.155916e-22   -8.716582e-25
   77  191    9.989434e-24    2.791259e-26
   77  192    4.841610e-28    2.822559e-30
   77  193    6.903885e-27    3.108395e-31
   78  179    4.965159e-28   -3.812173e-29
   78  180    1.049057e-22   -6.119527e-24
   78  181    6.615541e-21   -3.083902e-22
   78  182    2.337979e-17   -7.326346e-19
   78  183    9.115555e-17   -2.014650e-18
   78  184    3.739588e-14   -4.382551e-16
   78  185    7.444102e-15   -5.443508e-17
   78  186    4.398850e-13   -1.744183e-15
   78  187    3.804860e-15   -1.343035e-17
   78  188    4.045500e-13   -3.967829e-15
   78  189    1.463902e-15   -7.539913e-18
   78  190    2.107735e-15   -2.822587e-17
   78  191    2.169426e-18   -2.068430e-20
   78  192    1.433792e-18   -1.384933e-20
   78  193    5.481799e-22   -3.377043e-24
   78  194    8.800608e-23   -1.105894e-24
   78  195    1.002331e-26   -1.001706e-28
   78  196    7.984986e-26    9.084615e-28
   78  197    2.579805e-30    9.902063e-32
   78  198    8.395163e-27    1.733352e-32
   78  199    6.486596e-30    1.181356e-36
   78  200    2.033459e-28    7.426084e-38
   79  182    2.852813e-27   -1.783830e-28
   79  183    7.353348e-23   -3.411862e-24
   79  184    1.912770e-21   -6.907444e-23
   79  185    1.049399e-17   -2.134067e-19
   79  186    1.984320e-17   -2.545987e-19
   79  187    6.094084e-15   -3.771995e-17
   79  188    3.966546e-16   -2.819709e-18
   79  189    1.194686e-13   -6.318269e-16
   79  190    3.896204e-15   -1.008240e-17
   79  191    1.933238e-13   -6.474569e-16
   79  192    5.571011e-16   -1.195699e-19
   79  193    3.047144e-14   -2.959631e-16
   79  194    3.817232e-17   -1.747376e-19
   79  195    1.281242e-17   -1.024325e-19
   79  196    6.610049e-21   -2.424523e-23
   79  197    1.983928e-22    2.582836e-25
   79  198    4.198058e-26    2.151623e-28
   79  199    4.008908e-27    1.774632e-29
   79  200    7.141910e-29    1.973140e-33
   79  201    4.230476e-26    2.247759e-35
   79  202    1.647663e-28   -1.178503e-37
   80  184    1.895762e-27   -1.253455e-28
   80  185    5.468109e-25   -2.904834e-26
   80  186    1.203414e-19   -4.151859e-21
   80  187    1.879512e-18   -4.543313e-20
   80  188    7.818109e-15   -7.399229e-17
   80  189    9.267425e-15   -4.027010e-17
   80  190    1.720872e-12    3.854680e-15
   80  191    1.764622e-13    5.499509e-16
   80  192    6.365238e-12    9.482674e-15
   80  193    1.726048e-13    5.437257e-16
   80  194    4.228190e-12   -1.264649e-14
   80  195    3.125176e-14   -3.740474e-17
   80  196    5.777798e-13   -5.627167e-15
   80  197    1.594269e-15   -9.723076e-18
   80  198    3.387757e-15   -5.659892e-17
   80  199    3.878485e-18   -4.759142e-20
   80  200    2.226911e-17   -1.843679e-19
   80  201    5.009011e-21   -2.989763e-23
   80  202    2.081026e-20   -1.556404e-22
   80  203    1.313699e-24   -1.108646e-26
   80  204    1.028538e-23   -1.658647e-25
   80  205    2.391346e-29   -3.422987e-31
   80  206    4.467075e-30    6.869031e-34
   81  187    9.771294e-26   -4.260977e-27
   81  188    1.321460e-23   -4.588280e-25
   81  189    2.688881e-18   -4.166281e-20
   81  190    4.228791e-17   -3.796952e-19
   81  191    2.828614e-14    6.541561e-18
   81  192    1.537915e-14    2.028023e-17
   81  193    3.685113e-13    9.774034e-16
   81  194    8.936029e-14    3.439724e-16
   81  195    2.342898e-12    3.238308e-15
   81  196    8.362604e-14    3.661262e-16
   81  197    6.618132e-13   -2.883784e-15
   81  198    8.270160e-15   -1.753543e-17
   81  199    7.288164e-14   -8.682991e-16
   81  200    2.836748e-16   -2.064394e-18
   81  201    1.653039e-16   -4.103556e-18
   81  202    2.591303e-19   -5.171628e-21
   81  203    1.185689e-19   -1.880171e-21
   81  204    8.295484e-23   -1.808380e-24
   81  205    1.142088e-22   -7.849900e-24
   81  206    7.580622e-27   -4.871902e-28
   81  207    2.688842e-28    2.958533e-30
   82  190    1.153279e-24   -4.006001e-26
   82  191    9.133982e-23   -2.288323e-24
   82  192    3.045500e-18   -2.506505e-20
   82  193    7.912274e-18   -2.391167e-20
   82  194    1.828806e-14    1.183306e-16
   82  195    8.549289e-15    4.961322e-17
   82  196    1.505961e-12    1.308797e-14
   82  197    2.919164e-13    1.889012e-15
   82  198    1.493334e-11    1.036162e-13
   82  199    8.340115e-13    2.564484e-15
   82  200    7.254994e-11    2.920912e-13
   82  201    3.155869e-12   -1.280417e-15
   82  202    8.718898e-11   -7.980627e-16
   82  203    2.882679e-12   -1.659242e-14
   82  204    5.298871e-11   -2.321176e-13
   82  205    1.048594e-12   -1.141424e-14
   82  206    1.551989e-11   -1.413582e-13
   82  207    6.708305e-14   -1.161853e-15
   82  208    7.117098e-13   -1.214064e-14
   82  209    1.530194e-21   -2.954102e-23
   82  210    1.772988e-29   -3.328188e-31
   83  192    2.705006e-30   -1.587422e-31
   83  193    4.211068e-25   -1.899011e-26
   83  194    1.184906e-22   -4.247439e-24
   83  195    9.145512e-19   -1.845493e-20
   83  196    2.704258e-17   -3.344048e-19
   83  197    7.967323e-15   -1.240654e-17
   83  198    4.151592e-15   -4.208112e-18
   83  199    3.860797e-13    6.496151e-16
   83  200    6.364113e-14    1.881531e-16
   83  201    1.277629e-12    1.271151e-15
   83  202    3.952095e-14    9.145801e-17
   83  203    8.686112e-13   -3.428348e-15
   83  204    1.293624e-14   -4.486528e-17
   83  205    1.159006e-13   -1.403685e-15
   83  206    7.951125e-16   -1.186399e-17
   83  207    9.723892e-15   -1.898834e-16
   83  208    8.508999e-18   -1.323207e-19
   83  209    2.758505e-18   -1.343530e-19
   83  210    2.804572e-26   -1.404335e-27
   84  196    2.967858e-29   -6.871877e-31
   84  197    3.397495e-28   -4.769971e-30
   84  198    9.036245e-25   -3.309159e-27
   84  199    9.146847e-25   -2.044701e-27
   84  200    9.342325e-24    1.389962e-26
   84  201    6.084758e-23    2.142278e-25
   84  202    1.744556e-21    3.555175e-24
   84  203    5.554255e-23    8.716441e-25
   84  204    2.471802e-21    1.039595e-23
   84  205    4.055857e-23    4.348143e-25
   84  206    4.467434e-22    2.140928e-24
   84  207    1.327218e-24    3.103207e-27
   84  208    3.575732e-23    1.443475e-25
   84  209    7.123115e-27    1.819348e-29
   84  210    3.144021e-27   -1.044624e-28
    0    1    1.702790e-13   -1.866756e-15
    1    1    2.889791e-07    1.574400e-09
    2    4    1.420193e-08   -1.395539e-10
