1.8553e+00
2.0864e-02
1.2278e+00
5.8347e+04
    3    6    3.534727e-26   -1.719461e-33
    3    7    2.470054e-27    9.591848e-35
    4    7    1.895852e-26    8.607743e-32
    4   10    1.158316e-28   -1.605262e-34
    5   10    2.878487e-25   -2.504529e-30
    5   11    9.819069e-19   -1.900720e-23
    6   11    7.329083e-23   -9.025818e-28
    6   12    7.732829e-04   -5.424292e-12
    6   13    1.039517e-10   -1.737466e-16
    6   14    1.053603e-13    2.170899e-20
    7   13    5.605514e-17   -2.362358e-18
    7   14    5.491346e-12    8.048094e-18
    7   15    1.197235e-12    6.377660e-18
    7   16    1.117753e-27   -9.963195e-29
    8   14    2.252387e-20   -4.594340e-24
    8   15    6.884607e-17   -7.576296e-21
    8   16    4.583216e-02   -2.262815e-12
    8   17    3.562018e-10    3.952485e-15
    8   18    2.194558e-11   -5.775146e-18
    8   19    5.423973e-20   -2.900382e-23
    8   20    1.908684e-26   -2.043932e-29
    9   17    2.955903e-20   -5.933473e-21
    9   18    1.875932e-14   -2.860384e-21
    9   19    3.572546e-13    2.569557e-19
    9   20    1.516300e-18   -1.973296e-21
    9   21    9.055646e-24   -3.147755e-26
   10   18    4.479795e-25   -3.881354e-27
   10   19    1.430095e-20   -1.189548e-23
   10   20    8.353437e-03    4.302343e-12
   10   21    2.997343e-05   -1.021170e-13
   10   22    3.674377e-06   -1.477920e-14
   10   23    1.482558e-12   -5.756952e-16
   10   24    3.834531e-20   -2.707977e-24
   10   25    6.197304e-29   -1.486924e-30
   11   21    1.217836e-13    1.052745e-16
   11   22    2.752870e-09    1.603978e-14
   11   23    1.454546e-04    8.361772e-12
   11   24    8.975190e-10    2.722313e-16
   11   25    2.880975e-15   -7.026691e-19
   11   26    9.646192e-22   -1.303520e-23
   11   27    1.268602e-28   -6.094127e-30
   12   22    3.773337e-18   -1.406224e-20
   12   23    6.331855e-09   -8.074904e-12
   12   24    2.013728e-03    4.058581e-13
   12   25    4.441692e-04   -1.051796e-13
   12   26    2.601850e-04    3.141379e-09
   12   27    3.278962e-10   -8.222726e-15
   12   28    7.140065e-16    6.837197e-22
   12   29    5.651453e-26   -5.625637e-28
   13   24    2.257191e-22   -1.168763e-23
   13   25    9.101728e-15   -6.560272e-17
   13   26    1.403604e-04   -3.141433e-09
   13   27    2.012242e-04    1.455220e-11
   13   28    7.442211e-09   -8.015633e-13
   13   29    3.921423e-12   -1.438922e-16
   13   30    3.668822e-18   -1.465191e-20
   13   31    1.985921e-24   -4.458904e-26
   14   25    1.171642e-30   -7.588843e-32
   14   26    1.149317e-18   -7.453324e-21
   14   27    4.137066e-09   -1.439686e-11
   14   28    2.358911e-04    8.733870e-13
   14   29    6.523853e-05    2.595350e-15
   14   30    2.845869e-05    2.201887e-11
   14   31    3.941209e-11   -3.559259e-17
   14   32    2.459962e-16    1.968340e-22
   14   33    1.674363e-23   -3.953404e-26
   14   34    5.836198e-30   -3.046037e-32
   15   28    5.873180e-22   -2.148122e-23
   15   29    2.493737e-14    5.320401e-18
   15   30    2.284083e-07   -2.201274e-11
   15   31    2.105875e-06    1.203704e-12
   15   32    2.185771e-11    1.052402e-17
   15   33    4.966965e-13    1.131597e-19
   15   34    1.408459e-18   -1.640997e-21
   15   35    3.068812e-24   -9.328851e-28
   16   29    1.089303e-30   -7.786319e-32
   16   30    1.696542e-19   -2.079199e-21
   16   31    2.129039e-10   -1.198030e-12
   16   32    1.167640e-06    4.117381e-16
   16   33    2.112926e-08    4.011762e-17
   16   34    2.737434e-07    3.730788e-16
   16   35    9.176802e-13    3.248634e-19
   16   36    6.193128e-17    6.206793e-23
   16   37    2.146569e-24   -9.355967e-29
   16   38    2.034279e-30   -1.821325e-37
   17   32    5.019515e-25   -4.638909e-26
   17   33    3.624239e-18   -2.393281e-20
   17   34    3.978682e-14   -3.758653e-16
   17   35    1.021626e-08    2.915154e-17
   17   36    2.095525e-13    1.237370e-19
   17   37    2.891314e-16    1.265387e-22
   17   38    4.879164e-22   -2.615627e-27
   17   39    3.613372e-27   -9.011437e-33
   18   34    5.259278e-23   -9.000673e-25
   18   35    5.252694e-19   -4.265350e-21
   18   36    8.450090e-10    3.061506e-19
   18   37    2.297068e-14    1.122907e-20
   18   38    2.660359e-10    7.197919e-21
   18   39    2.151473e-15    1.218174e-21
   18   40    5.923748e-16    1.072410e-22
   18   41    2.682480e-21   -3.115387e-27
   18   42    9.918878e-27    1.806896e-32
   19   37    4.978563e-23   -2.573933e-24
   19   38    2.176895e-20   -5.712699e-25
   19   39    3.751735e-12    1.227870e-20
   19   40    9.993908e-17    5.939462e-23
   19   41    7.908908e-19    7.400614e-25
   19   42    1.128261e-21   -3.394020e-28
   19   43    9.190388e-19   -1.639634e-25
   19   44    1.423369e-23   -1.391908e-28
   19   45    2.172410e-28   -2.539103e-33
   20   38    8.682139e-28   -2.853590e-29
   20   39    2.508277e-26   -4.215148e-28
   20   40    2.852407e-14    2.208931e-23
   20   41    7.689756e-19    4.450621e-25
   20   42    4.763669e-08   -2.002915e-18
   20   43    1.463417e-08    3.902324e-19
   20   44    7.048310e-08   -1.270457e-18
   20   45    1.542675e-12    9.133021e-19
   20   46    2.020354e-10   -4.350763e-21
   20   47    2.056126e-15    1.189790e-21
   20   48    2.292474e-09   -1.343858e-19
   20   49    4.762409e-15   -1.285449e-19
   20   50    5.629338e-21   -5.850201e-24
   20   51    1.281230e-28   -1.858702e-31
   21   41    2.267309e-30   -3.189675e-31
   21   42    7.407693e-26   -1.572053e-27
   21   43    6.080157e-13    2.555145e-19
   21   44    2.782071e-13    8.032084e-20
   21   45    6.669889e-09    9.774305e-19
   21   46    9.109222e-13    5.563470e-19
   21   47    5.274156e-15    4.850454e-21
   21   48    1.281949e-13    7.750735e-20
   21   49    3.179629e-14    3.955121e-20
   21   50    8.636630e-20   -6.284798e-24
   21   51    1.815224e-25   -2.111823e-28
   22   44    1.735208e-18    2.729605e-24
   22   45    1.668907e-16   -2.132172e-22
   22   46    2.020265e-08   -9.172738e-19
   22   47    7.854900e-09    9.971464e-19
   22   48    1.436035e-08    2.271107e-20
   22   49    1.733350e-08   -4.213658e-20
   22   50    5.602373e-08   -1.250962e-19
   22   51    5.548676e-13   -2.286750e-17
   22   52    3.007388e-18   -4.228836e-22
   22   53    6.532671e-24   -2.878199e-27
   22   54    6.117969e-30   -5.896539e-32
   23   46    1.953550e-23   -6.676680e-25
   23   47    1.001411e-13   -6.320441e-19
   23   48    5.255331e-14    4.926394e-20
   23   49    2.210647e-13    1.129591e-19
   23   50    9.710711e-14    1.009862e-19
   23   51    4.904007e-09    2.326376e-17
   23   52    4.251041e-13   -2.705883e-17
   23   53    5.960686e-18   -9.229712e-22
   23   54    2.501070e-23   -7.215080e-27
   23   55    1.994568e-28   -4.405207e-31
   24   47    1.630355e-29   -4.714852e-31
   24   48    5.065758e-20    1.298630e-25
   24   49    2.086025e-19   -1.013346e-24
   24   50    9.383111e-13   -5.380955e-23
   24   51    1.910752e-14    2.718090e-21
   24   52    5.579088e-08    2.623628e-17
   24   53    1.074117e-08    3.094119e-19
   24   54    1.369075e-07   -1.341356e-18
   24   55    2.919035e-12   -1.993804e-16
   24   56    2.966365e-17   -1.166447e-21
   24   57    8.738500e-23   -5.973336e-26
   24   58    2.817325e-28   -5.813999e-31
   25   50    3.913347e-27   -1.999079e-28
   25   51    1.426453e-18   -6.251947e-24
   25   52    2.495020e-20    3.261169e-26
   25   53    1.441385e-13    8.959409e-20
   25   54    8.146333e-14    1.982466e-20
   25   55    3.455781e-08    1.996994e-16
   25   56    2.638315e-12   -2.485943e-18
   25   57    8.391937e-17   -1.409018e-20
   25   58    5.893198e-22   -2.839571e-24
   25   59    1.098534e-26   -3.458690e-29
   26   52    1.556490e-25    2.647670e-31
   26   53    2.387760e-25   -6.738105e-30
   26   54    4.445965e-09   -2.016592e-19
   26   55    5.249792e-13    2.559187e-19
   26   56    1.766752e-06   -3.362001e-17
   26   57    9.986263e-07   -2.844506e-17
   26   58    5.174489e-06   -6.055693e-17
   26   59    2.148915e-10    1.184967e-16
   26   60    4.426833e-15    5.688134e-21
   26   61    2.094446e-20   -8.083664e-25
   26   62    1.290492e-25   -2.716178e-29
   27   55    2.062631e-15    9.384474e-22
   27   56    3.900796e-19    3.969839e-25
   27   57    2.715065e-12    9.810386e-19
   27   58    1.188652e-12    7.658692e-19
   27   59    2.034685e-06   -4.815891e-17
   27   60    8.402571e-11    5.357077e-17
   27   61    6.590946e-15   -7.655215e-21
   27   62    1.408529e-19   -2.240016e-23
   27   63    6.969589e-24   -3.667430e-27
   27   64    1.134221e-29   -5.466294e-31
   28   56    5.369425e-23    9.871135e-29
   28   57    2.767859e-23   -3.099544e-30
   28   58    6.191507e-10   -4.356181e-20
   28   59    6.728147e-13    7.627388e-20
   28   60    2.667530e-06   -1.482198e-16
   28   61    1.015274e-06    4.158402e-17
   28   62    2.259121e-06    8.209528e-17
   28   63    7.982172e-11    4.384977e-17
   28   64    1.389615e-06    2.909939e-17
   28   65    3.507564e-11   -3.586227e-17
   28   66    6.494530e-16    7.592197e-22
   28   67    2.389233e-21   -1.641378e-24
   28   68    1.200251e-26   -5.959896e-30
   29   59    3.145863e-17   -5.543071e-21
   29   60    1.137692e-19   -1.053529e-24
   29   61    9.584499e-13   -7.055115e-19
   29   62    7.362215e-13   -1.803039e-17
   29   63    8.715433e-07   -1.406384e-16
   29   64    2.553729e-10    6.022124e-17
   29   65    1.075707e-06   -1.595387e-17
   29   66    1.340439e-10   -6.241931e-15
   29   67    2.046945e-14    2.216101e-20
   29   68    5.674751e-19   -2.646753e-22
   29   69    5.429446e-22   -4.575754e-26
   29   70    4.625631e-27   -1.490871e-30
   30   60    8.351082e-25   -8.370989e-29
   30   61    8.936025e-27   -1.438211e-30
   30   62    1.558199e-19    5.857933e-26
   30   63    6.971652e-18   -4.353392e-23
   30   64    8.423872e-07   -5.491113e-17
   30   65    1.572723e-10    8.936622e-17
   30   66    1.301922e-06    6.232415e-15
   30   67    2.837532e-07    2.622144e-17
   30   68    1.322641e-06    1.715941e-17
   30   69    7.186042e-11   -2.688234e-16
   30   70    1.327699e-10    2.963716e-18
   30   71    7.892142e-15   -7.718685e-19
   30   72    3.625320e-19    4.076583e-25
   30   73    3.094331e-24   -1.898917e-27
   30   74    3.528513e-29   -5.255521e-33
   31   63    1.935414e-29   -3.028266e-33
   31   64    7.355061e-25   -6.670638e-29
   31   65    2.219185e-13   -3.428453e-18
   31   66    5.717712e-17    2.294294e-23
   31   67    8.117388e-13    2.146855e-19
   31   68    1.464996e-13   -4.627697e-19
   31   69    1.594254e-07    2.714913e-16
   31   70    6.339748e-11   -6.856694e-16
   31   71    1.407202e-07   -2.360443e-17
   31   72    4.356065e-11    1.278595e-17
   31   73    1.020058e-14    4.864367e-21
   31   74    3.849770e-19   -1.072704e-23
   31   75    2.002465e-23   -2.250845e-27
   31   76    9.572717e-29   -4.218037e-32
   32   66    1.983148e-20   -2.114367e-26
   32   67    8.726668e-24   -1.021119e-28
   32   68    3.768659e-19    1.164961e-25
   32   69    6.077656e-16   -6.166129e-23
   32   70    2.286122e-07    6.882609e-16
   32   71    5.638567e-11    2.989610e-17
   32   72    2.361652e-07   -1.561278e-17
   32   73    4.524939e-08    1.519040e-17
   32   74    1.757444e-07   -1.931209e-18
   32   75    2.691901e-11   -6.359775e-17
   32   76    1.249274e-11    4.183380e-18
   32   77    1.166582e-15    2.366795e-22
   32   78    5.430276e-20   -7.861062e-26
   32   79    3.948871e-25   -2.999273e-28
   32   80    3.041043e-30    9.022841e-36
   33   69    1.993054e-26   -2.992335e-31
   33   70    9.492170e-23   -3.819273e-28
   33   71    6.547621e-14    1.600345e-20
   33   72    4.581892e-17    3.750680e-23
   33   73    1.200751e-13    3.216651e-20
   33   74    5.572407e-15    2.554611e-21
   33   75    1.998163e-08    6.209041e-17
   33   76    2.692906e-11    7.946919e-18
   33   77    8.243014e-15    1.140617e-20
   33   78    6.377235e-19   -3.201341e-25
   33   79    1.421177e-22   -3.168741e-27
   33   80    3.317910e-27   -3.146965e-30
   34   71    4.481884e-29   -2.277446e-33
   34   72    7.586323e-21    3.854164e-27
   34   73    3.130412e-23   -1.113350e-29
   34   74    2.919409e-20    1.780209e-23
   34   75    4.278362e-15    4.136306e-22
   34   76    4.986327e-08   -1.064464e-17
   34   77    1.819918e-08    4.898319e-18
   34   78    7.041900e-08    3.332783e-18
   34   79    1.209049e-11    6.612264e-18
   34   80    4.238841e-09    1.379112e-17
   34   81    4.593919e-13   -5.729509e-18
   34   82    3.172062e-12    6.608076e-19
   34   83    7.783007e-17   -7.970862e-22
   34   84    2.348700e-21   -1.705579e-25
   34   85    3.346841e-28   -1.396667e-31
   35   73    6.441756e-29   -4.510329e-33
   35   74    2.014824e-30   -1.774727e-35
   35   75    7.616000e-26   -1.890791e-31
   35   76    6.032084e-22    5.665270e-29
   35   77    1.021836e-14    1.575049e-21
   35   78    2.290569e-15   -8.483710e-20
   35   79    8.332907e-09   -7.175014e-18
   35   80    1.240132e-11   -1.620254e-16
   35   81    7.268888e-09    2.652109e-18
   35   82    5.806789e-12    2.019132e-18
   35   83    2.705424e-15   -2.808383e-22
   35   84    2.075149e-19   -1.050300e-24
   35   85    2.177537e-23   -1.757637e-27
   35   86    4.972857e-29   -1.270286e-32
   36   76    4.300003e-30   -8.029018e-37
   36   77    1.467862e-25   -4.764447e-31
   36   78    1.082357e-21    8.559709e-24
   36   79    1.427782e-16   -1.456526e-23
   36   80    2.124245e-08    1.460669e-16
   36   81    1.655215e-11    9.069480e-18
   36   82    5.110468e-08   -7.227679e-18
   36   83    1.567573e-08    3.321014e-18
   36   84    5.824216e-08    1.899617e-18
   36   85    4.943016e-12    2.684864e-18
   36   86    4.641471e-10   -1.677522e-21
   36   87    3.453029e-15   -8.881628e-21
   36   88    6.998467e-20   -2.316868e-26
   36   89    1.502497e-25   -1.075833e-29
   37   79    1.306701e-28   -1.363770e-33
   37   80    6.525064e-24   -2.822762e-27
   37   81    1.594927e-15   -1.106291e-21
   37   82    2.608501e-18   -4.972045e-22
   37   83    4.958162e-15    8.431395e-22
   37   84    6.000196e-16    1.708310e-22
   37   85    8.458022e-09   -2.501424e-18
   37   86    4.391914e-12    2.461639e-18
   37   87    5.852902e-11    1.079892e-20
   37   88    2.851452e-15   -3.702775e-20
   37   89    2.489426e-19   -3.641286e-24
   37   90    9.869440e-24   -8.811644e-28
   37   91    4.861589e-28   -1.192404e-31
   38   81    1.664285e-28   -1.796822e-33
   38   82    4.216027e-23    1.379216e-29
   38   83    1.456766e-24   -1.147390e-31
   38   84    1.777988e-22    1.192194e-25
   38   85    1.488095e-16    5.756859e-24
   38   86    1.977294e-08   -1.558941e-18
   38   87    1.264950e-08    2.404995e-19
   38   88    3.410724e-08    1.091779e-18
   38   89    5.472804e-13    3.025871e-19
   38   90    1.118709e-17    1.206535e-23
   38   91    2.563608e-22    2.634041e-28
   38   92    6.104965e-27    3.247541e-33
   39   85    2.518910e-28   -3.773054e-34
   39   86    6.656984e-24   -9.104377e-31
   39   87    6.641051e-16    7.348213e-23
   39   88    4.253970e-16    7.325516e-23
   39   89    5.046833e-09   -1.331844e-19
   39   90    2.516863e-13    1.193077e-19
   39   91    7.075342e-17    8.152153e-23
   39   92    6.563266e-21    1.753565e-27
   39   93    1.451169e-24    2.414829e-30
   39   94    1.248676e-28   -1.308967e-33
   40   87    2.933446e-28   -7.021014e-34
   40   88    8.758052e-24    2.459235e-30
   40   89    8.654105e-20   -4.513512e-27
   40   90    2.223030e-09   -5.818761e-20
   40   91    5.706201e-10    2.792469e-20
   40   92    6.514214e-10    1.231755e-20
   40   93    1.936239e-10    1.357535e-20
   40   94    4.139977e-10   -5.073719e-22
   40   95    4.205418e-14    2.052295e-20
   40   96    7.701034e-13   -3.359916e-24
   40   97    1.190671e-17    4.645782e-24
   40   98    3.236099e-22   -1.521479e-25
   40   99    1.166039e-29    3.972827e-33
   41   90    2.288133e-27   -4.527413e-34
   41   91    2.734292e-17    3.839023e-24
   41   92    4.482503e-18   -1.319693e-21
   41   93    7.193287e-14   -2.148246e-23
   41   94    4.340584e-17    2.300496e-23
   41   95    1.240384e-18    1.102917e-22
   41   96    6.740517e-21    7.872264e-29
   41   97    4.384693e-22    2.854211e-24
   41   98    5.293026e-24    1.256766e-25
   41   99    8.966078e-29   -8.360581e-32
   42   92    3.799473e-17    1.320547e-21
   42   93    8.336839e-21    4.287906e-27
   42   94    1.279954e-13   -2.184342e-23
   42   95    3.567531e-11   -1.341140e-20
   42   96    8.223007e-11    1.115918e-22
   42   97    2.577649e-11    8.840493e-23
   42   98    7.544450e-11    2.392827e-21
   42   99    1.930570e-14    9.658129e-21
   42  100    1.707306e-15    2.052675e-23
   42  101    2.917162e-19   -4.477653e-24
   42  102    4.142089e-23   -8.408457e-28
   42  103    1.240803e-27    2.202218e-33
   43   93    1.696583e-25   -2.245157e-31
   43   94    3.392672e-27   -2.605687e-33
   43   95    2.046289e-20   -3.869476e-27
   43   96    1.065086e-19    1.292672e-26
   43   97    3.974954e-19    4.807614e-26
   43   98    5.175767e-20    2.330795e-27
   43   99    2.722708e-13    8.445943e-22
   43  100    5.515464e-16   -5.142718e-19
   43  101    5.121993e-19   -3.288269e-24
   43  102    9.144397e-23   -2.493875e-25
   43  103    4.014738e-26   -1.062114e-29
   44   96    4.329749e-26    2.021387e-28
   44   97    7.723967e-28   -1.046431e-35
   44   98    3.686349e-17   -6.008538e-27
   44   99    8.063728e-12   -6.188477e-21
   44  100    3.390915e-11    5.104559e-19
   44  101    7.018323e-12   -1.110478e-21
   44  102    3.447817e-14    1.143117e-20
   44  103    8.654429e-18    6.704175e-24
   44  104    1.181495e-18    3.016671e-20
   44  105    1.240480e-23    2.240711e-28
   44  106    5.165825e-27    4.718911e-33
   45   99    1.207967e-21   -1.001283e-29
   45  100    8.465380e-21   -6.611378e-28
   45  101    6.251822e-20    5.330675e-27
   45  102    3.518599e-20    1.719671e-28
   45  103    7.449286e-12   -1.103264e-20
   45  104    1.960818e-14   -6.692725e-18
   45  105    3.030751e-17    3.549267e-23
   45  106    1.498588e-20   -7.172253e-24
   45  107    1.134074e-23   -9.920303e-29
   45  108    2.534152e-27   -2.173918e-30
   46  100    3.085745e-30    2.992876e-37
   46  101    6.020214e-30   -2.362384e-36
   46  102    1.611019e-26    6.254337e-30
   46  103    9.022955e-21    3.156506e-28
   46  104    2.114704e-11    6.664664e-18
   46  105    4.942129e-12   -1.390477e-21
   46  106    2.265606e-11    2.680753e-21
   46  107    1.388065e-14    7.570216e-21
   46  108    2.499807e-11    2.820356e-20
   46  109    1.255966e-14    3.293115e-21
   46  110    1.000844e-14    3.484711e-20
   46  111    2.965675e-18   -2.877198e-23
   46  112    1.214835e-21    1.307562e-27
   46  113    5.251910e-26   -8.042338e-30
   47  104    3.883028e-25   -1.354510e-30
   47  105    1.592396e-20    9.316679e-28
   47  106    8.940758e-21   -9.009391e-26
   47  107    4.279268e-12   -6.699077e-21
   47  108    1.219551e-14   -1.226676e-18
   47  109    6.578889e-12   -7.175033e-21
   47  110    1.975551e-14   -1.160296e-17
   47  111    5.554694e-17    8.772477e-23
   47  112    3.427712e-20    1.663342e-26
   47  113    2.137475e-23    4.484985e-29
   47  114    3.403680e-27   -1.068831e-29
   48  106    3.545797e-26    8.978893e-28
   48  107    5.957391e-22   -3.605304e-28
   48  108    3.601887e-13    1.198086e-18
   48  109    1.954660e-16    1.040761e-22
   48  110    1.908917e-11    1.157265e-17
   48  111    4.586719e-12    1.896441e-22
   48  112    2.054512e-11    4.984506e-22
   48  113    1.038828e-14    5.606521e-21
   48  114    3.412518e-11    7.491161e-21
   48  115    1.210361e-14    5.757138e-21
   48  116    2.679545e-15    6.347288e-24
   48  117    5.516552e-19   -5.714655e-25
   48  118    1.876328e-22   -6.691258e-28
   48  119    7.953191e-27    1.707435e-32
   49  108    4.735305e-29   -1.970158e-34
   49  109    1.019538e-22   -9.278264e-29
   49  110    9.622027e-25   -4.648150e-31
   49  111    7.248113e-21   -7.353014e-29
   49  112    1.524134e-20   -2.454320e-25
   49  113    6.085709e-12   -7.671594e-21
   49  114    1.407120e-14   -2.822611e-18
   49  115    4.070556e-17    9.599018e-22
   49  116    4.102467e-20   -4.201180e-23
   49  117    8.049646e-23    8.900393e-25
   49  118    5.535339e-26    7.384975e-28
   49  119    9.117420e-28   -9.128812e-32
   50  112    5.770650e-24    1.079991e-25
   50  113    4.750599e-22    7.568691e-30
   50  114    1.054293e-13    2.816063e-18
   50  115    5.379406e-12   -2.879007e-21
   50  116    3.958269e-11   -2.226654e-21
   50  117    8.542935e-12    9.752896e-22
   50  118    4.909913e-11   -8.373911e-23
   50  119    1.175844e-11   -6.779327e-23
   50  120    6.577967e-11    9.352440e-22
   50  121    6.614189e-15    2.425090e-21
   50  122    5.075665e-13   -4.135196e-24
   50  123    2.723442e-17    1.443308e-23
   50  124    5.881382e-14   -5.584252e-25
   50  125    1.404768e-18    7.502143e-25
   50  126    8.928862e-23    9.637124e-29
   50  127    7.370495e-28    1.137654e-33
   51  115    1.538537e-23   -1.147501e-28
   51  116    6.200370e-22   -9.429405e-27
   51  117    5.307271e-21   -7.369958e-27
   51  118    9.377988e-22   -6.272253e-26
   51  119    8.154198e-21   -4.854056e-28
   51  120    3.827478e-20   -5.839469e-25
   51  121    3.458407e-12   -2.120621e-21
   51  122    5.862706e-15    2.733749e-21
   51  123    8.940100e-14   -3.120214e-23
   51  124    7.622428e-17    3.988025e-23
   51  125    5.528766e-20    9.621544e-26
   51  126    1.499179e-23    2.293031e-29
   51  127    3.168019e-27    7.437009e-33
   52  120    3.727349e-25    3.094923e-27
   52  121    4.395679e-21   -4.543935e-29
   52  122    9.013911e-12   -3.726878e-21
   52  123    2.996734e-12   -1.645830e-21
   52  124    1.534177e-11    2.102797e-21
   52  125    5.661510e-12   -2.198105e-21
   52  126    2.620674e-11    2.689988e-21
   52  127    5.893376e-15    5.985400e-22
   52  128    5.696922e-13    4.329059e-21
   52  129    8.446848e-17   -2.493558e-22
   52  130    1.846855e-12   -4.246046e-23
   52  131    8.006877e-17   -7.294839e-22
   52  132    4.804654e-21    5.033184e-27
   52  133    4.352251e-26    6.606162e-32
   53  122    4.858567e-26   -3.223314e-30
   53  123    1.211163e-21   -3.316860e-28
   53  124    1.666184e-22    5.195749e-30
   53  125    2.337668e-21    8.904511e-29
   53  126    6.658071e-20   -1.003212e-27
   53  127    3.609130e-12   -9.735136e-22
   53  128    6.567914e-15   -5.982724e-20
   53  129    6.076757e-18    2.999385e-22
   53  130    2.427325e-21    1.876282e-27
   53  131    2.997231e-20    7.719560e-22
   53  132    3.433910e-25    2.572029e-28
   53  133    1.710491e-29    8.981977e-35
   54  124    3.093560e-30    7.815792e-32
   54  126    9.032312e-25    4.066461e-28
   54  127    2.296128e-20   -1.446009e-28
   54  128    9.373215e-12    5.504649e-20
   54  129    4.871961e-12   -2.251191e-21
   54  130    1.463546e-11    3.012992e-21
   54  131    6.627682e-12   -3.841575e-22
   54  132    4.009235e-11   -3.007512e-22
   54  133    7.091639e-15    3.601614e-21
   54  134    1.269138e-13   -2.304787e-24
   54  135    1.423030e-17   -2.481060e-24
   54  136    8.091658e-12   -3.221481e-24
   54  137    2.483672e-20    1.654099e-24
   54  138    5.566618e-25   -9.343826e-30
   55  127    5.088087e-30   -3.290788e-36
   55  128    2.956007e-25   -1.943288e-29
   55  129    8.883274e-22   -8.935760e-29
   55  130    1.263336e-22   -1.037671e-27
   55  131    1.594975e-21    1.586163e-29
   55  132    2.577585e-19   -7.380991e-27
   55  133    4.574996e-12   -2.921106e-21
   55  134    5.886523e-15    3.138813e-21
   55  135    6.825759e-18    1.362911e-23
   55  136    1.441190e-21    1.527395e-27
   55  137    1.169647e-22    1.568491e-24
   55  138    2.024702e-28    9.484395e-30
   56  130    6.532207e-28    1.670315e-29
   56  132    4.657869e-24    1.244786e-28
   56  133    7.351435e-20   -1.350237e-28
   56  134    1.044785e-11   -2.841764e-21
   56  135    5.102197e-12   -1.345240e-21
   56  136    3.450878e-11    1.101423e-21
   56  137    4.227070e-11   -1.809503e-21
   56  138    3.980037e-10    3.137289e-21
   56  139    3.060476e-16    8.743913e-22
   56  140    2.760672e-20    1.151735e-26
   56  141    7.542217e-27    2.957174e-31
   57  133    8.948467e-30   -9.215207e-36
   57  134    4.113750e-25   -1.537462e-29
   57  135    5.198973e-22   -9.522486e-29
   57  136    4.974336e-23   -1.213704e-27
   57  137    1.423695e-21    3.215572e-29
   57  138    3.646021e-20    4.463842e-29
   57  139    3.735355e-11   -4.184629e-22
   57  140    4.150614e-16    1.265730e-21
   57  141    1.169790e-19   -3.524950e-26
   57  142    4.281754e-25    1.613728e-29
   57  143    9.633995e-29   -1.501925e-33
   58  136    1.239117e-29    3.159247e-31
   58  138    8.930920e-23   -1.679993e-32
   58  139    4.068833e-19    2.821795e-27
   58  140    9.289676e-11    1.967708e-21
   58  141    2.600001e-15    1.473304e-21
   58  142    9.148615e-14   -5.221969e-24
   58  143    2.558201e-18    3.695947e-24
   58  144    6.771455e-22    3.733642e-28
   58  145    4.971864e-28    3.352651e-32
   59  139    1.520361e-25   -1.387503e-31
   59  140    2.607344e-20   -1.857525e-24
   59  141    7.803026e-12   -9.829620e-22
   59  142    1.700198e-15    6.380295e-22
   59  143    9.039458e-19    1.252061e-24
   59  144    1.326476e-22   -1.308773e-27
   59  145    7.212801e-26    1.002192e-31
   60  140    5.569889e-27   -2.835224e-34
   60  141    5.670071e-21   -9.161259e-27
   60  142    1.834541e-11   -1.797276e-22
   60  143    3.252014e-12    9.551820e-22
   60  144    7.160713e-12   -1.069361e-21
   60  145    1.368737e-12   -1.817498e-21
   60  146    4.718349e-12    2.390148e-22
   60  147    3.795850e-16    8.487921e-22
   60  148    1.532570e-15    1.115343e-25
   60  149    1.904048e-20    6.270687e-25
   60  150    2.541531e-21    7.560135e-30
   60  151    1.607755e-25   -2.147605e-30
   60  152    6.596996e-29    4.138064e-35
   61  142    1.134147e-27   -4.049870e-31
   61  143    4.313195e-23    1.198788e-30
   61  144    1.010498e-23    2.603840e-31
   61  145    9.223135e-22    1.812183e-27
   61  146    7.963741e-21    1.350153e-26
   61  147    7.650882e-18    1.255054e-23
   61  148    9.241283e-21    6.081085e-26
   61  149    8.107216e-22    4.461056e-26
   61  150    2.348220e-25    1.378114e-29
   61  151    1.331016e-25    3.186434e-30
   61  152    1.957186e-29   -1.035189e-33
   62  144    3.536074e-20   -4.812640e-30
   62  145    5.344897e-20   -1.255446e-28
   62  146    1.718991e-14   -2.914582e-22
   62  147    7.268495e-13   -3.344039e-21
   62  148    2.823226e-12    6.818864e-22
   62  149    3.468928e-13   -7.151293e-21
   62  150    1.625262e-12    5.471531e-21
   62  151    2.188458e-15    2.691769e-21
   62  152    2.620490e-13   -3.650214e-22
   62  153    5.309526e-16    3.486320e-22
   62  154    1.432294e-15    2.344994e-24
   62  155    9.542460e-19   -9.538711e-24
   62  156    2.920365e-22    1.648255e-28
   62  157    8.110375e-27   -1.861215e-31
   63  146    3.665753e-29   -1.566118e-36
   63  147    2.014961e-24   -7.511392e-31
   63  148    5.346672e-24   -3.816604e-31
   63  149    7.410913e-19   -3.687005e-27
   63  150    4.240870e-18   -5.905823e-25
   63  151    1.675173e-13   -1.185188e-20
   63  152    4.505609e-15    1.173316e-20
   63  153    2.239628e-13   -2.544634e-21
   63  154    4.364341e-15    2.639624e-21
   63  155    9.674002e-17    7.567433e-23
   63  156    2.762463e-19    3.537669e-25
   63  157    2.367596e-22    4.275328e-28
   63  158    3.717229e-26   -1.294602e-32
   64  149    1.821932e-26   -7.487293e-33
   64  150    2.192568e-20    5.548113e-25
   64  151    2.145530e-18   -3.760138e-26
   64  152    5.934244e-13   -2.393838e-21
   64  153    4.621462e-15    2.152427e-21
   64  154    7.886424e-13   -2.714760e-21
   64  155    2.406322e-13   -5.714565e-22
   64  156    1.149973e-12    8.000210e-22
   64  157    4.199153e-13   -3.345740e-23
   64  158    2.907236e-12   -7.399280e-22
   64  159    4.591278e-15    2.366122e-21
   64  160    9.063785e-17    3.079147e-24
   64  161    1.546306e-20   -9.776803e-25
   64  162    7.263764e-24   -2.027472e-28
   64  163    7.873462e-29   -1.585425e-32
   65  152    1.208060e-27   -1.327202e-33
   65  153    4.753190e-25   -3.377844e-32
   65  154    1.462429e-26    2.826543e-34
   65  155    1.257804e-24   -2.436909e-32
   65  156    4.060599e-25   -1.119922e-32
   65  157    1.267632e-19    8.912360e-27
   65  158    1.086221e-17   -5.843784e-26
   65  159    3.632002e-13   -4.734400e-21
   65  160    7.197853e-15    5.599995e-21
   65  161    1.882053e-16    1.132557e-22
   65  162    1.400828e-19   -4.212776e-24
   65  163    1.115248e-22   -1.157184e-27
   65  164    9.253304e-27   -6.757750e-31
   66  156    3.567204e-23   -1.806602e-31
   66  157    1.868912e-20   -9.322679e-27
   66  158    8.795401e-14   -3.128565e-22
   66  159    6.909816e-16    3.097324e-22
   66  160    8.952005e-13   -4.029569e-21
   66  161    3.036999e-13    1.954731e-21
   66  162    1.410659e-12   -1.934651e-22
   66  163    1.953703e-13    9.622182e-22
   66  164    6.056718e-13    9.197063e-22
   66  165    2.743258e-16    3.645095e-23
   66  166    1.453370e-19    1.159692e-25
   66  167    3.558687e-24   -1.070876e-28
   66  168    1.925098e-27   -5.027971e-32
   67  158    1.575902e-29   -3.361384e-34
   67  159    3.025181e-26   -2.206110e-31
   67  160    4.587515e-27   -4.312165e-32
   67  161    6.267080e-25   -1.009784e-30
   67  162    1.062386e-23   -1.746744e-28
   67  163    6.993735e-18    1.511198e-24
   67  164    1.894654e-17   -1.573784e-22
   67  165    4.819862e-13   -8.062142e-21
   67  166    2.426058e-15    1.105325e-20
   67  167    9.677779e-18   -3.692088e-24
   67  168    2.804028e-21   -2.172890e-25
   67  169    2.799943e-24   -1.384329e-28
   67  170    9.486614e-29   -6.856954e-33
   68  161    7.376737e-29   -9.239760e-35
   68  162    2.675852e-21   -2.047294e-29
   68  163    5.257294e-19   -1.691696e-24
   68  164    6.635439e-13   -3.291893e-21
   68  165    7.457407e-15    4.422263e-22
   68  166    1.064586e-12   -2.350357e-21
   68  167    3.546870e-13   -3.206976e-21
   68  168    1.675813e-12    2.728093e-21
   68  169    3.621168e-15    3.150511e-21
   68  170    3.259635e-15    9.649939e-24
   68  171    8.396866e-19    1.995374e-24
   68  172    4.103369e-22    2.625643e-28
   68  173    4.655577e-27   -7.540578e-31
   69  164    1.823854e-28   -2.197992e-32
   69  165    1.051579e-26   -1.181157e-33
   69  166    7.987653e-26   -4.219309e-32
   69  167    2.188590e-19   -4.441657e-27
   69  168    2.875813e-17   -1.784723e-25
   69  169    5.132507e-13   -1.348585e-20
   69  170    1.844858e-14    1.318864e-20
   69  171    4.487353e-16    3.341781e-22
   69  172    1.275919e-18    3.986475e-24
   69  173    1.164810e-21    1.731666e-27
   69  174    1.685319e-25   -6.759664e-30
   69  175    2.916520e-29   -2.605801e-34
   70  167    2.695934e-27   -3.714404e-32
   70  168    3.078399e-20   -1.753594e-28
   70  169    5.187910e-18   -4.392256e-26
   70  170    8.320353e-13   -2.379876e-21
   70  171    4.072307e-13   -4.015532e-23
   70  172    1.472248e-12    8.849043e-22
   70  173    6.262693e-13   -7.051846e-22
   70  174    3.151754e-12    6.798698e-22
   70  175    1.778195e-15    1.503634e-21
   70  176    1.185571e-15    9.995659e-24
   70  177    1.887479e-19    2.505119e-25
   70  178    1.014866e-22   -2.675000e-28
   70  179    2.984740e-29    5.853857e-33
   71  170    1.021176e-27   -8.481351e-35
   71  171    9.881872e-26   -1.841539e-33
   71  172    1.260768e-23   -3.718697e-31
   71  173    2.531099e-18   -4.970336e-27
   71  174    1.167462e-16   -4.590829e-25
   71  175    4.539235e-13   -5.389248e-21
   71  176    3.466868e-15    5.408306e-21
   71  177    1.079755e-16    5.000458e-23
   71  178    5.562437e-20   -3.630799e-25
   71  179    5.731438e-23    4.335261e-29
   71  180    5.432278e-27   -1.886184e-31
   72  172    4.942643e-28   -1.375838e-36
   72  173    9.578622e-25   -1.664862e-31
   72  174    7.389534e-19    6.381151e-26
   72  175    3.293252e-17   -1.599622e-25
   72  176    1.316093e-12   -6.287243e-21
   72  177    2.676308e-13   -1.359009e-21
   72  178    1.950595e-12    4.665902e-21
   72  179    2.698197e-13    6.880056e-22
   72  180    2.723283e-12    1.269551e-21
   72  181    9.004104e-16    1.679984e-21
   72  182    1.031886e-17    8.747453e-24
   72  183    1.634920e-22    6.330259e-27
   72  184    2.250930e-26    6.436057e-33
   73  176    1.934533e-27   -9.772664e-34
   73  177    3.618122e-22   -2.584052e-29
   73  178    1.797989e-21   -4.655129e-26
   73  179    2.105135e-15   -3.996182e-23
   73  180    1.575040e-15   -7.378418e-22
   73  181    7.168298e-13   -4.956241e-21
   73  182    1.443770e-15    4.950384e-21
   73  183    2.322921e-17    1.220614e-23
   73  184    1.037664e-21    1.732506e-26
   73  185    1.261592e-24   -4.213713e-30
   73  186    1.770605e-29    4.080260e-34
   74  177    3.586154e-28   -6.577928e-34
   74  178    8.251884e-22   -8.270717e-30
   74  179    3.992035e-19   -2.602132e-24
   74  180    5.357551e-14   -2.232980e-23
   74  181    3.885924e-16    1.290360e-22
   74  182    2.073409e-12   -1.965805e-21
   74  183    6.744237e-13   -6.230457e-22
   74  184    2.059744e-12   -9.171987e-22
   74  185    2.368280e-15    3.492214e-21
   74  186    7.459195e-14   -1.124259e-22
   74  187    5.611364e-18    1.358313e-22
   74  188    3.999752e-21    2.302392e-27
   74  189    3.725562e-27    2.577218e-31
   75  180    7.781683e-30   -7.707962e-34
   75  181    4.047649e-26   -8.314721e-33
   75  182    1.943811e-23   -1.353423e-30
   75  183    8.299372e-18   -2.064458e-26
   75  184    8.425964e-17   -6.630010e-25
   75  185    3.049998e-13   -3.565526e-20
   75  186    2.765987e-15    3.544498e-20
   75  187    6.788011e-15   -3.976636e-22
   75  188    6.353882e-18    4.883330e-22
   75  189    1.793102e-20    1.788661e-26
   75  190    1.342070e-24   -9.164930e-29
   75  191    1.617215e-27   -3.759025e-32
   76  182    3.489285e-29   -6.507468e-36
   76  183    2.056218e-25   -6.453034e-32
   76  184    2.702362e-19    8.658647e-28
   76  185    2.374952e-17   -1.046285e-25
   76  186    1.119360e-12   -1.381339e-21
   76  187    4.529294e-13   -3.076189e-21
   76  188    1.447461e-12    1.153645e-21
   76  189    6.840873e-14    2.342302e-21
   76  190    1.472518e-12   -8.952057e-22
   76  191    2.045382e-15    1.886839e-21
   76  192    2.956302e-14   -2.589797e-23
   76  193    6.363401e-18    8.828426e-23
   76  194    2.644640e-21    1.686172e-27
   76  195    1.086820e-25   -2.613366e-30
   76  196    4.996586e-30    1.213503e-35
   77  186    6.489599e-29   -1.638890e-35
   77  187    8.406007e-26   -3.277448e-32
   77  188    7.789975e-24   -7.957843e-31
   77  189    2.080161e-18   -2.640215e-26
   77  190    2.428410e-17   -8.445167e-25
   77  191    3.293357e-13   -1.459630e-20
   77  192    2.714614e-15    1.420090e-20
   77  193    3.176250e-13   -9.849032e-21
   77  194    6.180320e-16    1.013254e-20
   77  195    8.023910e-19   -6.637641e-25
   77  196    1.455217e-22   -3.992687e-26
   77  197    1.882666e-25   -7.503618e-30
   77  198    1.055407e-29   -1.898840e-32
   78  189    6.933129e-26   -2.617290e-32
   78  190    1.381799e-19    3.895971e-25
   78  191    6.555008e-18   -4.118206e-25
   78  192    1.086763e-12   -3.368639e-21
   78  193    8.292054e-15    2.602573e-21
   78  194    1.432281e-12   -1.058515e-21
   78  195    3.033355e-13   -3.109940e-22
   78  196    2.344813e-12    1.132583e-21
   78  197    1.984336e-15    7.383011e-22
   78  198    4.388427e-15   -1.329191e-25
   78  199    1.157202e-18   -8.284458e-24
   78  200    1.392151e-22    9.346368e-29
   78  201    1.500874e-27   -1.403986e-31
   79  192    1.806933e-28   -1.467909e-34
   79  193    2.675299e-27   -6.142189e-34
   79  194    8.446874e-25   -9.344558e-32
   79  195    3.987487e-19   -6.105622e-28
   79  196    3.188873e-17   -9.595037e-25
   79  197    7.079287e-13   -9.999444e-22
   79  198    2.995928e-15    1.211176e-21
   79  199    4.404124e-18    1.295200e-23
   79  200    7.680138e-22   -2.582161e-27
   79  201    2.083715e-25   -1.388940e-30
   79  202    5.910587e-30   -2.987860e-33
   80  194    1.013137e-26   -1.610357e-35
   80  195    9.401915e-24   -3.616307e-30
   80  196    1.373934e-17    3.143933e-26
   80  197    7.195611e-18   -4.322496e-25
   80  198    2.320508e-12   -5.629736e-22
   80  199    1.052931e-12    3.494050e-23
   80  200    3.414829e-12    6.505121e-23
   80  201    1.475993e-12    1.689749e-22
   80  202    5.446817e-12   -1.823893e-22
   80  203    1.278063e-15    6.594482e-22
   80  204    8.825490e-14   -5.654921e-24
   80  205    7.111105e-18   -3.281295e-22
   80  206    9.836507e-23   -2.744225e-27
   81  198    4.215628e-28   -3.191504e-34
   81  199    3.834182e-27   -2.066281e-33
   81  200    1.909708e-25   -2.966612e-32
   81  201    7.929943e-20   -4.342425e-27
   81  202    1.128158e-16   -1.620050e-24
   81  203    3.296201e-12   -3.787211e-22
   81  204    6.685591e-16    3.835557e-22
   81  205    2.532420e-13    3.230012e-22
   81  206    1.776513e-17   -1.008452e-21
   81  207    5.274563e-22   -2.596009e-26
   82  201    8.489762e-29   -3.661443e-35
   82  202    7.616675e-22    1.861031e-31
   82  203    5.234235e-18   -4.065182e-25
   82  204    4.901114e-12   -5.674758e-22
   82  205    9.268311e-12   -6.461411e-22
   82  206    4.707738e-11    1.007260e-21
   82  207    6.281176e-11    4.718807e-22
   82  208    1.298629e-10    7.149684e-22
   82  209    2.382068e-19    3.882933e-23
   82  210    1.046653e-25    8.656558e-31
   83  204    2.375877e-29   -8.504687e-36
   83  205    5.519778e-27   -5.785685e-35
   83  206    9.853020e-26   -2.691893e-33
   83  207    6.581325e-20    2.706166e-29
   83  208    1.005722e-16   -3.950862e-27
   83  209    3.106479e-12   -7.807729e-24
   83  210    9.226979e-20    8.102763e-24
   83  211    1.577453e-27   -1.703311e-31
   84  210    1.634075e-25    3.081717e-27
    0    1    9.014758e-21   -3.617480e-21
    1    1    1.568659e-16   -4.080923e-17
    2    4    1.829197e-12   -3.588070e-13
