1.1343e+01
3.8520e-01
5.0291e-01
3.8765e+03
    1    2    1.207502e-26    2.043092e-28
    1    3    9.297586e-21   -1.547991e-26
    2    3    3.682515e-17   -1.140807e-24
    3    6    3.692289e-29   -1.770989e-39
    3    7    2.418956e-24    1.514123e-26
    4    7    1.057205e-22    1.107891e-24
    4    8    3.151589e-10    5.169879e-26
    4   10    1.506272e-28   -5.798573e-39
    5   10    7.499106e-25   -2.383952e-32
    5   11    1.411263e-14    5.350812e-16
    6   11    2.450554e-12   -5.350845e-16
    6   12    3.278145e-04    2.168404e-19
    6   13    3.711414e-11   -7.053547e-20
    6   14    8.631055e-13    3.012242e-23
    7   13    1.366631e-22   -8.968472e-24
    7   14    1.537202e-07    1.176517e-16
    7   15    2.812167e-06    1.552324e-10
    7   16    1.996140e-19   -7.474257e-21
    7   17    3.056556e-25   -1.957069e-26
    8   14    3.110413e-14   -1.176429e-16
    8   15    7.081378e-08   -1.552324e-10
    8   16    4.582165e-02    0.000000e+00
    8   17    1.002029e-09   -7.398717e-21
    8   18    2.930049e-13    1.006864e-15
    8   19    3.266856e-22   -3.218622e-24
    8   20    9.269194e-30   -1.833244e-31
    9   17    6.458549e-22   -1.689660e-23
    9   18    2.482105e-11   -1.006860e-15
    9   19    1.042128e-08    3.327902e-13
    9   20    2.698541e-15   -6.453843e-17
    9   21    9.082436e-23   -5.829348e-24
   10   18    2.342434e-20   -3.745082e-21
   10   19    2.146305e-11   -3.327902e-13
   10   20    8.352936e-03    6.418477e-17
   10   21    1.006537e-05    1.044248e-13
   10   22    1.375554e-06    1.679691e-15
   10   23    1.033383e-14   -7.417021e-17
   10   24    4.224332e-23   -5.561638e-26
   11   20    5.395827e-27   -3.230218e-27
   11   21    8.792064e-12   -1.044250e-13
   11   22    5.162090e-07   -1.384973e-15
   11   23    1.963560e-04    1.688867e-08
   11   24    8.856519e-11   -4.390584e-16
   11   25    2.206293e-17   -9.883898e-20
   11   26    2.281010e-27   -5.691859e-28
   12   22    4.261461e-15   -2.947694e-16
   12   23    7.147677e-07   -1.688867e-08
   12   24    2.358947e-03    4.393187e-16
   12   25    1.403682e-04    1.972532e-14
   12   26    3.364862e-04    6.255847e-16
   12   27    7.999291e-12   -3.762876e-15
   12   28    1.773748e-18   -6.293809e-24
   12   29    2.055865e-30   -5.035921e-31
   13   24    9.440455e-20   -1.217459e-20
   13   25    5.304328e-13   -1.972502e-14
   13   26    3.006882e-11    6.767357e-15
   13   27    2.717345e-04    1.265136e-09
   13   28    4.165570e-10   -8.253222e-13
   13   29    2.773665e-15   -1.870119e-18
   13   30    6.747349e-23   -5.004255e-24
   14   26    6.119118e-14   -7.392742e-15
   14   27    1.971144e-08   -1.265132e-09
   14   28    2.972387e-04    8.253224e-13
   14   29    9.830162e-05    2.049010e-13
   14   30    5.478451e-05    6.829767e-13
   14   31    1.503732e-10   -4.256720e-15
   14   32    6.215789e-17    5.404437e-28
   14   33    5.543572e-25   -2.395041e-26
   15   28    2.018011e-27   -1.997343e-27
   15   29    3.146400e-12   -2.048991e-13
   15   30    3.836962e-10   -6.828795e-13
   15   31    2.346412e-07    2.368794e-11
   15   32    1.306164e-12   -2.822631e-19
   15   33    4.899976e-13   -5.984717e-20
   15   34    2.174979e-19   -4.683209e-21
   15   35    2.202292e-25   -1.240525e-27
   16   30    4.294033e-16   -9.716150e-17
   16   31    2.288536e-10   -2.368369e-11
   16   32    1.131780e-05    2.812149e-19
   16   33    1.182733e-07    6.735302e-18
   16   34    9.297977e-09    7.656293e-11
   16   35    4.735270e-14   -1.670967e-21
   16   36    6.132677e-17    2.748194e-28
   16   37    1.295546e-24   -1.153029e-27
   17   32    9.381410e-29   -8.605665e-29
   17   33    6.274811e-17   -6.674760e-18
   17   34    5.836173e-10   -7.656293e-11
   17   35    2.046319e-08    5.101781e-11
   17   36    1.176172e-13    3.626640e-24
   17   37    2.318600e-13    2.755027e-17
   17   38    4.213341e-19   -5.042842e-23
   17   39    2.335881e-24   -1.856190e-28
   17   40    3.132335e-30   -1.032511e-32
   18   34    1.996198e-21   -6.314982e-22
   18   35    3.401187e-10   -5.101781e-11
   18   36    4.076608e-08   -6.617445e-24
   18   37    3.120294e-10   -2.755001e-17
   18   38    1.345672e-11    6.597908e-14
   18   39    1.076586e-15   -3.281681e-26
   18   40    3.552890e-18    6.317050e-30
   18   41    1.578341e-23   -6.396690e-28
   18   42    2.171842e-25   -5.571646e-35
   19   36    2.089900e-28   -1.615729e-28
   19   37    1.145966e-21   -2.507547e-22
   19   38    2.993410e-11   -6.597908e-14
   19   39    5.921374e-10    2.355792e-15
   19   40    3.657209e-14    1.237565e-25
   19   41    6.908097e-14    1.099581e-22
   19   42    3.635077e-18   -2.181161e-23
   19   43    2.350477e-22   -7.852473e-28
   19   44    6.328772e-27   -1.268604e-30
   20   38    1.243381e-25   -7.562228e-26
   20   39    7.587955e-15   -2.355792e-15
   20   40    4.316627e-08   -6.617445e-24
   20   41    1.335359e-09   -1.093946e-22
   20   42    1.128915e-11    1.117490e-17
   20   43    9.970289e-14    8.395661e-17
   20   44    1.855467e-14    1.515085e-17
   20   45    1.178117e-17   -2.233542e-25
   20   46    3.538725e-19    5.771116e-23
   20   47    1.041887e-23   -7.091740e-30
   20   48    6.177332e-28    0.000000e+00
   21   41    4.641007e-27   -2.079103e-27
   21   42    2.762561e-17   -1.117487e-17
   21   43    4.403480e-12   -8.394308e-17
   21   44    8.123935e-13   -1.501042e-17
   21   45    2.006018e-12    1.581662e-15
   21   46    1.564835e-15   -1.154018e-22
   21   47    8.833441e-18   -8.148720e-24
   21   48    1.941366e-21   -3.296981e-27
   21   49    3.641770e-24   -2.833193e-28
   21   50    3.890141e-29   -1.018296e-31
   22   43    2.533810e-20   -1.353049e-20
   22   44    7.845482e-10   -1.404268e-19
   22   45    6.568336e-11   -1.581662e-15
   22   46    7.508739e-11    2.197572e-19
   22   47    8.950494e-12    1.332274e-14
   22   48    1.541985e-12    3.748728e-18
   22   49    7.969561e-15    1.697926e-19
   22   50    5.348281e-17    3.525222e-30
   22   51    2.546762e-21   -1.953967e-24
   22   52    1.196573e-25   -3.132188e-28
   23   45    1.438066e-26   -9.599089e-27
   23   46    3.474881e-19   -2.196995e-19
   23   47    9.760037e-11   -1.332269e-14
   23   48    1.937341e-11    9.555516e-17
   23   49    1.813070e-11    7.236820e-15
   23   50    3.181322e-14    2.182936e-26
   23   51    1.310475e-13    8.105181e-18
   23   52    1.284715e-16   -1.524529e-19
   23   53    2.643141e-20   -7.351233e-23
   23   54    3.519915e-25   -1.887178e-27
   23   55    9.755110e-30   -4.007093e-31
   24   47    9.563098e-20   -5.550742e-20
   24   48    2.892103e-11   -9.930388e-17
   24   49    6.830436e-11   -7.236990e-15
   24   50    2.547562e-10    4.769720e-20
   24   51    7.265245e-11    1.671076e-14
   24   52    4.886019e-11    1.052471e-16
   24   53    1.149464e-13    7.408989e-23
   24   54    2.518849e-15    1.250012e-20
   24   55    1.819898e-19   -2.313868e-22
   24   56    2.010075e-23   -1.516069e-26
   24   57    3.390565e-29   -4.290403e-31
   25   49    6.611865e-28   -4.597041e-28
   25   50    5.842897e-20   -4.769733e-20
   25   51    1.735766e-10   -1.671887e-14
   25   52    1.516756e-10    3.307970e-17
   25   53    2.456650e-10    6.532324e-14
   25   54    1.262845e-12   -1.249983e-20
   25   55    1.793681e-12    1.746026e-17
   25   56    2.430143e-15   -6.985881e-20
   25   57    1.319169e-18   -3.913542e-21
   25   58    7.988975e-24   -7.110147e-25
   25   59    6.127008e-27   -3.556320e-28
   26   51    1.964801e-25   -2.141220e-25
   26   52    1.540667e-11   -1.381744e-16
   26   53    1.249221e-10   -6.532324e-14
   26   54    1.884904e-08    3.269018e-21
   26   55    5.568037e-09    1.904438e-14
   26   56    1.289241e-08    1.603414e-16
   26   57    1.070698e-10    2.926059e-16
   26   58    2.336861e-11    3.708623e-17
   26   59    7.541038e-15   -5.167294e-22
   26   60    2.956142e-17    3.328007e-31
   26   61    1.984102e-22   -1.471534e-25
   26   62    2.116685e-26   -8.311059e-29
   27   54    3.114025e-21   -3.276492e-21
   27   55    4.508082e-09   -1.906184e-14
   27   56    4.084881e-09   -6.480132e-17
   27   57    2.568844e-08    4.121193e-15
   27   58    8.494025e-10   -3.708620e-17
   27   59    1.244018e-08    1.341885e-19
   27   60    3.498707e-11   -6.028463e-16
   27   61    1.302959e-13   -5.856703e-18
   27   62    4.096467e-17   -6.006872e-20
   27   63    7.591443e-20   -7.370577e-22
   27   65    5.789791e-28   -1.800449e-29
   28   55    6.435069e-29   -9.090838e-29
   28   56    1.884432e-10   -9.547010e-17
   28   57    2.142384e-09   -4.413795e-15
   28   58    2.118313e-06    1.107919e-18
   28   59    1.180904e-06    2.090589e-13
   28   60    3.708565e-06    2.092033e-12
   28   61    2.029753e-07    5.835285e-12
   28   62    1.514797e-07    8.126805e-11
   28   63    3.298719e-10   -2.709761e-20
   28   64    5.776793e-11    1.075540e-14
   28   65    6.003433e-15   -1.766883e-19
   28   66    5.729419e-17   -7.782913e-23
   28   67    3.669483e-22   -5.443092e-24
   28   68    1.988519e-25   -6.962169e-28
   29   58    1.329555e-17   -1.109349e-18
   29   59    6.420535e-11   -2.090590e-13
   29   60    1.080964e-08   -2.090266e-12
   29   61    2.675061e-07   -3.874092e-12
   29   62    1.778773e-07   -8.012048e-11
   29   63    2.979024e-07    1.297445e-11
   29   64    4.491976e-09   -2.124841e-14
   29   65    9.911403e-09    1.203113e-14
   29   66    2.142174e-11   -1.869144e-14
   29   67    3.167025e-13   -3.794651e-19
   29   68    2.760660e-17   -2.479486e-19
   29   69    1.242858e-19   -1.843571e-22
   29   70    1.527233e-25   -6.956961e-27
   29   71    1.691777e-28   -5.952102e-30
   30   60    6.280694e-13   -1.164539e-15
   30   61    6.610731e-10   -1.961187e-12
   30   62    1.412721e-07   -1.147570e-12
   30   63    1.110844e-07   -1.297441e-11
   30   64    6.603938e-06    7.622240e-14
   30   65    9.499112e-07    3.491189e-12
   30   66    9.093346e-07    8.519405e-13
   30   67    8.204903e-09    5.125294e-13
   30   68    4.218703e-09    1.637999e-12
   30   69    1.329528e-12   -1.073790e-16
   30   70    5.106784e-12    1.660246e-13
   30   71    2.209291e-17   -3.036274e-20
   30   72    1.201600e-19   -1.916443e-25
   30   73    6.936722e-25   -7.881308e-27
   30   74    2.194940e-27   -6.168923e-30
   31   63    4.434696e-15   -3.770907e-17
   31   64    3.869910e-11   -6.572715e-14
   31   65    1.180865e-08   -3.500100e-12
   31   66    1.056062e-07   -7.431541e-13
   31   67    5.410657e-07    5.465844e-12
   31   68    2.514067e-08   -1.623153e-12
   31   69    5.256134e-08    5.053817e-13
   31   70    7.887078e-10   -3.319696e-13
   31   71    7.688110e-11    2.438561e-14
   31   72    6.450445e-14   -3.392887e-19
   31   73    2.316872e-15   -3.535834e-20
   31   74    6.713854e-19   -3.573995e-22
   31   75    1.857628e-20   -3.936413e-23
   31   76    1.544429e-25   -1.521626e-27
   31   77    1.799122e-27   -3.695122e-29
   32   64    5.393576e-16   -2.250125e-18
   32   65    3.623159e-13   -3.120590e-15
   32   66    2.793954e-09   -9.009488e-14
   32   67    2.512260e-08   -5.978373e-12
   32   68    1.383585e-06   -1.403900e-14
   32   69    2.657046e-07   -4.736426e-13
   32   70    2.167826e-06    4.046933e-13
   32   71    8.838274e-08    1.355648e-13
   32   72    6.939623e-08    1.314208e-13
   32   73    5.461165e-10    4.748991e-15
   32   74    6.386760e-10    1.791599e-15
   32   75    8.317751e-13   -3.311671e-17
   32   76    7.512913e-14    4.091956e-16
   32   77    8.525521e-18   -1.725483e-22
   32   78    3.140045e-19   -1.587863e-23
   32   79    3.772634e-24   -5.301547e-26
   32   80    7.081538e-26   -6.409408e-28
   33   67    2.320726e-18   -1.457956e-20
   33   68    4.589753e-13   -8.072816e-16
   33   69    1.073345e-10   -3.159597e-14
   33   70    2.843520e-09   -2.361363e-13
   33   71    1.380267e-07    2.581070e-13
   33   72    4.607111e-08   -7.339131e-14
   33   73    1.233973e-07    5.578197e-13
   33   74    1.030255e-08   -2.364929e-15
   33   75    4.940974e-09    3.690644e-15
   33   76    1.427190e-10   -8.101284e-16
   33   77    2.574152e-11   -4.920605e-17
   33   78    2.911051e-14   -1.439329e-18
   33   79    9.205853e-15   -4.995868e-18
   33   80    1.892971e-18   -3.325143e-20
   33   81    4.893523e-19   -3.842872e-21
   33   82    2.334247e-24   -4.451735e-26
   33   83    1.291935e-26   -2.593575e-28
   34   68    1.088849e-18   -3.028361e-21
   34   69    3.670447e-15   -3.576652e-17
   34   70    2.412417e-11   -2.611966e-15
   34   71    4.452996e-10   -4.180574e-13
   34   72    1.596095e-07   -5.802664e-14
   34   73    4.737407e-08   -5.611585e-13
   34   74    5.561999e-07    2.700956e-14
   34   75    1.420205e-07    3.160524e-13
   34   76    2.306019e-07    1.434507e-13
   34   77    1.752434e-08    2.259025e-13
   34   78    1.853777e-08    2.098465e-11
   34   79    2.418766e-10    4.995860e-18
   34   80    1.887003e-10    1.699067e-13
   34   81    4.440900e-13   -6.697703e-17
   34   82    1.537852e-13    1.647496e-15
   34   83    5.359911e-18   -1.094260e-21
   34   84    3.573953e-19   -5.130349e-22
   34   85    3.756010e-26   -3.038956e-28
   35   71    1.766113e-22   -2.193257e-24
   35   72    7.428311e-16   -2.542764e-18
   35   73    1.045735e-12   -1.409962e-15
   35   74    1.601760e-10   -2.633782e-14
   35   75    6.897124e-09   -3.101252e-13
   35   76    3.086047e-08   -1.133259e-13
   35   77    1.735856e-07    2.504702e-13
   35   78    3.046324e-08   -2.098465e-11
   35   79    5.639774e-08    2.159302e-13
   35   80    1.178979e-08   -2.903441e-12
   35   81    1.058785e-08    6.698334e-17
   35   82    7.841473e-10   -4.750745e-15
   35   83    6.481006e-10   -2.002809e-14
   35   84    9.574314e-13   -1.421745e-16
   35   85    3.806456e-13   -5.901982e-16
   35   86    4.562142e-19   -2.255713e-21
   35   87    2.355426e-24   -1.154045e-26
   36   72    3.734280e-22   -5.864986e-24
   36   73    1.877825e-17   -1.928379e-19
   36   74    2.543209e-13   -9.841189e-17
   36   75    9.692379e-12   -9.584705e-15
   36   76    5.851147e-09   -2.972354e-14
   36   77    7.963705e-09   -4.762645e-13
   36   78    1.865268e-07    1.253791e-15
   36   79    1.016097e-07   -9.857113e-14
   36   80    1.993275e-07    2.362472e-11
   36   81    5.846898e-08    4.690563e-13
   36   82    7.730773e-08    2.445000e-13
   36   83    1.018049e-08    2.237829e-14
   36   84    1.193128e-08    2.014716e-15
   36   85    2.370977e-10    5.900107e-16
   36   86    2.240066e-10    3.034608e-15
   36   87    1.907392e-15   -1.116827e-19
   36   88    2.675886e-19   -6.990838e-24
   36   89    2.587937e-25   -3.621473e-28
   36   90    1.168689e-30   -9.660688e-33
   37   75    4.763348e-23   -7.481219e-25
   37   76    4.556604e-17   -3.151829e-19
   37   77    5.164105e-14   -5.891643e-17
   37   78    1.690517e-12   -1.232700e-15
   37   79    6.065751e-10   -1.172559e-13
   37   80    2.347328e-09   -2.088669e-11
   37   81    2.896557e-08   -4.172228e-13
   37   82    2.050616e-08   -2.402264e-13
   37   83    6.555459e-08    1.367970e-14
   37   84    1.987534e-08   -1.873306e-15
   37   85    4.323366e-08    1.056590e-15
   37   86    1.829570e-08   -6.042622e-15
   37   87    3.748076e-08    1.118083e-19
   37   88    3.386504e-12   -8.466222e-16
   37   89    2.738658e-15   -8.017796e-19
   37   90    4.889665e-20   -8.532945e-23
   37   91    2.022437e-24   -9.310163e-27
   38   76    1.689228e-24   -9.020505e-26
   38   77    2.533123e-19   -7.514906e-21
   38   78    3.949833e-15   -2.109202e-17
   38   79    5.333566e-14   -1.031925e-16
   38   80    1.091255e-10   -4.496364e-15
   38   81    2.585853e-10   -5.183338e-14
   38   82    9.657462e-09   -9.305805e-16
   38   83    7.003016e-09   -1.128252e-14
   38   84    4.452960e-08    8.106054e-14
   38   85    2.218586e-08    3.194612e-14
   38   86    4.730918e-08    1.429005e-14
   38   87    3.681325e-08    7.503787e-15
   38   88    8.176938e-08    1.168645e-15
   38   89    2.628338e-11   -8.066211e-19
   38   90    2.871024e-13    1.012923e-24
   38   91    1.131812e-17   -8.835057e-23
   38   92    4.306388e-21   -1.178561e-25
   38   93    2.322429e-26   -1.396592e-29
   38   94    4.820160e-30   -1.715976e-32
   39   79    1.799589e-24   -2.402451e-25
   39   80    1.381171e-20   -1.091046e-22
   39   81    3.124869e-17   -1.158797e-19
   39   82    8.532908e-15   -2.398186e-16
   39   83    3.040470e-12   -4.745881e-15
   39   84    1.396539e-12   -8.097214e-14
   39   85    1.201437e-09   -3.290652e-14
   39   86    2.242294e-09   -1.066439e-14
   39   87    8.124570e-09    6.684943e-16
   39   88    1.110784e-08   -2.655813e-16
   39   89    1.027637e-07    1.759357e-15
   39   90    2.868273e-10   -3.318213e-16
   39   91    9.997866e-12   -5.280945e-19
   39   92    5.326429e-15   -1.116295e-19
   39   93    2.236623e-17   -1.626286e-22
   39   94    4.601365e-21   -1.094977e-24
   39   95    1.348555e-24   -5.826286e-28
   39   96    3.588945e-30   -9.777991e-32
   40   80    4.987813e-28   -1.331744e-28
   40   81    1.164535e-23   -5.269980e-25
   40   82    3.978350e-18   -1.863544e-21
   40   83    2.357863e-16   -1.498925e-18
   40   84    9.847040e-14   -8.763812e-17
   40   85    1.704351e-13   -9.600477e-17
   40   86    1.374132e-10   -6.176385e-16
   40   87    1.763012e-10   -8.166289e-15
   40   88    1.523237e-09    2.361564e-17
   40   89    1.858035e-09   -7.992801e-16
   40   90    5.930345e-08    7.317824e-16
   40   91    1.028972e-09    6.246113e-19
   40   92    3.657804e-10    1.116320e-19
   40   93    9.121382e-13    1.630394e-22
   40   94    5.546474e-14    1.097665e-24
   40   95    3.917653e-17   -1.890894e-24
   40   96    3.786990e-19   -4.198491e-28
   40   97    3.128417e-24   -1.372932e-29
   40   98    4.741551e-29   -4.083850e-31
   41   84    1.160787e-21   -2.582745e-23
   41   85    1.189643e-22   -2.301686e-25
   41   86    8.731873e-19   -2.775029e-21
   41   87    3.501067e-15   -5.992061e-18
   41   88    2.572643e-13   -8.001463e-17
   41   89    1.421544e-11   -9.528233e-16
   41   90    7.873237e-11   -3.943896e-16
   41   91    7.745902e-09    4.631236e-16
   41   92    1.143427e-09   -5.644195e-16
   41   93    1.542298e-09    8.073283e-22
   41   94    2.695138e-11   -6.720842e-25
   41   95    7.307373e-12   -6.451936e-19
   41   96    2.967237e-14   -9.405049e-20
   41   97    1.238523e-15   -7.654762e-20
   41   98    8.643469e-21   -7.957967e-22
   41   99    1.808857e-23   -3.219775e-25
   41  100    2.918437e-30   -5.194810e-31
   42   85    8.883743e-30   -4.235627e-31
   42   86    8.527335e-24   -4.553610e-25
   42   87    7.685651e-21   -1.405530e-22
   42   88    7.878515e-17   -4.275544e-20
   42   89    2.727579e-15   -5.645422e-18
   42   90    4.281930e-13   -5.571326e-18
   42   91    1.613468e-12   -4.632109e-16
   42   92    9.724473e-10    5.654934e-16
   42   93    3.342440e-10    9.328766e-17
   42   94    6.293154e-10    9.989728e-17
   42   95    3.221337e-11    1.468993e-16
   42   96    8.664119e-11    8.894841e-18
   42   97    3.541166e-13    7.654803e-20
   42   98    1.553274e-13    7.957989e-22
   42   99    1.942171e-17   -2.149296e-23
   42  100    1.736964e-15    3.833419e-17
   42  101    1.768200e-21   -5.389346e-25
   42  102    1.036592e-24   -4.193508e-28
   42  103    1.251439e-29   -5.568870e-32
   43   89    3.718238e-27   -9.927668e-29
   43   90    7.186809e-23   -2.428910e-24
   43   91    6.376656e-18   -9.036957e-21
   43   92    1.061802e-15   -1.073820e-18
   43   93    3.396111e-12   -9.327222e-17
   43   94    6.599720e-12   -9.224471e-17
   43   95    3.943802e-11   -1.372363e-16
   43   96    1.224634e-11   -9.673146e-18
   43   97    5.823518e-11    1.873877e-18
   43   98    1.300256e-12    8.154676e-25
   43   99    3.424935e-12    2.167351e-23
   43  100    2.268462e-15   -7.666839e-17
   43  101    1.842775e-15   -5.734476e-19
   43  102    7.391390e-20   -3.723568e-21
   43  103    1.606441e-20   -8.578359e-23
   43  104    1.706524e-24   -4.195590e-28
   43  105    1.364500e-26   -7.989449e-30
   44   90    5.588103e-28   -3.730037e-29
   44   91    2.875088e-25   -2.558814e-26
   44   92    3.836398e-20   -4.677267e-23
   44   93    3.631756e-18   -1.624264e-20
   44   94    8.907951e-14   -7.652563e-18
   44   95    2.006220e-13   -9.016963e-18
   44   96    2.219750e-12    8.798602e-19
   44   97    1.758558e-12   -1.645168e-18
   44   98    1.151852e-11    4.944092e-18
   44   99    1.328553e-12    4.064224e-20
   44  100    3.498183e-11    3.861340e-17
   44  101    2.116615e-13    5.922690e-19
   44  102    9.801469e-13    4.573401e-21
   44  103    7.185615e-16    2.942565e-23
   44  104    6.045967e-15    1.651060e-16
   44  105    1.177038e-19   -1.966632e-24
   44  106    7.276493e-21   -6.126222e-29
   44  107    2.121251e-25   -2.247518e-28
   44  108    1.211469e-27   -1.198011e-30
   45   93    4.274985e-30   -1.630604e-31
   45   94    2.162372e-24   -1.443384e-26
   45   95    9.516152e-19   -8.469326e-22
   45   96    1.669295e-17   -7.496136e-21
   45   97    2.261411e-15   -2.286350e-19
   45   98    3.888617e-15   -4.937776e-18
   45   99    2.104163e-13   -3.004175e-20
   45  100    7.830767e-14   -2.729787e-19
   45  101    7.341119e-12    2.922271e-19
   45  102    2.912749e-13   -8.609492e-22
   45  103    6.111964e-12    5.283247e-20
   45  104    2.615720e-14   -3.302119e-16
   45  105    1.201546e-13   -2.518133e-19
   45  106    1.088046e-16   -9.748601e-19
   45  107    4.780134e-17   -9.802564e-21
   45  108    1.249788e-20   -1.986270e-22
   45  109    3.209068e-22   -1.071025e-24
   45  110    4.584677e-27   -4.080338e-28
   45  111    1.963962e-28   -4.767060e-30
   46   95    2.441229e-27   -4.655766e-29
   46   96    3.274742e-21   -7.286321e-24
   46   97    5.218024e-20   -7.490384e-23
   46   98    2.554711e-17   -6.315796e-21
   46   99    5.097703e-17   -1.060028e-20
   46  100    7.459979e-15   -6.229512e-21
   46  101    3.552133e-14   -3.106694e-19
   46  102    1.057565e-12    1.105991e-20
   46  103    2.896418e-13    2.107136e-19
   46  104    3.310207e-11    1.653216e-16
   46  105    7.824500e-13    3.413073e-19
   46  106    3.119915e-11    4.718362e-17
   46  107    7.118309e-14    9.802682e-21
   46  108    1.408684e-12    5.279457e-16
   46  109    7.718121e-16    1.074818e-24
   46  110    3.234872e-15    8.811619e-17
   46  111    4.137705e-20    1.061428e-29
   46  112    1.156812e-21    3.107067e-34
   46  113    2.108312e-26    0.000000e+00
   46  114    9.490375e-28    0.000000e+00
   47   97    2.231750e-29   -2.355233e-31
   47   98    2.656543e-27   -1.518830e-29
   47   99    2.381324e-23   -5.127544e-26
   47  100    4.805913e-22   -1.063752e-24
   47  101    9.443234e-19   -3.785770e-22
   47  102    3.202871e-17   -1.104449e-20
   47  103    3.890189e-15   -2.634450e-19
   47  104    3.353037e-15   -2.114062e-19
   47  105    1.195752e-12   -4.419976e-20
   47  106    2.488001e-13   -4.620876e-17
   47  107    1.241754e-11    5.042309e-19
   47  108    2.811766e-13   -5.279455e-16
   47  109    2.903817e-12    2.394147e-21
   47  110    8.118585e-15   -8.811619e-17
   47  111    1.579390e-14    3.155444e-29
   47  112    1.875250e-17    1.985125e-28
   47  113    3.095812e-18    3.628452e-31
   47  114    4.461914e-22    2.406115e-32
   47  115    5.653784e-24    7.358595e-36
   47  116    1.655506e-28    0.000000e+00
   48  100    4.489916e-26   -2.441569e-28
   48  101    5.590368e-25   -2.073089e-27
   48  102    5.199594e-21   -4.206927e-24
   48  103    7.349295e-20   -4.480050e-23
   48  104    5.465524e-17   -4.215199e-21
   48  105    5.648810e-16   -4.529183e-20
   48  106    3.917178e-14    2.104555e-23
   48  107    4.419090e-14   -5.021682e-19
   48  108    4.961500e-12    3.963194e-21
   48  109    3.583919e-13    3.484651e-19
   48  110    4.947852e-11    1.515945e-19
   48  111    5.033310e-13    2.464560e-18
   48  112    1.925458e-11    6.791302e-17
   48  113    3.194215e-14    7.314318e-26
   48  114    1.938388e-13    4.881061e-16
   48  115    7.125179e-17    4.711102e-28
   48  116    1.137359e-15    3.090570e-17
   48  117    4.964480e-21    1.761749e-30
   48  118    6.879609e-23    2.509680e-35
   48  119    1.234371e-27    0.000000e+00
   48  120    1.461078e-27    0.000000e+00
   49  103    1.658690e-28   -7.381127e-31
   49  104    5.983788e-26   -1.479331e-28
   49  105    3.583683e-22   -3.145436e-25
   49  106    2.932248e-20   -2.104400e-23
   49  107    1.501995e-17   -2.062882e-21
   49  108    5.165565e-17   -3.944607e-21
   49  109    1.986898e-14   -3.508288e-19
   49  110    1.001512e-14   -1.480291e-19
   49  111    2.236918e-12   -2.386143e-18
   49  112    2.284636e-13   -6.791302e-17
   49  113    7.320813e-12    6.895439e-22
   49  114    1.314415e-13   -4.881061e-16
   49  115    7.359977e-13   -8.481832e-27
   49  116    1.632103e-15   -3.090570e-17
   49  117    2.068274e-15    1.972152e-29
   49  118    1.901619e-18    2.422666e-29
   49  119    2.385375e-19    4.126305e-32
   49  120    6.476158e-23    1.634019e-33
   49  121    1.336609e-24    1.502061e-36
   49  122    9.708143e-29    0.000000e+00
   49  123    1.539156e-30    0.000000e+00
   50  105    1.845126e-29   -1.589188e-31
   50  106    7.973026e-25   -1.851118e-27
   50  107    2.233385e-23   -3.427084e-26
   50  108    4.309599e-20   -1.861916e-23
   50  109    1.230821e-19   -3.042854e-23
   50  110    1.975949e-16   -3.565660e-21
   50  111    6.220483e-16   -7.841674e-20
   50  112    7.304091e-14    7.306935e-24
   50  113    2.568669e-14   -3.116287e-22
   50  114    1.566537e-11    2.203751e-21
   50  115    9.309356e-13    7.458294e-19
   50  116    1.127746e-10    6.422099e-19
   50  117    7.954302e-13    2.903573e-17
   50  118    4.763633e-11    1.447084e-16
   50  119    7.365959e-14    7.748256e-18
   50  120    9.160202e-13    1.693526e-17
   50  121    4.089439e-16    9.614735e-28
   50  122    3.119686e-16    2.935530e-21
   50  123    4.683009e-20    2.049912e-31
   50  124    5.454880e-21    4.171935e-25
   50  125    2.808760e-25    1.967208e-36
   50  126    7.298849e-27    0.000000e+00
   51  110    1.586914e-27   -1.842190e-29
   51  111    8.980339e-24   -3.196999e-26
   51  112    1.406742e-21   -7.307412e-24
   51  113    5.666705e-19   -3.780626e-22
   51  114    1.728394e-18   -2.203818e-21
   51  115    5.380012e-15   -7.458293e-19
   51  116    2.280216e-15   -6.418494e-19
   51  117    1.096180e-12   -2.903489e-17
   51  118    1.170674e-13   -1.446822e-16
   51  119    3.989848e-12   -7.701821e-18
   51  120    6.047241e-14   -1.693526e-17
   51  121    6.635107e-13    5.557512e-20
   51  122    2.587449e-15   -2.935522e-21
   51  123    5.048100e-15    5.364254e-29
   51  124    8.126928e-18   -4.171481e-25
   51  125    2.063852e-18    1.040002e-31
   51  126    9.102872e-22    9.296562e-33
   51  127    5.036158e-23    6.312405e-36
   51  128    4.822782e-27    0.000000e+00
   51  129    6.141936e-27    0.000000e+00
   52  112    2.247991e-30   -5.001795e-33
   52  113    8.374309e-27   -2.192086e-29
   52  114    2.284491e-23   -6.688159e-27
   52  115    6.857303e-23   -5.261168e-26
   52  116    1.211653e-17   -3.609017e-22
   52  117    1.158122e-17   -8.312219e-22
   52  118    5.068794e-14   -2.610686e-20
   52  119    1.003649e-14   -4.516073e-20
   52  120    6.793090e-12    3.499451e-22
   52  121    3.017564e-13    5.733157e-19
   52  122    4.015722e-11    7.210400e-18
   52  123    3.982836e-13    8.599146e-18
   52  124    1.193218e-11    7.735723e-20
   52  125    3.138926e-14    1.633652e-19
   52  126    1.216011e-13    1.217046e-20
   52  127    9.340350e-17    2.388153e-28
   52  128    5.434756e-17    2.891478e-19
   52  129    1.099689e-20    4.969652e-32
   52  130    1.351945e-21    1.314297e-23
   52  131    7.622963e-26    0.000000e+00
   52  132    2.528891e-27    0.000000e+00
   53  116    1.068291e-30   -9.801796e-32
   53  117    5.073335e-24   -1.016955e-26
   53  118    4.342545e-22   -1.410468e-25
   53  119    5.468007e-18   -1.273953e-21
   53  120    6.371042e-18   -3.484759e-22
   53  121    1.797644e-14   -6.288793e-19
   53  122    5.881757e-15   -7.209260e-18
   53  123    1.538560e-12   -8.585039e-18
   53  124    1.045349e-13   -7.735723e-20
   53  125    3.140617e-12    3.387147e-19
   53  126    5.162966e-14   -1.217039e-20
   53  127    3.707039e-13    1.071743e-19
   53  128    1.623771e-15   -2.891478e-19
   53  129    2.066548e-15    1.459393e-29
   53  130    2.190377e-18   -1.314296e-23
   53  131    5.000797e-19    1.974078e-32
   53  132    1.792047e-22    1.493230e-33
   53  133    1.239593e-23    6.729705e-37
   53  134    2.079184e-27    0.000000e+00
   53  135    8.013616e-26    0.000000e+00
   54  118    6.015634e-27   -7.044594e-30
   54  119    5.287286e-25   -4.056595e-28
   54  120    1.380299e-20   -1.535574e-24
   54  121    1.029300e-19   -1.142243e-23
   54  122    3.090993e-16   -1.140564e-21
   54  123    3.956135e-16   -1.410639e-20
   54  124    5.733133e-13   -8.279884e-27
   54  125    1.144052e-13   -5.020799e-19
   54  126    2.803843e-11   -2.649563e-25
   54  127    1.260470e-12   -1.071741e-19
   54  128    4.817887e-11   -2.391069e-25
   54  129    5.241360e-13    2.602105e-25
   54  130    3.994479e-12   -5.654555e-27
   54  131    1.053177e-14    1.125231e-26
   54  132    2.080039e-14    5.679799e-29
   54  133    1.639466e-17    2.628817e-29
   54  134    1.669827e-17    3.389637e-32
   54  135    5.767322e-21    1.007427e-32
   54  136    1.470157e-19    0.000000e+00
   55  121    4.145794e-28   -3.354148e-41
   55  122    1.430138e-25   -2.468079e-38
   55  123    2.966474e-21   -3.362854e-34
   55  124    2.834176e-20   -2.196764e-33
   55  125    1.925269e-16   -8.923989e-30
   55  126    2.104759e-16   -6.582058e-30
   55  127    1.808658e-13   -6.992463e-27
   55  128    3.956372e-14    1.905888e-27
   55  129    3.208582e-12   -9.168457e-26
   55  130    1.667343e-13    8.933692e-26
   55  131    2.112922e-12   -3.513902e-26
   55  132    2.722322e-14    4.153826e-26
   55  133    1.071746e-13   -3.786532e-28
   55  134    5.989497e-16    1.181812e-27
   55  135    3.472030e-16    7.592786e-30
   55  136    7.981922e-19    1.660922e-30
   55  137    1.104987e-19    3.274081e-33
   55  138    6.585519e-27    0.000000e+00
   56  122    5.421858e-30   -4.133830e-44
   56  123    8.723518e-29   -8.732892e-42
   56  124    6.744794e-24   -2.071809e-37
   56  125    7.260557e-23   -9.521504e-36
   56  126    6.080397e-18   -1.710226e-31
   56  127    1.739985e-17   -9.182834e-31
   56  128    7.483855e-14   -1.312665e-27
   56  129    3.717984e-14   -9.340113e-28
   56  130    2.768316e-11   -3.618915e-25
   56  131    3.132397e-12    2.758615e-25
   56  132    2.432698e-10   -1.964554e-24
   56  133    8.104328e-12    1.908008e-24
   56  134    1.848403e-10   -6.203855e-25
   56  135    1.898341e-12    7.379194e-25
   56  136    1.723634e-11   -1.292470e-26
   56  137    8.062217e-14    3.067091e-26
   56  138    1.084957e-12    0.000000e+00
   56  139    5.118766e-19    1.115802e-28
   56  140    3.889843e-24    2.256516e-34
   57  126    1.857751e-29   -3.730257e-42
   57  127    2.354969e-24   -3.353832e-37
   57  128    6.623141e-23   -1.217812e-35
   57  129    2.093537e-18   -1.521485e-31
   57  130    5.753868e-18   -1.299618e-30
   57  131    2.004399e-14   -1.224312e-27
   57  132    7.782866e-15    5.001378e-28
   57  133    3.271651e-12   -1.672133e-25
   57  134    6.799500e-13    1.288431e-25
   57  135    2.324729e-11   -6.171543e-25
   57  136    1.644221e-12    5.967575e-25
   57  137    9.804595e-12   -6.139231e-26
   57  138    3.741624e-13    1.143533e-25
   57  139    8.821343e-13    3.736045e-27
   57  140    4.670426e-18    1.059893e-27
   57  141    1.648635e-22    1.596658e-32
   57  142    5.577397e-28    0.000000e+00
   58  128    8.280196e-27   -5.022254e-41
   58  129    3.894073e-26   -5.424034e-39
   58  130    1.720343e-21   -6.733232e-35
   58  131    1.277451e-20   -1.515165e-33
   58  132    3.535289e-17   -1.072358e-30
   58  133    4.918631e-17   -2.539146e-30
   58  134    7.990976e-14   -1.716561e-27
   58  135    3.739711e-14    3.534097e-28
   58  136    6.682196e-12   -6.866245e-26
   58  137    7.140046e-13    5.291048e-26
   58  138    4.636120e-11   -2.197199e-25
   58  139    2.729793e-12    2.209315e-25
   58  140    3.671706e-11    0.000000e+00
   58  141    4.911868e-16    1.450814e-26
   58  142    1.140323e-19    1.003674e-30
   58  143    9.618686e-25    7.483142e-35
   58  144    3.203190e-29    0.000000e+00
   59  131    6.512192e-29   -1.502192e-42
   59  132    6.188497e-27   -1.460041e-39
   59  133    1.010890e-22   -1.043839e-35
   59  134    1.043694e-21   -2.407412e-34
   59  135    6.345157e-18   -5.685345e-31
   59  136    1.131982e-17   -6.794681e-31
   59  137    9.020103e-15   -5.458917e-28
   59  138    4.244223e-15    2.145702e-28
   59  139    7.218573e-13   -2.170945e-26
   59  140    2.893731e-13    1.403541e-26
   59  141    7.031157e-12   -2.181043e-26
   59  142    9.411858e-16    3.006329e-26
   59  143    8.730454e-19    1.130733e-29
   59  144    4.978955e-23    5.992088e-33
   59  145    1.125202e-26    0.000000e+00
   59  146    9.157497e-30    0.000000e+00
   60  133    3.042443e-30   -9.143472e-44
   60  134    2.225792e-26   -1.314396e-39
   60  135    3.880157e-25   -5.937165e-38
   60  136    8.360171e-21   -3.836814e-34
   60  137    5.057954e-20   -3.701397e-33
   60  138    1.758281e-16   -6.236932e-30
   60  139    2.805339e-16   -9.219812e-30
   60  140    3.067493e-13   -3.029226e-27
   60  141    2.116532e-13   -3.281661e-28
   60  142    3.649267e-11   -5.169879e-26
   60  143    1.014493e-14    5.305721e-26
   60  144    6.781310e-17    7.665509e-29
   60  145    8.416531e-21    1.349159e-31
   60  146    8.643820e-24    6.709575e-35
   60  147    2.106020e-28    0.000000e+00
   61  137    7.087066e-28   -3.318275e-42
   61  138    7.076411e-26   -2.376243e-38
   61  139    7.676176e-22   -1.001521e-34
   61  140    8.536267e-21   -1.090859e-33
   61  141    7.667583e-17   -4.757817e-30
   61  142    5.072611e-16   -2.287697e-29
   61  143    3.663000e-13   -4.695300e-27
   61  144    7.935223e-16    4.705654e-27
   61  145    3.547435e-17    2.833120e-29
   61  146    3.166384e-20    6.495500e-31
   61  147    2.068440e-22    2.936808e-33
   61  148    4.479239e-26    0.000000e+00
   61  149    1.117956e-26    0.000000e+00
   62  138    7.598352e-30    0.000000e+00
   62  139    1.115748e-27   -1.675280e-40
   62  140    1.310001e-22   -1.027382e-35
   62  141    2.459636e-21   -2.516498e-34
   62  142    1.995904e-16   -5.398767e-30
   62  143    2.384754e-15   -8.361926e-29
   62  144    1.752605e-11   -6.785466e-26
   62  145    8.033565e-14    6.650413e-26
   62  146    6.040213e-14    1.123338e-27
   62  147    8.777111e-17    3.036621e-28
   62  148    2.084294e-17    1.999886e-30
   62  149    6.556568e-21    9.972179e-32
   62  150    6.234704e-23    1.207115e-34
   62  151    1.060963e-26    0.000000e+00
   62  152    4.306447e-26    0.000000e+00
   62  153    7.587265e-30    0.000000e+00
   63  142    7.762704e-28   -1.422374e-40
   63  143    2.501726e-22   -2.487346e-35
   63  144    6.542181e-20   -6.415754e-33
   63  145    2.798443e-15   -8.835242e-29
   63  146    8.587038e-17    8.165943e-29
   63  147    6.827878e-17    3.771741e-30
   63  148    1.066296e-18    2.730391e-30
   63  149    2.473166e-16   -1.000867e-29
   63  150    3.650743e-19    1.009780e-29
   63  151    2.364422e-20    2.107690e-32
   63  152    2.972087e-23    9.163801e-34
   63  153    7.404626e-24    2.708045e-36
   63  154    9.261206e-27    0.000000e+00
   63  155    2.014001e-26    0.000000e+00
   63  156    2.305052e-30    0.000000e+00
   64  143    1.216026e-27   -1.981997e-40
   64  144    1.589704e-21   -1.000581e-34
   64  145    5.136963e-19   -3.062229e-32
   64  146    1.866204e-13   -1.565100e-27
   64  147    1.089028e-14    1.159626e-27
   64  148    6.013169e-16    3.979803e-28
   64  149    5.788318e-16   -2.198950e-29
   64  150    8.882109e-14   -1.034986e-27
   64  151    3.191373e-16    1.048593e-27
   64  152    6.719138e-16    6.902533e-30
   64  153    1.697304e-18    7.220119e-30
   64  154    1.940667e-18    6.278532e-32
   64  155    4.936022e-21    2.235132e-32
   64  156    5.753225e-22    1.752897e-34
   64  157    6.936762e-25    5.465681e-36
   64  158    6.356895e-27    0.000000e+00
   64  159    6.169818e-29    0.000000e+00
   65  146    1.742974e-26   -4.422453e-39
   65  147    5.453278e-21   -3.332762e-34
   65  148    3.346672e-21   -1.177375e-34
   65  149    4.361628e-23    4.331403e-34
   65  150    1.573596e-20   -2.079402e-33
   65  151    1.723074e-17   -1.167884e-30
   65  152    2.221609e-19    1.142606e-30
   65  153    1.623813e-15   -1.238512e-28
   65  154    2.153236e-17    1.170133e-28
   65  155    1.864426e-16   -2.736361e-30
   65  156    1.849410e-18    9.400849e-30
   65  157    1.016649e-18    1.471410e-31
   65  158    4.558362e-21    3.560262e-32
   65  159    2.110779e-22    2.952372e-34
   65  160    2.269423e-25    4.958336e-36
   65  161    4.158955e-27    0.000000e+00
   65  162    1.726725e-29    0.000000e+00
   66  147    4.182565e-28   -3.641134e-41
   66  148    3.071569e-21   -5.755220e-35
   66  149    9.254967e-22    5.661181e-35
   66  150    4.132578e-26   -9.470536e-40
   66  151    9.231622e-24   -8.390091e-37
   66  152    4.144130e-17   -8.997945e-31
   66  153    2.875231e-17   -1.540744e-30
   66  154    1.808394e-13   -4.468108e-27
   66  155    5.027561e-15    4.082355e-27
   66  156    3.300024e-13   -6.866245e-27
   66  157    6.757712e-15    6.859934e-27
   66  158    1.440786e-14    9.466331e-29
   66  159    1.191358e-16    2.997671e-28
   66  160    2.711346e-17    4.172335e-30
   66  161    6.290592e-20    3.188377e-31
   66  162    1.444396e-21    1.590397e-33
   66  163    1.004425e-24    1.185578e-35
   66  164    2.996622e-27    0.000000e+00
   67  153    1.057704e-22   -1.307150e-35
   67  154    1.760017e-20   -2.855793e-33
   67  155    2.123106e-16   -2.137320e-29
   67  156    9.132943e-18    2.035477e-29
   67  157    4.725493e-14   -4.038968e-27
   67  158    2.368507e-15    3.766811e-27
   67  159    5.034302e-14   -3.193309e-27
   67  160    7.739112e-16    3.392792e-27
   67  161    1.476798e-15    1.972152e-31
   67  162    7.717225e-18    7.354587e-29
   67  163    1.385545e-18    4.560602e-31
   67  164    3.812911e-21    4.944449e-32
   67  165    8.028907e-23    1.672258e-34
   67  166    3.713640e-26    0.000000e+00
   67  167    4.040712e-28    0.000000e+00
   68  151    4.679648e-30   -8.407791e-45
   68  154    1.409943e-26   -5.854513e-40
   68  155    1.649429e-22   -1.918407e-35
   68  156    6.240738e-16   -1.410089e-29
   68  157    2.061785e-16   -1.587583e-29
   68  158    2.362946e-12   -1.280353e-25
   68  159    2.519367e-13    1.079919e-25
   68  160    8.159271e-12   -2.148731e-25
   68  161    4.357839e-13    2.083098e-25
   68  162    1.857894e-12   -1.252080e-26
   68  163    2.937405e-14    3.734783e-26
   68  164    1.651513e-14    1.098094e-27
   68  165    8.356824e-17    2.917676e-28
   68  166    8.057639e-18    2.717872e-30
   68  167    1.060749e-20    7.158742e-32
   68  168    6.812622e-23    2.304086e-34
   68  169    1.502046e-26    0.000000e+00
   68  170    5.481647e-29    0.000000e+00
   69  155    1.779844e-30   -1.261169e-44
   69  156    5.343474e-26   -1.610565e-38
   69  157    1.760352e-21   -3.667542e-34
   69  158    3.671183e-18   -4.067564e-31
   69  159    1.373010e-16   -1.811915e-29
   69  160    1.083784e-16    6.015064e-30
   69  161    8.839212e-14   -6.563323e-27
   69  162    8.947322e-15    5.897524e-27
   69  163    4.525245e-13   -2.726303e-26
   69  164    1.203918e-14    2.575473e-26
   69  165    5.966597e-14   -3.912750e-28
   69  166    6.561324e-16    2.557684e-27
   69  167    3.885575e-16    3.342798e-29
   69  168    2.039748e-18    1.036458e-29
   69  169    7.560904e-20    9.279371e-32
   69  170    9.801901e-23    1.251467e-33
   69  171    3.730169e-25    2.383177e-36
   69  172    1.025699e-28    0.000000e+00
   69  173    3.983477e-28    0.000000e+00
   70  157    2.748698e-26   -1.320135e-40
   70  158    9.593178e-26   -4.752487e-39
   70  159    6.632891e-23   -1.060296e-35
   70  160    1.226255e-16   -6.951837e-30
   70  161    4.748952e-16   -3.835836e-29
   70  162    4.875366e-13   -2.423381e-26
   70  163    1.456682e-13    1.294994e-26
   70  164    1.738329e-11   -6.430037e-25
   70  165    1.888220e-12    5.282970e-25
   70  166    1.956495e-11   -3.748162e-25
   70  167    7.157818e-13    4.650871e-25
   70  168    1.175810e-12    1.575197e-26
   70  169    1.232571e-14    2.068393e-26
   70  170    1.616439e-15    4.196740e-28
   70  171    4.933176e-18    2.141865e-29
   70  172    8.610965e-20    8.636592e-32
   70  173    6.628056e-23    6.207198e-34
   70  174    1.478558e-25    9.431735e-37
   70  175    1.282044e-29    0.000000e+00
   71  161    8.119988e-25   -8.292745e-38
   71  162    4.685402e-24   -9.279059e-37
   71  163    1.553438e-18   -1.303855e-31
   71  164    1.728908e-18   -1.531114e-31
   71  165    1.537353e-15   -1.072851e-28
   71  166    2.580931e-16    8.504907e-29
   71  167    2.954914e-13   -2.711157e-26
   71  168    3.286314e-14    2.463770e-26
   71  169    5.691066e-13   -2.685914e-26
   71  170    9.696659e-15    2.879973e-26
   71  171    2.261668e-14   -3.250107e-28
   71  172    1.868475e-16    8.902788e-28
   71  173    1.666062e-17    8.985619e-30
   71  174    4.403863e-20    4.956922e-31
   71  175    9.465642e-22    1.445388e-33
   71  176    5.062572e-25    1.766483e-35
   71  177    1.256321e-26    0.000000e+00
   72  161    4.071363e-29   -6.053609e-43
   72  162    2.337412e-30   -1.050974e-45
   72  163    1.686649e-26   -2.938736e-39
   72  164    1.087827e-19   -6.909274e-33
   72  165    2.354659e-19   -1.415559e-32
   72  166    1.463185e-14   -8.077936e-28
   72  167    8.840504e-15    1.183291e-28
   72  168    4.648926e-12   -1.987172e-25
   72  169    9.526548e-13    1.375269e-25
   72  170    3.913717e-11   -1.156760e-24
   72  171    2.710245e-12    1.073558e-24
   72  172    6.797623e-12   -9.693523e-27
   72  173    1.464502e-13    1.485835e-25
   72  174    4.163987e-14    4.285092e-27
   72  175    2.056228e-16    6.252216e-28
   72  176    7.216749e-18    5.836338e-30
   72  177    7.352259e-21    7.250223e-32
   72  178    2.799516e-23    1.504574e-34
   72  179    9.917582e-27    0.000000e+00
   72  180    8.572141e-26    0.000000e+00
   73  165    1.578311e-29   -1.681558e-44
   73  166    1.898661e-30   -1.730604e-43
   73  167    7.798898e-23   -8.146176e-36
   73  168    1.135257e-22   -1.481123e-36
   73  169    3.461159e-18   -2.522968e-31
   73  170    9.151866e-18   -4.529787e-31
   73  171    1.348788e-14   -1.150159e-27
   73  172    7.975530e-16    1.097897e-27
   73  173    1.297780e-13   -9.516818e-27
   73  174    1.293798e-15    9.501238e-27
   73  175    2.330272e-13   -9.542062e-27
   73  176    1.718093e-15    9.412097e-27
   73  177    5.306787e-16    1.783812e-28
   73  178    1.787861e-19    6.727562e-30
   73  179    3.346726e-18   -7.973350e-32
   73  180    5.676213e-21    8.517350e-32
   73  181    4.171547e-23    1.762301e-34
   73  182    1.060495e-26    0.000000e+00
   73  183    4.944446e-29    0.000000e+00
   74  168    4.413858e-26   -2.887078e-39
   74  169    9.208881e-23   -1.092034e-35
   74  170    2.885793e-18   -1.637040e-31
   74  171    1.940215e-17   -1.916685e-30
   74  172    6.467205e-14   -2.991361e-27
   74  173    4.160497e-14   -9.718766e-28
   74  174    4.788896e-12   -1.785224e-25
   74  175    7.168194e-13    1.449989e-25
   74  176    1.135663e-11   -2.843433e-25
   74  177    3.392499e-13    2.915125e-25
   74  178    7.355803e-13    1.635782e-26
   74  179    8.697572e-15    1.330966e-26
   74  180    1.640212e-15    3.070641e-28
   74  181    6.573244e-18    2.043643e-29
   74  182    1.843949e-19    1.930263e-31
   74  183    9.161698e-23    1.325664e-33
   74  184    1.141927e-25    1.075095e-36
   74  185    2.975194e-29    0.000000e+00
   75  171    1.509227e-29   -1.401298e-44
   75  172    5.227763e-26   -6.818786e-39
   75  173    2.336073e-20   -1.691207e-33
   75  174    2.886378e-19   -3.380007e-32
   75  175    5.204894e-16   -3.323077e-29
   75  176    2.271723e-16   -2.169367e-30
   75  177    3.551150e-14   -2.606396e-27
   75  178    2.656072e-15    2.387093e-27
   75  179    6.948609e-14   -4.076833e-27
   75  180    2.790019e-15    4.038179e-27
   75  181    8.232287e-15   -9.466331e-30
   75  182    9.089318e-17    2.983990e-28
   75  183    1.831877e-17    5.435745e-30
   75  184    2.677150e-20    4.344477e-31
   75  185    1.579604e-22    7.923067e-34
   75  186    9.152273e-26    0.000000e+00
   75  187    1.744382e-27    0.000000e+00
   75  188    6.732355e-30    0.000000e+00
   76  174    1.563102e-29   -8.968310e-43
   76  175    1.354578e-24   -9.367221e-38
   76  176    2.861682e-20   -1.432410e-33
   76  177    1.907435e-18   -1.151706e-31
   76  178    1.645207e-14   -6.878867e-28
   76  179    1.345994e-14   -4.733165e-29
   76  180    4.199147e-12   -1.244002e-25
   76  181    3.588282e-13    1.074365e-25
   76  182    1.048531e-11   -2.019484e-25
   76  183    3.290099e-13    2.063913e-25
   76  184    2.362460e-13    1.085473e-26
   76  185    9.770773e-16    3.328993e-27
   76  186    3.945268e-17    2.356106e-29
   76  187    4.635935e-20    4.483685e-31
   76  188    3.602616e-22    8.288176e-34
   76  189    1.054328e-25    2.281768e-36
   76  190    9.005219e-27    0.000000e+00
   77  178    2.076405e-30   -2.375201e-43
   77  179    1.036693e-23   -8.154992e-37
   77  180    2.152403e-20   -2.380329e-33
   77  181    5.373241e-16   -3.283634e-29
   77  182    3.441247e-16   -2.465190e-30
   77  183    7.027514e-14   -3.786532e-27
   77  184    5.270363e-15    3.360547e-27
   77  185    4.239383e-14   -1.337908e-27
   77  186    2.669615e-16    1.773655e-27
   77  187    7.029470e-17    1.766309e-29
   77  188    3.026286e-19    2.306975e-30
   77  189    2.224389e-20    1.299702e-32
   77  190    3.369982e-23    5.295955e-34
   77  191    4.417465e-25    1.635315e-36
   77  192    2.557749e-28    0.000000e+00
   77  193    2.682726e-26    0.000000e+00
   78  181    6.193920e-29   -3.979688e-42
   78  182    1.007510e-21   -4.796017e-35
   78  183    3.087687e-19   -1.863337e-32
   78  184    1.182700e-14   -4.417621e-28
   78  185    1.202672e-14   -2.650573e-28
   78  186    1.865239e-12   -4.725592e-26
   78  187    3.442880e-14    4.663115e-26
   78  188    2.551601e-13   -5.099197e-27
   78  189    3.466705e-15    6.392140e-27
   78  190    1.687597e-15    1.283871e-28
   78  191    7.517918e-18    2.716794e-29
   78  192    6.986871e-19    2.561487e-31
   78  193    1.238640e-21    7.670806e-33
   78  194    2.598189e-23    2.604014e-35
   78  195    1.453748e-26    0.000000e+00
   78  196    9.270997e-26    0.000000e+00
   78  197    1.559843e-29    0.000000e+00
   79  185    9.454376e-22   -9.328723e-35
   79  186    1.012537e-19   -6.656495e-33
   79  187    5.262731e-16   -3.046975e-29
   79  188    2.753881e-17    2.880267e-29
   79  189    1.155954e-14   -6.247778e-28
   79  190    8.397812e-16    5.789253e-28
   79  191    7.962336e-15   -2.445469e-28
   79  192    1.031260e-16    2.875151e-28
   79  193    7.158640e-17    3.586852e-30
   79  194    5.151590e-19    1.975137e-30
   79  195    7.239061e-20    1.990930e-32
   79  196    2.014841e-22    1.207867e-33
   79  197    4.378109e-24    5.754045e-36
   79  198    4.441581e-27    0.000000e+00
   79  199    2.746898e-27    0.000000e+00
   79  200    1.257138e-28    0.000000e+00
   80  186    9.838382e-27   -5.180096e-40
   80  187    4.538827e-23   -3.438321e-36
   80  188    1.498925e-15   -6.251723e-29
   80  189    1.114453e-14   -5.837571e-28
   80  190    1.140124e-11   -3.618915e-25
   80  191    1.652540e-12    2.350679e-25
   80  192    2.965818e-11   -5.169879e-25
   80  193    1.499034e-12    5.801977e-25
   80  194    4.054464e-12    4.846761e-27
   80  195    6.644393e-14    5.776986e-26
   80  196    3.718068e-14    1.363152e-27
   80  197    2.454203e-16    2.795526e-28
   80  198    2.996631e-17    3.124629e-30
   80  199    6.731736e-20    1.249447e-31
   80  200    1.448900e-21    3.616761e-34
   80  201    7.154811e-25    2.853513e-36
   80  202    1.637906e-27    0.000000e+00
   80  203    3.228890e-28    0.000000e+00
   81  188    3.272684e-27   -2.353285e-40
   81  189    1.192202e-21   -7.203429e-35
   81  190    7.772745e-19   -8.454832e-32
   81  191    8.647470e-15   -4.654279e-28
   81  192    6.849371e-15   -1.995818e-28
   81  193    1.908342e-13   -7.194411e-27
   81  194    6.277601e-14    4.228294e-27
   81  195    8.840377e-13   -2.100263e-26
   81  196    6.477385e-14    2.160848e-26
   81  197    8.392610e-14    1.539856e-27
   81  198    2.253149e-15    1.398650e-27
   81  199    9.855119e-16    6.291166e-29
   81  200    9.745728e-18    8.543425e-30
   81  201    8.054904e-19    1.590818e-31
   81  202    2.561772e-21    2.944566e-33
   81  203    5.151467e-23    1.807323e-35
   81  204    5.362711e-26    0.000000e+00
   81  205    6.581856e-28    0.000000e+00
   81  206    4.357080e-27    0.000000e+00
   82  189    7.999119e-30    0.000000e+00
   82  191    1.684871e-28   -1.123281e-41
   82  192    8.206592e-19   -3.042969e-32
   82  193    5.496788e-18   -2.935117e-31
   82  194    3.959324e-13   -9.945958e-27
   82  195    1.688156e-13    2.221432e-27
   82  196    3.410475e-11   -4.782138e-25
   82  197    4.663554e-12    3.513902e-25
   82  198    5.823574e-11   -3.489668e-25
   82  199    2.014437e-12    4.426709e-25
   82  200    7.911765e-12    1.615587e-27
   82  201    1.712526e-13    3.677985e-26
   82  202    8.492508e-14    1.451504e-27
   82  203    7.173534e-16    1.940598e-28
   82  204    7.732340e-17    3.007532e-30
   82  205    2.443109e-19    9.663353e-32
   82  206    6.098503e-21    3.430563e-34
   82  207    4.973573e-24    3.063632e-36
   83  194    1.093893e-30   -1.354005e-43
   83  195    4.760678e-24   -3.100366e-37
   83  196    5.604898e-21   -3.596072e-34
   83  197    5.464324e-17   -3.069162e-30
   83  198    3.354745e-17   -4.930381e-32
   83  199    4.590176e-15   -1.956375e-28
   83  200    1.088462e-15    1.277955e-28
   83  201    1.063529e-14   -2.287697e-28
   83  202    6.051578e-16    2.775804e-28
   83  203    1.124894e-15    3.155444e-30
   83  204    2.877459e-17    1.794042e-29
   83  205    6.841241e-18    4.637639e-31
   83  206    5.125462e-20    5.067603e-32
   83  207    2.512579e-21    3.250007e-34
   83  208    4.890846e-24    7.666427e-36
   83  209    1.843923e-26    0.000000e+00
   84  199    1.023890e-30    0.000000e+00
   84  200    6.500097e-29    0.000000e+00
   84  201    3.597241e-27    0.000000e+00
   84  202    8.904105e-26    0.000000e+00
   84  203    8.235696e-26    0.000000e+00
   84  204    1.147281e-25    0.000000e+00
   84  205    7.814446e-27    0.000000e+00
   84  206    2.899681e-27    0.000000e+00
   84  207    6.175954e-30    0.000000e+00
   84  208    2.834766e-30    0.000000e+00
    0    1    8.084164e-26   -1.741610e-26
    1    1    3.822384e-21   -6.788396e-22
    2    4    2.675155e-11   -7.499421e-19
