1.1590e+00
3.4511e-02
1.5074e+00
7.1186e+04
    1    3    1.831873e-25    1.772192e-32
    2    3    1.239779e-22   -3.511745e-29
    3    6    2.627823e-26    8.511791e-31
    4    8    1.718484e-07    0.000000e+00
    4   10    4.906633e-30   -1.010283e-34
    5   10    2.047707e-24   -6.898392e-30
    5   11    3.411585e-18    1.261277e-20
    6   11    6.446348e-16   -1.279040e-20
    6   12    1.443901e-06   -1.451171e-14
    6   13    1.017798e-16   -3.971843e-20
    6   14    5.994048e-13   -2.004027e-21
    7   13    1.009120e-22   -3.353613e-23
    7   14    8.828260e-09   -4.030024e-21
    7   15    2.960319e-06    3.170166e-12
    7   16    3.140231e-25   -7.379415e-26
    7   17    5.397726e-30   -3.096434e-32
    8   14    1.631834e-30   -4.900230e-31
    8   15    1.614285e-08   -3.170409e-12
    8   16    4.657514e-02   -1.066508e-14
    8   17    2.603604e-13   -2.091365e-17
    8   18    7.761645e-14    9.804944e-21
    8   19    2.615360e-27   -4.897658e-29
    9   17    3.075077e-22   -1.716003e-22
    9   18    3.280653e-15   -1.194187e-20
    9   19    1.466377e-12    2.702125e-18
    9   20    3.250212e-19   -6.961696e-22
    9   21    4.832537e-24   -2.778841e-26
   10   18    4.423520e-29   -7.114026e-31
   10   19    1.943929e-15   -2.701688e-18
   10   20    1.381293e-03   -6.448835e-16
   10   21    5.540611e-09    4.525086e-17
   10   22    6.058040e-12    4.179385e-21
   10   23    3.019983e-21   -1.951349e-24
   10   24    5.516301e-23   -6.507106e-27
   11   21    8.991868e-18   -2.352702e-18
   11   22    4.544900e-11    2.976376e-20
   11   23    2.936943e-09    2.805077e-13
   11   24    9.304882e-14   -4.129332e-20
   11   25    3.323005e-18   -1.333731e-21
   11   26    1.618768e-27   -3.616413e-29
   12   22    9.435771e-18   -5.847515e-20
   12   23    1.319841e-10   -2.793761e-13
   12   24    2.199568e-03   -1.814347e-14
   12   25    1.917501e-07    2.974150e-16
   12   26    2.523282e-08    2.953032e-12
   12   27    4.295555e-15   -1.809736e-19
   12   28    2.123701e-18   -6.799651e-25
   13   24    5.188397e-27   -1.798431e-27
   13   25    5.651619e-18   -1.567419e-18
   13   26    4.096949e-08   -2.953079e-12
   13   27    1.167058e-06    1.433863e-10
   13   28    1.797003e-10   -3.189791e-14
   13   29    5.879636e-15   -3.551521e-19
   13   30    9.967790e-24   -6.615838e-26
   13   31    5.954548e-29   -2.211798e-30
   14   26    2.510011e-16   -2.716829e-18
   14   27    2.493470e-08   -1.433801e-10
   14   28    3.959763e-03    5.105118e-14
   14   29    1.894875e-05    3.255046e-16
   14   30    1.024623e-04    6.225441e-11
   14   31    1.041906e-10   -2.446297e-16
   14   32    2.230587e-13    3.891750e-22
   14   33    2.224058e-25   -1.111390e-27
   14   34    7.343044e-29   -6.341293e-31
   15   28    2.942108e-24   -9.596861e-25
   15   29    2.774172e-16   -2.409238e-17
   15   30    3.903746e-07   -6.225443e-11
   15   31    5.432203e-05    2.717105e-11
   15   32    3.842279e-09   -7.211525e-17
   15   33    2.696537e-09   -2.746709e-17
   15   34    2.026213e-16   -3.907378e-19
   15   35    3.074242e-20   -1.551453e-23
   16   30    1.998622e-17   -4.051840e-19
   16   31    2.930418e-09   -2.716986e-11
   16   32    9.859372e-04    2.402809e-15
   16   33    1.798160e-05    2.875506e-14
   16   34    4.002280e-04    7.993930e-13
   16   35    3.869878e-09    2.855908e-17
   16   36    4.786719e-10    7.988600e-20
   16   37    2.134283e-22   -1.039705e-24
   16   38    9.141630e-25   -2.146598e-30
   17   32    1.972123e-25   -3.860095e-26
   17   33    2.993524e-12   -2.852908e-14
   17   34    1.619321e-10   -8.051876e-13
   17   35    9.373057e-06    7.007239e-15
   17   36    1.683226e-08    2.521759e-18
   17   37    2.510522e-08    8.076676e-15
   17   38    4.743010e-16   -3.764229e-21
   17   39    2.601769e-19   -1.852200e-24
   17   40    9.312219e-28   -2.636324e-31
   18   34    1.094962e-19   -3.113584e-21
   18   35    9.292361e-14   -1.248784e-15
   18   36    5.864227e-05    1.735401e-17
   18   37    1.019486e-06   -8.069189e-15
   18   38    1.969409e-04    2.676949e-14
   18   39    4.860711e-10    2.178382e-17
   18   40    4.173673e-11    1.352311e-22
   18   41    8.159576e-18   -2.769637e-23
   18   42    2.499023e-19   -4.371957e-30
   18   43    1.009886e-27   -6.757835e-32
   18   44    6.623364e-30   -2.224636e-34
   19   37    3.875587e-21   -1.340422e-21
   19   38    1.982546e-11   -2.820330e-14
   19   39    4.856427e-06    1.487237e-15
   19   40    1.896798e-09    1.931350e-18
   19   41    3.032788e-10    5.321744e-20
   19   42    3.198301e-14   -1.696701e-20
   19   43    1.361401e-15   -4.074907e-22
   19   44    2.419374e-20   -4.340285e-25
   19   45    3.322721e-23   -7.442087e-28
   19   46    5.338408e-29   -1.110151e-32
   20   38    2.096357e-26   -1.146643e-27
   20   39    2.197378e-15   -6.112052e-17
   20   40    1.314834e-05    2.795209e-19
   20   41    1.302697e-07    2.217559e-18
   20   42    3.124339e-06    1.075842e-16
   20   43    6.623377e-09    1.134104e-16
   20   44    3.381544e-09    3.905940e-16
   20   45    7.116547e-13   -1.869971e-22
   20   46    1.021918e-13    5.792240e-20
   20   47    7.624432e-18   -4.464178e-25
   20   48    5.810466e-20    2.076526e-30
   20   49    6.339949e-30   -8.358448e-35
   21   41    4.570335e-24   -2.153792e-24
   21   42    2.004581e-16   -6.028903e-18
   21   43    6.544190e-11   -2.141923e-16
   21   44    3.032169e-10   -3.905176e-16
   21   45    2.030967e-09    1.583141e-15
   21   46    1.752747e-11   -1.096634e-19
   21   47    2.261094e-12   -1.868568e-19
   21   48    3.350198e-15   -5.080089e-22
   21   49    3.244627e-17   -2.261502e-22
   21   50    5.848101e-25   -1.357361e-28
   22   43    2.762974e-22   -1.322402e-23
   22   44    2.645122e-09   -5.094316e-20
   22   45    7.338011e-10   -1.583124e-15
   22   46    3.828588e-07    3.282973e-17
   22   47    2.523143e-08    6.687733e-16
   22   48    2.885507e-08    2.575890e-17
   22   49    1.079871e-10    8.597459e-18
   22   50    4.215023e-11    5.953762e-23
   22   51    1.277572e-17   -8.735056e-22
   22   52    8.494294e-22   -1.992059e-25
   23   45    1.129070e-20   -6.759061e-22
   23   46    5.049828e-16   -2.860465e-17
   23   47    5.465010e-11   -6.728588e-16
   23   48    1.483550e-09   -2.610845e-18
   23   49    1.020227e-08    2.716639e-15
   23   50    2.527585e-10    1.530796e-20
   23   51    1.897463e-09    5.628821e-16
   23   52    6.273724e-14   -6.667285e-18
   23   53    6.609025e-17   -1.646822e-20
   23   54    7.016311e-25   -3.293855e-28
   23   55    1.856761e-29   -6.833161e-32
   24   46    5.103608e-28   -4.695908e-29
   24   47    2.117273e-21   -1.101085e-22
   24   48    7.519470e-11   -2.313370e-17
   24   49    2.870838e-10   -2.725165e-15
   24   50    2.473866e-07    1.054609e-18
   24   51    5.630821e-08   -1.701180e-16
   24   52    2.559423e-06    4.529327e-16
   24   53    2.460579e-09    9.186507e-19
   24   54    2.166696e-10    7.039965e-18
   24   55    3.588654e-17   -4.050585e-21
   24   56    1.884846e-20   -1.273648e-24
   24   57    6.915126e-30   -7.230495e-33
   25   49    4.890614e-26   -1.547049e-26
   25   50    2.610810e-17   -8.232008e-19
   25   51    4.548233e-11   -3.931576e-16
   25   52    1.265502e-09   -4.458165e-16
   25   53    3.029918e-07    3.641093e-15
   25   54    7.926014e-09   -6.489401e-18
   25   55    7.673072e-09    2.307961e-16
   25   56    1.472863e-13   -3.691274e-19
   25   57    3.715287e-16   -9.874873e-20
   25   58    2.617538e-23   -2.086159e-25
   25   59    3.279799e-27   -1.705568e-29
   26   51    5.669557e-23   -5.535582e-24
   26   52    3.238738e-12   -2.602483e-18
   26   53    7.770452e-11   -3.640373e-15
   26   54    3.272634e-06    1.157471e-18
   26   55    8.212623e-07   -1.434402e-16
   26   56    1.546045e-05   -8.436448e-19
   26   57    8.670790e-09    1.530487e-16
   26   58    2.780425e-09    8.596841e-18
   26   59    3.200685e-15    1.058406e-21
   26   60    1.899415e-17    1.695663e-27
   26   61    3.729965e-26   -1.038962e-30
   26   62    2.756555e-29   -9.696987e-33
   27   53    6.500508e-29   -2.488560e-29
   27   54    2.475988e-18   -7.839396e-20
   27   55    2.266448e-10   -9.010096e-17
   27   56    1.252418e-09   -3.957673e-18
   27   57    1.429968e-07   -1.277173e-16
   27   58    2.192927e-09   -8.253501e-18
   27   59    8.155040e-09    5.708373e-20
   27   60    6.067304e-13   -1.098720e-18
   27   61    2.467628e-14   -9.937275e-20
   27   62    1.162081e-20   -1.272260e-24
   27   63    3.536384e-23   -3.076141e-26
   28   55    6.532357e-25   -8.267851e-26
   28   56    1.460100e-11   -6.629451e-19
   28   57    9.715235e-11   -1.793870e-17
   28   58    2.411183e-07   -2.101171e-19
   28   59    3.921308e-08    2.015806e-19
   28   60    3.501521e-06    2.115465e-18
   28   61    4.325302e-09    4.382250e-17
   28   62    1.293584e-08    1.311009e-16
   28   63    9.411650e-14    1.451399e-20
   28   64    2.599089e-12    1.383972e-20
   28   65    2.899582e-19   -1.271449e-25
   28   66    5.501963e-21   -6.694665e-28
   28   67    2.279994e-29   -2.987763e-32
   29   58    6.173577e-24   -6.304422e-25
   29   59    1.842158e-17   -8.152232e-20
   29   60    9.159772e-15   -2.070871e-19
   29   61    2.049777e-11   -4.448460e-17
   29   62    3.202921e-12   -1.309897e-16
   29   63    1.022153e-10    6.189924e-19
   29   64    6.452215e-14   -2.701953e-20
   29   65    1.618933e-11    2.669257e-21
   29   66    8.596783e-17   -6.692339e-21
   29   67    1.900245e-17   -2.039596e-24
   29   68    1.248569e-24   -9.584164e-28
   29   69    7.833643e-27   -1.041050e-30
   30   60    8.164921e-21   -1.356550e-24
   30   61    5.956384e-19   -1.583247e-22
   30   62    1.579209e-13   -1.149332e-19
   30   63    5.909669e-14   -6.184037e-19
   30   64    1.121007e-10    1.346536e-20
   30   65    2.375059e-12   -2.428134e-21
   30   66    4.783536e-09    5.413897e-21
   30   67    1.547693e-13    6.292813e-20
   30   68    9.988254e-11    8.648357e-20
   30   69    4.062569e-17   -1.608951e-22
   30   70    7.502872e-18    1.715284e-20
   30   71    1.255733e-25   -3.611273e-30
   30   72    8.213728e-27   -1.173526e-33
   30   73    1.063405e-30   -1.082463e-33
   31   63    8.568404e-27   -1.495387e-27
   31   64    1.146990e-22   -5.620125e-26
   31   65    2.335469e-18   -2.318314e-22
   31   66    2.121994e-17   -1.718843e-23
   31   67    6.771944e-13   -6.157149e-20
   31   68    1.482727e-14   -8.371957e-20
   31   69    1.774842e-11    2.926019e-20
   31   70    9.095145e-16   -3.420901e-20
   31   71    4.849667e-15    1.206561e-20
   31   72    3.225412e-21    1.666201e-26
   31   73    2.850058e-21   -3.896832e-27
   31   74    7.137855e-28   -4.012867e-32
   31   75    1.081738e-26   -2.053687e-30
   32   64    1.036007e-28   -3.872245e-32
   32   65    3.251399e-27   -2.509237e-30
   32   66    2.736489e-20   -7.906165e-26
   32   67    7.944970e-19   -1.693884e-23
   32   68    2.939810e-12   -2.846271e-21
   32   69    1.709195e-13   -2.910577e-20
   32   70    2.212936e-09    1.401368e-20
   32   71    4.881057e-13   -4.604136e-21
   32   72    2.465910e-09   -4.153274e-21
   32   73    4.282464e-14    3.243047e-20
   32   74    6.543020e-13    1.056998e-22
   32   75    1.119623e-18   -7.509829e-25
   32   76    6.570798e-20    1.379983e-23
   32   77    7.561607e-27   -9.018394e-32
   32   78    1.334571e-28   -6.046288e-34
   33   68    2.990586e-29   -1.436387e-31
   33   69    7.684355e-22   -1.347178e-24
   33   70    4.736633e-20   -5.310620e-25
   33   71    1.020395e-14   -4.331631e-21
   33   72    4.207088e-16    3.726896e-20
   33   73    7.942274e-12    5.054929e-19
   33   74    6.840336e-15   -6.717300e-23
   33   75    1.208538e-12    6.705379e-20
   33   76    5.372231e-17   -3.860503e-24
   33   77    3.348924e-17   -5.735021e-24
   33   78    4.127313e-23   -8.983525e-29
   33   79    4.476154e-24   -2.176312e-28
   33   80    1.258095e-30   -1.974502e-33
   33   81    1.371494e-29   -9.649358e-33
   34   69    9.026310e-30   -7.880216e-33
   34   70    3.695634e-23   -3.584942e-28
   34   71    1.319366e-20   -1.109736e-24
   34   72    1.147473e-12   -3.739081e-20
   34   73    4.722422e-13   -5.337257e-19
   34   74    5.384519e-09   -3.406661e-20
   34   75    2.906948e-11   -1.345149e-20
   34   76    7.939126e-09   -2.913330e-20
   34   77    1.879856e-12    6.752347e-19
   34   78    8.889297e-11    9.149127e-19
   34   79    2.385478e-15    2.282552e-22
   34   80    4.836334e-16    9.707352e-21
   34   81    1.797051e-21   -8.983061e-27
   34   82    5.472440e-23    4.632291e-25
   34   83    1.067590e-30   -2.133953e-36
   34   84    1.585482e-30   -2.039057e-34
   35   73    1.448541e-23   -1.633495e-25
   35   74    3.058133e-20   -6.665546e-25
   35   75    2.926967e-15   -1.991195e-20
   35   76    2.603575e-15    4.688074e-20
   35   77    5.499266e-12    1.024367e-18
   35   78    1.482811e-14   -9.150361e-19
   35   79    1.241608e-11    8.827739e-18
   35   80    7.518407e-15   -1.656129e-19
   35   81    1.572047e-14    1.074176e-25
   35   82    2.460929e-18   -1.610636e-24
   35   83    2.262995e-19   -6.265145e-25
   35   84    3.903637e-25   -8.204973e-30
   35   85    6.095914e-27   -8.468079e-31
   36   73    3.723775e-30   -3.426028e-33
   36   74    1.483625e-24   -5.143568e-29
   36   75    7.915354e-21   -7.012775e-25
   36   76    1.053947e-13   -4.797152e-20
   36   77    3.114663e-13   -1.669070e-18
   36   78    2.479354e-09   -3.172238e-20
   36   79    4.636717e-11   -8.791339e-18
   36   80    1.225170e-08    1.697854e-19
   36   81    3.060093e-11    1.060842e-18
   36   82    1.123670e-09    2.876603e-20
   36   83    5.029803e-13    6.929028e-20
   36   84    2.054604e-12    1.010902e-21
   36   85    8.023017e-17    4.582761e-24
   36   86    1.240804e-17    8.020256e-22
   36   87    2.136741e-26    1.483603e-30
   37   77    2.540983e-24   -1.014352e-26
   37   78    5.191295e-22   -9.258798e-26
   37   79    2.422678e-16   -5.966442e-21
   37   80    1.309019e-16   -1.026968e-19
   37   81    6.650930e-13   -8.402809e-19
   37   82    3.142685e-14    2.415188e-18
   37   83    2.004122e-11    7.463565e-18
   37   84    1.198015e-13   -6.103353e-22
   37   85    1.157841e-11    2.318829e-18
   37   86    5.397154e-14   -1.444896e-21
   37   87    2.853994e-14    8.447312e-25
   37   88    1.006150e-21    6.796395e-27
   37   89    3.849877e-27   -9.886361e-32
   38   78    1.826518e-26   -8.738446e-30
   38   79    3.440693e-23   -5.964130e-27
   38   80    4.573049e-16   -1.688170e-21
   38   81    7.197022e-15   -1.292505e-19
   38   82    2.254892e-10   -2.453297e-18
   38   83    3.670912e-11   -7.524550e-18
   38   84    1.545256e-08   -1.869395e-19
   38   85    5.435879e-10   -1.944726e-18
   38   86    1.602722e-08   -5.819050e-20
   38   87    3.071219e-10    2.587760e-18
   38   88    3.753154e-09    4.090243e-20
   38   89    1.364988e-15    1.730085e-21
   38   90    4.980425e-20    1.692190e-27
   38   91    6.254791e-28    2.171558e-32
   39   81    2.574870e-28   -4.242819e-30
   39   82    3.149738e-24   -8.497461e-27
   39   83    1.176915e-18   -2.297451e-22
   39   84    6.466465e-19   -3.363616e-21
   39   85    7.830292e-14   -1.970262e-19
   39   86    1.079958e-13   -2.445564e-20
   39   87    2.983359e-11   -2.017491e-18
   39   88    1.515515e-11    8.854325e-19
   39   89    1.745536e-09    1.352920e-17
   39   90    6.299195e-15    4.240403e-21
   39   91    6.200236e-19    3.974152e-26
   39   92    2.305834e-25    1.253342e-30
   39   93    2.437503e-30    6.247076e-37
   40   82    2.631593e-29   -1.104402e-33
   40   83    1.594273e-27   -9.080201e-31
   40   84    4.175101e-20   -3.329087e-24
   40   85    5.590310e-19   -2.821248e-23
   40   86    6.024003e-14   -2.426029e-20
   40   87    1.089428e-13   -4.524414e-19
   40   88    2.784350e-10   -9.288942e-19
   40   89    1.596728e-10   -1.352952e-17
   40   90    4.121979e-08   -6.147606e-20
   40   91    1.472543e-12    7.140503e-20
   40   92    1.784055e-15    6.276101e-24
   40   93    5.893976e-21    3.995603e-27
   40   94    1.089087e-24    2.895935e-32
   41   86    8.324501e-30   -1.987678e-32
   41   87    1.050274e-23   -6.076294e-27
   41   88    6.508535e-21   -1.950165e-25
   41   89    5.550316e-16   -3.397275e-21
   41   90    8.696121e-15   -3.955311e-21
   41   91    1.198573e-11    1.470220e-21
   41   92    5.111644e-15   -1.061934e-22
   41   93    3.443938e-17    8.004934e-26
   41   94    8.785954e-22    4.325429e-28
   41   95    7.352982e-25    9.052811e-33
   41   96    2.480817e-30    1.129171e-35
   41   97    5.715741e-30    0.000000e+00
   42   88    2.669929e-25   -1.298129e-29
   42   89    5.729525e-23   -1.062450e-26
   42   90    9.745024e-18   -1.136021e-23
   42   91    1.139692e-16   -2.931474e-21
   42   92    1.345990e-12    2.200933e-22
   42   93    3.259209e-15    7.552773e-24
   42   94    2.312189e-16    7.028115e-26
   42   95    2.459110e-20    8.231677e-27
   42   96    2.131100e-22    1.699104e-30
   42   97    1.076219e-27    1.046811e-33
   42   98    8.333929e-29   -1.121039e-44
   43   91    1.665914e-27   -6.114647e-31
   43   92    3.323743e-24   -3.086784e-28
   43   93    6.034744e-19   -1.598344e-24
   43   94    2.660886e-20   -2.475992e-26
   43   95    2.130619e-20   -6.233029e-27
   43   96    2.208231e-23   -1.033639e-30
   43   97    1.137031e-24    4.312888e-31
   43   98    3.524182e-29    2.560184e-35
   43   99    5.729514e-28   -1.793662e-43
   44   92    2.567411e-30   -2.804366e-34
   44   93    1.844330e-27   -7.390076e-31
   44   94    1.491811e-21   -1.148189e-26
   44   95    2.116568e-22   -8.523560e-28
   44   96    1.028663e-21    1.338260e-31
   44   97    4.511820e-24   -4.201016e-31
   44   98    1.921504e-24    2.836909e-34
   44   99    4.759706e-28    1.638928e-35
   44  100    2.169182e-27   -1.076197e-42
   45   97    1.027734e-28   -9.883799e-34
   45   98    1.772982e-30   -2.020723e-34
   45   99    4.604811e-29   -3.614794e-38
   45  100    1.611599e-29   -1.034158e-42
   45  101    1.602337e-27   -3.407958e-42
   46  100    1.179352e-30   -1.666319e-42
   46  101    2.917644e-29   -1.265653e-41
   46  102    6.243721e-28   -1.757789e-41
    0    1    9.610847e-23   -5.906474e-23
    1    1    5.088613e-18   -3.232664e-18
    2    4    5.799508e-14   -1.663315e-14
