3.6422e-03
4.7508e-04
9.9038e-01
5.3728e+04
    1    2    8.902151e-25   -7.587233e-26
    4    8    7.179086e-27    2.031074e-27
    5   11    8.191654e-26    2.317708e-26
    6   11    7.702419e-20    1.419304e-20
    6   12    7.736613e-04   -8.228921e-14
    6   13    2.873385e-14    3.705577e-15
    6   14    1.376490e-23    3.324255e-24
    7   13    3.574928e-17    2.913261e-18
    7   14    2.392349e-17    4.410000e-18
    7   15    7.270532e-23    1.723037e-23
    8   14    9.323573e-13    7.590458e-14
    8   15    2.207764e-23    4.068431e-24
    8   16    4.583193e-02    1.276756e-15
    8   17    1.686565e-15    2.175421e-16
    8   18    1.307795e-16    1.686868e-17
    8   19    5.020861e-28    1.212440e-28
    9   17    4.528496e-17   -5.240564e-21
    9   18    2.464686e-21    4.541507e-22
    9   19    4.433411e-24    8.093281e-25
   10   18    2.245043e-26    2.998712e-27
   10   20    8.353541e-03   -2.847843e-13
   10   21    3.015563e-05   -9.223328e-13
   10   22    3.692474e-06   -1.003874e-13
   10   23    3.101250e-17    4.000047e-18
   10   24    3.248640e-29    7.844873e-30
   11   21    1.200156e-13    9.770036e-15
   11   22    6.691529e-16    5.447909e-17
   11   23    1.457139e-04   -2.880667e-13
   11   24    6.109324e-14    7.880166e-15
   11   25    1.012136e-23    2.440718e-24
   12   22    2.287836e-30    3.602490e-31
   12   23    1.453600e-24    2.168788e-25
   12   24    2.013354e-03    4.079519e-13
   12   25    4.441883e-04    8.150479e-14
   12   26    2.597262e-04    8.742947e-11
   12   27    3.967591e-15    5.117628e-16
   12   28    6.260998e-25    1.511935e-25
   13   25    3.624039e-15    2.949574e-16
   13   26    1.408283e-04   -8.817521e-11
   13   27    2.011964e-04   -1.754033e-14
   13   28    1.430547e-13    1.845762e-14
   13   29    7.813872e-23    1.668184e-23
   14   26    5.537627e-28    8.717843e-29
   14   27    1.239885e-11    1.008902e-12
   14   28    2.358143e-04    7.233974e-13
   14   29    6.520005e-05    7.379279e-14
   14   30    2.844540e-05    5.451188e-13
   14   31    3.250971e-14    4.193294e-15
   14   32    5.394604e-24    1.302714e-24
   15   28    3.615139e-24    5.677092e-25
   15   29    1.161818e-16    1.360071e-17
   15   30    2.314274e-07   -5.246485e-13
   15   31    2.104118e-06    4.532788e-14
   15   32    6.638218e-16    8.562367e-17
   15   33    6.812565e-18    8.787252e-19
   15   34    1.389771e-27    3.355978e-28
   16   30    7.168818e-30    1.511880e-30
   16   31    3.514182e-10   -4.484540e-14
   16   32    1.166119e-06    1.570111e-15
   16   33    2.100891e-08    2.927423e-16
   16   34    2.736454e-07    7.916730e-17
   16   35    1.554567e-16    2.005172e-17
   16   36    3.332253e-25    8.046883e-26
   17   32    2.196957e-25    1.773607e-26
   17   33    4.403077e-29    3.704917e-30
   17   34    5.455650e-18    4.439038e-19
   17   35    1.020433e-08    5.196070e-17
   17   36    1.847100e-17    2.382499e-18
   17   37    1.316692e-25    2.458550e-26
   18   35    6.280285e-25    8.189489e-26
   18   36    8.448026e-10    1.413091e-19
   18   37    1.238287e-18    1.597475e-19
   18   38    2.659022e-10   -1.110020e-20
   18   39    1.739624e-19    2.243870e-20
   18   40    5.680072e-21    7.326495e-22
   18   41    1.277256e-30    3.084379e-31
   19   37    5.457682e-20    4.331019e-21
   19   38    4.915333e-29    1.162619e-29
   19   39    3.745178e-12    2.011833e-20
   19   40    7.987075e-21    1.030220e-21
   19   41    1.069694e-27    1.982331e-28
   19   43    2.514002e-27    3.242722e-28
   20   38    2.885733e-30    4.504837e-31
   20   40    2.851209e-14    2.453256e-23
   20   41    3.451456e-23    4.451892e-24
   20   42    4.763924e-08   -1.858087e-17
   20   43    1.463411e-08   -5.664136e-19
   20   44    7.048443e-08    8.789555e-19
   20   45    1.120105e-16    1.444778e-17
   20   46    2.020422e-10   -3.100971e-20
   20   47    1.968081e-19    2.538547e-20
   20   48    2.292639e-09   -1.333121e-19
   20   49    3.679000e-19    4.745380e-20
   20   50    3.245903e-29    7.838354e-30
   21   41    1.788785e-29    1.449433e-30
   21   43    1.561966e-17    1.271675e-18
   21   44    6.096247e-18    4.963264e-19
   21   45    6.669494e-09   -1.201057e-17
   21   46    1.081798e-16    1.395366e-17
   21   47    7.017683e-20    5.765678e-21
   21   48    6.892656e-19    5.611667e-20
   21   49    3.652993e-19    2.974101e-20
   21   50    9.860497e-29    1.817136e-29
   22   44    4.538517e-28    7.077012e-29
   22   45    9.032284e-26    7.405883e-27
   22   46    2.020422e-08   -1.247427e-17
   22   47    7.854394e-09    6.348148e-19
   22   48    1.436025e-08    1.388691e-18
   22   49    1.733388e-08    1.258731e-18
   22   50    5.602375e-08    3.345396e-18
   22   51    4.038765e-17    5.209419e-18
   22   52    1.865210e-26    4.202503e-27
   23   47    1.546211e-18    1.258848e-19
   23   48    6.808891e-19    5.543469e-20
   23   49    1.203227e-18    9.796094e-20
   23   50    2.000249e-15    1.140992e-19
   23   51    4.904040e-09   -4.451453e-18
   23   52    3.711442e-17    4.787212e-18
   23   53    4.653980e-26    1.123859e-26
   24   48    9.849288e-30    1.551252e-30
   24   49    1.523652e-29    2.380454e-30
   24   50    9.383978e-13   -1.141925e-21
   24   51    1.462393e-20    1.611388e-21
   24   52    5.579288e-08   -1.276915e-17
   24   53    1.074040e-08   -1.785843e-18
   24   54    1.369099e-07   -7.166269e-18
   24   55    1.652020e-16    2.130860e-17
   24   56    1.430554e-25    3.454559e-26
   25   51    1.494458e-23    1.216713e-24
   25   53    9.763388e-19    7.948877e-20
   25   54    2.255480e-19    1.836612e-20
   25   55    3.456011e-08   -3.150286e-17
   25   56    2.464483e-16    3.178835e-17
   25   57    7.813133e-25    1.886744e-25
   26   54    4.446329e-09   -3.007146e-18
   26   55    2.354703e-17    3.025683e-18
   26   56    1.766820e-06   -5.381689e-16
   26   57    9.986690e-07   -2.747874e-16
   26   58    5.174607e-06   -7.541676e-16
   26   59    1.210741e-14    1.561685e-15
   26   60    2.080961e-23    5.025203e-24
   27   55    1.509440e-20    1.228912e-21
   27   56    1.247998e-28    2.500302e-29
   27   57    8.725634e-18    7.103989e-19
   27   58    8.115662e-18    6.607429e-19
   27   59    2.034761e-06   -1.791315e-15
   27   60    1.391449e-14    1.794773e-15
   27   61    9.117367e-23    2.187816e-23
   28   58    6.192280e-10   -5.434819e-19
   28   59    4.238832e-18    5.455199e-19
   28   60    2.667798e-06   -1.894242e-15
   28   61    1.015184e-06   -4.336428e-17
   28   62    2.259022e-06    7.747556e-17
   28   63    1.442788e-14    1.860993e-15
   28   64    1.389652e-06   -3.329634e-16
   28   65    2.599200e-15    3.352601e-16
   28   66    3.866413e-24    9.336798e-25
   29   59    5.918919e-22    4.818761e-23
   29   60    2.737085e-30    6.076165e-31
   29   61    3.995384e-18    3.252847e-19
   29   62    2.685365e-18    2.186286e-19
   29   63    8.717981e-07   -1.880777e-15
   29   64    1.458299e-14    1.881000e-15
   29   65    1.075841e-06   -1.322391e-15
   29   66    1.025382e-14    1.322593e-15
   29   67    5.296676e-22    8.090378e-23
   29   68    1.504801e-30    3.660322e-31
   30   62    8.323411e-30    1.146059e-30
   30   63    5.912300e-30    6.376677e-31
   30   64    8.425447e-07   -1.154163e-15
   30   65    8.939902e-15    1.153121e-15
   30   66    1.302067e-06   -1.056842e-15
   30   67    2.837024e-07    4.754576e-17
   30   68    1.322620e-06    4.175506e-16
   30   69    4.565223e-15    5.888492e-16
   30   70    1.327706e-10   -5.255347e-20
   30   71    4.174246e-19    5.384170e-20
   30   72    1.509757e-27    3.645829e-28
   31   65    7.296563e-19    5.940492e-20
   31   66    8.880172e-27    1.870433e-27
   31   67    1.884532e-18    1.534295e-19
   31   68    4.684039e-19    3.813517e-20
   31   69    1.594879e-07   -5.396580e-16
   31   70    4.185227e-15    5.398343e-16
   31   71    1.407639e-07   -4.078991e-16
   31   72    3.162238e-15    4.078841e-16
   31   73    6.296960e-23    1.520619e-23
   32   68    1.599188e-27    2.085279e-28
   32   69    1.422440e-25    1.158089e-26
   32   70    2.286684e-07   -4.596016e-16
   32   71    3.563331e-15    4.596146e-16
   32   72    2.362112e-07   -3.325328e-16
   32   73    4.522465e-08    1.860281e-16
   32   74    1.757502e-07   -7.507084e-17
   32   75    1.717656e-15    2.215534e-16
   32   76    1.249214e-11   -4.621899e-21
   32   77    3.590410e-20    4.631121e-21
   32   78    1.413701e-28    3.413873e-29
   33   71    1.399795e-19    1.139645e-20
   33   72    7.762272e-27    1.478192e-27
   33   73    1.973546e-19    1.606766e-20
   33   74    2.354301e-20    1.916759e-21
   33   75    2.000848e-08   -2.670436e-16
   33   76    2.070424e-15    2.670555e-16
   33   77    7.516297e-23    1.640842e-23
   34   74    1.487160e-24    6.062556e-30
   34   75    7.525063e-22    6.126553e-23
   34   76    4.988957e-08   -1.408556e-16
   34   77    1.818953e-08    3.715671e-17
   34   78    7.041447e-08   -2.040390e-17
   34   79    9.621090e-16    1.240985e-16
   34   80    4.239297e-09   -4.320248e-18
   34   81    3.349342e-17    4.320178e-18
   34   82    3.172076e-12   -1.394609e-21
   34   83    1.082045e-20    1.395684e-21
   34   84    2.369515e-29    5.722016e-30
   35   77    1.368100e-20    1.113841e-21
   35   78    5.081493e-21    4.137083e-22
   35   79    8.345309e-09   -1.229390e-16
   35   80    9.531293e-16    1.229401e-16
   35   81    7.274689e-09   -5.341012e-17
   35   82    4.140774e-16    5.341014e-17
   35   83    1.556492e-23    3.741482e-24
   36   79    7.117320e-25    5.794598e-26
   36   80    2.125901e-08   -1.071734e-16
   36   81    8.308947e-16    1.071737e-16
   36   82    5.111923e-08   -1.424526e-16
   36   83    1.566929e-08    5.065276e-17
   36   84    5.823898e-08    8.077855e-18
   36   85    6.490730e-16    8.372127e-17
   36   86    4.641503e-10   -8.415224e-20
   36   87    6.524098e-19    8.415165e-20
   36   88    8.740352e-28    2.110662e-28
   37   81    1.516901e-21    1.234988e-22
   37   82    2.096908e-28    3.989609e-29
   37   83    4.224558e-21    3.439433e-22
   37   84    1.087930e-21    8.857402e-23
   37   85    8.462410e-09   -8.033646e-17
   37   86    6.228340e-16    8.033680e-17
   37   87    5.853056e-11   -5.761650e-20
   37   88    4.467549e-19    5.762502e-20
   37   89    3.269456e-27    7.895231e-28
   38   84    2.620158e-24   -2.049091e-32
   38   85    6.344514e-24    5.165408e-25
   38   86    1.977582e-08   -9.502137e-17
   38   87    1.264904e-08    5.750852e-18
   38   88    3.410537e-08    7.721059e-17
   38   89    9.349804e-17    1.205993e-17
   38   90    7.387057e-25    1.324983e-25
   39   87    5.068936e-22    4.126885e-23
   39   88    3.427080e-22    2.790165e-23
   39   89    5.047083e-09   -9.407675e-18
   39   90    7.293613e-17    9.407732e-18
   39   91    1.455623e-24    3.515100e-25
   40   90    2.223165e-09   -2.482891e-18
   40   91    5.705716e-10    8.490150e-19
   40   92    6.513631e-10    6.629278e-19
   40   93    1.936305e-10    3.081246e-19
   40   94    4.140053e-10    5.142918e-20
   40   95    4.739432e-18    6.113199e-19
   40   96    7.701181e-13   -2.605079e-22
   40   97    2.011578e-21    2.594652e-22
   40   98    2.722856e-30    6.575283e-31
   41   91    1.758541e-23    1.431720e-24
   41   92    4.028353e-24    3.279693e-25
   41   93    7.196599e-14   -6.377566e-22
   41   94    4.947857e-21    6.381908e-22
   41   95    1.750760e-24    1.427696e-25
   41   96    8.078555e-24    1.053622e-24
   41   97    6.259365e-28    5.824627e-29
   42   92    3.795087e-17   -1.087384e-25
   42   93    8.430941e-25    1.087440e-25
   42   94    1.277137e-13   -4.067043e-22
   42   95    3.569934e-11   -3.048103e-19
   42   96    8.222236e-11    3.477416e-20
   42   97    2.578413e-11    6.653735e-20
   42   98    7.544015e-11    5.211067e-20
   42   99    1.176629e-18    1.517685e-19
   42  100    1.700721e-15   -1.705133e-24
   42  101    1.743339e-23    2.248658e-24
   43   95    3.427561e-28    2.790559e-29
   43   96    7.381099e-26    6.009338e-27
   43   97    1.557440e-25    1.267994e-26
   43   98    1.036348e-26    8.437467e-28
   43   99    2.728429e-13   -3.336158e-21
   43  100    2.586013e-20    3.335089e-21
   43  101    2.305624e-27    5.567040e-28
   44   96    3.532748e-26   -4.425323e-38
   44   98    6.625257e-24   -3.699022e-32
   44   99    8.074129e-12   -1.107805e-19
   44  100    3.391438e-11   -4.388032e-20
   44  101    7.022780e-12    7.301756e-20
   44  102    1.441851e-14    8.158903e-20
   44  103    3.556046e-22    4.586891e-23
   44  104    3.204506e-23    7.741164e-24
   45  100    2.233391e-27    1.818321e-28
   45  101    9.503773e-27    7.737521e-28
   45  102    7.341261e-28    5.976903e-29
   45  103    7.469185e-12   -1.282708e-19
   45  104    9.943917e-19    1.282553e-19
   45  105    1.275692e-25    3.080529e-26
   46  103    6.462609e-28    5.261551e-29
   46  104    2.116282e-11   -1.465743e-19
   46  105    4.944954e-12    4.253622e-20
   46  106    2.265111e-11   -1.040892e-20
   46  107    8.873405e-19    1.144544e-19
   46  108    2.501060e-11   -8.971524e-20
   46  109    6.955579e-19    8.971716e-20
   46  110    1.000424e-14   -9.608395e-24
   46  111    1.878574e-22    2.423095e-23
   46  112    6.380333e-30    1.540755e-30
   47  105    1.564323e-27    1.273597e-28
   47  106    3.273781e-28    2.665352e-29
   47  107    4.291538e-12   -1.054368e-19
   47  108    8.174212e-19    1.054349e-19
   47  109    6.599127e-12   -1.408395e-19
   47  110    1.091838e-18    1.408249e-19
   47  111    1.642071e-25    3.965277e-26
   48  107    4.709588e-30    3.834330e-31
   48  108    3.603379e-13   -3.186495e-21
   48  109    2.470421e-20    3.186495e-21
   48  110    1.909900e-11   -1.374113e-19
   48  111    4.587531e-12    4.701125e-20
   48  112    2.054442e-11   -1.838583e-20
   48  113    8.433938e-19    1.087859e-19
   48  114    3.413728e-11   -1.160342e-19
   48  115    8.996419e-19    1.160411e-19
   48  116    2.673547e-15   -5.848616e-24
   48  117    4.541857e-23    5.858356e-24
   48  118    1.190640e-30    2.875231e-31
   49  109    8.132516e-30    6.621108e-31
   49  111    4.678828e-28    3.809280e-29
   49  112    1.023744e-28    8.334814e-30
   49  113    6.099930e-12   -1.955482e-19
   49  114    1.516015e-18    1.955412e-19
   49  115    2.929883e-25    7.058203e-26
   50  112    1.518501e-24   -1.395273e-32
   50  113    8.933561e-30    7.324749e-31
   50  114    1.053078e-13   -6.489595e-22
   50  115    5.384891e-12   -6.941785e-20
   50  116    3.958575e-11   -8.152315e-20
   50  117    8.542083e-12    6.836390e-20
   50  118    4.908861e-11   -3.056432e-20
   50  119    1.176970e-11    2.724385e-20
   50  120    6.577789e-11   -5.826195e-21
   50  121    7.161485e-19    9.237306e-20
   50  122    5.075922e-13   -4.365710e-22
   50  123    3.384732e-21    4.365827e-22
   50  124    5.881526e-14   -2.770864e-23
   50  125    2.148192e-22    2.770865e-23
   51  116    3.860795e-29    3.143269e-30
   51  117    2.730906e-28    2.223374e-29
   51  118    6.559147e-29    5.340092e-30
   51  119    4.109772e-28    3.345983e-29
   51  120    6.581118e-29    5.358020e-30
   51  121    3.464278e-12   -5.627975e-20
   51  122    4.363248e-19    5.627973e-20
   51  123    8.946882e-14   -1.024229e-21
   51  124    7.940766e-21    1.024247e-21
   51  125    4.889461e-28    1.180359e-28
   52  120    1.000424e-30    8.057466e-45
   52  121    1.529840e-30    1.245525e-31
   52  122    9.020217e-12   -7.900862e-20
   52  123    3.001272e-12    1.573289e-20
   52  124    1.532908e-11   -1.504507e-20
   52  125    5.674406e-12    7.106167e-21
   52  126    2.620158e-11   -2.802960e-21
   52  127    5.738398e-19    7.401725e-20
   52  128    5.697728e-13   -7.162890e-22
   52  129    5.554015e-21    7.163896e-22
   52  130    1.846937e-12   -1.035305e-21
   52  131    8.026500e-21    1.035305e-21
   52  132    3.185683e-29    7.692939e-30
   53  123    3.672770e-29    2.990196e-30
   53  124    1.105524e-29    9.000656e-31
   53  125    9.634091e-29    7.843624e-30
   53  126    7.321274e-30    5.960633e-31
   53  127    3.615706e-12   -5.647113e-20
   53  128    4.378081e-19    5.647102e-20
   53  129    3.328995e-26    8.038318e-27
   53  130    1.289898e-29    1.058484e-30
   53  131    1.000968e-30    8.152857e-32
   54  126    1.587975e-27    0.000000e+00
   54  127    6.265840e-30    5.101355e-31
   54  128    9.378975e-12   -7.864046e-20
   54  129    4.878037e-12   -4.696334e-22
   54  130    1.462158e-11    1.742823e-20
   54  131    6.636401e-12   -4.113546e-21
   54  132    4.009275e-11   -5.389637e-21
   54  133    5.518822e-19    7.118503e-20
   54  134    1.269195e-13   -1.030768e-22
   54  135    7.991507e-22    1.030792e-22
   54  136    8.091666e-12   -3.184371e-22
   54  137    2.468774e-21    3.184370e-22
   54  138    1.156422e-30    2.792584e-31
   55  129    1.922385e-29    1.565116e-30
   55  130    7.769043e-30    6.325189e-31
   55  131    4.772093e-29    3.885214e-30
   55  132    3.643251e-30    2.966162e-31
   55  133    4.580889e-12   -6.065279e-20
   55  134    4.702280e-19    6.065278e-20
   55  135    3.132147e-26    7.563582e-27
   55  136    2.307597e-29    1.921188e-30
   56  132    1.667374e-27    0.000000e+00
   56  133    4.527026e-30    3.685692e-31
   56  134    1.045219e-11   -6.597310e-20
   56  135    5.105868e-12    2.610604e-21
   56  136    3.449992e-11   -2.633764e-20
   56  137    4.228070e-11   -1.907922e-20
   56  138    3.979948e-10    4.890643e-20
   56  139    4.641818e-19    5.987291e-20
   56  140    1.054375e-27    2.546155e-28
   57  135    4.025064e-30    3.277018e-31
   57  136    1.340198e-30    1.091125e-31
   57  137    3.814235e-29    3.105372e-30
   57  138    8.460373e-28    1.086029e-28
   57  139    3.735396e-11   -5.162039e-20
   57  140    4.002018e-19    5.162038e-20
   57  141    5.399096e-27    1.303799e-27
   58  138    2.102340e-25   -1.615510e-33
   58  139    1.258098e-26    1.622228e-27
   58  140    9.289652e-11   -5.365104e-20
   58  141    4.159895e-19    5.365678e-20
   58  142    9.158812e-14   -9.139833e-23
   58  143    7.096374e-22    9.153322e-23
   58  144    5.779753e-30    1.395696e-30
   59  141    7.804727e-12   -4.142603e-20
   59  142    3.211671e-19    4.142603e-20
   59  143    1.608727e-26    3.884831e-27
   60  142    1.831762e-11   -4.006507e-20
   60  143    3.281111e-12    6.612929e-21
   60  144    6.940442e-12    1.138221e-20
   60  145    1.586880e-12    7.104047e-21
   60  146    4.721180e-12    1.018850e-21
   60  147    1.080991e-19    1.394327e-20
   60  148    1.554713e-15   -3.796835e-24
   60  149    2.944131e-23    3.797515e-24
   60  150    2.527738e-21   -6.204043e-30
   60  151    4.975046e-29    6.417109e-30
   61  147    1.553112e-28    2.024243e-29
   61  148    2.299687e-26    2.966271e-27
   62  144    3.536221e-20   -2.184561e-28
   62  145    1.693641e-27    2.184558e-28
   62  146    1.532350e-30    1.998746e-31
   62  147    7.486165e-13   -2.306491e-20
   62  148    2.697089e-12    5.503223e-22
   62  149    4.961836e-13    1.169334e-20
   62  150    1.600679e-12   -1.046498e-21
   62  151    9.199180e-20    1.186565e-20
   62  152    2.626113e-13   -2.119385e-21
   62  153    1.643116e-20    2.119388e-21
   62  154    1.429177e-15   -8.044243e-24
   62  155    6.236774e-23    8.044559e-24
   62  156    1.175038e-30    2.837547e-31
   63  151    1.722584e-13   -7.916660e-21
   63  152    6.137614e-20    7.916652e-21
   63  153    2.282013e-13   -7.805630e-21
   63  154    6.051541e-20    7.805632e-21
   63  155    1.517243e-26    3.663910e-27
   63  156    1.370416e-30    1.767644e-31
   64  152    5.982799e-13   -1.112207e-20
   64  153    8.622692e-20    1.112206e-20
   64  154    7.795511e-13   -1.482019e-20
   64  155    2.575286e-13    4.201248e-21
   64  156    1.090206e-12   -5.968235e-21
   64  157    4.772724e-13    6.055124e-21
   64  158    2.906295e-12   -1.223899e-20
   64  159    1.765390e-19    2.277104e-20
   64  160    8.753711e-17   -4.623438e-25
   64  161    3.598296e-24    4.641294e-25
   65  159    3.705973e-13   -1.077454e-20
   65  160    8.353270e-20    1.077454e-20
   65  161    1.597958e-26    3.858824e-27
   66  156    1.026076e-30   -8.758115e-45
   66  158    8.864515e-14   -2.835416e-21
   66  159    2.198237e-20    2.835415e-21
   66  160    8.753710e-13   -1.706025e-20
   66  161    3.287108e-13    7.604390e-21
   66  162    1.358601e-12   -8.422969e-21
   66  163    2.448892e-13    1.306986e-20
   66  164    6.033046e-13    1.609048e-21
   66  165    2.480829e-20    3.199919e-21
   66  166    7.181784e-28    1.734291e-28
   67  165    4.844477e-13   -1.264605e-20
   67  166    9.804211e-20    1.264605e-20
   67  167    2.526804e-26    6.101845e-27
   68  164    6.710160e-13   -1.817544e-20
   68  165    1.409103e-19    1.817544e-20
   68  166    1.024531e-12   -1.514588e-20
   68  167    4.067593e-13    4.556859e-21
   68  168    1.667374e-12   -2.444111e-21
   68  169    1.010432e-19    1.303315e-20
   68  170    3.289630e-15   -1.512988e-23
   68  171    1.173066e-22    1.513090e-23
   68  172    2.547233e-30    6.151187e-31
   69  169    5.321782e-13   -1.206218e-20
   69  170    9.351552e-20    1.206218e-20
   69  171    1.215917e-26    2.936253e-27
   69  172    2.124173e-28    2.739883e-29
   69  173    4.124344e-30    5.320074e-31
   70  168    1.012334e-30   -9.108440e-45
   70  170    8.238786e-13   -1.659496e-20
   70  171    4.206462e-13    6.662920e-21
   70  172    1.395941e-12   -6.332765e-21
   70  173    6.939358e-13    3.857689e-21
   70  174    3.156511e-12   -3.254009e-21
   70  175    1.214174e-19    1.566114e-20
   70  176    1.591584e-15   -4.956657e-24
   70  177    3.843884e-23    4.958068e-24
   71  175    4.567650e-13   -1.117297e-20
   71  176    8.527206e-16    1.114206e-20
   71  177    2.396123e-22    3.090807e-23
   71  178    2.529792e-29    4.961554e-30
   72  176    1.193688e-12   -1.898421e-20
   72  177    3.950828e-13    7.962448e-21
   72  178    1.686108e-12   -6.302270e-21
   72  179    4.800919e-13    7.529585e-21
   72  180    2.773398e-12   -4.350393e-21
   72  181    1.096617e-19    1.414482e-20
   72  182    2.470420e-27    5.965687e-28
   73  180    3.440346e-15   -1.585773e-22
   73  181    7.185366e-13   -1.304947e-20
   73  182    1.023992e-19    1.320805e-20
   73  183    1.001668e-26    2.418875e-27
   74  180    5.385616e-14   -1.185783e-21
   74  181    9.193119e-21    1.185783e-21
   74  182    1.813956e-12   -2.130302e-20
   74  183    9.293558e-13    6.882916e-21
   74  184    2.060656e-12   -1.271398e-22
   74  185    1.127817e-19    1.454725e-20
   74  186    8.067936e-14   -3.101041e-22
   74  187    2.404180e-21    3.101053e-22
   74  188    5.925669e-29    1.430959e-29
   75  185    3.076979e-13   -8.566881e-21
   75  186    6.641718e-20    8.566878e-21
   75  187    6.954819e-15   -1.259303e-22
   75  188    9.763309e-22    1.259329e-22
   75  189    2.064012e-28    4.984274e-29
   76  186    1.075725e-12   -1.985903e-20
   76  187    5.077019e-13    6.281939e-21
   76  188    1.117495e-12    2.263644e-21
   76  189    3.858779e-13    2.680952e-21
   76  190    1.474309e-12   -9.463847e-23
   76  191    6.765955e-20    8.727128e-21
   76  192    3.121115e-14   -9.438261e-23
   76  193    7.317359e-22    9.438361e-23
   76  194    1.173581e-29    2.834019e-30
   77  191    3.294590e-13   -8.566530e-21
   77  192    6.641445e-20    8.566526e-21
   77  193    3.208614e-13   -5.343707e-21
   77  194    4.142863e-20    5.343709e-21
   77  195    2.463781e-27    5.949656e-28
   78  190    1.000424e-30   -3.503246e-45
   78  192    1.094214e-12   -1.953977e-20
   78  193    1.514877e-19    1.953977e-20
   78  194    1.340774e-12   -1.243751e-20
   78  195    3.996567e-13    7.738744e-21
   78  196    2.342830e-12   -5.868856e-21
   78  197    8.192850e-20    1.056762e-20
   78  198    4.390750e-15   -7.523477e-24
   78  199    5.833084e-23    7.523856e-24
   79  197    7.109612e-13   -8.454396e-21
   79  198    6.554511e-20    8.454395e-21
   79  199    4.008206e-27    9.679206e-28
   80  196    1.378135e-17   -1.743251e-25
   80  197    1.351505e-24    1.743250e-25
   80  198    2.319165e-12   -1.452435e-20
   80  199    1.055724e-12    6.767071e-21
   80  200    3.396440e-12   -1.765131e-21
   80  201    1.493170e-12    6.616043e-21
   80  202    5.447854e-12   -3.896307e-21
   80  203    5.273968e-20    6.802675e-21
   80  204    8.827272e-14   -3.297562e-23
   80  205    2.556534e-22    3.297568e-23
   81  203    3.296964e-12   -9.623765e-21
   81  204    7.461099e-20    9.623765e-21
   81  205    2.532781e-13   -2.614010e-22
   81  206    2.026589e-21    2.614013e-22
   81  207    5.463611e-30    1.319379e-30
   82  204    4.899136e-12   -9.336891e-21
   82  205    9.272223e-12   -5.542742e-21
   82  206    4.705878e-11   -1.832727e-20
   82  207    6.282857e-11    1.602081e-20
   82  208    1.298627e-10    1.549640e-20
   82  209    1.309976e-20    1.689684e-21
   82  210    3.385811e-30    8.176218e-31
   83  209    3.106580e-12   -5.240327e-22
   83  210    4.062713e-21    5.240327e-22
   83  211    4.916417e-30    1.187240e-30
    0    1    6.223390e-18   -7.160511e-22
    1    1    4.869669e-14   -5.614072e-18
    2    4    2.066531e-08   -2.408229e-12
