7.9872e-01
1.1136e-02
1.8932e+00
1.6368e+05
    1    2    1.120939e-27   -2.869230e-28
    1    3    5.055775e-23   -7.095161e-26
    2    3    1.683392e-21   -1.379909e-24
    3    6    1.382823e-25    6.024787e-26
    4   10    1.598943e-27   -3.068366e-29
    5   10    5.064716e-25   -6.094202e-26
    5   11    2.529385e-17   -1.002589e-18
    5   12    9.340231e-30   -9.099473e-31
    6   11    6.403643e-20   -7.778900e-22
    6   12    3.136451e-04   -2.747542e-08
    6   13    4.408088e-12   -1.548766e-14
    6   14    6.866522e-13   -2.580752e-16
    6   15    1.268276e-30   -1.797754e-31
    7   13    2.291214e-16   -1.681951e-17
    7   14    1.553812e-10   -4.797661e-14
    7   15    2.786697e-13   -3.349664e-15
    7   16    1.489245e-27   -1.528448e-28
    8   14    5.772953e-22   -2.664649e-23
    8   15    3.208183e-12   -2.811799e-16
    8   16    5.230234e-02   -9.633880e-09
    8   17    1.696800e-11   -4.533565e-13
    8   18    9.821149e-15   -4.967324e-17
    8   19    1.347111e-24   -5.360149e-26
    8   20    6.016022e-30   -3.004199e-32
    9   17    2.997687e-17   -3.794919e-18
    9   18    5.991849e-14    3.228897e-16
    9   19    7.707600e-15   -5.450612e-17
    9   20    3.973768e-19   -7.567786e-22
    9   21    6.919294e-23   -2.977033e-25
    9   22    2.014321e-30   -7.455998e-33
   10   18    3.252026e-25   -4.075500e-26
   10   19    1.230507e-17   -1.978146e-19
   10   20    1.000505e-04    1.627041e-08
   10   21    3.967347e-09   -4.100649e-14
   10   22    1.831535e-10   -2.032864e-14
   10   23    3.701418e-17   -4.409682e-20
   10   24    1.210374e-18   -1.902454e-21
   10   25    1.583837e-28   -4.289651e-30
   11   20    2.813194e-29   -2.165067e-30
   11   21    3.328322e-15   -1.878170e-16
   11   22    3.137855e-10    3.370811e-16
   11   23    3.261450e-06    4.916243e-09
   11   24    2.413119e-10    6.409937e-14
   11   25    1.286365e-14   -9.680428e-19
   11   26    4.275694e-21   -3.744364e-24
   11   27    3.964709e-26   -9.956853e-28
   12   22    1.867147e-18   -7.163818e-21
   12   23    3.543561e-07    2.308158e-10
   12   24    1.058912e-03    5.351859e-10
   12   25    9.677128e-06    1.420423e-10
   12   26    5.783528e-06    4.401600e-11
   12   27    1.655161e-10    1.230203e-14
   12   28    3.526567e-14   -1.605159e-17
   12   29    5.021627e-25   -2.306968e-26
   12   30    5.338784e-30   -1.294761e-31
   13   24    1.617164e-19   -1.209823e-20
   13   25    1.665843e-14   -1.019959e-15
   13   26    4.924778e-07    2.696886e-11
   13   27    1.725729e-04   -1.130904e-09
   13   28    1.281630e-07   -2.042709e-11
   13   29    2.396970e-10   -5.995537e-14
   13   30    2.200355e-16    5.044164e-19
   13   31    1.692395e-20   -2.025592e-22
   14   25    3.081932e-28   -2.905203e-29
   14   26    1.437518e-13   -6.495219e-16
   14   27    2.049301e-07   -3.084896e-10
   14   28    2.899637e-03    2.349052e-09
   14   29    1.728838e-04   -1.388280e-10
   14   30    3.857505e-04   -1.575571e-09
   14   31    2.727970e-08    9.420580e-13
   14   32    2.238914e-10   -1.364485e-14
   14   33    4.350608e-19   -6.002927e-21
   14   34    8.128109e-23   -2.429579e-25
   15   27    1.788759e-28   -2.204222e-29
   15   28    2.193673e-19   -1.568053e-20
   15   29    2.750895e-13   -1.176024e-14
   15   30    2.423169e-07    1.402180e-10
   15   31    9.221735e-05    7.597978e-10
   15   32    1.571422e-07   -4.636900e-12
   15   33    1.042337e-07   -5.127783e-12
   15   34    2.618429e-12    1.320600e-15
   15   35    1.181852e-15   -1.789729e-19
   15   36    2.917916e-27   -1.571400e-28
   15   37    1.938405e-30   -6.864845e-33
   16   29    1.909623e-28   -1.812507e-29
   16   30    1.561613e-16   -7.188000e-18
   16   31    3.973112e-09   -1.178054e-11
   16   32    6.029541e-04    5.219271e-10
   16   33    2.795818e-05   -3.589857e-11
   16   34    8.714934e-05   -2.700762e-10
   16   35    2.029761e-07   -4.226609e-12
   16   36    9.416917e-08    9.113517e-14
   16   37    1.043577e-16   -2.205906e-18
   16   38    2.491611e-19   -1.812357e-23
   16   39    2.170636e-28   -4.165131e-30
   17   32    3.577014e-22   -3.304479e-23
   17   33    6.253536e-15   -3.792350e-16
   17   34    2.286974e-09   -9.197163e-12
   17   35    1.668607e-05    3.763846e-10
   17   36    2.015954e-07   -8.608376e-13
   17   37    1.461649e-07    1.277751e-12
   17   38    1.142960e-12    1.839412e-15
   17   39    5.822708e-15    1.088082e-20
   17   40    1.129165e-20    7.906793e-23
   17   41    6.724426e-23   -1.371632e-26
   17   42    7.981346e-29    7.092422e-31
   18   34    1.031917e-20   -3.775979e-22
   18   35    7.505857e-12   -2.940772e-14
   18   36    1.826411e-05    2.311334e-11
   18   37    2.317622e-07   -1.475364e-12
   18   38    3.054234e-06   -2.587749e-12
   18   39    1.985144e-09    1.683215e-13
   18   40    1.868035e-09   -4.652007e-15
   18   41    1.111836e-13    6.405681e-17
   18   42    2.280725e-15   -2.037592e-20
   18   43    4.950012e-21    2.268557e-23
   18   44    5.365504e-23   -1.238941e-27
   18   45    3.069376e-30    2.046408e-32
   19   36    6.541649e-25   -5.894147e-26
   19   37    1.446377e-17   -1.108785e-18
   19   38    3.415244e-11    1.086125e-14
   19   39    6.858749e-07    7.165959e-12
   19   40    1.314685e-08    6.864983e-14
   19   41    9.164050e-10    9.096917e-15
   19   42    1.284903e-11    4.855409e-16
   19   43    4.077722e-13    5.515560e-18
   19   44    1.350500e-15    9.970560e-20
   19   45    3.321518e-17    4.528919e-23
   19   46    1.264789e-20    1.200225e-24
   19   47    5.228023e-23   -2.287814e-26
   20   38    1.155146e-23   -6.344051e-25
   20   39    2.937190e-14   -2.490483e-16
   20   40    1.206795e-07    2.109702e-13
   20   41    6.553236e-09    1.519035e-16
   20   42    4.130595e-08   -7.328311e-15
   20   43    4.129047e-09    5.999164e-15
   20   44    4.982763e-09    8.837046e-16
   20   45    1.079155e-10    6.476549e-16
   20   46    2.273321e-10    1.328961e-17
   20   47    1.720642e-12    1.662801e-17
   20   48    2.558873e-14   -3.050654e-20
   20   49    2.420786e-21    1.060176e-23
   20   50    1.841621e-26    9.169430e-30
   21   40    4.223023e-30   -5.906026e-31
   21   41    1.676737e-21   -1.793016e-22
   21   42    6.025972e-16    6.355051e-19
   21   43    1.016155e-11    1.234068e-14
   21   44    2.235982e-10   -6.006665e-16
   21   45    6.153183e-09   -7.164282e-15
   21   46    1.196190e-09    3.769258e-15
   21   47    3.882901e-10    7.016668e-16
   21   48    3.668151e-11    1.407060e-16
   21   49    1.616446e-12    5.204382e-20
   21   50    1.216697e-17    3.093758e-20
   21   51    1.314312e-21   -2.072136e-25
   21   52    4.826083e-29    3.841808e-31
   22   42    4.581604e-30   -5.195185e-31
   22   43    6.109505e-21   -3.725462e-23
   22   44    9.697069e-11   -1.663327e-16
   22   45    2.666429e-11   -8.920640e-16
   22   46    3.073954e-08   -2.116998e-14
   22   47    1.763249e-08   -1.236517e-14
   22   48    2.785185e-08    4.467985e-15
   22   49    6.270959e-09    2.026520e-14
   22   50    9.881037e-09   -4.442933e-15
   22   51    9.491609e-13    5.885711e-16
   22   52    1.710982e-14   -1.248447e-18
   22   53    8.979683e-21    7.622773e-23
   22   54    7.332993e-25   -3.454023e-27
   23   45    6.851573e-23   -5.962921e-24
   23   46    3.590648e-16   -5.307904e-18
   23   47    3.268072e-11    3.353923e-15
   23   48    3.895338e-10   -7.397994e-15
   23   49    1.983153e-08   -2.434132e-14
   23   50    6.102430e-09    1.882724e-14
   23   51    2.057600e-08    8.266702e-15
   23   52    1.639324e-10    1.372058e-14
   23   53    5.179950e-11   -4.364780e-15
   23   54    2.796654e-16    2.071805e-18
   23   55    8.503858e-19   -9.150537e-22
   23   56    6.786631e-27    1.984303e-30
   24   46    3.316123e-28   -1.178955e-29
   24   47    1.617538e-20   -2.343846e-22
   24   48    5.992024e-13   -1.537791e-17
   24   49    4.006157e-12   -2.501563e-16
   24   50    1.581314e-08   -6.258389e-15
   24   51    1.391061e-08   -3.516654e-14
   24   52    5.067096e-08    2.316116e-14
   24   53    6.253111e-09    1.747617e-14
   24   54    2.017024e-08    4.344746e-15
   24   55    1.223890e-12    2.137571e-15
   24   56    4.396305e-13   -1.035501e-17
   24   57    1.394107e-19    1.165163e-21
   24   58    2.191729e-22   -2.277780e-25
   25   49    3.415195e-24   -2.344619e-25
   25   50    5.844813e-18   -1.300694e-19
   25   51    1.395276e-11    1.345941e-16
   25   52    1.602563e-10   -2.360507e-15
   25   53    1.481605e-08   -1.536443e-14
   25   54    1.381701e-08   -1.506145e-14
   25   55    2.758883e-08   -2.604368e-15
   25   56    1.343875e-10    2.198210e-14
   25   57    1.955416e-10   -1.788657e-14
   25   58    6.283175e-15    1.024830e-17
   25   59    1.168756e-16   -1.921828e-19
   25   60    4.593348e-23    4.343301e-25
   25   61    1.067860e-26   -1.066113e-28
   25   63    1.194002e-30   -3.352423e-32
   26   51    1.951776e-22   -4.880740e-24
   26   52    1.264585e-14   -3.461060e-19
   26   53    3.172100e-13   -2.572870e-17
   26   54    1.671658e-08   -1.148507e-14
   26   55    3.415960e-08   -4.932933e-14
   26   56    6.735326e-07   -1.743024e-13
   26   57    1.151688e-07    1.670021e-13
   26   58    2.463138e-06   -1.096946e-12
   26   59    8.904283e-10    7.351498e-13
   26   60    4.049386e-09   -3.587016e-15
   26   61    5.411084e-15    5.649073e-17
   26   62    5.551991e-15   -6.435994e-19
   26   63    1.366197e-22   -4.766063e-25
   26   64    2.443386e-25   -9.321420e-28
   26   66    1.299373e-29   -2.279828e-31
   27   53    4.349946e-27   -3.707133e-28
   27   54    1.439262e-19   -4.844649e-21
   27   55    5.937894e-12   -1.119418e-16
   27   56    7.325215e-11   -2.322214e-15
   27   57    5.952950e-08   -1.683572e-13
   27   58    7.113262e-08   -3.918994e-13
   27   59    2.731847e-06   -2.667569e-13
   27   60    5.096829e-08    1.137145e-12
   27   61    2.054884e-07   -3.882099e-13
   27   62    3.608790e-11    8.124908e-14
   27   63    3.636816e-10   -1.027817e-13
   27   64    1.157395e-15    3.175394e-18
   27   65    1.081996e-17   -7.066227e-20
   27   66    1.105252e-24    1.622654e-27
   27   67    4.344002e-28   -7.341624e-30
   28   55    8.425255e-25   -3.178787e-26
   28   56    1.408472e-14   -2.303104e-19
   28   57    3.056865e-13   -1.863724e-17
   28   58    3.465020e-08   -4.487750e-14
   28   59    2.686906e-07   -1.178542e-12
   28   60    1.749697e-06   -8.942831e-13
   28   61    5.284122e-07    1.266547e-12
   28   62    5.411277e-06   -3.445583e-13
   28   63    1.117159e-08    1.753088e-12
   28   64    1.033426e-06   -1.841299e-13
   28   65    4.731954e-11    1.083978e-13
   28   66    1.234688e-09   -6.274148e-16
   28   67    3.014498e-15    2.601533e-17
   28   68    1.858582e-15   -4.986996e-19
   28   69    1.419318e-23   -1.548414e-25
   28   70    1.690509e-26   -2.163601e-29
   29   57    8.601217e-30   -1.055851e-30
   29   58    2.785012e-23   -1.126948e-24
   29   59    4.044050e-16   -7.631421e-18
   29   60    9.461141e-13   -1.199094e-16
   29   61    9.472174e-11   -3.167436e-15
   29   62    1.449127e-09   -4.893436e-14
   29   63    5.342467e-07   -1.643637e-12
   29   64    6.695161e-08    1.479554e-12
   29   65    1.582786e-06   -1.401975e-12
   29   66    2.607258e-09    1.752395e-12
   29   67    2.481937e-07   -1.374713e-13
   29   68    8.455734e-12    7.797522e-14
   29   69    3.460490e-11   -1.586254e-15
   29   70    6.379416e-18    4.692504e-20
   29   71    3.092039e-19   -1.173006e-22
   29   72    1.187833e-26    5.838803e-29
   29   73    1.351087e-28   -2.483707e-31
   29   75    4.591384e-29   -2.905173e-31
   30   60    2.583738e-20   -1.023237e-23
   30   61    1.779930e-16   -3.865441e-20
   30   62    2.230464e-12   -6.335330e-17
   30   63    5.837994e-12   -4.412555e-16
   30   64    1.664640e-07   -3.339006e-13
   30   65    1.064796e-07   -4.561677e-13
   30   66    1.642810e-06   -1.128170e-12
   30   67    1.295366e-08    1.876521e-12
   30   68    1.811441e-06   -7.529865e-13
   30   69    2.759752e-10    5.633623e-13
   30   70    5.419393e-08   -1.682884e-14
   30   71    5.610028e-13    5.301363e-15
   30   72    5.866696e-11   -1.939735e-17
   30   73    6.552827e-17    7.481662e-19
   30   74    5.311205e-16   -4.335591e-20
   30   75    1.800627e-23    5.913605e-27
   30   76    1.129827e-24   -1.533152e-27
   31   62    1.596414e-26   -6.560959e-28
   31   63    3.412939e-22   -1.636549e-23
   31   64    5.589302e-19   -3.342080e-21
   31   65    8.808338e-14   -5.542773e-16
   31   66    8.576851e-12    1.245983e-15
   31   67    1.788755e-09    9.473061e-15
   31   68    9.139225e-10   -9.308444e-15
   31   69    7.129773e-07   -3.129478e-12
   31   70    9.781083e-09    3.169272e-12
   31   71    3.877217e-07   -6.570685e-13
   31   72    1.164253e-10    6.827274e-13
   31   73    2.721857e-08   -3.303950e-14
   31   74    3.006982e-12    1.591723e-14
   31   75    9.961016e-11   -6.151475e-15
   31   76    1.775593e-16    3.402761e-18
   31   77    1.013777e-17   -5.581612e-21
   31   78    9.039187e-24    1.487029e-25
   31   79    4.962131e-27   -9.161398e-30
   31   81    3.939003e-29   -2.492283e-31
   32   64    3.179315e-26   -1.466889e-29
   32   65    1.983132e-23   -1.409315e-26
   32   66    1.037644e-15   -7.402673e-20
   32   67    1.217170e-14   -1.197194e-18
   32   68    6.129903e-10   -4.712115e-15
   32   69    7.855860e-10   -2.237932e-14
   32   70    2.709082e-07   -5.584619e-13
   32   71    1.366822e-08    6.732429e-13
   32   72    3.335026e-07   -4.863780e-13
   32   73    1.643682e-09    6.131348e-13
   32   74    3.992281e-07   -4.122400e-13
   32   75    2.428169e-10    3.927442e-13
   32   76    3.088856e-08   -1.359196e-14
   32   77    1.621443e-12    1.072903e-14
   32   78    5.154579e-11   -8.975005e-17
   32   79    2.221081e-16    1.572699e-18
   32   80    1.834483e-16   -4.822599e-20
   32   81    5.726833e-24   -6.128067e-27
   32   82    2.138324e-27   -3.315153e-30
   33   67    1.506719e-26   -9.135282e-28
   33   68    8.133727e-23   -1.297512e-24
   33   69    1.576756e-17   -3.422180e-19
   33   70    3.290243e-15   -1.118156e-18
   33   71    1.198739e-11   -2.775280e-15
   33   72    1.964877e-11   -4.043999e-16
   33   73    7.759183e-09   -6.027701e-14
   33   74    1.090457e-09    3.080421e-14
   33   75    1.576635e-07   -2.131518e-12
   33   76    2.189621e-09    2.175049e-12
   33   77    7.630614e-08   -1.281649e-13
   33   78    3.662966e-11    1.380018e-13
   33   79    5.888061e-09   -8.797747e-14
   33   80    7.273895e-13    3.354770e-15
   33   81    1.068743e-11   -2.480878e-15
   33   82    6.443423e-18    1.256068e-19
   33   83    1.051444e-19   -5.093068e-23
   33   84    9.056818e-30   -2.649303e-31
   34   69    6.758271e-28   -1.696156e-30
   34   70    1.321466e-19   -1.367888e-23
   34   71    3.802658e-18   -6.481941e-22
   34   72    1.519483e-12   -2.010288e-17
   34   73    1.401948e-12   -7.128863e-17
   34   74    2.077495e-09   -2.013470e-14
   34   75    2.837826e-09   -1.011991e-14
   34   76    2.207185e-08   -9.034873e-14
   34   77    1.232486e-09    1.245709e-13
   34   78    3.444750e-08   -4.042768e-14
   34   79    2.707625e-10    1.377464e-13
   34   80    9.010852e-08   -7.502570e-14
   34   81    1.068585e-10    7.605943e-14
   34   82    1.391095e-08   -1.235894e-15
   34   83    1.699520e-13    9.119599e-16
   34   84    4.076493e-12   -1.612055e-16
   34   85    1.660111e-20   -2.369881e-22
   34   86    2.461913e-26    8.241224e-29
   35   72    4.139291e-27   -1.091498e-28
   35   73    6.075362e-21   -2.156568e-22
   35   74    1.619290e-18   -1.727340e-21
   35   75    1.330142e-14   -2.205403e-17
   35   76    1.100674e-12   -5.956130e-17
   35   77    8.199249e-11   -1.265881e-15
   35   78    1.876803e-11   -4.490454e-17
   35   79    2.804651e-09   -5.011695e-14
   35   80    3.929245e-10    4.246598e-14
   35   81    1.269802e-08   -1.103622e-13
   35   82    5.163612e-10    1.149242e-13
   35   83    2.287039e-08   -5.219237e-14
   35   84    1.488042e-11    3.733390e-14
   35   85    2.170698e-09   -9.639149e-14
   35   86    9.993031e-17    5.347480e-19
   35   87    1.163965e-21    8.759143e-24
   35   88    9.662085e-30    1.358619e-32
   36   74    1.383455e-23   -2.754810e-27
   36   75    1.086135e-21   -2.748085e-25
   36   76    1.771404e-15   -5.980440e-20
   36   77    2.405270e-15   -1.679551e-19
   36   78    1.889114e-12   -2.712043e-17
   36   79    5.136480e-12   -1.310771e-16
   36   80    1.388304e-10    1.460710e-15
   36   81    7.880938e-11    2.031950e-16
   36   82    1.666596e-09   -3.810706e-15
   36   83    2.157306e-10    2.504001e-14
   36   84    6.347040e-08   -5.725654e-14
   36   85    6.406810e-10    1.529913e-13
   36   86    7.074273e-08   -6.054605e-16
   36   87    8.981172e-14    5.966829e-16
   36   88    1.697198e-17    2.945773e-20
   36   89    6.963561e-25    2.236767e-27
   36   90    6.464619e-30    4.639946e-32
   37   76    2.405509e-30   -5.071778e-32
   37   77    6.627956e-24   -2.013531e-25
   37   78    1.396915e-22   -6.058976e-25
   37   79    2.643501e-18   -9.026618e-21
   37   80    1.209355e-16   -3.420213e-20
   37   81    4.564825e-14   -2.271475e-18
   37   82    8.059937e-14   -1.144830e-17
   37   83    1.190161e-11   -2.194329e-16
   37   84    7.315490e-12   -3.933965e-17
   37   85    1.448273e-09   -8.928716e-15
   37   86    1.176536e-09    1.849823e-15
   37   87    1.948212e-08    6.328708e-15
   37   88    3.865364e-13    3.099692e-15
   37   89    2.948210e-16    6.165773e-19
   37   90    3.458802e-22    8.913043e-24
   37   91    1.388500e-26    3.228495e-28
   37   93    1.364099e-29   -2.506168e-34
   38   78    1.883316e-27   -5.490620e-31
   38   79    5.417152e-26   -2.029599e-29
   38   80    4.023659e-20   -1.965636e-24
   38   81    1.097356e-19   -1.047163e-23
   38   82    2.787913e-16   -6.379469e-21
   38   83    1.510272e-15   -6.816933e-20
   38   84    2.584620e-13   -2.317928e-18
   38   85    1.681650e-12   -4.397884e-17
   38   86    1.841919e-10   -2.913072e-16
   38   87    5.427482e-10   -9.461224e-16
   38   88    6.374035e-08   -5.413415e-15
   38   89    8.461372e-12    6.467639e-15
   38   90    5.415938e-14    4.124094e-18
   38   91    4.394820e-19    5.712500e-21
   38   92    1.691034e-22    3.661692e-25
   38   93    6.198326e-29    8.858634e-31
   38   94    6.045642e-30   -6.197846e-34
   39   81    9.889341e-30   -4.297130e-31
   39   82    2.130673e-27   -2.224503e-29
   39   83    3.057896e-23   -3.873879e-25
   39   84    5.061480e-22   -1.163160e-24
   39   85    9.340229e-18   -1.732300e-21
   39   86    4.990246e-16   -3.896268e-20
   39   87    1.622249e-13   -6.022891e-18
   39   88    7.146463e-13   -2.208729e-17
   39   89    7.971116e-09   -3.128668e-15
   39   90    9.089658e-12    3.500422e-15
   39   91    1.893695e-13    6.010780e-17
   39   92    3.350642e-17    3.001877e-19
   39   93    8.675857e-20    2.954376e-22
   39   94    3.458181e-24    7.942280e-26
   39   95    5.418436e-28    1.109189e-29
   40   84    8.004777e-26   -8.964042e-30
   40   85    2.589899e-25   -5.087548e-29
   40   86    1.566493e-19   -5.709884e-24
   40   87    4.312266e-19   -2.884911e-23
   40   88    1.000306e-15   -1.907072e-20
   40   89    1.297973e-13   -4.535815e-18
   40   90    3.779416e-09   -1.878897e-15
   40   91    6.270632e-11    1.939984e-15
   40   92    3.813124e-10   -2.995486e-16
   40   93    4.143913e-13    3.260798e-16
   40   94    1.548386e-14    9.665638e-19
   40   95    3.816592e-18    1.044905e-20
   40   96    2.437038e-20    8.514791e-24
   40   97    1.527235e-26    2.589462e-28
   40   98    2.030918e-30   -5.106462e-34
   41   87    1.337257e-27   -3.366324e-29
   41   88    3.206452e-25   -6.097216e-28
   41   89    1.347368e-20   -3.531458e-24
   41   90    2.170754e-17   -1.447755e-21
   41   91    2.600116e-11   -3.206435e-16
   41   92    3.332928e-12   -2.993896e-16
   41   93    1.855620e-11   -5.731323e-17
   41   94    1.442963e-13    1.068699e-16
   41   95    2.534906e-14    1.487585e-18
   41   96    3.467589e-17    1.499448e-19
   41   97    1.043994e-18    5.820654e-22
   41   98    5.513011e-24    1.679114e-25
   41   99    1.908102e-27    3.395097e-29
   41  101    1.104235e-27   -1.200507e-30
   42   89    2.765313e-29   -9.101108e-33
   42   90    7.265024e-23   -3.329227e-27
   42   91    2.488768e-19   -3.185016e-23
   42   92    9.612150e-13    5.220021e-16
   42   93    2.034615e-12   -2.859283e-17
   42   94    1.137763e-10   -3.594882e-16
   42   95    4.239034e-12    3.546723e-16
   42   96    9.593623e-11   -2.146078e-16
   42   97    1.680634e-13    2.463606e-16
   42   98    4.669344e-14    2.063382e-18
   42   99    9.797780e-19    1.636722e-20
   42  100    5.627535e-20    9.136622e-24
   42  101    1.192937e-25    1.634492e-27
   42  102    3.317337e-27    2.390874e-31
   43   92    8.881479e-26   -2.002609e-28
   43   93    4.219760e-18   -1.671149e-21
   43   94    2.084623e-16   -1.534409e-20
   43   95    1.585588e-13   -4.592602e-18
   43   96    4.553362e-14    2.838045e-18
   43   97    1.555510e-12   -2.540737e-17
   43   98    1.622125e-14    2.604435e-17
   43   99    9.948068e-14   -2.727139e-19
   43  100    5.192312e-17    8.988901e-19
   43  101    2.106079e-17    9.109144e-22
   43  102    3.406313e-22    1.035934e-23
   43  103    6.511073e-23   -3.318553e-27
   43  104    5.762837e-28    1.600367e-29
   43  105    1.475640e-27   -2.498093e-32
   44   93    8.131664e-30   -3.479938e-33
   44   94    6.268024e-20   -9.490887e-25
   44   95    2.437898e-18   -8.692484e-23
   44   96    5.174659e-15   -3.256428e-20
   44   97    1.176062e-14   -2.685048e-19
   44   98    4.792945e-12   -2.056802e-17
   44   99    4.504958e-13    1.320732e-17
   44  100    4.205090e-11   -1.790267e-16
   44  101    1.139469e-13    1.828021e-16
   44  102    1.506467e-12    1.908603e-18
   44  103    3.502940e-16    2.261067e-18
   44  104    6.301692e-15    4.597094e-21
   44  105    2.258365e-19    3.950961e-21
   44  106    3.072684e-20    1.192743e-24
   44  107    8.399040e-26    1.830083e-27
   44  108    8.109437e-28   -2.292934e-32
   45   95    2.472320e-28   -5.379278e-30
   45   96    8.285936e-26   -6.385244e-28
   45   97    5.216239e-21   -4.518611e-24
   45   98    1.187200e-19   -4.475379e-23
   45   99    1.526212e-14   -6.212306e-19
   45  100    6.947385e-15    9.608851e-20
   45  101    2.664134e-12   -6.070981e-17
   45  102    5.241921e-14    5.745789e-17
   45  103    4.541032e-12   -8.279951e-17
   45  104    1.104064e-14    8.394171e-17
   45  105    2.408290e-13   -8.751919e-19
   45  106    6.299360e-17    1.200542e-18
   45  107    2.774241e-17    1.878925e-21
   45  108    1.616523e-21    4.515952e-23
   45  109    4.644491e-23    3.961996e-26
   45  110    3.782522e-28    1.060105e-29
   45  111    2.535561e-28   -1.779272e-31
   46   97    6.819364e-29   -1.301674e-32
   46   98    2.117305e-22   -6.208302e-27
   46   99    1.547631e-20   -9.064794e-25
   46  100    1.555441e-16   -2.786806e-21
   46  101    6.440977e-16   -1.848582e-20
   46  102    1.059153e-12   -1.151516e-17
   46  103    1.924331e-13    6.189269e-18
   46  104    4.067628e-11   -2.944479e-16
   46  105    4.744076e-13    2.779172e-16
   46  106    3.119275e-11   -9.155366e-17
   46  107    2.626288e-14    1.147141e-16
   46  108    1.480778e-13    1.606508e-18
   46  109    2.233897e-17    2.396390e-19
   46  110    2.616871e-16    2.383163e-21
   46  111    2.823036e-21    5.668909e-23
   46  112    1.965032e-22    2.586128e-26
   46  113    1.947461e-28    2.803318e-30
   46  114    4.943432e-28   -2.631623e-32
   47  100    5.139732e-29   -8.358360e-31
   47  101    1.203063e-23   -3.516583e-26
   47  102    3.952886e-21   -1.305272e-24
   47  103    3.966422e-16   -3.608038e-20
   47  104    1.130785e-15   -7.556433e-20
   47  105    9.196633e-13   -4.265600e-17
   47  106    1.135328e-13    3.170748e-17
   47  107    7.520156e-12   -1.916309e-16
   47  108    7.876818e-14    1.930601e-16
   47  109    2.260052e-12   -3.367966e-17
   47  110    2.673179e-15    3.705009e-17
   47  111    3.221691e-15    1.744198e-19
   47  112    7.876826e-19    1.718828e-20
   47  113    1.555851e-19    2.228475e-23
   47  114    1.621415e-24    4.720511e-26
   47  115    6.596688e-26    2.706821e-29
   47  117    3.021901e-27   -3.204135e-31
   48  102    1.059300e-25   -5.606551e-30
   48  103    1.484433e-23   -1.265788e-27
   48  104    4.153760e-19   -1.044494e-23
   48  105    3.010378e-18   -1.489212e-22
   48  106    8.618996e-15   -8.927238e-20
   48  107    6.676120e-15   -2.178702e-19
   48  108    4.509081e-12   -2.060026e-17
   48  109    2.050020e-13    1.633010e-17
   48  110    4.985987e-11   -2.354613e-16
   48  111    2.254546e-13    2.384748e-16
   48  112    2.380664e-11   -5.640187e-17
   48  113    1.264535e-14    6.301627e-17
   48  114    4.537162e-14    4.465380e-19
   48  115    4.016886e-18    4.253222e-20
   48  116    1.295444e-18    8.234871e-23
   48  117    1.787266e-23    2.663695e-25
   48  118    9.216005e-25    1.392098e-28
   48  120    1.519179e-27   -2.308372e-31
   48  122    6.368875e-28    0.000000e+00
   49  105    1.060621e-27   -1.572426e-29
   49  106    9.291511e-26   -2.115207e-28
   49  107    3.672342e-20   -1.772404e-23
   49  108    2.027412e-18   -3.179229e-22
   49  109    1.057857e-14   -9.400256e-19
   49  110    4.235661e-15    4.135202e-19
   49  111    1.610512e-12   -1.097825e-16
   49  112    8.462246e-14    1.019152e-16
   49  113    4.172569e-12   -7.496306e-17
   49  114    3.038961e-14    7.702517e-17
   49  115    2.559209e-13   -1.239185e-18
   49  116    2.406748e-16    3.292872e-18
   49  117    2.324489e-16    1.035202e-20
   49  118    3.247249e-20    7.990470e-22
   49  119    6.871432e-21    6.225992e-25
   49  120    1.785392e-25    4.845224e-27
   49  121    9.008589e-27    7.340808e-31
   49  122    1.177421e-30   -6.059008e-33
   49  123    4.473402e-27   -5.596490e-30
   49  124    1.444737e-30   -3.574326e-33
   49  125    5.911555e-27   -1.933520e-29
   50  107    9.474476e-29   -1.395310e-32
   50  108    3.962542e-23   -1.644652e-27
   50  109    3.020029e-22   -2.169017e-26
   50  110    2.669934e-18   -6.255504e-23
   50  111    4.818681e-18   -2.614570e-22
   50  112    1.594184e-14    2.206345e-19
   50  113    4.965309e-15   -1.687176e-19
   50  114    4.208036e-12   -1.104513e-17
   50  115    1.833237e-13    1.330358e-17
   50  116    7.256145e-11   -1.304056e-16
   50  117    2.663233e-13    1.363830e-16
   50  118    9.883514e-11   -1.042600e-16
   50  119    6.018054e-14    1.070381e-16
   50  120    5.719163e-12   -2.918564e-18
   50  121    8.195108e-16    2.712080e-18
   50  122    5.567654e-15   -1.711563e-22
   50  123    2.235398e-19    9.874946e-22
   50  124    2.933154e-20    7.864722e-25
   50  125    3.440637e-25    1.522040e-27
   50  126    1.028952e-26    4.989087e-31
   50  127    1.048027e-30   -1.070143e-36
   51  111    4.376986e-29   -2.563805e-30
   51  112    4.647759e-27   -9.696921e-29
   51  113    5.819828e-23   -5.210583e-25
   51  114    1.681051e-21   -3.261589e-24
   51  115    3.363314e-16   -1.167252e-19
   51  116    2.651556e-16   -2.065455e-20
   51  117    4.969943e-13   -3.436267e-17
   51  118    2.782364e-14    2.823301e-17
   51  119    1.680016e-12   -5.023026e-17
   51  120    1.043772e-14    5.169890e-17
   51  121    5.618620e-13   -5.086583e-18
   51  122    6.718412e-16    5.579661e-18
   51  123    3.299051e-15    1.116325e-20
   51  124    1.329927e-18    1.323317e-20
   51  125    4.751543e-19    2.266367e-23
   51  126    4.132478e-23    8.535761e-25
   51  127    3.367271e-24    3.880320e-28
   51  128    4.364658e-29    1.022199e-30
   51  129    5.920633e-26   -2.892763e-32
   52  114    6.226542e-27   -5.404230e-29
   52  115    8.622730e-25   -5.637634e-27
   52  116    7.475672e-18   -2.547156e-21
   52  117    6.294536e-18   -1.162744e-21
   52  118    7.384304e-14   -3.784182e-18
   52  119    8.315480e-15    1.990142e-18
   52  120    7.601708e-12   -1.097835e-16
   52  121    1.634271e-13    9.978455e-17
   52  122    4.262230e-11   -2.846516e-16
   52  123    1.761463e-13    2.857461e-16
   52  124    1.068365e-11   -2.249358e-17
   52  125    1.000172e-14    3.051524e-17
   52  126    7.099160e-14    1.698981e-19
   52  127    1.639302e-17    7.712458e-20
   52  128    4.921341e-17    3.293177e-22
   52  129    3.286440e-21    2.375157e-23
   52  130    6.460309e-22    2.651993e-25
   52  131    1.238832e-26    7.530018e-29
   52  132    4.896919e-27   -1.348364e-34
   52  133    1.357646e-30   -1.397269e-35
   53  117    1.164964e-27   -4.794803e-29
   53  118    3.655593e-25   -8.864145e-28
   53  119    1.375537e-19   -1.107708e-22
   53  120    9.961137e-19   -1.833038e-22
   53  121    1.098031e-14   -1.091652e-18
   53  122    2.294984e-15    6.472009e-19
   53  123    9.975661e-13   -6.449508e-17
   53  124    3.238332e-14    6.182355e-17
   53  125    2.087888e-12   -6.444347e-17
   53  126    1.421789e-14    6.650952e-17
   53  127    4.417742e-13   -4.652394e-18
   53  128    6.745637e-16    5.278195e-18
   53  129    4.956353e-15   -8.978286e-21
   53  130    1.461732e-18    2.197281e-20
   53  131    7.460679e-19    1.652515e-23
   53  132    6.533279e-23    1.007192e-24
   53  133    1.039306e-22   -2.575868e-28
   53  134    4.977785e-27    5.248965e-29
   53  135    8.695754e-26   -2.832557e-32
   54  118    2.636758e-27   -3.895128e-31
   54  119    2.512687e-25   -6.027624e-29
   54  120    4.324220e-20   -4.642630e-24
   54  121    1.990680e-19   -2.520259e-23
   54  122    2.190364e-15   -1.594331e-19
   54  123    1.440509e-15   -1.532271e-20
   54  124    1.472054e-12   -3.797022e-17
   54  125    1.482085e-13    2.377301e-17
   54  126    3.246680e-11   -3.694055e-16
   54  127    6.810535e-13    3.502447e-16
   54  128    4.657637e-11   -2.821037e-16
   54  129    2.123199e-13    3.115824e-16
   54  130    2.597935e-12    1.589215e-19
   54  131    2.578175e-15    6.966369e-18
   54  132    2.739262e-14   -5.814834e-21
   54  133    7.802172e-18    2.700702e-20
   54  134    1.114186e-16   -1.585025e-22
   54  135    1.442069e-20    3.121720e-23
   54  136    4.318382e-19   -1.987497e-24
   54  137    8.510187e-29   -2.661133e-30
   55  122    1.027394e-28   -1.726362e-30
   55  123    1.348278e-23   -7.236380e-26
   55  124    1.437681e-21   -1.649623e-24
   55  125    1.625201e-16   -3.693552e-20
   55  126    2.605605e-16   -4.232650e-20
   55  127    3.158748e-13   -3.255729e-17
   55  128    4.002729e-14    2.573089e-17
   55  129    2.943640e-12   -1.441114e-16
   55  130    7.171572e-14    1.390558e-16
   55  131    8.839819e-13   -1.360844e-17
   55  132    4.638340e-15    2.256844e-17
   55  133    3.438859e-14   -5.563221e-20
   55  134    7.290497e-17    3.364277e-19
   55  135    3.010465e-17    2.111281e-21
   55  136    2.609292e-20    9.061127e-23
   55  137    4.499209e-19   -1.488516e-24
   55  138    3.798141e-28   -7.621219e-30
   56  123    9.219086e-28   -2.684127e-31
   56  124    3.015665e-22   -4.679264e-26
   56  125    2.412629e-21   -5.578972e-25
   56  126    1.427368e-16   -1.508728e-20
   56  127    2.158794e-16   -2.016417e-20
   56  128    4.262496e-13   -3.241424e-17
   56  129    1.242868e-13    1.648427e-17
   56  130    4.669166e-11   -1.382895e-15
   56  131    2.581147e-12    1.169133e-15
   56  132    2.380177e-10   -3.081938e-15
   56  133    3.642999e-12    3.118825e-15
   56  134    1.568869e-10   -5.062939e-16
   56  135    7.350451e-13    6.913377e-16
   56  136    3.150556e-11   -2.024752e-17
   56  137    9.771173e-14    3.445335e-17
   56  138    9.622090e-12   -3.305480e-18
   56  139    1.365653e-19   -8.343162e-22
   56  140    9.928749e-25    1.899443e-26
   56  142    1.661828e-30   -1.815284e-38
   57  127    1.603365e-26   -5.061321e-28
   57  128    3.878201e-25   -2.426294e-27
   57  129    3.975063e-20   -5.086718e-23
   57  130    7.057540e-19   -2.794093e-22
   57  131    3.887549e-15   -6.149790e-19
   57  132    9.589555e-16    3.028798e-19
   57  133    5.993945e-13   -5.671980e-17
   57  134    6.343534e-14    4.715318e-17
   57  135    2.078106e-12   -9.236303e-17
   57  136    7.048931e-14    9.494231e-17
   57  137    1.028225e-12   -1.856415e-17
   57  138    2.065681e-14    2.265821e-17
   57  139    3.340968e-11   -2.307411e-19
   57  140    4.690924e-18    3.118361e-20
   57  141    2.027743e-22    5.249106e-24
   57  142    1.116709e-29    3.353948e-31
   57  143    4.960618e-30    0.000000e+00
   58  128    7.540378e-27   -1.855419e-30
   58  129    1.829959e-25   -6.320471e-29
   58  130    1.135433e-20   -1.798165e-24
   58  131    4.234776e-20   -9.976368e-24
   58  132    2.454801e-16   -1.846600e-20
   58  133    1.781032e-16   -1.216455e-20
   58  134    1.830379e-13   -8.016732e-18
   58  135    4.497233e-14    4.984202e-18
   58  136    6.068719e-12   -7.174042e-17
   58  137    3.258307e-13    5.678303e-17
   58  138    3.411281e-11   -2.023074e-16
   58  139    1.053174e-12    2.135226e-16
   58  140    5.207437e-11    2.000562e-17
   58  141    5.314500e-17    6.854098e-19
   58  142    1.676736e-20    9.831111e-23
   58  143    5.722082e-27    8.497722e-29
   58  144    3.631124e-30   -4.572769e-37
   59  132    9.113023e-30   -8.305613e-32
   59  133    5.010967e-24   -1.301259e-26
   59  134    1.595779e-21   -8.642142e-25
   59  135    3.448601e-17   -8.990129e-21
   59  136    6.228749e-17   -7.484991e-21
   59  137    4.920036e-14   -6.294887e-18
   59  138    1.242971e-14    3.270294e-18
   59  139    1.549566e-12   -1.094330e-16
   59  140    3.119943e-13    8.321971e-17
   59  141    5.691044e-12    1.443279e-17
   59  142    6.537418e-17    1.301597e-18
   59  143    9.105606e-20    6.298676e-22
   59  144    1.608587e-25    5.030968e-27
   59  145    6.186964e-29    1.838680e-30
   60  133    2.499471e-29   -1.258943e-32
   60  134    3.001182e-24   -7.318839e-28
   60  135    3.732046e-23   -1.320845e-26
   60  136    6.412006e-19   -1.111618e-22
   60  137    1.920937e-18   -3.352648e-22
   60  138    3.468074e-15   -4.582690e-19
   60  139    2.846025e-15    1.138456e-20
   60  140    1.168870e-12   -4.394661e-17
   60  141    4.257743e-13    2.312241e-17
   60  142    3.912395e-11    2.998911e-16
   60  143    2.144064e-15    1.564185e-17
   60  144    1.293865e-17    1.660830e-20
   60  145    1.647777e-22    3.391129e-24
   60  146    2.747196e-25    2.788494e-27
   61  137    2.120532e-29   -4.693077e-31
   61  138    2.880806e-27   -1.036378e-29
   61  139    5.042379e-22   -6.446546e-25
   61  140    3.459821e-20   -4.206432e-23
   61  141    3.976528e-16   -6.617916e-20
   61  142    1.399111e-15   -3.649443e-19
   61  143    3.979238e-13   -1.186701e-18
   61  144    2.022635e-16    3.665431e-18
   61  145    3.668716e-17    2.125892e-19
   61  146    3.707095e-21    1.412717e-22
   61  147    5.310987e-23    7.200393e-25
   61  148    4.728445e-28    1.988536e-29
   61  149    1.072960e-26    2.230394e-33
   61  150    1.137720e-28   -9.099805e-35
   62  138    3.326429e-27   -1.036509e-30
   62  139    1.118388e-25   -4.829256e-29
   62  140    4.414523e-21   -1.220267e-24
   62  141    3.853885e-20   -1.092053e-23
   62  142    9.761116e-16   -1.051593e-19
   62  143    5.388464e-15   -5.220094e-19
   62  144    1.414811e-11    5.546236e-17
   62  145    3.395720e-14    4.396399e-17
   62  146    1.104618e-13    2.769780e-16
   62  147    3.810365e-17    8.166719e-19
   62  148    1.381838e-17    6.764200e-20
   62  149    4.153590e-22    1.270071e-23
   62  150    1.073335e-23    3.235721e-25
   62  151    1.403584e-28    7.394581e-30
   62  152    3.597091e-26    3.926666e-33
   62  153    1.046319e-29   -4.218601e-37
   63  142    9.381265e-30   -8.907813e-32
   63  143    1.110146e-22   -1.724424e-25
   63  144    1.245834e-19   -1.325781e-22
   63  145    3.495844e-15   -2.617043e-19
   63  146    4.649769e-17    1.985137e-19
   63  147    1.179469e-16   -5.663682e-19
   63  148    1.192745e-18   -1.699449e-20
   63  149    3.827790e-16    1.158722e-18
   63  150    4.982642e-20    2.091099e-21
   63  151    1.434775e-20    1.343419e-23
   63  152    2.039881e-24    1.010973e-25
   63  153    7.019599e-25    2.290741e-27
   63  154    1.298404e-28    6.852338e-30
   63  155    4.908260e-26    2.206784e-33
   63  156    1.278297e-29   -8.984927e-39
   64  142    3.549984e-28   -8.175257e-36
   64  143    6.750652e-26   -4.344367e-29
   64  144    2.925617e-20   -7.546338e-24
   64  145    3.930418e-18   -7.802182e-22
   64  146    4.603798e-13   -1.307471e-17
   64  147    1.375741e-14    1.141299e-17
   64  148    1.522784e-15   -3.732515e-17
   64  149    1.296945e-15   -1.709732e-17
   64  150    1.794484e-13    2.337406e-16
   64  151    1.601345e-16    2.819669e-18
   64  152    5.712626e-16    2.932975e-19
   64  153    3.593673e-19    9.795620e-21
   64  154    2.548649e-19    3.472284e-22
   64  155    1.692224e-22    6.163646e-24
   64  156    2.271322e-23    8.267728e-26
   64  157    4.914023e-27    1.866138e-28
   64  158    1.368525e-26    1.660512e-32
   64  159    1.252464e-28   -1.434676e-35
   65  146    5.958727e-29   -1.018358e-30
   65  147    1.063957e-23   -1.538542e-25
   65  148    1.173509e-22    3.401651e-24
   65  149    7.275421e-22   -8.452531e-23
   65  150    7.359298e-20   -5.601007e-22
   65  151    3.483786e-17   -3.617120e-19
   65  152    1.850678e-19   -3.244166e-21
   65  153    2.570530e-15   -8.218717e-19
   65  154    9.062410e-18    1.600015e-19
   65  155    1.329475e-16    7.175599e-21
   65  156    3.580963e-19    6.161909e-21
   65  157    1.902569e-19    7.185941e-22
   65  158    1.800739e-22    4.844617e-24
   65  159    8.364413e-24    2.647317e-26
   65  160    1.211752e-27    6.424208e-29
   65  161    1.313958e-27    9.141033e-34
   65  162    1.187798e-29   -2.010418e-34
   66  147    5.106570e-26   -1.968084e-29
   66  148    9.863112e-20   -1.156647e-23
   66  149    1.910385e-20   -6.465656e-24
   66  150    7.293954e-25   -8.006262e-26
   66  151    1.533702e-22   -2.618512e-23
   66  152    1.784018e-16   -3.491833e-18
   66  153    8.765860e-17   -2.831566e-18
   66  154    3.857235e-13   -2.867769e-16
   66  155    4.118549e-15    2.276511e-17
   66  156    2.899508e-13    4.320816e-18
   66  157    2.479997e-15    2.642398e-17
   66  158    3.448453e-15    4.589766e-19
   66  159    1.046519e-17    2.795275e-19
   66  160    1.574201e-18    1.930666e-21
   66  161    1.588989e-21    1.521052e-22
   66  162    6.118770e-23    3.135401e-24
   66  163    5.434727e-27    4.148618e-28
   66  164    3.703552e-27    2.383768e-28
   66  165    2.096021e-30   -1.924338e-36
   67  152    3.635621e-30   -1.333034e-30
   67  153    8.442223e-22   -5.296913e-23
   67  154    1.313597e-19   -3.729380e-21
   67  155    4.052667e-16   -9.847132e-19
   67  156    6.994173e-18    6.751445e-20
   67  157    7.682860e-14   -8.682133e-18
   67  158    1.485722e-15    1.548785e-17
   67  159    3.958157e-14   -2.384740e-19
   67  160    1.727922e-16    3.495664e-18
   67  161    3.261618e-16    1.590453e-19
   67  162    3.245285e-19    1.060825e-20
   67  163    1.763202e-19    6.418252e-21
   67  164    8.955714e-23    7.746942e-24
   67  165    6.537426e-24    4.418310e-25
   67  166    1.833014e-28    1.962504e-29
   67  167    3.200772e-28   -2.268927e-34
   68  154    4.494823e-25   -1.175826e-25
   68  155    2.230419e-21   -3.360208e-22
   68  156    2.388703e-15   -2.030281e-17
   68  157    5.710216e-16   -2.846098e-18
   68  158    5.732715e-12   -7.612387e-16
   68  159    2.673980e-13    8.636893e-16
   68  160    7.759682e-12    3.526677e-16
   68  161    1.764249e-13    6.349127e-16
   68  162    5.501682e-13    3.249811e-17
   68  163    3.707697e-15    6.854790e-17
   68  164    1.330793e-15    8.149899e-19
   68  165    2.098027e-18    5.750689e-20
   68  166    1.652655e-19    1.978205e-22
   68  167    4.447975e-23    2.078381e-24
   68  168    6.318351e-25    2.059636e-26
   68  169    1.213445e-29    8.101952e-31
   68  170    1.528676e-28    1.416440e-36
   69  155    3.027146e-29   -1.647644e-30
   69  156    8.702897e-26   -5.168254e-28
   69  157    1.255888e-20   -5.298227e-22
   69  158    1.942164e-17   -1.608713e-20
   69  159    3.238833e-16   -4.613447e-19
   69  160    1.603483e-16    3.839077e-20
   69  161    1.547218e-13   -2.440227e-17
   69  162    7.095046e-15    3.374359e-17
   69  163    4.670927e-13    4.688940e-18
   69  164    4.799859e-15    8.434471e-17
   69  165    2.532789e-14    2.092210e-17
   69  166    8.332276e-17    1.626999e-18
   69  167    1.360925e-16    1.375121e-18
   69  168    1.630907e-19    4.113503e-21
   69  169    5.063548e-21    2.005139e-23
   69  170    1.307713e-24    7.823132e-26
   69  171    1.007296e-26    5.002229e-28
   69  172    9.965706e-28    2.146192e-34
   70  157    6.430177e-26   -3.414860e-29
   70  158    9.423913e-25   -1.374279e-25
   70  159    7.037581e-22   -5.507271e-23
   70  160    8.067391e-16   -6.497873e-18
   70  161    2.453165e-15   -1.973349e-18
   70  162    1.909943e-12   -8.741492e-16
   70  163    2.912547e-13    2.381670e-16
   70  164    2.826576e-11   -3.223615e-16
   70  165    1.397888e-12    3.285514e-15
   70  166    1.215621e-11    1.850050e-15
   70  167    1.795768e-13    8.619859e-16
   70  168    2.827359e-13    1.149690e-16
   70  169    1.128040e-15    2.270606e-17
   70  170    1.305302e-16    1.892757e-19
   70  171    1.095484e-19    3.181035e-21
   70  172    2.530732e-21    2.053549e-23
   70  173    2.975003e-25    1.240419e-26
   70  174    9.406931e-28    2.771025e-29
   70  175    2.142814e-29    5.373534e-37
   71  161    1.764927e-25   -3.557151e-27
   71  162    1.207236e-23   -4.750187e-25
   71  163    4.362335e-18   -8.030059e-21
   71  164    3.687458e-18   -2.776712e-21
   71  165    3.124435e-15   -2.702259e-18
   71  166    2.799904e-16    1.863870e-18
   71  167    4.952859e-13   -9.968575e-17
   71  168    2.460871e-14    1.382394e-16
   71  169    5.614962e-13    1.235675e-16
   71  170    3.064859e-15    4.372661e-17
   71  171    2.216878e-14    1.145238e-17
   71  172    4.951121e-17    9.108225e-19
   71  173    3.919783e-18    9.976045e-21
   71  174    1.873746e-21    6.112012e-23
   71  175    9.084539e-22    4.449438e-24
   71  176    3.922340e-26    2.078056e-27
   71  177    5.940789e-27    7.684544e-32
   71  178    4.543120e-28   -2.062645e-33
   72  161    3.432838e-29   -1.605364e-32
   72  162    5.175579e-29   -9.482791e-30
   72  163    2.178783e-25   -1.834367e-26
   72  164    8.628445e-19   -1.209910e-20
   72  165    1.432389e-18   -1.894802e-20
   72  166    7.803941e-14   -1.579351e-16
   72  167    2.658946e-14   -1.639440e-17
   72  168    1.157414e-11   -5.045018e-15
   72  169    1.166948e-12    1.282376e-15
   72  170    4.587531e-11    1.535842e-15
   72  171    1.371786e-12    4.763821e-15
   72  172    4.572431e-12    3.140881e-15
   72  173    3.650957e-14    2.834590e-16
   72  174    1.780591e-14    2.992551e-17
   72  175    2.735016e-17    9.221724e-19
   72  176    8.708744e-19    2.771314e-21
   72  177    1.471273e-22    7.771456e-24
   72  178    1.855631e-24    1.589653e-25
   72  179    5.032094e-28    9.239695e-29
   72  180    9.096801e-26    3.463531e-28
   73  167    4.762959e-23   -8.790860e-25
   73  168    2.804546e-22   -5.729136e-24
   73  169    1.207877e-17   -4.936213e-20
   73  170    2.710983e-17   -2.099959e-20
   73  171    3.619665e-14   -2.448248e-17
   73  172    8.706688e-16    9.123662e-18
   73  173    2.617365e-13   -1.292288e-17
   73  174    6.283526e-16    4.089169e-17
   73  175    3.127405e-13    2.582175e-17
   73  176    6.203092e-16    2.261181e-17
   73  177    1.930007e-16    3.376170e-19
   73  178    5.310362e-21    6.570117e-22
   73  179    5.650102e-18    1.088580e-20
   73  180    1.533960e-21    8.654632e-23
   73  181    1.036805e-23    1.041617e-25
   73  182    1.345387e-28    6.403850e-30
   74  165    1.201869e-29   -3.638136e-35
   74  168    5.919555e-25   -6.580160e-26
   74  169    6.528316e-22   -1.742212e-23
   74  170    1.449206e-17   -2.510293e-19
   74  171    7.940066e-17   -6.539507e-19
   74  172    1.962847e-13   -6.828942e-16
   74  173    7.759901e-14   -9.095833e-17
   74  174    8.498536e-12   -9.128919e-15
   74  175    6.448003e-13    7.528710e-16
   74  176    1.548112e-11    5.220405e-15
   74  177    1.764719e-13    1.261135e-15
   74  178    8.245089e-13    1.087223e-15
   74  179    3.169740e-15    3.898533e-17
   74  180    5.612846e-16    1.109510e-18
   74  181    5.924222e-19    1.444825e-20
   74  182    1.413585e-20    5.831926e-23
   74  183    7.548610e-25    3.061267e-26
   74  184    1.692371e-27    6.410431e-29
   74  185    6.614864e-30    1.114273e-36
   75  171    2.023422e-29   -4.052343e-30
   75  172    1.950787e-25   -7.654402e-27
   75  173    9.695605e-20   -1.275541e-21
   75  174    1.062935e-18   -5.104587e-21
   75  175    1.526427e-15   -7.596833e-18
   75  176    4.149309e-16   -1.755372e-19
   75  177    8.042401e-14   -1.046725e-16
   75  178    2.540735e-15    1.338082e-17
   75  179    1.263962e-13    6.159611e-17
   75  180    2.294203e-15    5.615497e-17
   75  181    7.075078e-15    9.442948e-18
   75  182    3.282060e-17    1.697046e-18
   75  183    4.970381e-18    4.583369e-20
   75  184    8.080900e-22    3.578946e-23
   75  185    7.467360e-24    1.791974e-25
   75  186    3.283550e-28    2.165076e-29
   75  187    3.237710e-28    1.413579e-33
   75  188    4.327803e-30   -5.428535e-37
   76  174    3.290564e-28   -8.472449e-29
   76  175    5.118337e-24   -3.944823e-25
   76  176    9.728339e-20   -7.009151e-21
   76  177    4.994462e-18   -1.927896e-19
   76  178    3.469637e-14   -4.269899e-16
   76  179    2.182246e-14   -1.457041e-16
   76  180    7.164794e-12   -9.595711e-15
   76  181    3.053777e-13    6.406420e-16
   76  182    1.538855e-11    1.597814e-14
   76  183    1.921762e-13    1.178929e-15
   76  184    1.203286e-13    2.381092e-16
   76  185    1.239947e-16    2.857626e-18
   76  186    4.650388e-18    1.207664e-20
   76  187    8.143266e-22    2.892642e-23
   76  188    1.539692e-23    2.476994e-25
   76  189    3.935085e-28    2.128238e-29
   76  190    1.380023e-27    5.809369e-33
   77  178    3.449930e-29   -1.269521e-29
   77  179    1.054155e-22   -1.909619e-23
   77  180    7.493780e-20   -4.079995e-21
   77  181    1.311401e-15   -1.451616e-17
   77  182    6.095322e-16   -1.613438e-18
   77  183    1.419296e-13   -7.003580e-17
   77  184    4.512364e-15    1.865820e-17
   77  185    4.467552e-14    5.601898e-17
   77  186    7.088739e-17    3.954623e-18
   77  187    2.428352e-17    4.990137e-20
   77  188    2.563704e-20    1.642604e-21
   77  189    4.258984e-21    1.487493e-22
   77  190    7.266606e-25    4.465830e-26
   77  191    1.302542e-25    1.020277e-26
   77  192    5.658735e-30    6.485382e-31
   77  193    3.058277e-27    9.054825e-35
   78  181    2.900672e-27   -1.157291e-27
   78  182    7.451344e-21   -1.317797e-21
   78  183    1.068902e-18   -9.119720e-20
   78  184    2.564044e-14   -5.300137e-16
   78  185    2.124385e-14   -7.826695e-17
   78  186    3.244083e-12   -7.876968e-15
   78  187    2.123898e-14    4.670363e-17
   78  188    1.781277e-13   -1.029789e-16
   78  189    7.325283e-16    8.920716e-18
   78  190    2.924804e-16    1.592919e-19
   78  191    3.228759e-19    9.596734e-21
   78  192    2.937481e-20    7.298531e-23
   78  193    1.457267e-23    1.060386e-24
   78  194    1.043262e-24    3.766539e-26
   78  195    9.972376e-29    8.220325e-30
   78  196    2.418107e-27    1.354703e-31
   78  197    2.057264e-29   -2.217743e-36
   79  184    4.081885e-28   -1.912691e-28
   79  185    7.864224e-21   -9.986222e-22
   79  186    4.442236e-19   -1.975858e-20
   79  187    1.538015e-15   -2.668521e-17
   79  188    4.575361e-17   -1.014639e-18
   79  189    1.511970e-14   -3.742196e-17
   79  190    1.921350e-15    1.255220e-16
   79  191    3.881438e-15    6.396905e-18
   79  192    8.723439e-17    9.069477e-18
   79  193    1.405541e-17    3.066707e-19
   79  194    2.272998e-20    6.231329e-22
   79  195    2.128420e-20    1.134713e-21
   79  196    1.005824e-23    4.953311e-25
   79  197    3.061664e-24    2.142017e-25
   79  198    6.290404e-28    5.271724e-29
   79  199    7.556884e-28   -1.101956e-35
   79  200    1.176080e-29   -3.130362e-35
   80  183    1.922009e-29   -4.103667e-38
   80  186    5.269705e-25   -2.088032e-25
   80  187    7.268344e-22   -1.788532e-22
   80  188    3.544412e-15   -9.524346e-17
   80  189    2.238564e-14   -1.876855e-16
   80  190    1.995556e-11   -9.748961e-15
   80  191    1.423286e-12    2.005150e-15
   80  192    2.378751e-11    4.714898e-15
   80  193    5.194028e-13    1.767623e-15
   80  194    9.104125e-13    2.043289e-16
   80  195    5.562121e-15    3.665296e-17
   80  196    2.397628e-15    6.961324e-19
   80  197    6.412070e-18    7.570821e-20
   80  198    4.936790e-19    4.489298e-22
   80  199    4.795162e-22    1.422056e-23
   80  200    7.566962e-24    1.380520e-25
   80  201    1.198630e-26    1.630369e-27
   80  202    8.012666e-28    3.329081e-31
   80  203    7.845385e-29   -1.496016e-37
   81  187    3.781102e-30   -3.593006e-32
   81  188    3.971799e-27   -2.235033e-29
   81  189    6.763633e-21   -6.599597e-22
   81  190    2.509826e-18   -5.515565e-20
   81  191    2.187206e-14   -4.387706e-17
   81  192    1.039596e-14   -6.334657e-19
   81  193    2.460467e-13   -5.786737e-17
   81  194    4.136822e-14    3.913969e-17
   81  195    4.507888e-13   -2.748883e-17
   81  196    1.480534e-14    3.636976e-17
   81  197    1.170943e-14    5.352308e-17
   81  198    3.793113e-16    2.134496e-17
   81  199    4.436693e-17    5.901010e-19
   81  200    1.562118e-18    1.209440e-19
   81  201    6.561990e-20    2.952530e-21
   81  202    4.571045e-23    5.628631e-25
   81  203    1.046814e-23    6.028140e-25
   81  204    1.637975e-27    2.356463e-29
   81  205    4.893692e-28    3.921412e-38
   81  206    1.433929e-29   -4.392272e-34
   82  189    1.412356e-29   -2.812623e-33
   82  190    2.246837e-30   -1.209229e-30
   82  191    1.632117e-26   -5.559556e-27
   82  192    2.525504e-18   -7.453396e-20
   82  193    1.715689e-17   -5.773998e-19
   82  194    9.657781e-13   -2.906332e-15
   82  195    2.494080e-13   -3.046631e-16
   82  196    4.653148e-11   -8.790535e-15
   82  197    3.236612e-12    1.955211e-15
   82  198    2.398765e-11   -3.810273e-16
   82  199    3.864595e-13    6.119885e-16
   82  200    1.253445e-12    9.663598e-18
   82  201    1.260537e-14    1.741889e-17
   82  202    3.740922e-15    2.713809e-19
   82  203    1.462407e-17    1.992055e-20
   82  204    9.256543e-19    1.079723e-22
   82  205    1.319626e-21    1.667878e-24
   82  206    1.863864e-23    3.867410e-27
   82  207    6.445203e-27    8.014108e-30
   83  194    2.608198e-30   -8.371772e-31
   83  195    2.509240e-23   -2.511761e-24
   83  196    1.944191e-20   -5.906782e-22
   83  197    1.499006e-16   -3.227654e-19
   83  198    5.536426e-17   -8.266002e-20
   83  199    7.701157e-15   -4.796902e-18
   83  200    8.918085e-16    7.613124e-19
   83  201    6.009551e-15   -4.739078e-19
   83  202    1.509311e-16    4.342303e-19
   83  203    1.660782e-16    1.298942e-20
   83  204    1.829235e-18    5.745953e-21
   83  205    2.434525e-19    6.856143e-23
   83  206    7.625115e-22    2.829172e-24
   83  207    2.110842e-23    8.647798e-27
   83  208    1.648411e-26    7.705860e-29
   83  209    2.232682e-28    0.000000e+00
   84  201    2.122820e-30   -1.418083e-31
   84  202    3.738003e-29   -1.819284e-30
   84  203    4.021357e-29   -3.527017e-31
   84  204    1.791074e-29   -2.797344e-31
   84  205    1.017445e-30   -7.438042e-33
    0    1    1.470059e-16   -2.676036e-17
    1    1    6.877642e-13   -9.760354e-14
    2    4    7.100753e-10   -9.929919e-11
