1.2908e+00
2.3043e-02
1.4507e+00
7.6893e+04
    1    3    5.017398e-23   -2.087238e-28
    2    3    1.678622e-21    1.656360e-28
    3    6    3.233471e-26    4.515029e-30
    4   10    1.471128e-27   -2.315416e-32
    5   10    2.521906e-25   -3.689703e-29
    5   11    1.759775e-17   -9.318015e-21
    5   12    1.742697e-30   -1.080517e-31
    6   11    6.064529e-20   -1.398709e-24
    6   12    3.134919e-04   -7.182911e-11
    6   13    4.584375e-12    3.468996e-16
    6   14    6.855293e-13   -2.576933e-19
    7   13    3.451115e-17   -1.983809e-18
    7   14    1.552130e-10    1.335543e-17
    7   15    2.670055e-13    4.027034e-16
    7   16    8.410159e-29   -9.266872e-30
    8   14    5.789657e-22    7.637334e-25
    8   15    3.198963e-12   -4.186376e-16
    8   16    5.230228e-02   -2.685068e-11
    8   17    1.664397e-11    6.344183e-14
    8   18    9.515499e-15   -6.241700e-20
    8   19    9.898516e-25    1.643615e-27
    8   20    5.745349e-30   -6.837047e-33
    9   17    3.626594e-19   -7.150023e-20
    9   18    6.268904e-14    2.137435e-18
    9   19    7.789069e-15    5.413107e-19
    9   20    3.834245e-19   -5.527907e-22
    9   21    6.303540e-23   -2.422482e-25
    9   22    1.843058e-30   -6.964681e-33
   10   18    4.907792e-26   -5.638733e-28
   10   19    1.135543e-17   -4.982931e-21
   10   20    1.001452e-04    4.710218e-11
   10   21    3.967987e-09    4.032515e-16
   10   22    1.830870e-10    4.020245e-20
   10   23    3.707538e-17   -1.534456e-20
   10   24    1.199260e-18   -9.739356e-23
   10   25    1.257921e-28   -2.576912e-30
   11   20    7.342471e-30   -1.978111e-31
   11   21    1.158259e-15   -1.643553e-17
   11   22    3.138245e-10    9.352095e-17
   11   23    3.299242e-06    5.033525e-10
   11   24    2.415736e-10   -1.276154e-16
   11   25    1.279062e-14   -3.463106e-18
   11   26    3.317605e-21   -4.935979e-23
   11   27    1.313473e-26   -6.969373e-28
   12   22    1.700341e-18   -6.998403e-21
   12   23    3.462913e-07   -4.887450e-10
   12   24    1.058917e-03    2.571109e-12
   12   25    9.677852e-06    8.699209e-14
   12   26    5.783999e-06    1.666782e-11
   12   27    1.654861e-10   -4.683887e-15
   12   28    3.518490e-14   -3.740337e-20
   12   29    2.522753e-25   -8.494283e-28
   12   30    1.960212e-30   -9.345979e-32
   13   24    2.094725e-20   -1.391321e-21
   13   25    4.545844e-15   -1.215070e-16
   13   26    4.922677e-07   -1.668632e-11
   13   27    1.725806e-04    7.243048e-10
   13   28    1.277602e-07   -1.526708e-11
   13   29    2.392118e-10   -9.794467e-15
   13   30    2.086621e-16   -9.155794e-19
   13   31    1.002268e-20   -2.485743e-22
   14   25    7.044817e-29   -3.070793e-30
   14   26    1.229202e-13   -8.804181e-16
   14   27    1.890890e-07   -7.277074e-10
   14   28    2.899649e-03    1.821139e-11
   14   29    1.728828e-04   -1.153241e-12
   14   30    3.857420e-04    2.045682e-11
   14   31    2.728339e-08   -4.652643e-14
   14   32    2.238144e-10   -4.052820e-17
   14   33    5.208967e-19   -1.617044e-22
   14   34    7.181937e-23   -4.141311e-25
   15   27    2.803323e-30   -5.060202e-31
   15   28    3.595834e-20   -1.909472e-21
   15   29    1.842981e-13    2.626976e-15
   15   30    2.429701e-07   -2.456668e-11
   15   31    9.222220e-05    2.524975e-11
   15   32    1.571186e-07   -1.137497e-14
   15   33    1.042056e-07   -1.368200e-14
   15   34    2.565716e-12   -3.298850e-15
   15   35    1.173421e-15   -3.962636e-19
   15   36    9.921087e-28   -1.890859e-29
   15   37    1.667432e-30   -1.174435e-32
   16   29    5.437100e-29   -6.987904e-31
   16   30    9.671604e-17   -1.310040e-18
   16   31    3.480905e-09   -2.163286e-11
   16   32    6.029560e-04    2.877340e-13
   16   33    2.795800e-05   -4.102905e-14
   16   34    8.714805e-05    1.847718e-11
   16   35    2.029521e-07   -1.350600e-14
   16   36    9.416918e-08   -9.095243e-16
   16   37    1.081860e-16    1.887594e-19
   16   38    2.490717e-19   -4.083727e-25
   16   39    2.656325e-28    1.007596e-30
   17   32    2.219145e-23   -2.307957e-24
   17   33    1.754735e-15   -4.498862e-17
   17   34    1.849530e-09   -1.928783e-11
   17   35    1.668810e-05    8.589458e-13
   17   36    2.015913e-07   -1.042465e-15
   17   37    1.461706e-07    1.745598e-15
   17   38    1.155653e-12   -3.382407e-18
   17   39    5.822256e-15   -2.759047e-20
   17   40    1.194824e-20   -1.976279e-24
   17   41    6.664964e-23   -2.772199e-26
   17   42    8.373530e-29   -1.914001e-31
   18   34    6.548904e-21   -1.227269e-22
   18   35    6.217369e-12   -5.578035e-14
   18   36    1.826422e-05    3.720217e-14
   18   37    2.317551e-07   -2.488207e-15
   18   38    3.054212e-06   -1.121421e-14
   18   39    1.986093e-09    2.348126e-16
   18   40    1.868007e-09   -1.392582e-17
   18   41    1.116312e-13   -1.062343e-19
   18   42    2.280627e-15   -2.806414e-23
   18   43    5.176528e-21   -1.172669e-25
   18   44    5.362657e-23   -1.203507e-27
   18   45    3.931553e-30   -1.104997e-33
   19   36    4.547917e-26   -4.431729e-27
   19   37    1.852123e-18   -1.222059e-19
   19   38    3.423432e-11   -1.100948e-15
   19   39    6.859133e-07    1.397299e-14
   19   40    1.314717e-08    5.036263e-17
   19   41    9.164475e-10    1.136402e-17
   19   42    1.285124e-11   -4.185525e-18
   19   43    4.077971e-13   -7.492404e-20
   19   44    1.350680e-15   -1.610819e-20
   19   45    3.320597e-17   -4.953532e-22
   19   46    1.261796e-20   -1.916808e-24
   19   47    5.127246e-23   -4.679544e-26
   20   38    4.777159e-24   -1.727759e-25
   20   39    1.987918e-14   -3.691570e-16
   20   40    1.206805e-07    3.165431e-16
   20   41    6.553242e-09    1.395865e-17
   20   42    4.130582e-08   -7.855500e-17
   20   43    4.129072e-09    1.309587e-17
   20   44    4.982772e-09    2.484795e-16
   20   45    1.079186e-10    3.994526e-19
   20   46    2.273322e-10    2.468944e-18
   20   47    1.720722e-12   -5.263071e-20
   20   48    2.558858e-14   -5.336842e-23
   20   49    2.792184e-21    5.005460e-25
   20   50    1.813624e-26   -2.076910e-29
   21   41    5.070824e-23   -7.323460e-24
   21   42    5.386630e-16   -1.192450e-17
   21   43    1.028622e-11    7.426079e-17
   21   44    2.235917e-10   -2.476400e-16
   21   45    6.153153e-09    3.380644e-17
   21   46    1.196208e-09   -1.355960e-18
   21   47    3.882932e-10   -2.036099e-17
   21   48    3.668211e-11   -3.585464e-18
   21   49    1.616303e-12   -7.521870e-18
   21   50    1.235808e-17   -1.840456e-21
   21   51    1.281957e-21   -1.650373e-24
   21   52    6.723131e-29   -7.802416e-32
   22   43    3.602133e-21   -1.124945e-22
   22   44    9.696994e-11   -1.147239e-19
   22   45    2.665956e-11   -3.898472e-17
   22   46    3.073943e-08   -2.323927e-17
   22   47    1.763244e-08    2.766650e-16
   22   48    2.785187e-08    1.097972e-17
   22   49    6.271053e-09    3.700714e-17
   22   50    9.881017e-09   -4.861979e-18
   22   51    9.518796e-13   -4.287080e-17
   22   52    1.705299e-14   -2.670201e-18
   22   53    1.005638e-20   -3.821025e-24
   22   54    5.863442e-25   -6.242842e-27
   23   45    5.323770e-24   -4.931425e-25
   23   46    1.664534e-16   -6.281413e-18
   23   47    3.271004e-11   -2.475320e-16
   23   48    3.894997e-10   -9.591806e-18
   23   49    1.983142e-08   -8.852100e-18
   23   50    6.102520e-09    2.120750e-17
   23   51    2.057604e-08    1.406558e-16
   23   52    1.637789e-10   -1.160325e-14
   23   53    5.160888e-11   -8.901689e-15
   23   54    2.937476e-16   -8.704282e-20
   23   55    8.076514e-19   -1.972337e-21
   23   56    5.583201e-27   -3.655788e-28
   24   46    9.048289e-29   -5.558383e-30
   24   47    8.331590e-21   -2.660844e-22
   24   48    5.991336e-13   -1.312799e-19
   24   49    4.004537e-12   -2.537045e-17
   24   50    1.581311e-08   -8.639316e-18
   24   51    1.391045e-08   -4.318458e-17
   24   52    5.067128e-08    1.164693e-14
   24   53    6.253362e-09    8.912064e-15
   24   54    2.017026e-08    1.135596e-17
   24   55    1.236005e-12   -8.940311e-17
   24   56    4.392064e-13   -1.970534e-17
   24   57    1.658708e-19   -8.575251e-23
   24   58    2.088385e-22   -4.764872e-25
   25   49    6.313322e-25   -3.017689e-26
   25   50    1.900055e-18   -1.070767e-19
   25   51    1.395386e-11   -7.889666e-17
   25   52    1.602455e-10   -6.961228e-18
   25   53    1.481598e-08   -5.098910e-18
   25   54    1.381694e-08   -2.048334e-17
   25   55    2.758882e-08    1.005932e-16
   25   56    1.344927e-10   -1.881025e-16
   25   57    1.947614e-10   -3.642533e-14
   25   58    5.758840e-15   -3.060691e-17
   25   59    1.085371e-16   -3.776768e-19
   25   60    2.341911e-23   -1.314599e-24
   25   61    6.509406e-27   -1.552573e-28
   26   51    6.559244e-23   -3.434757e-24
   26   52    1.264428e-14   -6.862638e-21
   26   53    3.168999e-13   -9.925312e-18
   26   54    1.671652e-08   -1.152539e-17
   26   55    3.415937e-08   -5.090037e-17
   26   56    6.735316e-07    2.852733e-17
   26   57    1.151704e-07    3.662040e-14
   26   58    2.463132e-06   -9.132540e-16
   26   59    8.946117e-10    1.090462e-15
   26   60    4.049372e-09   -1.774304e-18
   26   61    6.123374e-15    3.024394e-19
   26   62    5.524171e-15   -1.297524e-18
   26   63    1.857243e-22   -1.836095e-25
   26   64    2.062141e-25   -1.646794e-27
   26   66    6.055834e-30   -2.198380e-31
   27   53    3.625392e-28   -3.238019e-29
   27   54    2.802545e-20   -2.315100e-21
   27   55    5.938208e-12   -1.063210e-18
   27   56    7.324143e-11   -2.543214e-18
   27   57    5.952880e-08   -1.577882e-16
   27   58    7.113085e-08   -5.242625e-16
   27   59    2.731845e-06   -5.655249e-16
   27   60    5.097387e-08    1.181396e-15
   27   61    2.054760e-07   -5.525985e-13
   27   62    3.644078e-11   -6.330290e-15
   27   63    3.591822e-10   -2.093727e-13
   27   64    4.898176e-16   -2.595452e-17
   27   65    8.082323e-18   -1.112843e-19
   27   66    5.366937e-25   -4.115322e-26
   27   67    1.987713e-28   -7.469596e-30
   28   55    1.686586e-25   -1.314016e-26
   28   56    1.408372e-14   -5.632422e-22
   28   57    3.056024e-13   -5.271574e-20
   28   58    3.464999e-08   -3.812518e-17
   28   59    2.686853e-07   -9.482910e-16
   28   60    1.749693e-06   -1.037787e-15
   28   61    5.284288e-07    5.534875e-13
   28   62    5.411275e-06    4.528096e-14
   28   63    1.118483e-08    2.113829e-13
   28   64    1.033425e-06    1.418677e-14
   28   65    4.807443e-11    1.946639e-16
   28   66    1.234684e-09   -1.004260e-16
   28   67    3.214747e-15   -2.306431e-18
   28   68    1.836845e-15   -1.011654e-18
   28   69    1.781451e-23    8.630017e-27
   28   70    1.597416e-26   -4.252200e-29
   29   58    1.919406e-23    1.541954e-26
   29   59    4.180190e-16    2.502511e-19
   29   60    9.550030e-13   -3.249597e-18
   29   61    9.479729e-11   -7.425613e-17
   29   62    1.448144e-09   -3.991432e-14
   29   63    5.342395e-07   -1.295734e-15
   29   64    6.695812e-08   -2.213760e-14
   29   65    1.582778e-06   -1.484418e-15
   29   66    2.613820e-09   -1.338160e-13
   29   67    2.481925e-07   -1.799302e-14
   29   68    8.923740e-12   -4.403917e-15
   29   69    3.453589e-11   -3.225758e-15
   29   70    1.019468e-17    9.052823e-21
   29   71    3.038530e-19   -2.501467e-22
   29   72    2.283162e-26    1.850415e-29
   29   73    1.245862e-28   -4.737820e-31
   29   75    3.476951e-29   -4.551941e-31
   30   60    2.574390e-20   -2.877166e-24
   30   61    1.772435e-16   -3.177502e-20
   30   62    2.230166e-12   -1.119226e-18
   30   63    5.835220e-12   -4.071007e-17
   30   64    1.664626e-07    8.705898e-15
   30   65    1.064776e-07   -4.812946e-16
   30   66    1.642806e-06    1.343854e-13
   30   67    1.296351e-08    1.986122e-14
   30   68    1.811437e-06    7.131631e-15
   30   69    2.794985e-10    2.928410e-15
   30   70    5.419384e-08    4.678943e-16
   30   71    6.144855e-13   -3.263557e-17
   30   72    5.866676e-11   -5.629813e-18
   30   73    7.816257e-17   -3.804354e-20
   30   74    5.292277e-16   -8.841804e-20
   30   75    2.502382e-23   -8.096164e-27
   30   76    1.064279e-24   -2.982212e-27
   31   62    7.657887e-27   -5.053221e-28
   31   63    1.819804e-22    6.157460e-25
   31   64    5.937427e-19    2.719130e-23
   31   65    8.839914e-14    1.630213e-18
   31   66    8.588941e-12   -2.557729e-19
   31   67    1.788929e-09   -4.476005e-17
   31   68    9.138128e-10   -3.601454e-15
   31   69    7.129623e-07   -1.580444e-15
   31   70    9.793890e-09   -1.201766e-13
   31   71    3.877176e-07   -9.552018e-16
   31   72    1.207047e-10    1.276967e-15
   31   73    2.721791e-08   -2.487519e-14
   31   74    3.106265e-12   -6.828615e-17
   31   75    9.934073e-11   -1.259254e-14
   31   76    2.119010e-16   -7.950061e-20
   31   77    9.881129e-18   -1.195568e-20
   31   78    1.009146e-23   -3.049020e-26
   31   79    4.425474e-27   -2.479531e-29
   31   81    2.982921e-29   -3.905167e-31
   32   64    3.158280e-26   -7.922499e-30
   32   65    1.958844e-23   -1.012324e-26
   32   66    1.037282e-15   -2.086481e-21
   32   67    1.216296e-14   -1.728924e-19
   32   68    6.129692e-10   -3.968559e-18
   32   69    7.854835e-10   -1.076160e-16
   32   70    2.709077e-07    1.219955e-13
   32   71    1.367151e-08    4.095359e-16
   32   72    3.334998e-07   -6.212658e-16
   32   73    1.647415e-09    2.560707e-14
   32   74    3.992257e-07   -5.386623e-16
   32   75    2.453704e-10    1.244935e-14
   32   76    3.088847e-08    3.464032e-16
   32   77    1.699777e-12    2.990344e-17
   32   78    5.154241e-11   -1.559269e-16
   32   79    2.354544e-16   -1.867300e-19
   32   80    1.813396e-16   -9.818150e-20
   32   81    8.049037e-24   -4.713372e-27
   32   82    1.986475e-27   -6.957037e-30
   33   67    4.260862e-27   -9.805448e-29
   33   68    9.115238e-23    7.457586e-26
   33   69    1.490352e-17    3.930945e-21
   33   70    3.310855e-15   -1.555708e-21
   33   71    1.198784e-11    4.326863e-18
   33   72    1.964699e-11   -3.841157e-18
   33   73    7.758926e-09   -6.719689e-17
   33   74    1.090605e-09    1.975438e-17
   33   75    1.576528e-07   -1.562790e-15
   33   76    2.200553e-09    1.627528e-15
   33   77    7.630526e-08   -8.887695e-15
   33   78    3.738815e-11    2.446667e-16
   33   79    5.884327e-09   -1.737307e-13
   33   80    7.338016e-13   -7.637820e-16
   33   81    1.057853e-11   -5.073860e-15
   33   82    9.093034e-18   -3.801982e-21
   33   83    1.025567e-19   -1.222254e-22
   33   84    1.019014e-29    2.742706e-31
   34   69    6.637883e-28   -3.862962e-31
   34   70    1.320712e-19   -8.629207e-25
   34   71    3.795673e-18   -2.138869e-22
   34   72    1.519393e-12   -4.861963e-20
   34   73    1.401613e-12   -9.278490e-19
   34   74    2.077402e-09   -1.338624e-17
   34   75    2.837776e-09   -1.891486e-17
   34   76    2.207140e-08    2.811688e-16
   34   77    1.233255e-09    8.825799e-15
   34   78    3.444729e-08    8.335084e-16
   34   79    2.747526e-10    1.737850e-13
   34   80    9.010813e-08    1.159368e-15
   34   81    1.073481e-10    3.632949e-15
   34   82    1.391094e-08    6.150317e-17
   34   83    1.774669e-13    1.414171e-18
   34   84    4.069404e-12   -3.316134e-16
   34   85    2.416999e-20    1.348656e-22
   34   86    2.553470e-26   -2.722356e-29
   35   72    4.148688e-27    8.143986e-30
   35   73    4.658381e-21    1.895358e-24
   35   74    1.634619e-18   -2.459446e-24
   35   75    1.324233e-14   -2.106510e-20
   35   76    1.100421e-12   -3.617609e-19
   35   77    8.198730e-11   -7.301769e-18
   35   78    1.875305e-11   -7.736345e-16
   35   79    2.804417e-09   -4.414241e-17
   35   80    3.930095e-10   -5.882418e-15
   35   81    1.269752e-08    1.440826e-15
   35   82    5.169052e-10   -2.422923e-17
   35   83    2.286930e-08   -4.232377e-14
   35   84    1.509498e-11    2.601438e-16
   35   85    2.166447e-09   -1.988645e-13
   35   86    1.898120e-16    4.531228e-19
   35   87    1.238284e-21   -3.056888e-25
   35   88    2.112889e-29    1.984029e-31
   36   74    1.381649e-23   -3.215804e-28
   36   75    1.083617e-21   -6.753072e-26
   36   76    1.771127e-15   -5.770070e-22
   36   77    2.404347e-15   -8.746141e-21
   36   78    1.888993e-12    5.506741e-20
   36   79    5.135868e-12   -7.672405e-19
   36   80    1.389409e-10    5.429348e-15
   36   81    7.881022e-11    3.208918e-20
   36   82    1.666578e-09    7.824778e-17
   36   83    2.166556e-10    4.228036e-14
   36   84    6.347012e-08    7.070015e-17
   36   85    6.452108e-10    1.989197e-13
   36   86    7.074272e-08   -4.844195e-18
   36   87    9.713007e-14    5.137570e-18
   36   88    1.713825e-17    1.384289e-23
   36   89    1.185876e-24    2.639095e-27
   36   90    6.808776e-30   -3.150819e-33
   37   76    2.441895e-30    8.570449e-34
   37   77    5.514124e-24    1.236953e-27
   37   78    1.457476e-22    6.573773e-27
   37   79    2.617013e-18   -2.456092e-23
   37   80    1.197326e-16   -5.724618e-20
   37   81    4.563961e-14   -4.501424e-20
   37   82    8.022129e-14   -1.697376e-17
   37   83    1.190061e-11   -2.215078e-19
   37   84    7.315303e-12   -9.120389e-20
   37   85    1.448232e-09   -7.550254e-18
   37   86    1.176543e-09   -1.055252e-17
   37   87    1.948214e-08   -2.124828e-18
   37   88    4.102720e-13    3.599593e-18
   37   89    2.980271e-16   -4.422206e-21
   37   90    6.028205e-22    3.932168e-25
   37   91    1.645414e-26   -3.264322e-30
   37   93    1.362992e-29   -5.181487e-34
   38   78    1.877323e-27   -1.877179e-31
   38   79    5.395884e-26   -6.396808e-30
   38   80    4.022600e-20   -1.020887e-25
   38   81    1.096633e-19   -1.315214e-24
   38   82    2.787626e-16   -7.113849e-24
   38   83    1.509962e-15   -2.596181e-22
   38   84    2.584515e-13   -3.159596e-22
   38   85    1.681449e-12   -4.334852e-20
   38   86    1.841908e-10    1.143431e-17
   38   87    5.427439e-10   -7.785312e-19
   38   88    6.374032e-08   -3.625116e-18
   38   89    8.499757e-12    1.073425e-17
   38   90    5.417864e-14    3.521883e-21
   38   91    4.979777e-19    3.428407e-23
   38   92    1.710683e-22    1.660718e-28
   38   93    9.664150e-29    7.102214e-32
   38   94    6.018320e-30   -1.276555e-33
   39   81    6.035654e-30   -7.890032e-34
   39   82    2.063816e-27   -3.856642e-30
   39   83    2.914545e-23   -8.863639e-28
   39   84    5.067583e-22   -9.557096e-28
   39   85    9.334357e-18   -1.563887e-23
   39   86    4.988420e-16   -1.876364e-22
   39   87    1.621974e-13   -1.401241e-20
   39   88    7.145447e-13   -2.146699e-20
   39   89    7.971099e-09   -3.969127e-18
   39   90    9.108015e-12    3.440370e-18
   39   91    1.896517e-13    5.414220e-20
   39   92    3.534333e-17    4.547509e-22
   39   93    8.823966e-20    2.665256e-25
   39   94    4.178770e-24    3.014856e-28
   39   95    6.099192e-28    3.901142e-33
   40   84    7.999283e-26   -8.301239e-31
   40   85    2.585965e-25   -8.785123e-30
   40   86    1.566231e-19   -4.638815e-26
   40   87    4.310754e-19   -1.160739e-24
   40   88    1.000221e-15   -1.639859e-23
   40   89    1.297771e-13   -1.069615e-20
   40   90    3.779405e-09   -1.808045e-18
   40   91    6.271685e-11    2.350040e-18
   40   92    3.813110e-10   -2.918940e-19
   40   93    4.161290e-13    3.895269e-19
   40   94    1.548827e-14    7.960609e-22
   40   95    3.877536e-18    1.556298e-23
   40   96    2.441014e-20    7.303339e-27
   40   97    1.949817e-26    4.217695e-30
   40   98    2.008483e-30   -1.044927e-33
   41   87    1.187625e-27   -5.002911e-32
   41   88    3.188406e-25   -5.627099e-30
   41   89    1.346088e-20   -3.005014e-26
   41   90    2.170111e-17   -7.733114e-24
   41   91    2.599974e-11   -2.422368e-19
   41   92    3.310908e-12   -1.077062e-15
   41   93    1.855590e-11   -6.695580e-20
   41   94    1.448329e-13    1.118188e-19
   41   95    2.535566e-14    1.025487e-21
   41   96    3.551136e-17    1.965121e-22
   41   97    1.046646e-18   -3.328899e-24
   41   98    8.862297e-24   -4.391453e-26
   41   99    2.108162e-27   -2.158687e-30
   41  101    1.052490e-27   -2.367643e-30
   42   89    2.754602e-29   -3.469873e-33
   42   90    7.263454e-23   -6.033893e-29
   42   91    2.486546e-19   -4.296494e-24
   42   92    9.842862e-13    1.077258e-15
   42   93    2.034489e-12   -2.099703e-20
   42   94    1.137745e-10   -3.596185e-19
   42   95    4.240812e-12    3.876371e-19
   42   96    9.593506e-11   -2.708451e-19
   42   97    1.693864e-13    3.015564e-19
   42   98    4.670269e-14    1.551574e-21
   42   99    1.167177e-18    1.259941e-22
   42  100    5.634996e-20    1.541331e-24
   42  101    1.977163e-25    1.933782e-28
   42  102    3.317227e-27   -7.764349e-32
   43   92    8.807669e-26   -5.477478e-30
   43   93    4.214078e-18   -6.745125e-24
   43   94    2.084006e-16   -1.951616e-22
   43   95    1.585373e-13   -3.893820e-20
   43   96    4.554724e-14    6.236374e-22
   43   97    1.555378e-12   -2.964321e-20
   43   98    1.635576e-14    3.094210e-20
   43   99    9.947717e-14   -1.700363e-21
   43  100    5.720947e-17   -5.666300e-20
   43  101    2.105761e-17   -3.988105e-22
   43  102    4.727006e-22   -1.290463e-24
   43  103    6.473446e-23   -1.906833e-26
   43  104    8.598977e-28    2.944464e-31
   43  105    1.474537e-27   -5.164709e-32
   44   93    8.074760e-30   -2.162036e-33
   44   94    6.266986e-20   -3.224309e-25
   44   95    2.437385e-18   -6.651500e-24
   44   96    5.174506e-15    6.667936e-23
   44   97    1.175941e-14   -9.860804e-22
   44   98    4.792841e-12   -2.125762e-20
   44   99    4.505662e-13    1.525880e-20
   44  100    4.204991e-11   -1.791591e-19
   44  101    1.149528e-13    2.432415e-19
   44  102    1.506471e-12   -1.915477e-21
   44  103    3.659229e-16    5.547481e-21
   44  104    6.302075e-15    1.943303e-20
   44  105    2.657171e-19    2.308410e-23
   44  106    3.073292e-20    1.330054e-27
   44  107    1.228980e-25    3.963713e-29
   44  108    8.106827e-28   -4.659457e-32
   45   95    2.226464e-28   -1.191582e-32
   45   96    8.043144e-26   -2.065927e-30
   45   97    5.199347e-21   -4.517395e-26
   45   98    1.184890e-19   -3.625514e-24
   45   99    1.525939e-14   -6.330405e-22
   45  100    6.947879e-15   -1.365492e-21
   45  101    2.663829e-12   -6.450743e-20
   45  102    5.270852e-14    6.130965e-20
   45  103    4.540547e-12   -1.247196e-19
   45  104    1.144880e-14   -4.193094e-18
   45  105    2.408208e-13   -3.384375e-20
   45  106    7.158205e-17   -3.402316e-20
   45  107    2.774495e-17   -3.389389e-22
   45  108    2.076428e-21   -1.649490e-24
   45  109    4.648121e-23   -9.221071e-27
   45  110    6.331797e-28   -2.836730e-30
   45  111    2.458191e-28   -3.569278e-31
   46   97    6.802399e-29   -5.848701e-33
   46   98    2.116418e-22   -3.192347e-27
   46   99    1.546856e-20   -1.936676e-25
   46  100    1.555313e-16   -1.004205e-23
   46  101    6.440085e-16   -3.526272e-22
   46  102    1.059098e-12   -1.049230e-20
   46  103    1.924643e-13    5.506151e-21
   46  104    4.067484e-11    3.980668e-18
   46  105    4.758547e-13    3.467163e-19
   46  106    3.119218e-11    1.111042e-18
   46  107    2.696137e-14    1.995936e-19
   46  108    1.480893e-13    2.540852e-19
   46  109    2.420212e-17    7.730465e-22
   46  110    2.618059e-16    5.607196e-21
   46  111    3.735472e-21    8.409989e-25
   46  112    1.966384e-22   -7.672346e-30
   46  113    3.306016e-28    2.901852e-31
   46  114    4.931818e-28   -5.432447e-32
   47  100    4.794374e-29   -6.161014e-33
   47  101    1.189179e-23   -2.860292e-28
   47  102    3.946540e-21   -8.176516e-26
   47  103    3.964666e-16   -1.623617e-21
   47  104    1.130369e-15   -4.407320e-21
   47  105    9.194630e-13   -4.118647e-20
   47  106    1.136598e-13   -1.238219e-18
   47  107    7.519149e-12   -2.162365e-19
   47  108    7.961010e-14   -8.666720e-18
   47  109    2.259826e-12   -6.941968e-20
   47  110    2.879048e-15   -1.795857e-18
   47  111    3.222449e-15    2.248754e-23
   47  112    9.285763e-19    6.230589e-23
   47  113    1.556932e-19   -1.052045e-25
   47  114    2.572642e-24   -7.403403e-27
   47  115    6.610345e-26   -8.337835e-31
   47  117    3.007777e-27   -6.598901e-31
   48  102    1.058070e-25   -5.123157e-30
   48  103    1.482832e-23   -5.415109e-28
   48  104    4.152926e-19   -1.924005e-24
   48  105    3.009436e-18   -1.454800e-23
   48  106    8.618820e-15    1.252727e-20
   48  107    6.675079e-15   -4.724810e-21
   48  108    4.509141e-12    8.613290e-18
   48  109    2.050889e-13    2.945242e-20
   48  110    4.985861e-11    1.557193e-18
   48  111    2.267675e-13    4.178736e-19
   48  112    2.380629e-11    7.285105e-19
   48  113    1.304938e-14    1.246025e-19
   48  114    4.537417e-14    3.429458e-20
   48  115    4.374436e-18    1.667744e-22
   48  116    1.296954e-18    5.854113e-23
   48  117    2.139825e-23    2.798465e-27
   48  118    9.222098e-25   -4.716118e-30
   48  119    1.570135e-30    1.327493e-33
   48  120    1.509014e-27   -4.744456e-31
   48  122    6.368875e-28    0.000000e+00
   49  105    9.929412e-28   -5.363990e-32
   49  106    9.209292e-26   -3.954696e-30
   49  107    3.665283e-20   -3.046091e-25
   49  108    2.025880e-18   -9.502724e-24
   49  109    1.057408e-14   -1.196835e-20
   49  110    4.237564e-15   -3.518880e-21
   49  111    1.609968e-12   -2.093775e-19
   49  112    8.510032e-14   -1.416422e-18
   49  113    4.172157e-12   -9.654084e-20
   49  114    3.067996e-14   -6.714354e-18
   49  115    2.559072e-13   -6.072928e-21
   49  116    2.582068e-16   -2.844676e-19
   49  117    2.324663e-16   -1.427187e-21
   49  118    3.897431e-20   -1.190984e-22
   49  119    6.860190e-21   -7.598029e-25
   49  120    2.431903e-25   -1.173446e-27
   49  121    8.896781e-27   -6.145945e-30
   49  123    4.233072e-27   -1.095797e-29
   49  124    1.295430e-30   -6.631566e-33
   49  125    5.118173e-27   -3.463847e-29
   50  107    9.451671e-29   -8.682841e-33
   50  108    3.959851e-23   -1.024204e-27
   50  109    3.018216e-22   -4.477774e-27
   50  110    2.669598e-18   -2.925165e-24
   50  111    4.816828e-18   -3.647404e-23
   50  112    1.595557e-14    6.658973e-19
   50  113    4.964606e-15   -1.137155e-22
   50  114    4.208107e-12    6.765623e-18
   50  115    1.833925e-13    1.672836e-20
   50  116    7.256070e-11    1.137277e-19
   50  117    2.671064e-13    9.697383e-19
   50  118    9.883456e-11    1.896931e-18
   50  119    6.082369e-14    3.662435e-19
   50  120    5.719150e-12    1.745022e-19
   50  121    8.374535e-16    5.623507e-21
   50  122    5.567659e-15    2.098802e-24
   50  123    2.310340e-19    3.014217e-24
   50  124    2.933537e-20    5.057906e-27
   50  125    3.585562e-25    4.175634e-29
   50  126    1.029195e-26    4.691676e-34
   50  127    1.047980e-30   -2.214058e-36
   51  111    2.419081e-29   -1.220978e-32
   51  112    4.197997e-27   -1.320603e-30
   51  113    5.606354e-23   -2.278009e-27
   51  114    1.666759e-21   -1.276631e-25
   51  115    3.358300e-16   -2.808933e-21
   51  116    2.650212e-16   -4.448168e-21
   51  117    4.968110e-13   -8.174301e-19
   51  118    2.792827e-14   -2.032987e-18
   51  119    1.679724e-12   -2.648592e-19
   51  120    1.072939e-14   -1.080140e-19
   51  121    5.618296e-13   -7.717465e-21
   51  122    7.066013e-16    9.875727e-21
   51  123    3.299077e-15   -7.895544e-24
   51  124    1.419291e-18    2.918418e-23
   51  125    4.752593e-19    1.975500e-26
   51  126    4.908987e-23    3.830797e-27
   51  127    3.369219e-24    2.696159e-31
   51  128    5.694875e-29    1.003057e-32
   51  129    5.920505e-26   -5.984804e-32
   52  114    5.968335e-27   -1.608783e-31
   52  115    8.357027e-25   -4.298002e-29
   52  116    7.464681e-18   -1.423847e-23
   52  117    6.289359e-18   -2.739469e-23
   52  118    7.382614e-14   -4.645938e-21
   52  119    8.325227e-15   -5.496728e-22
   52  120    7.601148e-12   -1.154665e-19
   52  121    1.639435e-13    1.310428e-19
   52  122    4.262074e-11   -1.990900e-19
   52  123    1.777186e-13    7.023819e-19
   52  124    1.068351e-11   -4.084488e-20
   52  125    1.018279e-14    5.533943e-20
   52  126    7.099226e-14    1.545342e-22
   52  127    1.690032e-17    1.552030e-22
   52  128    4.922492e-17    5.187210e-22
   52  129    3.467143e-21    5.896725e-26
   52  130    6.583315e-22    5.805770e-25
   52  131    1.301078e-26    1.503529e-31
   52  132    4.896913e-27   -2.823541e-34
   52  133    1.357029e-30   -2.889909e-35
   53  117    9.243306e-28   -1.363226e-31
   53  118    3.620694e-25   -6.980287e-30
   53  119    1.370943e-19   -1.923439e-24
   53  120    9.953271e-19   -3.052545e-24
   53  121    1.097484e-14   -2.384294e-20
   53  122    2.294912e-15   -1.670016e-19
   53  123    9.972359e-13   -3.969227e-19
   53  124    3.269506e-14    6.178678e-20
   53  125    2.087532e-12   -5.204172e-20
   53  126    1.458335e-14    8.601338e-20
   53  127    4.417457e-13   -4.322359e-21
   53  128    7.059254e-16    8.951022e-22
   53  129    4.956265e-15   -3.963745e-23
   53  130    1.617442e-18    5.325644e-23
   53  131    7.461473e-19   -1.660843e-27
   53  132    7.305530e-23    3.053570e-27
   53  133    1.039301e-22   -2.192394e-29
   53  134    5.359545e-27    1.226230e-31
   53  135    8.695629e-26   -5.860432e-32
   54  118    2.631479e-27   -1.845502e-31
   54  119    2.507861e-25   -1.154570e-29
   54  120    4.321660e-20   -2.903242e-25
   54  121    1.989311e-19   -1.337357e-24
   54  122    2.189640e-15   -5.935873e-22
   54  123    1.440393e-15   -3.088695e-21
   54  124    1.471875e-12   -3.210878e-20
   54  125    1.483236e-13   -1.643238e-20
   54  126    3.246495e-11   -3.278770e-19
   54  127    6.828252e-13    5.744516e-19
   54  128    4.657489e-11    2.564703e-18
   54  129    2.139953e-13    7.835504e-19
   54  130    2.597940e-12    6.449706e-19
   54  131    2.619031e-15    2.757535e-20
   54  132    2.739258e-14    1.106341e-22
   54  133    7.970988e-18    4.989826e-23
   54  134    1.114182e-16   -3.165738e-26
   54  135    1.462469e-20    5.664516e-26
   54  136    4.318334e-19    1.478103e-29
   54  137    7.873154e-29    8.359704e-31
   55  122    9.429342e-29   -7.117332e-32
   55  123    1.318739e-23   -6.038329e-28
   55  124    1.417417e-21   -7.256410e-25
   55  125    1.623511e-16   -9.437100e-22
   55  126    2.595766e-16   -4.176943e-20
   55  127    3.157171e-13   -2.470124e-19
   55  128    4.009571e-14   -2.855071e-18
   55  129    2.942907e-12   -3.129206e-19
   55  130    7.241006e-14   -5.130214e-19
   55  131    8.838993e-13    2.804571e-21
   55  132    4.762072e-15    2.916018e-20
   55  133    3.438801e-14   -3.342335e-23
   55  134    7.479720e-17    4.620687e-22
   55  135    3.011420e-17    1.691840e-24
   55  136    2.660704e-20    1.292587e-25
   55  137    4.499177e-19    1.299705e-28
   55  138    6.129208e-28    1.760630e-29
   56  123    9.189872e-28   -9.076724e-32
   56  124    3.012217e-22   -7.317849e-27
   56  125    2.406438e-21   -1.944589e-25
   56  126    1.426627e-16   -3.898972e-22
   56  127    2.157034e-16   -4.535614e-21
   56  128    4.261013e-13   -5.573396e-20
   56  129    1.243589e-13   -2.361621e-19
   56  130    4.668506e-11   -1.195878e-18
   56  131    2.586794e-12    1.021565e-18
   56  132    2.380022e-10   -3.081922e-18
   56  133    3.658759e-12    3.789586e-18
   56  134    1.568841e-10    1.933392e-18
   56  135    7.387543e-13    1.297388e-18
   56  136    3.150545e-11    1.870703e-18
   56  137    9.792266e-14    5.487249e-20
   56  138    9.622083e-12   -4.012925e-22
   56  139    2.104126e-19    6.223006e-22
   56  140    1.222489e-24    1.592224e-28
   56  142    1.661827e-30   -3.756135e-38
   57  127    1.371417e-26   -8.431585e-31
   57  128    3.781745e-25   -1.910738e-29
   57  129    3.954242e-20   -9.153147e-25
   57  130    7.041981e-19   -2.157349e-23
   57  131    3.884492e-15   -1.795527e-20
   57  132    9.604241e-16   -2.958275e-22
   57  133    5.991107e-13   -7.300738e-19
   57  134    6.361375e-14   -2.568902e-18
   57  135    2.077629e-12   -5.590653e-19
   57  136    7.093193e-14   -1.813843e-18
   57  137    1.028133e-12    1.411403e-19
   57  138    2.077052e-14    2.312046e-20
   57  139    3.340967e-11   -1.719472e-20
   57  140    8.652998e-18    1.861271e-20
   57  141    2.531595e-22    3.085694e-26
   57  142    3.984166e-29    4.408900e-31
   57  143    4.960618e-30    0.000000e+00
   58  128    7.522495e-27   -5.101468e-31
   58  129    1.824492e-25   -1.391986e-29
   58  130    1.134390e-20   -1.333907e-25
   58  131    4.228227e-20   -1.100436e-24
   58  132    2.453913e-16   -3.247261e-22
   58  133    1.780415e-16   -4.973045e-22
   58  134    1.830008e-13   -1.701144e-20
   58  135    4.499567e-14   -6.758102e-21
   58  136    6.068375e-12   -5.942027e-20
   58  137    3.261072e-13    5.939779e-20
   58  138    3.411187e-11    2.092484e-18
   58  139    1.054233e-12    1.745177e-18
   58  140    5.207493e-11    2.453414e-17
   58  141    6.636183e-17    1.484287e-20
   58  142    1.735699e-20    1.534750e-25
   58  143    9.887814e-27    1.297668e-29
   58  144    3.631122e-30   -2.402476e-39
   59  132    8.773400e-30   -1.467076e-33
   59  133    4.958908e-24   -2.046185e-28
   59  134    1.592313e-21   -3.800239e-28
   59  135    3.443993e-17   -3.877821e-22
   59  136    6.223136e-17   -1.266349e-21
   59  137    4.916746e-14   -1.757973e-19
   59  138    1.240215e-14   -2.269839e-18
   59  139    1.549023e-12   -1.624127e-18
   59  140    3.119192e-13   -2.439554e-17
   59  141    5.691113e-12    7.589768e-19
   59  142    8.263729e-17    1.340868e-20
   59  143    9.466704e-20    8.799016e-25
   59  144    4.395082e-25    9.790717e-28
   59  145    7.707890e-29    8.719422e-33
   60  133    2.482987e-29   -5.672714e-33
   60  134    2.996185e-24   -9.427110e-29
   60  135    3.724656e-23   -8.094250e-28
   60  136    6.406458e-19   -3.439735e-24
   60  137    1.919206e-18   -1.351392e-23
   60  138    3.465963e-15   -3.376108e-21
   60  139    2.845608e-15   -2.553829e-20
   60  140    1.168672e-12   -9.443932e-20
   60  141    4.258649e-13   -7.382554e-19
   60  142    3.912546e-11    9.333869e-19
   60  143    2.254454e-15    3.863251e-20
   60  144    1.301964e-17    1.576832e-23
   60  145    2.076631e-22    3.270943e-26
   60  146    2.904076e-25    3.799861e-30
   61  137    1.923154e-29   -2.213438e-33
   61  138    2.755357e-27   -4.402167e-30
   61  139    5.011710e-22   -3.227795e-26
   61  140    3.328926e-20   -5.772125e-23
   61  141    3.972598e-16   -5.123989e-21
   61  142    1.387014e-15   -5.434982e-19
   61  143    3.979132e-13    1.594627e-19
   61  144    2.297088e-16    1.002319e-20
   61  145    3.776688e-17    2.333051e-22
   61  146    5.567323e-21    1.371632e-24
   61  147    5.696195e-23    7.476626e-28
   61  148    2.007459e-27    8.678733e-30
   61  149    1.072959e-26   -8.953243e-34
   61  150    1.137680e-28   -1.882993e-34
   62  138    3.321914e-27   -6.433422e-34
   62  139    1.114039e-25   -1.158500e-29
   62  140    4.407614e-21   -8.000227e-26
   62  141    3.847137e-20   -1.011723e-24
   62  142    9.755811e-16   -3.650403e-21
   62  143    5.383003e-15   -1.641094e-19
   62  144    1.414839e-11    2.174138e-19
   62  145    3.421760e-14    9.650483e-20
   62  146    1.119698e-13    5.501580e-19
   62  147    4.414079e-17    2.111872e-21
   62  148    1.414291e-17    4.619154e-23
   62  149    6.190694e-22    9.367145e-25
   62  150    1.267268e-23    3.957188e-28
   62  151    3.378846e-28    4.123681e-31
   62  152    3.597093e-26    2.648514e-34
   62  153    1.046317e-29   -1.000656e-36
   63  142    7.927542e-30   -5.411617e-32
   63  143    1.101479e-22   -1.135281e-26
   63  144    1.203712e-19   -1.867683e-22
   63  145    3.494586e-15   -2.896968e-22
   63  146    4.763626e-17    2.062960e-21
   63  147    1.154695e-16    3.446677e-21
   63  148    1.136807e-18    1.355727e-23
   63  149    3.889048e-16    1.848966e-21
   63  150    8.257689e-20    2.780771e-23
   63  151    1.440554e-20    2.529736e-25
   63  152    9.716300e-24    2.430373e-26
   63  153    7.229576e-25    3.568771e-28
   63  154    3.097652e-28    1.978471e-31
   63  155    4.908260e-26   -4.361434e-36
   63  156    1.278297e-29   -1.558304e-37
   64  142    3.549984e-28   -4.667781e-39
   64  143    6.678762e-26   -2.737350e-29
   64  144    2.918965e-20   -1.744121e-24
   64  145    3.926143e-18   -4.595152e-23
   64  146    4.603173e-13   -1.232701e-20
   64  147    1.381253e-14    7.811419e-21
   64  148    1.315588e-15   -8.395582e-20
   64  149    1.207720e-15   -2.750700e-20
   64  150    1.807815e-13    5.938232e-19
   64  151    1.802127e-16    6.395468e-21
   64  152    5.723868e-16   -1.605884e-24
   64  153    4.571461e-19    2.482708e-22
   64  154    2.565267e-19    2.320184e-24
   64  155    3.069662e-22    4.637127e-24
   64  156    2.339974e-23    1.383584e-26
   64  157    7.016193e-27    2.713309e-30
   64  158    1.368534e-26    5.413297e-34
   64  159    1.252458e-28   -3.008060e-35
   65  146    5.336206e-29   -1.067115e-31
   65  147    1.000362e-23   -4.690971e-29
   65  148    2.851996e-22    7.938369e-24
   65  149    2.416705e-22   -3.339297e-25
   65  150    7.710217e-20    1.137738e-22
   65  151    3.201735e-17   -4.479174e-21
   65  152    1.733518e-19    2.657980e-22
   65  153    2.565301e-15   -2.363132e-21
   65  154    1.010473e-17    3.188037e-22
   65  155    1.329981e-16    1.892224e-21
   65  156    3.974195e-19    1.152330e-23
   65  157    2.211521e-19    1.451517e-21
   65  158    2.160317e-22    1.398318e-26
   65  159    8.866203e-24    2.319463e-26
   65  160    3.402739e-27    3.172950e-30
   65  161    1.313961e-27   -3.470677e-35
   65  162    1.186910e-29   -4.157268e-34
   66  147    5.074634e-26   -1.210685e-29
   66  148    9.842759e-20   -7.944799e-24
   66  149    1.904658e-20   -1.215548e-24
   66  150    4.554686e-26   -2.707703e-27
   66  151    3.951174e-23   -1.499283e-25
   66  152    1.494028e-16   -7.033153e-20
   66  153    6.992406e-17   -2.197497e-20
   66  154    3.838311e-13   -1.188309e-18
   66  155    4.246193e-15    2.775574e-20
   66  156    2.899277e-13   -2.643962e-20
   66  157    2.662800e-15    1.654268e-18
   66  158    3.450865e-15    4.192316e-20
   66  159    1.813912e-17    3.197589e-19
   66  160    1.624146e-18    2.245751e-21
   66  161    1.353056e-20    5.931971e-22
   66  162    2.131489e-22    7.177537e-24
   66  163    1.186098e-26    7.665003e-30
   66  164    3.178457e-26    1.565273e-27
   66  165    2.095936e-30   -3.985258e-36
   67  153    5.569171e-22   -4.111838e-26
   67  154    9.113613e-20   -1.667242e-22
   67  155    3.995134e-16   -5.069520e-21
   67  156    7.959333e-18    3.099875e-20
   67  157    7.674917e-14   -1.624711e-18
   67  158    1.777831e-15    1.107508e-17
   67  159    3.960769e-14    1.685816e-18
   67  160    2.164322e-16    1.206131e-18
   67  161    3.315850e-16    2.468851e-19
   67  162    4.043257e-19    2.134292e-23
   67  163    4.872836e-19    1.478257e-20
   67  164    2.842042e-22    2.875667e-25
   67  165    2.953899e-23    1.116000e-24
   67  166    2.510504e-27    1.611848e-29
   67  167    3.200671e-28   -4.733416e-34
   68  154    8.359285e-26    5.033507e-28
   68  155    6.980540e-22   -1.594174e-24
   68  156    2.267846e-15   -1.112112e-19
   68  157    5.556121e-16   -1.491962e-20
   68  158    5.728778e-12   -1.160731e-17
   68  159    2.717551e-13   -1.149179e-18
   68  160    7.760900e-12   -1.291565e-18
   68  161    1.797266e-13    1.750657e-18
   68  162    5.501741e-13    2.617526e-20
   68  163    4.164983e-15    1.243596e-18
   68  164    1.350174e-15    9.468745e-19
   68  165    2.606329e-18    4.012619e-21
   68  166    1.673238e-19    6.414453e-23
   68  167    1.282468e-22    3.926761e-24
   68  168    7.730156e-25    4.330211e-28
   68  169    3.242977e-29    3.062806e-32
   68  170    1.528677e-28    7.078306e-36
   69  155    2.422231e-29   -1.775192e-32
   69  156    8.454977e-26   -1.621650e-29
   69  157    9.299132e-21   -4.128668e-24
   69  158    1.931269e-17   -1.320766e-21
   69  159    3.213872e-16   -9.891891e-21
   69  160    1.613259e-16    3.807842e-20
   69  161    1.545768e-13   -1.231975e-18
   69  162    7.774921e-15    2.685501e-17
   69  163    4.671902e-13    5.871749e-18
   69  164    7.112425e-15    9.831766e-17
   69  165    2.614897e-14    3.800845e-17
   69  166    1.110043e-16    9.544505e-19
   69  167    1.959760e-16    2.800847e-18
   69  168    1.919739e-19    1.115343e-23
   69  169    5.300161e-21    7.372537e-24
   69  170    3.784051e-24    3.164896e-27
   69  171    1.412627e-26    1.540092e-30
   69  172    9.965704e-28   -6.913042e-35
   70  157    6.364538e-26   -2.621955e-29
   70  158    3.277646e-25   -5.678168e-28
   70  159    4.174586e-22   -2.781979e-25
   70  160    7.681834e-16   -6.338954e-20
   70  161    2.440565e-15   -1.573574e-19
   70  162    1.905187e-12   -2.765896e-17
   70  163    2.922960e-13   -6.817359e-18
   70  164    2.826315e-11   -9.769695e-17
   70  165    1.413672e-12   -3.485065e-17
   70  166    1.216447e-11    1.768948e-19
   70  167    1.841280e-13    6.685007e-19
   70  168    2.832431e-13    1.373299e-18
   70  169    1.276348e-15    1.123974e-19
   70  170    1.313917e-16    4.349261e-22
   70  171    1.432265e-19    5.068413e-22
   70  172    2.664013e-21    1.544642e-24
   70  173    4.515368e-25    1.579896e-27
   70  174    1.115035e-27    4.063630e-31
   70  175    2.142813e-29   -9.380234e-37
   71  161    1.575459e-25   -4.201204e-29
   71  162    9.622712e-24   -2.761061e-27
   71  163    4.315191e-18   -3.035613e-22
   71  164    3.671375e-18   -2.002106e-22
   71  165    3.109516e-15   -7.961521e-20
   71  166    3.462981e-16    2.999664e-18
   71  167    4.948154e-13    8.006706e-19
   71  168    2.752562e-14    1.169783e-16
   71  169    5.639267e-13    9.647027e-17
   71  170    3.556127e-15    1.277833e-17
   71  171    2.223173e-14    5.186820e-19
   71  172    5.530795e-17    2.903039e-21
   71  173    4.103386e-18    7.159467e-21
   71  174    2.379095e-21    2.132639e-25
   71  175    9.306123e-22    9.968165e-26
   71  176    1.569964e-25    2.751381e-28
   71  177    5.921219e-27    5.590240e-32
   71  178    4.542208e-28   -4.267507e-33
   72  161    3.368559e-29   -2.952454e-32
   72  162    1.321720e-29   -3.345897e-32
   72  163    1.215977e-25   -1.305056e-28
   72  164    7.900286e-19   -1.579714e-22
   72  165    1.321591e-18   -3.290840e-22
   72  166    7.712409e-14   -3.345467e-18
   72  167    2.643843e-14   -3.456367e-18
   72  168    1.154689e-11   -1.229166e-16
   72  169    1.171481e-12   -9.517940e-17
   72  170    4.588620e-11   -2.592746e-18
   72  171    1.396193e-12    4.593134e-18
   72  172    4.588325e-12    3.913741e-18
   72  173    3.807226e-14    6.984125e-19
   72  174    1.794439e-14    2.727484e-20
   72  175    3.724144e-17    1.348241e-19
   72  176    8.949686e-19    7.036039e-22
   72  177    5.471948e-22    1.588532e-23
   72  178    4.363899e-23    3.950369e-24
   72  179    2.975016e-26    1.717177e-27
   72  180    1.244862e-25    1.832824e-27
   73  167    4.244695e-23   -1.182805e-26
   73  168    2.458070e-22   -6.096787e-26
   73  169    1.180175e-17   -7.297886e-22
   73  170    2.701671e-17    3.309592e-22
   73  171    3.606477e-14   -4.254405e-19
   73  172    1.063962e-15    7.753202e-18
   73  173    2.617180e-13    2.399587e-18
   73  174    2.163738e-15    6.784178e-17
   73  175    3.129447e-13    4.799501e-18
   73  176    1.278210e-15    2.755173e-17
   73  177    2.017034e-16    3.701804e-19
   73  178    1.381460e-19    7.087443e-21
   73  179    6.167418e-18    2.464494e-20
   73  180    3.923017e-21    2.771419e-24
   73  181    1.109059e-23    1.342981e-27
   73  182    5.907707e-28    1.728944e-30
   74  165    1.201708e-29   -7.526926e-35
   74  168    2.565140e-25   -3.916854e-28
   74  169    5.429486e-22   -2.220543e-25
   74  170    1.296458e-17   -2.520062e-21
   74  171    7.531088e-17   -1.106785e-20
   74  172    1.922714e-13   -9.573195e-18
   74  173    7.705169e-14   -2.891419e-18
   74  174    8.448606e-12   -8.304133e-17
   74  175    6.486656e-13   -3.787674e-18
   74  176    1.551117e-11   -1.082294e-17
   74  177    1.834650e-13    2.807820e-18
   74  178    8.298719e-13    1.111702e-18
   74  179    3.425891e-15    1.755175e-18
   74  180    5.735841e-16    4.651219e-19
   74  181    7.224747e-19    1.622363e-21
   74  182    1.451599e-20    7.109683e-24
   74  183    1.504097e-24    1.750519e-26
   74  184    2.245390e-27    6.736907e-30
   74  185    6.614868e-30   -1.589052e-38
   75  171    3.209640e-30   -1.609150e-32
   75  172    1.528289e-25   -3.381689e-29
   75  173    8.876026e-20   -1.946438e-23
   75  174    1.032016e-18   -1.298603e-22
   75  175    1.479987e-15   -9.508712e-20
   75  176    4.135879e-16   -2.144605e-20
   75  177    7.981976e-14   -1.710865e-18
   75  178    2.645141e-15    1.673071e-18
   75  179    1.267531e-13   -6.436103e-19
   75  180    4.246561e-15    8.759101e-17
   75  181    7.138857e-15    7.951585e-19
   75  182    1.016808e-16    3.148562e-18
   75  183    6.493449e-18    6.786665e-20
   75  184    1.265591e-21    3.418935e-25
   75  185    1.379997e-23    2.858755e-25
   75  186    3.712841e-27    3.439111e-29
   75  187    3.237783e-28    6.752834e-37
   75  188    4.327779e-30   -1.129473e-36
   76  174    3.466332e-29   -1.826694e-31
   76  175    2.975935e-24   -2.677558e-27
   76  176    5.891052e-20   -4.051186e-23
   76  177    3.841753e-18   -1.423749e-21
   76  178    3.205788e-14   -3.669123e-18
   76  179    2.093262e-14   -1.458252e-18
   76  180    7.110234e-12   -1.071026e-16
   76  181    3.090322e-13    6.609956e-19
   76  182    1.548876e-11    7.038364e-17
   76  183    1.987486e-13    2.904898e-18
   76  184    1.216557e-13    5.577239e-19
   76  185    1.447655e-16    2.066718e-20
   76  186    4.709451e-18    6.975659e-23
   76  187    1.295390e-21    1.082200e-23
   76  188    1.690890e-23    1.069224e-26
   76  189    2.914801e-27    1.564166e-28
   76  190    1.380425e-27    2.044548e-32
   77  178    1.694385e-30   -1.557013e-32
   77  179    2.414126e-23   -6.467857e-26
   77  180    5.029569e-20   -3.865294e-23
   77  181    1.218725e-15   -1.453671e-19
   77  182    5.999935e-16   -1.646376e-20
   77  183    1.415962e-13   -4.551865e-19
   77  184    4.620568e-15    3.849429e-19
   77  185    4.501965e-14    2.866942e-19
   77  186    2.247587e-16    6.802747e-18
   77  187    2.528806e-17    4.002972e-20
   77  188    9.691363e-20    3.218100e-21
   77  189    1.110557e-20    3.227552e-22
   77  190    1.305645e-24    5.670140e-28
   77  191    7.360747e-25    3.267009e-26
   77  192    1.028871e-28    7.991087e-31
   77  193    3.058291e-27    1.256551e-33
   78  181    1.118239e-28   -9.224349e-31
   78  182    1.872327e-21   -4.836092e-24
   78  183    5.814335e-19   -4.807245e-22
   78  184    2.225953e-14   -3.580548e-18
   78  185    2.079904e-14   -2.988340e-19
   78  186    3.187047e-12   -6.667925e-17
   78  187    2.119396e-14   -1.001444e-18
   78  188    1.773903e-13   -4.946662e-19
   78  189    7.901022e-16    1.518086e-19
   78  190    2.937679e-16    4.712012e-20
   78  191    5.011361e-19    5.710602e-21
   78  192    3.574594e-20    4.897709e-22
   78  193    1.243016e-22    6.865494e-24
   78  194    1.396951e-24    3.420708e-27
   78  195    1.118081e-27    7.257633e-29
   78  196    2.426187e-27    3.954197e-31
   78  197    2.057254e-29   -4.588987e-36
   79  184    1.885875e-30   -4.696683e-32
   79  185    2.645457e-21   -7.385037e-24
   79  186    2.841926e-19   -5.367105e-22
   79  187    1.311334e-15   -4.843429e-19
   79  188    3.984870e-17    2.092313e-19
   79  189    1.486682e-14    3.887288e-19
   79  190    7.571284e-15    2.648398e-16
   79  191    4.058964e-15    7.783916e-18
   79  192    5.458040e-16    2.173195e-17
   79  193    2.728758e-17    6.162269e-19
   79  194    2.705728e-20    2.878558e-24
   79  195    7.311681e-20    2.443492e-21
   79  196    1.418937e-23    2.726132e-27
   79  197    1.338380e-23    5.014246e-25
   79  198    1.239028e-27    5.739416e-31
   79  199    7.556875e-28   -4.453676e-35
   79  200    1.175941e-29   -6.476570e-35
   80  183    1.922009e-29   -8.491196e-38
   80  186    1.953789e-26   -1.430292e-28
   80  187    9.078436e-23   -3.909379e-25
   80  188    2.970965e-15   -6.483426e-19
   80  189    2.120215e-14   -1.668513e-18
   80  190    1.990153e-11   -2.707593e-16
   80  191    1.433679e-12   -5.387034e-18
   80  192    2.381200e-11   -1.263908e-17
   80  193    5.285181e-13    4.102829e-18
   80  194    9.113275e-13    4.693664e-19
   80  195    5.798073e-15    1.761986e-18
   80  196    2.401268e-15    3.648135e-20
   80  197    7.252118e-18    2.201960e-20
   80  198    5.105983e-19    1.109702e-21
   80  199    1.221443e-21    4.137542e-23
   80  200    2.366462e-23    1.201665e-24
   80  201    1.827518e-25    1.182771e-26
   80  202    8.169760e-28    7.423008e-31
   80  203    7.845385e-29   -3.109298e-37
   81  187    3.645866e-30   -1.141794e-33
   81  188    3.872112e-27   -9.771491e-33
   81  189    3.296104e-21   -3.130390e-24
   81  190    2.162396e-18   -3.779863e-22
   81  191    2.163137e-14   -8.919435e-20
   81  192    1.038883e-14   -2.884223e-19
   81  193    2.457040e-13   -3.072898e-18
   81  194    4.200424e-14    2.326623e-17
   81  195    4.506984e-13    2.643165e-18
   81  196    1.498806e-14   -1.381338e-21
   81  197    1.399440e-14    1.065920e-16
   81  198    1.326822e-15    4.433772e-17
   81  199    6.915872e-17    1.152145e-18
   81  200    7.072342e-18    2.586499e-19
   81  201    1.947544e-19    6.034280e-21
   81  202    4.918654e-23    1.615460e-27
   81  203    3.731030e-23    1.257964e-24
   81  204    1.788687e-27    8.051551e-32
   81  205    4.893692e-28    3.886489e-38
   81  206    1.431990e-29   -9.076078e-34
   82  189    1.400053e-29   -5.733779e-33
   82  191    4.791094e-28   -5.439056e-30
   82  192    2.132134e-18   -2.833520e-22
   82  193    1.374962e-17   -2.939294e-21
   82  194    9.477942e-13   -3.567089e-17
   82  195    2.475931e-13   -5.138392e-18
   82  196    4.648650e-11   -1.227212e-17
   82  197    3.244056e-12   -1.049674e-16
   82  198    2.398467e-11   -4.474802e-17
   82  199    3.895176e-13   -5.179471e-19
   82  200    1.253472e-12   -2.495175e-19
   82  201    1.269387e-14    2.603562e-20
   82  202    3.742131e-15    5.953187e-22
   82  203    1.472863e-17    8.245572e-23
   82  204    9.261606e-19    8.249991e-25
   82  205    1.328649e-21    5.022016e-27
   82  206    1.865687e-23    2.628827e-29
   82  207    6.487862e-27    9.934439e-33
   83  195    1.303339e-23   -5.174587e-27
   83  196    1.607802e-20   -2.321297e-24
   83  197    1.482118e-16   -4.468031e-21
   83  198    5.489545e-17   -1.538264e-21
   83  199    7.676070e-15   -7.932388e-20
   83  200    8.954964e-16   -5.826965e-21
   83  201    6.006893e-15   -1.589002e-20
   83  202    1.531136e-16    2.814059e-23
   83  203    1.661305e-16   -5.562536e-23
   83  204    1.858937e-18    5.415044e-24
   83  205    2.437614e-19    5.074162e-26
   83  206    7.777243e-22    3.465075e-27
   83  207    2.114829e-23    7.518690e-30
   83  208    1.691157e-26    1.061521e-31
   83  209    2.232682e-28    0.000000e+00
   84  201    1.405617e-30   -2.569932e-34
   84  202    2.762940e-29   -3.905434e-33
   84  203    3.816079e-29   -1.085393e-33
   84  204    1.636496e-29   -5.098851e-34
    0    1    1.180902e-19   -4.444793e-20
    1    1    3.906146e-15   -9.576652e-16
    2    4    3.909299e-12   -8.628252e-13
