5.6504e-01
3.5605e-03
1.2569e+00
8.6512e+04
    5   10    8.346844e-30   -6.800216e-36
    5   11    1.883692e-27    3.169112e-30
    6   11    3.465546e-26    4.475957e-30
    6   12    7.736613e-04   -2.444971e-12
    6   13    1.759147e-13    1.742238e-17
    6   14    2.918182e-18    5.508340e-22
    7   13    9.157105e-17    6.225695e-18
    7   14    1.188279e-16    3.244005e-19
    7   15    3.378613e-19    9.480903e-22
    8   14    1.460102e-20   -4.919545e-25
    8   15    6.024209e-24    2.152141e-26
    8   16    4.583191e-02   -4.887410e-13
    8   17    2.976144e-11    2.733016e-15
    8   18    5.472043e-15    8.430261e-19
    8   19    7.416063e-25    6.278481e-29
    9   17    6.476054e-20    2.446943e-20
    9   18    1.818346e-18    1.516856e-21
    9   19    9.981173e-19    2.076273e-22
    9   20    7.581641e-27    3.441214e-30
   10   18    2.305542e-26   -3.400751e-29
   10   19    9.039533e-27    6.046910e-30
   10   20    8.353558e-03    1.595333e-12
   10   21    3.015527e-05   -2.885734e-14
   10   22    3.692414e-06   -4.100228e-15
   10   23    2.157536e-15    6.161328e-20
   10   24    5.965287e-26    9.807777e-30
   11   21    2.542827e-12   -7.637512e-14
   11   22    6.658039e-12    7.603379e-15
   11   23    1.457136e-04    7.540070e-14
   11   24    1.745008e-12    1.508348e-16
   11   25    7.966843e-21    1.071487e-24
   11   26    5.564641e-30   -1.093344e-32
   12   22    7.380960e-21    1.490715e-23
   12   23    5.618624e-14    1.455875e-14
   12   24    2.013355e-03    1.139974e-13
   12   25    4.441884e-04   -5.486117e-14
   12   26    2.597932e-04    5.645720e-10
   12   27    4.292218e-13    3.981931e-17
   12   28    1.884587e-21    3.109826e-25
   13   24    3.308261e-27    1.076870e-27
   13   25    1.396429e-14   -5.516224e-16
   13   26    1.407612e-04   -5.645989e-10
   13   27    2.011965e-04    6.148676e-14
   13   28    5.042688e-12    3.863069e-16
   13   29    1.034860e-17    6.231368e-21
   13   30    2.031881e-26   -1.019883e-29
   14   26    5.906708e-20   -6.528490e-23
   14   27    6.556616e-12    5.701687e-15
   14   28    2.358145e-04    2.092301e-14
   14   29    6.520009e-05   -1.283289e-15
   14   30    2.844601e-05    3.795939e-12
   14   31    8.658615e-14    7.060726e-18
   14   32    6.127828e-22    1.090339e-25
   15   28    1.482810e-24    6.883383e-26
   15   29    1.625497e-13   -5.799498e-16
   15   30    2.308281e-07   -3.793711e-12
   15   31    2.104170e-06    2.928583e-13
   15   32    3.504669e-14    3.119549e-18
   15   33    2.992823e-16    3.532724e-20
   15   34    1.657813e-24   -4.599628e-29
   16   30    2.944621e-23    3.374979e-26
   16   31    3.021581e-10   -2.901583e-13
   16   32    1.166120e-06    1.323332e-16
   16   33    2.100905e-08    1.041768e-17
   16   34    2.736455e-07   -7.943051e-18
   16   35    9.547310e-16    9.686143e-20
   16   36    1.956325e-22    3.444319e-26
   17   32    1.264903e-24    2.178491e-25
   17   33    8.131481e-18   -4.668356e-18
   17   34    5.272444e-17    1.425779e-20
   17   35    1.020433e-08    1.476273e-17
   17   36    4.169805e-16    3.545655e-20
   17   37    1.221943e-22    1.283573e-25
   18   34    4.045450e-24   -1.178246e-26
   18   35    6.757652e-23   -8.606371e-26
   18   36    8.448027e-10    1.476043e-19
   18   37    3.762042e-17    3.251533e-21
   18   38    2.659022e-10   -9.687836e-22
   18   39    4.035838e-18    3.505709e-22
   18   40    2.602954e-19    3.308326e-23
   18   41    2.057333e-27    3.518460e-31
   19   37    8.191087e-23    7.923063e-24
   19   38    3.173642e-26    9.472523e-29
   19   39    3.745181e-12    6.286198e-21
   19   40    1.968427e-19    1.679984e-23
   19   41    3.399640e-25    8.119317e-29
   19   43    6.739697e-25    7.267483e-28
   20   38    7.564437e-29    1.896343e-34
   20   40    2.851209e-14    8.686823e-24
   20   41    1.239048e-21    1.087921e-25
   20   42    4.763924e-08   -7.840216e-19
   20   43    1.463411e-08   -1.543271e-19
   20   44    7.048443e-08   -8.427316e-19
   20   45    3.072950e-15    2.626036e-19
   20   46    2.020422e-10   -3.001425e-21
   20   47    4.303774e-18    3.623053e-22
   20   48    2.292639e-09   -7.257021e-20
   20   49    1.063133e-17    8.717501e-22
   20   50    2.590953e-26    4.236749e-30
   21   41    4.459340e-30    1.248619e-30
   21   43    2.193065e-16    4.625878e-19
   21   44    8.677332e-17    1.907468e-19
   21   45    6.669493e-09    6.530558e-19
   21   46    1.888631e-15    1.605429e-19
   21   47    1.173325e-18    2.648573e-21
   21   48    1.626799e-17    4.957392e-20
   21   49    1.003052e-17    2.211693e-20
   21   50    5.381239e-26    8.086986e-30
   22   44    1.050696e-25    4.959384e-28
   22   45    1.889328e-23    5.883037e-25
   22   46    2.020421e-08   -2.668617e-19
   22   47    7.854395e-09    6.194094e-20
   22   48    1.436025e-08   -1.820625e-20
   22   49    1.733388e-08   -8.542129e-20
   22   50    5.602375e-08   -1.257182e-19
   22   51    1.077808e-15    8.553481e-20
   22   52    1.239093e-23    1.742410e-27
   23   47    2.410069e-17    5.719812e-20
   23   48    1.085809e-17    2.685275e-20
   23   49    2.151897e-17    6.285104e-20
   23   50    2.021240e-15    5.400285e-20
   23   51    4.904039e-09    1.138093e-19
   23   52    8.889605e-16    6.592866e-20
   23   53    2.983644e-23    3.921019e-27
   24   48    3.997566e-27    1.769477e-29
   24   49    5.427443e-27    2.460273e-29
   24   50    9.383976e-13   -1.598240e-23
   24   51    4.578838e-19    1.753439e-21
   24   52    5.579288e-08   -3.228188e-19
   24   53    1.074040e-08    8.517975e-20
   24   54    1.369099e-07   -4.891615e-19
   24   55    5.374900e-15    4.095973e-19
   24   56    1.267214e-22    1.936349e-26
   25   51    2.499093e-22    6.525624e-25
   25   52    1.136322e-28    4.431035e-31
   25   53    1.749551e-17    4.935424e-20
   25   54    3.888259e-18    1.103270e-20
   25   55    3.456010e-08   -2.375464e-19
   25   56    5.498810e-15    4.639519e-19
   25   57    4.596750e-22    5.797331e-26
   25   58    7.748707e-30   -4.352622e-33
   26   54    4.446329e-09   -5.848498e-20
   26   55    6.691219e-16    8.989461e-20
   26   56    1.766820e-06   -1.110079e-17
   26   57    9.986689e-07   -8.373556e-18
   26   58    5.174607e-06   -1.911838e-17
   26   59    3.901208e-13    3.443112e-17
   26   60    1.832800e-20    2.945502e-24
   26   61    1.722528e-28    4.090205e-32
   27   55    2.756194e-19    7.808526e-22
   27   56    6.493055e-26    1.819946e-28
   27   57    1.698024e-16    5.576740e-19
   27   58    1.471204e-16    4.242165e-19
   27   59    2.034761e-06   -1.270211e-17
   27   60    1.863430e-13    1.527638e-17
   27   61    3.323860e-20    5.483700e-24
   27   62    1.388731e-27    2.992661e-31
   28   56    1.461824e-30    7.222055e-33
   28   58    6.192279e-10   -1.257987e-20
   28   59    1.456633e-16    3.111846e-20
   28   60    2.667797e-06   -4.258416e-17
   28   61    1.015185e-06    1.172378e-17
   28   62    2.259022e-06    1.804011e-17
   28   63    1.445291e-13    1.263985e-17
   28   64    1.389652e-06   -6.112613e-18
   28   65    6.701932e-14    5.769663e-18
   28   66    2.726871e-21    4.402235e-25
   28   67    1.924126e-29    2.530779e-33
   29   59    1.078480e-20    3.284098e-23
   29   60    2.451102e-27    1.286628e-29
   29   61    7.843645e-17    2.547960e-19
   29   62    5.584149e-17    1.856756e-19
   29   63    8.717977e-07   -4.044064e-17
   29   64    4.626669e-13    4.069981e-17
   29   65    1.075840e-06   -2.072668e-17
   29   66    2.361566e-13    1.902412e-17
   29   67    9.995781e-20    1.991304e-23
   29   68    5.889072e-27    8.734437e-31
   29   69    2.476056e-28    6.464986e-32
   30   62    2.768700e-27    6.592335e-30
   30   63    5.291289e-27    6.761048e-28
   30   64    8.425444e-07   -2.477857e-17
   30   65    2.826517e-13    2.481363e-17
   30   66    1.302067e-06   -2.172788e-17
   30   67    2.837024e-07    7.612338e-18
   30   68    1.322620e-06    4.625012e-18
   30   69    1.266933e-13    1.106190e-17
   30   70    1.327706e-10   -3.655363e-22
   30   71    1.501386e-17    1.059086e-21
   30   72    1.485562e-24    2.383269e-28
   31   65    1.505071e-17    5.266065e-20
   31   66    6.571013e-24    3.145818e-26
   31   67    4.017029e-17    1.481077e-19
   31   68    9.608266e-18    3.364734e-20
   31   69    1.594878e-07   -1.017512e-17
   31   70    1.202219e-13    1.021405e-17
   31   71    1.407638e-07   -7.276463e-18
   31   72    8.357310e-14    7.249559e-18
   31   73    4.538112e-20    7.264670e-24
   31   74    3.807683e-27    8.762164e-31
   32   66    7.839939e-29    5.503314e-31
   32   68    3.678718e-25    1.763502e-28
   32   69    3.495213e-23    1.347556e-24
   32   70    2.286683e-07   -8.621022e-18
   32   71    1.009820e-13    8.877043e-18
   32   72    2.362112e-07   -8.076327e-18
   32   73    4.522470e-08    4.385910e-18
   32   74    1.757502e-07   -5.879732e-19
   32   75    4.822401e-14    4.228224e-18
   32   76    1.249214e-11    1.254608e-21
   32   77    2.138162e-18    1.876902e-22
   32   78    2.290524e-25    3.652386e-29
   33   71    3.035204e-18    1.168688e-20
   33   72    3.825136e-24    7.345264e-27
   33   73    4.709817e-18    1.901639e-20
   33   74    4.325098e-19    1.450162e-21
   33   75    2.000843e-08   -4.638667e-18
   33   76    5.441779e-14    4.673293e-18
   33   77    4.439414e-20    7.552384e-24
   33   78    8.163422e-27    1.984479e-30
   34   72    1.385523e-29    1.087669e-31
   34   74    1.531106e-24    2.411259e-28
   34   75    3.689288e-20    2.723250e-22
   34   76    4.988952e-08   -4.257088e-18
   34   77    1.818955e-08    1.423035e-18
   34   78    7.041448e-08    9.245894e-19
   34   79    2.176848e-14    1.907657e-18
   34   80    4.239296e-09   -6.916636e-20
   34   81    8.460646e-16    7.178398e-20
   34   82    3.172076e-12    2.028087e-22
   34   83    1.413716e-19    1.210234e-23
   34   84    8.627457e-27    1.426775e-30
   35   77    3.229773e-19    1.361728e-21
   35   78    1.137060e-19    4.373938e-22
   35   79    8.345286e-09   -2.066631e-18
   35   80    2.383315e-14    2.012963e-18
   35   81    7.274678e-09   -9.615826e-19
   35   82    1.108210e-14    9.630047e-19
   35   83    1.146511e-20    2.123539e-24
   35   84    1.737522e-27    4.208435e-31
   36   78    1.073565e-26    7.251696e-29
   36   79    8.326939e-23    1.524734e-24
   36   80    2.125898e-08   -2.569197e-18
   36   81    2.995754e-14    2.620133e-18
   36   82    5.111921e-08   -2.281159e-18
   36   83    1.566930e-08    9.613394e-19
   36   84    5.823898e-08    5.451319e-19
   36   85    8.881978e-15    7.737773e-19
   36   86    4.641503e-10   -5.851786e-22
   36   87    6.785377e-18    5.779206e-22
   36   88    2.557562e-25    4.294127e-29
   37   81    3.814745e-20    1.767584e-22
   37   82    1.208642e-25    3.162269e-28
   37   83    1.096450e-19    5.164893e-22
   37   84    2.457045e-20    9.976445e-23
   37   85    8.462403e-09   -7.194519e-19
   37   86    8.348794e-15    7.199500e-19
   37   87    5.853056e-11   -4.314135e-22
   37   88    4.915195e-18    4.256336e-22
   37   89    9.790882e-25    1.542593e-28
   38   84    2.620282e-24    8.360544e-31
   38   85    4.164692e-22    4.324852e-24
   38   86    1.977582e-08   -4.597503e-19
   38   87    1.264904e-08    6.948813e-20
   38   88    3.410537e-08    3.025893e-19
   38   89    1.016914e-15    8.752650e-20
   38   90    5.149588e-23    7.952219e-27
   38   91    2.894427e-30    9.935676e-34
   39   87    1.344192e-20    6.538890e-23
   39   88    9.268476e-21    4.447593e-23
   39   89    5.047083e-09   -3.885929e-20
   39   90    4.470321e-16    3.894520e-20
   39   91    2.501576e-22    4.168663e-26
   39   92    3.678996e-29    9.466847e-33
   40   89    4.116877e-28    3.439184e-29
   40   90    2.223164e-09   -2.132927e-20
   40   91    5.705716e-10    8.062219e-21
   40   92    6.513631e-10    3.537128e-21
   40   93    1.936305e-10    3.961937e-21
   40   94    4.140053e-10   -2.119133e-22
   40   95    6.604063e-17    5.988625e-21
   40   96    7.701181e-13   -2.163574e-24
   40   97    2.543143e-20    2.163798e-24
   40   98    1.015426e-27    1.820561e-31
   41   91    4.598666e-22    2.353163e-24
   41   92    1.069775e-22    5.047130e-25
   41   93    7.196592e-14   -5.772190e-24
   41   94    7.570684e-20    6.688638e-24
   41   95    4.461634e-23    2.064032e-25
   41   96    8.023719e-26    4.519157e-28
   41   97    1.688096e-25    1.092655e-27
   42   92    3.795086e-17    4.153612e-27
   42   93    1.397487e-23    1.250857e-27
   42   94    1.277136e-13   -6.283473e-24
   42   95    3.569930e-11   -3.861764e-21
   42   96    8.222236e-11    2.458277e-23
   42   97    2.578413e-11    2.559090e-23
   42   98    7.544015e-11    6.851899e-22
   42   99    3.554734e-17    3.131779e-21
   42  100    1.700720e-15   -9.206362e-26
   42  101    1.116145e-21    9.725854e-26
   42  102    2.948970e-28    4.639373e-32
   43   93    2.726571e-30    1.441842e-32
   43   95    1.572020e-26    1.933087e-28
   43   96    2.096730e-24    1.059974e-26
   43   97    5.388921e-24    2.993855e-26
   43   98    2.402030e-25    1.228515e-27
   43   99    2.728419e-13   -9.454860e-23
   43  100    1.054257e-18   -7.292963e-23
   43  101    3.002230e-24    3.516328e-27
   43  102    1.064422e-30   -1.777367e-34
   44   96    3.532758e-26    6.790878e-34
   44   98    6.627932e-24    2.362565e-27
   44   99    8.074109e-12   -1.777189e-21
   44  100    3.391436e-11   -1.027714e-21
   44  101    7.022776e-12   -3.274448e-22
   44  102    1.445539e-14    3.299254e-21
   44  103    9.409858e-21    8.135799e-25
   44  104    1.415390e-21    9.387433e-24
   44  105    3.110701e-29    8.114681e-32
   45   99    1.138184e-28    3.718341e-30
   45  100    1.091450e-25    6.182457e-28
   45  101    5.426241e-25    3.417658e-27
   45  102    2.958551e-26    1.527872e-28
   45  103    7.469150e-12   -3.193956e-21
   45  104    3.575503e-17    1.107837e-21
   45  105    1.269088e-22    2.026990e-26
   45  106    1.394197e-28    2.216832e-32
   46  103    3.744852e-26    2.693737e-28
   46  104    2.116279e-11   -4.884502e-22
   46  105    4.944949e-12   -4.083065e-22
   46  106    2.265112e-11    7.820670e-22
   46  107    2.518515e-17    2.191377e-21
   46  108    2.501058e-11   -2.002268e-21
   46  109    2.315235e-17    2.011867e-21
   46  110    1.000424e-14    9.901547e-24
   46  111    6.223907e-21    5.276560e-25
   46  112    5.760703e-27    9.207515e-31
   47  105    9.728019e-26    6.618158e-28
   47  106    1.549566e-26    9.289258e-29
   47  107    4.291517e-12   -1.940333e-21
   47  108    2.183701e-17    1.563443e-21
   47  109    6.599093e-12   -3.161717e-21
   47  110    3.467493e-17   -3.158655e-22
   47  111    1.744550e-22    4.060882e-26
   47  112    2.234396e-28    5.426104e-32
   48  107    4.217490e-28    6.474584e-30
   48  108    3.603377e-13    3.360001e-22
   48  109    3.457444e-19    3.013250e-23
   48  110    1.909899e-11    1.650235e-21
   48  111    4.587531e-12    5.101943e-23
   48  112    2.054443e-11    1.469441e-22
   48  113    1.859568e-17    1.620085e-21
   48  114    3.413726e-11   -1.920003e-21
   48  115    2.210658e-17    1.923991e-21
   48  116    2.673546e-15   -8.849521e-26
   48  117    1.053765e-21    9.172526e-26
   48  118    7.667629e-28    1.253358e-31
   49  109    5.264897e-28    3.789395e-30
   49  111    3.332093e-26    2.495829e-28
   49  112    5.683798e-27    3.727420e-29
   49  113    6.099906e-12   -2.222423e-21
   49  114    2.485695e-17    1.369185e-21
   49  115    1.896582e-22    3.090669e-25
   49  116    2.745279e-28    9.125401e-32
   49  117    4.357946e-26    2.902256e-28
   50  112    1.518500e-24    6.742448e-33
   50  113    5.091624e-28    6.566687e-30
   50  114    1.053079e-13    8.430843e-22
   50  115    5.384882e-12   -8.323044e-22
   50  116    3.958574e-11   -6.531366e-22
   50  117    8.542086e-12    2.825161e-22
   50  118    4.908861e-11   -2.254713e-23
   50  119    1.176970e-11   -2.730181e-23
   50  120    6.577789e-11    2.741070e-22
   50  121    1.119612e-17    9.842546e-22
   50  122    5.075922e-13   -4.167811e-24
   50  123    4.796174e-20    4.171208e-24
   50  124    5.881525e-14   -2.227743e-25
   50  125    2.593338e-21    2.228306e-25
   50  126    3.049873e-28    5.118609e-32
   51  115    5.084107e-29    3.894367e-31
   51  116    2.772690e-27    2.101440e-29
   51  117    2.049589e-26    1.597240e-28
   51  118    4.601628e-27    3.410104e-29
   51  119    3.245875e-26    2.564094e-28
   51  120    4.256761e-27    2.957702e-29
   51  121    3.464269e-12   -8.997366e-22
   51  122    1.002292e-17    8.999111e-22
   51  123    8.946869e-14   -1.168650e-23
   51  124    1.307594e-19    1.169087e-23
   51  125    2.205133e-25    4.289206e-29
   52  120    1.000424e-30    1.236996e-42
   52  121    1.423846e-28    2.024887e-30
   52  122    9.020204e-12   -1.176820e-21
   52  123    3.001267e-12   -4.845041e-22
   52  124    1.532909e-11    6.212514e-22
   52  125    5.674399e-12   -6.500323e-22
   52  126    2.620159e-11    7.875923e-22
   52  127    1.032249e-17    9.018549e-22
   52  128    5.697727e-13   -1.112564e-23
   52  129    1.391399e-19    1.233362e-23
   52  130    1.846937e-12   -1.226877e-23
   52  131    1.390749e-19    1.203999e-23
   52  132    1.564176e-26    2.642236e-30
   53  123    3.061172e-27    2.714238e-29
   53  124    7.414016e-28    5.632500e-30
   53  125    8.051785e-27    6.627355e-29
   53  126    5.408988e-28    4.789751e-30
   53  127    3.615695e-12   -1.014299e-21
   53  128    1.135185e-17    9.963742e-22
   53  129    3.593054e-23    8.595149e-26
   53  130    6.956861e-28    5.432473e-30
   53  131    3.436005e-23    2.288221e-25
   54  126    1.587975e-27    0.000000e+00
   54  127    4.283507e-28    4.810960e-30
   54  128    9.378963e-12   -1.110997e-21
   54  129    4.878030e-12   -6.583962e-22
   54  130    1.462159e-11    8.850154e-22
   54  131    6.636400e-12   -1.205147e-22
   54  132    4.009275e-11   -8.121880e-23
   54  133    1.267349e-17    1.103433e-21
   54  134    1.269195e-13   -1.087568e-24
   54  135    1.247330e-20    1.087458e-24
   54  136    8.091666e-12   -1.841769e-25
   54  137    2.620522e-20   -9.767058e-26
   54  138    3.475225e-28    5.862673e-32
   55  129    1.736061e-27    1.693895e-29
   55  130    3.840485e-28    3.062499e-30
   55  131    3.338448e-27    3.073477e-29
   55  132    1.728604e-28    1.766458e-30
   55  133    4.580879e-12   -9.110150e-22
   55  134    1.023757e-17    9.110798e-22
   55  135    2.165818e-23    4.638956e-27
   55  136    1.234525e-27    1.028347e-29
   55  137    4.244223e-23    2.824186e-25
   56  132    1.667374e-27    0.000000e+00
   56  133    4.110649e-28    4.292338e-30
   56  134    1.045218e-11   -8.211415e-22
   56  135    5.105864e-12   -3.929762e-22
   56  136    3.449992e-11    3.245391e-22
   56  137    4.228069e-11   -5.250141e-22
   56  138    3.979948e-10    7.830298e-22
   56  139    7.245886e-18    6.295624e-22
   56  140    4.717774e-25    8.130429e-29
   57  135    9.004636e-28    9.104449e-30
   57  136    5.266645e-29    3.724567e-31
   57  137    2.303481e-27    2.314726e-29
   57  138    3.086935e-26    2.807058e-29
   57  139    3.735396e-11   -4.057644e-22
   57  140    4.734714e-18    4.092754e-22
   57  141    1.728119e-24    2.751630e-28
   58  138    2.102339e-25    7.539806e-33
   58  139    4.332950e-25    1.753310e-27
   58  140    9.289652e-11    9.026479e-22
   58  141    4.913153e-18    4.364361e-22
   58  142    9.158811e-14   -1.678545e-24
   58  143    1.419068e-20    1.250720e-24
   58  144    3.323052e-27    9.670791e-30
   59  141    7.804724e-12   -2.874921e-22
   59  142    3.317642e-18    2.873773e-22
   59  143    3.186618e-24    8.307807e-28
   59  144    2.123126e-30    5.520823e-34
   60  141    2.140600e-30    6.105187e-32
   60  142    1.831762e-11   -2.124497e-22
   60  143    3.281110e-12    3.969146e-22
   60  144    6.940444e-12    9.021681e-23
   60  145    1.586879e-12   -1.287265e-21
   60  146    4.721181e-12    1.067362e-22
   60  147    2.878007e-18    2.632037e-22
   60  148    1.554711e-15   -2.162236e-25
   60  149    2.335930e-21    2.156702e-25
   60  150    2.527737e-21    4.109152e-33
   60  151    3.125932e-27    2.933762e-31
   61  143    3.415155e-29    3.843253e-31
   61  144    2.908381e-30    2.975109e-32
   61  145    3.174342e-29    3.019523e-31
   61  146    1.976249e-29    3.810058e-31
   61  147    8.073622e-24    2.910600e-24
   61  148    7.078122e-25    7.655770e-29
   61  149    1.398077e-25    9.284864e-28
   61  150    3.670031e-29    5.345530e-33
   62  144    3.536220e-20   -1.432031e-30
   62  145    1.623706e-26    1.432015e-30
   62  146    1.990945e-23    1.632641e-23
   62  147    7.486104e-13   -1.157280e-21
   62  148    2.697091e-12    5.986425e-22
   62  149    4.961591e-13   -3.665613e-21
   62  150    1.600700e-12    2.759014e-21
   62  151    8.398814e-18    8.041137e-22
   62  152    2.626101e-13   -1.172132e-22
   62  153    1.234821e-18    1.172308e-22
   62  154    1.429175e-15   -2.203154e-25
   62  155    2.409178e-21    2.180231e-25
   62  156    1.265107e-27    2.100731e-31
   63  149    7.334823e-30    7.671205e-32
   63  150    9.323278e-29    8.389826e-29
   63  151    1.722266e-13   -3.691010e-21
   63  152    3.184033e-17    3.687869e-21
   63  153    2.281935e-13   -8.191303e-22
   63  154    7.828972e-18    8.193513e-22
   63  155    1.698850e-22    3.955559e-26
   63  156    6.800781e-28    1.925005e-31
   64  151    8.520983e-30    6.931668e-30
   64  152    5.982730e-13   -7.205590e-22
   64  153    6.985019e-18    6.678694e-22
   64  154    7.795427e-13   -8.088928e-22
   64  155    2.575265e-13   -2.620028e-22
   64  156    1.090209e-12    3.889364e-22
   64  157    4.772715e-13   -2.014933e-22
   64  158    2.906294e-12   -1.072455e-22
   64  159    1.037029e-17    9.903594e-22
   64  160    8.753700e-17   -9.148235e-27
   64  161    1.179949e-22    9.845003e-27
   64  162    7.539215e-29    1.241930e-32
   65  155    1.418401e-30    1.498225e-32
   65  157    2.186295e-30    2.079150e-32
   65  158    1.299734e-28    1.144920e-28
   65  159    3.705809e-13   -1.742587e-21
   65  160    1.645741e-17    1.742886e-21
   65  161    3.783692e-22    8.124822e-26
   65  162    5.688931e-28    1.335426e-31
   66  156    1.026076e-30   -1.441586e-43
   66  158    8.864421e-14   -9.224008e-23
   66  159    9.682210e-19    9.223894e-23
   66  160    8.753590e-13   -1.147953e-21
   66  161    3.287163e-13    4.751179e-22
   66  162    1.358600e-12    7.323658e-23
   66  163    2.448915e-13    1.009150e-22
   66  164    6.033076e-13    3.476454e-22
   66  165    1.568228e-18    1.505855e-22
   66  166    1.242657e-24    2.011297e-28
   67  164    3.408461e-28    3.088505e-28
   67  165    4.844164e-13   -3.455952e-21
   67  166    3.135799e-17    3.456257e-21
   67  167    2.167987e-22    3.401218e-26
   67  168    2.441133e-28    5.691619e-32
   68  164    6.710059e-13   -9.949611e-22
   68  165    1.027438e-17    9.942720e-22
   68  166    1.024523e-12   -7.476453e-22
   68  167    4.067486e-13   -1.290198e-21
   68  168    1.667383e-12    1.090429e-21
   68  169    9.755973e-18    9.481954e-22
   68  170    3.289622e-15   -7.305341e-25
   68  171    7.591900e-21    7.364108e-25
   68  172    4.615180e-27    7.693926e-31
   69  168    4.410101e-28    3.993432e-28
   69  169    5.321387e-13   -4.177366e-21
   69  170    3.960807e-17    4.177172e-21
   69  171    1.087675e-21    2.151999e-25
   69  172    1.653226e-26    3.935714e-30
   69  173    1.323492e-28    1.295275e-32
   70  168    1.012334e-30   -4.641801e-44
   70  169    2.203372e-29    2.014765e-29
   70  170    8.238714e-13   -6.932438e-22
   70  171    4.206459e-13   -4.881173e-23
   70  172    1.395943e-12    3.528596e-22
   70  173    6.939333e-13   -3.521330e-22
   70  174    3.156513e-12    2.714114e-22
   70  175    4.897585e-18    4.702694e-22
   70  176    1.591581e-15   -3.475613e-25
   70  177    2.682110e-21    2.602858e-25
   70  178    1.552116e-27    2.571185e-31
   71  174    3.790002e-27    3.393099e-27
   71  175    4.567507e-13   -1.661270e-21
   71  176    8.669625e-16    1.657358e-21
   71  177    3.459115e-20    3.942249e-24
   71  178    6.120514e-26    1.008531e-29
   72  175    2.709407e-28    2.469190e-28
   72  176    1.193671e-12   -1.586372e-21
   72  177    3.950704e-13   -1.822992e-21
   72  178    1.686128e-12    3.113983e-21
   72  179    4.800899e-13   -9.331501e-22
   72  180    2.773404e-12    9.618430e-22
   72  181    5.278419e-18    5.147422e-22
   72  182    7.198907e-23    1.535194e-26
   72  183    5.410575e-29    1.493015e-32
   73  179    1.807751e-24    1.522969e-24
   73  180    3.440265e-15   -2.935397e-22
   73  181    7.185232e-13   -1.502343e-21
   73  182    1.352422e-17    1.505543e-21
   73  183    1.775820e-22    3.609570e-26
   73  184    1.629298e-28    3.999543e-32
   74  179    1.799469e-30    1.652834e-30
   74  180    5.385577e-14    1.985178e-24
   74  181    4.042022e-19    3.843044e-23
   74  182    1.813949e-12   -1.620715e-22
   74  183    9.293519e-13   -8.933744e-22
   74  184    2.060656e-12   -3.534905e-24
   74  185    1.072528e-17    1.060277e-21
   74  186    8.067891e-14   -4.546618e-23
   74  187    4.493242e-19    4.507355e-23
   74  188    3.142420e-25    5.336089e-29
   75  184    2.410108e-27    2.162792e-27
   75  185    3.076000e-13   -1.084014e-20
   75  186    9.799706e-17    1.083844e-20
   75  187    6.953566e-15   -1.542239e-22
   75  188    1.258727e-18    1.551220e-22
   75  189    7.314005e-24    1.178872e-27
   75  190    6.214894e-30    1.443685e-33
   76  185    1.426856e-28    1.306223e-28
   76  186    1.075720e-12   -3.866829e-22
   76  187    5.076920e-13   -1.134515e-21
   76  188    1.117501e-12    2.405157e-21
   76  189    3.858713e-13   -2.726700e-21
   76  190    1.474319e-12    1.250824e-21
   76  191    5.911681e-18    5.917883e-22
   76  192    3.121087e-14   -2.840162e-23
   76  193    2.788448e-19    2.840203e-23
   76  194    1.260216e-25    2.128627e-29
   77  190    3.636218e-28    3.294329e-28
   77  191    3.294209e-13   -4.446104e-21
   77  192    3.809272e-17    4.444448e-21
   77  193    3.208342e-13   -3.157357e-21
   77  194    2.724521e-17    3.158039e-21
   77  195    4.638626e-23    7.958484e-27
   77  196    3.675483e-29    7.445112e-33
   78  190    1.000424e-30   -7.373282e-42
   78  191    1.522758e-29    1.410365e-29
   78  192    1.094204e-12   -1.000054e-21
   78  193    1.013293e-17    9.997909e-22
   78  194    1.340768e-12   -3.726152e-22
   78  195    3.996546e-13   -5.181604e-22
   78  196    2.342835e-12    5.584483e-22
   78  197    3.568257e-18    3.334465e-22
   78  198    4.390748e-15   -2.244546e-25
   78  199    2.425012e-21    2.214773e-25
   78  200    4.981517e-28    8.298762e-32
   79  196    3.573668e-28    3.248848e-28
   79  197    7.109571e-13   -4.132191e-22
   79  198    4.223230e-18    4.132954e-22
   79  199    9.938782e-24    4.934082e-27
   79  200    4.003512e-30    9.198434e-34
   80  196    1.378126e-17   -8.537435e-27
   80  197    9.052612e-23    8.554281e-27
   80  198    2.319163e-12   -2.165174e-22
   80  199    1.055724e-12    8.027852e-24
   80  200    3.396440e-12    3.517779e-23
   80  201    1.493171e-12    3.296686e-23
   80  202    5.447853e-12   -5.176260e-23
   80  203    2.162262e-18    1.921517e-22
   80  204    8.827270e-14   -1.679832e-24
   80  205    1.921644e-20    1.525291e-24
   80  206    5.088127e-28    7.971162e-32
   81  202    2.289712e-27    2.061811e-27
   81  203    3.296963e-12   -1.099637e-22
   81  204    1.306253e-18    1.099636e-22
   81  205    2.532781e-13   -3.000499e-24
   81  206    3.817528e-20    2.779972e-24
   81  207    2.763336e-27    4.097446e-31
   82  203    2.568682e-29    2.356705e-29
   82  204    4.899134e-12   -1.627187e-22
   82  205    9.272221e-12   -1.854662e-22
   82  206    4.705878e-11   -9.305782e-25
   82  207    6.282857e-11    1.328659e-22
   82  208    1.298627e-10    2.296719e-22
   82  209    3.522880e-19   -1.310176e-23
   82  210    2.524090e-27    4.145881e-31
   83  208    6.646510e-27    5.868341e-27
   83  209    3.106580e-12   -2.620886e-24
   83  210    3.777354e-20    2.688975e-24
   83  211    4.842406e-28    8.143235e-32
   84  210    3.232635e-26    2.152979e-28
    0    1    1.025821e-20    6.317597e-21
    1    1    2.734605e-16    1.329730e-16
    2    4    1.302736e-12    5.252992e-13
