5.9610e-01
3.9684e-04
1.7650e+00
1.4927e+05
    1    2    2.811551e-26    5.508176e-27
    5   10    3.348669e-27    8.696452e-28
    5   11    6.287530e-22    2.155841e-22
    6   11    7.771974e-25    1.163935e-25
    6   12    7.736478e-04   -1.187071e-09
    6   13    3.791874e-12    5.284652e-13
    6   14    8.231848e-16    1.912494e-16
    7   13    1.547764e-15    1.178600e-16
    7   14    4.493186e-14    1.005450e-14
    7   15    8.220456e-16    2.161276e-16
    7   16    1.337159e-28    4.317969e-29
    8   14    1.652673e-20    5.805433e-22
    8   15    1.392295e-20    4.309172e-21
    8   16    4.583192e-02    1.294174e-09
    8   17    4.119745e-10    4.320922e-11
    8   18    5.650712e-13    8.880948e-14
    8   19    9.493847e-22    2.459119e-22
    8   20    2.610051e-30    9.395671e-31
    9   17    3.944568e-17    4.185339e-18
    9   18    1.738129e-16    3.681646e-17
    9   19    4.098859e-16    9.554358e-17
    9   20    7.145541e-23    2.281172e-23
    9   21    1.282075e-25    3.214635e-26
   10   18    4.856710e-25    9.773168e-26
   10   19    6.328804e-24    1.831617e-24
   10   20    8.353554e-03   -9.675276e-10
   10   21    3.015040e-05   -6.978834e-10
   10   22    3.691924e-06   -6.854512e-11
   10   23    4.085626e-14    5.657170e-15
   10   24    2.924704e-23    7.810053e-24
   11   21    9.238471e-13    6.121626e-14
   11   22    8.460201e-11    9.935283e-12
   11   23    1.457070e-04   -1.001364e-09
   11   24    2.469531e-11    3.305410e-12
   11   25    2.084818e-17    4.182004e-18
   11   26    4.210991e-25    1.286399e-25
   12   22    9.001504e-20    1.527475e-20
   12   23    2.308766e-10    2.210337e-11
   12   24    2.013366e-03    1.410572e-09
   12   25    4.441878e-04   -7.587901e-11
   12   26    2.598053e-04    8.561660e-10
   12   27    8.701114e-12    1.211853e-12
   12   28    5.231503e-19    1.330932e-19
   12   29    2.855826e-28    8.635403e-29
   13   24    2.808472e-22    4.659378e-23
   13   25    9.981299e-14    6.887436e-15
   13   26    1.407490e-04   -8.832225e-10
   13   27    2.011972e-04    1.031915e-10
   13   28    1.913273e-10    2.878179e-11
   13   29    8.831651e-14    1.554753e-14
   13   30    2.172999e-21    6.330123e-22
   13   31    6.090206e-29    2.360037e-29
   14   25    1.825873e-30    4.191077e-31
   14   26    6.366638e-20    1.072591e-21
   14   27    1.403833e-10    1.717986e-11
   14   28    2.358166e-04    2.910939e-10
   14   29    6.520109e-05    1.484969e-10
   14   30    2.844633e-05    4.410901e-11
   14   31    1.090728e-12    1.443720e-13
   14   32    1.871193e-19    4.761146e-20
   14   33    1.692897e-27    5.889229e-28
   15   28    4.281084e-22    8.025340e-23
   15   29    1.544657e-13    1.073724e-14
   15   30    2.307716e-07   -4.531174e-12
   15   31    2.104216e-06    5.985457e-12
   15   32    5.840256e-13    8.088060e-14
   15   33    1.240356e-14    1.852495e-15
   15   34    9.586322e-22    2.545076e-22
   15   35    5.699096e-29    2.067153e-29
   16   29    1.738812e-30    3.983002e-31
   16   30    1.171256e-21    2.334517e-22
   16   31    2.996076e-10   -3.745341e-14
   16   32    1.166160e-06    5.876121e-12
   16   33    2.101219e-08    4.615585e-13
   16   34    2.736480e-07    3.807101e-13
   16   35    2.381422e-14    3.399497e-15
   16   36    4.810849e-20    1.201313e-20
   16   37    2.244638e-28    7.720297e-29
   17   32    6.163005e-23    5.247681e-24
   17   33    3.839057e-17    2.634809e-18
   17   34    1.636117e-15    2.076789e-16
   17   35    1.020466e-08    4.386056e-14
   17   36    5.746494e-15    7.683547e-16
   17   37    5.819566e-18    1.093369e-18
   17   38    2.140758e-25    6.455701e-26
   18   34    5.995808e-24    3.872358e-25
   18   35    3.991281e-21    6.450024e-22
   18   36    8.448082e-10    7.813202e-16
   18   37    6.219543e-16    8.531585e-17
   18   38    2.659057e-10    5.211254e-16
   18   39    5.871482e-17    7.892252e-18
   18   40    1.457461e-17    2.220392e-18
   18   41    1.691533e-24    4.554436e-25
   19   37    1.762503e-21    1.376844e-22
   19   38    2.633658e-23    6.244916e-24
   19   39    3.745357e-12    2.426874e-17
   19   40    2.709045e-18    3.619160e-19
   19   41    7.584481e-22    1.861731e-22
   19   42    1.910446e-23    4.230172e-24
   19   43    1.893829e-20    3.546180e-21
   19   44    6.309808e-27    1.894553e-27
   20   38    1.361019e-28    1.226093e-29
   20   39    1.747475e-30    5.839444e-31
   20   40    2.851234e-14    3.530571e-20
   20   41    1.864431e-20    2.524789e-21
   20   42    4.763917e-08   -9.401863e-15
   20   43    1.463411e-08    1.985076e-16
   20   44    7.048439e-08   -4.977538e-15
   20   45    4.235984e-14    5.654588e-15
   20   46    2.020420e-10   -2.519796e-17
   20   47    5.674135e-17    7.530469e-18
   20   48    2.292634e-09   -6.206800e-16
   20   49    1.498704e-16    1.997025e-17
   20   50    5.007812e-24    1.238814e-24
   21   41    7.400044e-28    7.055036e-29
   21   42    1.570437e-28    3.833577e-29
   21   43    1.651062e-14    2.267120e-15
   21   44    7.489694e-15    1.037591e-15
   21   45    6.669504e-09    1.541084e-15
   21   46    2.514474e-14    3.335083e-15
   21   47    1.369070e-16    1.961556e-17
   21   48    3.348553e-15    4.823230e-16
   21   49    8.556667e-16    1.182984e-16
   21   50    6.446535e-23    1.650503e-23
   21   51    4.144357e-30    1.463085e-30
   22   44    1.328233e-21    3.441572e-22
   22   45    3.577938e-18    6.508182e-19
   22   46    2.020417e-08   -5.755498e-15
   22   47    7.854407e-09    1.855403e-15
   22   48    1.436026e-08    3.486324e-16
   22   49    1.733387e-08   -1.409211e-15
   22   50    5.602375e-08   -1.102890e-16
   22   51    1.523035e-14    2.037803e-15
   22   52    2.527706e-21    6.122192e-22
   22   53    1.731025e-28    5.889149e-29
   23   46    3.303177e-26    9.632009e-27
   23   47    2.671433e-15    3.757954e-16
   23   48    1.390445e-15    1.974082e-16
   23   49    5.639779e-15    8.388404e-16
   23   50    4.528551e-15    3.553808e-16
   23   51    4.904038e-09   -8.591079e-17
   23   52    1.177489e-14    1.559807e-15
   23   53    4.759282e-21    1.166371e-21
   23   54    6.027297e-28    2.059967e-28
   24   48    3.741333e-23    9.579383e-24
   24   49    2.158973e-21    4.407302e-22
   24   50    9.383954e-13   -3.186112e-19
   24   51    4.693819e-16    7.343715e-17
   24   52    5.579283e-08   -7.366581e-15
   24   53    1.074042e-08    2.812778e-15
   24   54    1.369098e-07   -8.992142e-15
   24   55    7.985058e-14    1.074596e-14
   24   56    2.298655e-20    5.690537e-21
   24   57    2.247997e-27    7.761179e-28
   25   50    6.982409e-30    2.194959e-30
   25   51    3.762880e-20    5.384818e-21
   25   52    2.082793e-23    5.534990e-24
   25   53    3.713947e-15    5.449951e-16
   25   54    1.940877e-15    3.146277e-16
   25   55    3.456004e-08   -8.410034e-15
   25   56    7.284016e-14    9.661159e-15
   25   57    6.765476e-20    1.649879e-20
   25   58    1.707493e-26    5.821586e-27
   26   52    1.125392e-28    2.929310e-29
   26   53    3.273381e-27    6.978553e-28
   26   54    4.446319e-09   -1.336244e-15
   26   55    1.396398e-14    1.950034e-15
   26   56    1.766819e-06   -2.497773e-13
   26   57    9.986678e-07   -1.561320e-13
   26   58    5.174604e-06   -4.377306e-13
   26   59    5.854621e-12    7.886477e-13
   26   60    3.417989e-18    8.471791e-19
   26   61    4.948034e-25    1.710407e-25
   27   55    5.378633e-17    7.802544e-18
   27   56    9.773444e-22    2.330559e-22
   27   57    6.800643e-14    1.036399e-14
   27   58    3.065250e-14    4.489005e-15
   27   59    2.034759e-06   -2.776120e-13
   27   60    2.329587e-12    3.076486e-13
   27   61    8.130368e-18    1.804961e-18
   27   62    5.536545e-24    1.791436e-24
   27   63    1.597094e-27    4.682492e-28
   28   56    3.804747e-26    1.001995e-26
   28   57    3.784153e-25    8.562795e-26
   28   58    6.192259e-10   -2.841297e-16
   28   59    1.606544e-14    2.598518e-15
   28   60    2.667790e-06   -9.827234e-13
   28   61    1.015187e-06    3.282316e-13
   28   62    2.259025e-06    3.618976e-13
   28   63    2.170243e-12    2.931021e-13
   28   64    1.389651e-06   -1.339686e-13
   28   65    9.601658e-13    1.288422e-13
   28   66    5.053496e-19    1.251241e-19
   28   67    5.741675e-26    1.984566e-26
   29   59    2.577202e-18    3.678988e-19
   29   60    6.924362e-23    1.954642e-23
   29   61    2.449856e-14    3.647239e-15
   29   62    1.878461e-14    2.804464e-15
   29   63    8.717912e-07   -9.355310e-13
   29   64    6.954247e-12    9.376617e-13
   29   65    1.075837e-06   -4.914790e-13
   29   66    3.644818e-12    4.933033e-13
   29   67    3.589552e-17    7.296806e-18
   29   68    3.636301e-23    1.086972e-23
   29   69    4.107431e-25    1.088541e-25
   30   60    1.146917e-27    3.027307e-28
   30   62    1.160915e-22    3.089666e-23
   30   63    1.281411e-19    2.675362e-20
   30   64    8.425404e-07   -5.781854e-13
   30   65    4.275637e-12    5.777570e-13
   30   66    1.302063e-06   -5.293363e-13
   30   67    2.837037e-07    1.831783e-13
   30   68    1.322620e-06    7.593697e-14
   30   69    1.950327e-12    2.642192e-13
   30   70    1.327704e-10   -2.866669e-17
   30   71    2.207502e-16    2.968813e-17
   30   72    2.847724e-22    7.083676e-23
   30   73    7.792228e-29    2.700644e-29
   31   64    3.291542e-28    1.061013e-28
   31   65    5.879838e-15    8.825546e-16
   31   66    4.332556e-20    1.131241e-20
   31   67    2.028213e-14    3.102119e-15
   31   68    3.711147e-15    5.567176e-16
   31   69    1.594862e-07   -2.290985e-13
   31   70    1.734985e-12    2.327574e-13
   31   71    1.407627e-07   -1.606116e-13
   31   72    1.195011e-12    1.600312e-13
   31   73    7.964928e-18    1.964840e-18
   31   74    8.988628e-24    3.089684e-24
   31   75    1.478365e-29    6.292779e-30
   32   66    1.380191e-23    3.798135e-24
   32   67    1.995217e-28    7.284841e-29
   32   68    4.081196e-21    7.674418e-22
   32   69    1.289026e-17    2.393225e-18
   32   70    2.286668e-07   -2.065589e-13
   32   71    1.532329e-12    2.071731e-13
   32   72    2.362100e-07   -1.664954e-13
   32   73    4.522532e-08    8.823174e-14
   32   74    1.757500e-07   -2.136425e-14
   32   75    7.322294e-13    9.888238e-14
   32   76    1.249211e-11   -4.013820e-18
   32   77    3.192294e-17    4.299974e-18
   32   78    4.206402e-23    1.042374e-23
   32   79    9.514498e-30    3.292432e-30
   33   69    1.000760e-29    3.073028e-30
   33   70    4.795850e-26    1.462990e-26
   33   71    1.640765e-15    2.504786e-16
   33   72    3.119908e-20    8.323321e-21
   33   73    2.986647e-15    4.595530e-16
   33   74    1.408319e-16    2.100925e-17
   33   75    2.000774e-08   -9.841265e-14
   33   76    7.424771e-13    9.870843e-14
   33   77    6.717530e-18    1.627351e-18
   33   78    1.573790e-23    5.334709e-24
   33   79    1.761183e-28    6.667384e-29
   34   72    5.011928e-24    1.402518e-24
   34   73    1.679437e-26    5.278883e-27
   34   74    2.070031e-22    4.007109e-23
   34   75    1.033644e-16    1.653534e-17
   34   76    4.988885e-08   -9.644163e-14
   34   77    1.818979e-08    3.544963e-14
   34   78    7.041459e-08    1.648826e-14
   34   79    3.286718e-13    4.440820e-14
   34   80    4.239285e-09   -1.689608e-15
   34   81    1.252026e-14    1.687580e-15
   34   82    3.172074e-12   -2.820364e-19
   34   83    2.129504e-18    2.877201e-19
   34   84    1.818869e-24    4.533266e-25
   35   75    4.527508e-29    1.477397e-29
   35   76    2.822606e-24    6.893104e-25
   35   77    2.516231e-16    3.924086e-17
   35   78    5.765444e-17    8.736721e-18
   35   79    8.344970e-09   -4.550356e-14
   35   80    3.402510e-13    4.555262e-14
   35   81    7.274530e-09   -2.130903e-14
   35   82    1.590571e-13    2.130833e-14
   35   83    2.114104e-18    5.219732e-19
   35   84    4.851702e-24    1.672032e-24
   35   85    1.557742e-29    6.712062e-30
   36   77    9.209241e-29    2.963679e-29
   36   78    5.196297e-25    1.405828e-25
   36   79    3.222601e-18    5.596887e-19
   36   80    2.125856e-08   -6.084674e-14
   36   81    4.504956e-13    6.084538e-14
   36   82    5.111884e-08   -5.349748e-14
   36   83    1.566947e-08    2.364805e-14
   36   84    5.823906e-08    1.165390e-14
   36   85    1.341955e-13    1.815923e-14
   36   86    4.641502e-10   -1.305568e-17
   36   87    9.674009e-17    1.298926e-17
   36   88    5.530123e-23    1.376633e-23
   36   89    1.205044e-29    4.136029e-30
   37   80    6.654850e-27    1.851977e-27
   37   81    3.903300e-17    6.143734e-18
   37   82    1.753161e-21    4.727972e-22
   37   83    1.208623e-16    1.909690e-17
   37   84    1.490254e-17    2.280215e-18
   37   85    8.462291e-09   -1.610597e-14
   37   86    1.200420e-13    1.612210e-14
   37   87    5.853048e-11   -1.025642e-17
   37   88    7.769276e-17    1.055432e-17
   37   89    1.905939e-22    4.746946e-23
   37   90    2.891798e-28    9.990378e-29
   38   82    2.660429e-26    7.641807e-27
   38   83    1.210234e-27    3.528791e-28
   38   84    2.938252e-24    7.131431e-26
   38   85    3.472020e-18    5.796365e-19
   38   86    1.977575e-08   -1.058041e-14
   38   87    1.264905e-08    1.684021e-15
   38   88    3.410542e-08    6.879107e-15
   38   89    1.489795e-14    2.010219e-15
   38   90    9.253256e-21    2.251097e-21
   38   91    1.909128e-26    4.643315e-27
   39   86    5.744044e-26    1.418769e-26
   39   87    1.615569e-17    2.561714e-18
   39   88    1.036670e-17    1.635132e-18
   39   89    5.047077e-09   -9.218192e-16
   39   90    6.822802e-15    9.253015e-16
   39   91    5.410525e-20    1.350730e-20
   39   92    1.497034e-25    5.218343e-26
   39   93    6.596768e-29    1.267930e-29
   40   88    5.468860e-27    1.582924e-27
   40   89    1.713559e-21    3.404668e-22
   40   90    2.223161e-09   -4.923627e-16
   40   91    5.705729e-10    1.756014e-16
   40   92    6.513647e-10    2.405635e-16
   40   93    1.936303e-10   -4.989303e-17
   40   94    4.140051e-10   -2.864995e-17
   40   95    1.128816e-15    1.549205e-16
   40   96    7.701176e-13   -7.775062e-20
   40   97    3.642123e-19    4.891304e-20
   40   98    2.769110e-25    6.940176e-26
   41   90    2.227104e-29    5.840482e-30
   41   91    6.601409e-19    1.055091e-19
   41   92    1.106437e-19    1.738771e-20
   41   93    7.196507e-14   -1.202457e-19
   41   94    1.174558e-18    1.599292e-19
   41   95    3.029826e-20    4.661750e-21
   41   96    1.499171e-22    2.422614e-23
   41   97    8.215745e-24    1.233960e-24
   41   98    6.518097e-29    1.823707e-29
   42   92    3.795066e-17   -2.829379e-23
   42   93    2.245753e-22    3.075874e-23
   42   94    1.277208e-13    1.277962e-18
   42   95    3.569869e-11   -8.844498e-17
   42   96    8.222257e-11    3.471280e-17
   42   97    2.578392e-11   -3.437977e-17
   42   98    7.544024e-11    1.266003e-17
   42   99    5.479712e-16    7.415679e-17
   42  100    1.700709e-15   -9.569868e-22
   42  101    1.735307e-20    2.299713e-21
   42  102    5.359550e-26    1.321853e-26
   43   93    4.105013e-27    6.549179e-28
   43   94    5.541448e-29    1.257309e-29
   43   95    4.536294e-22    8.027827e-23
   43   96    2.599130e-21    4.102894e-22
   43   97    9.555397e-21    1.535877e-21
   43   98    1.144517e-21    2.074916e-22
   43   99    2.728272e-13   -2.114752e-18
   43  100    1.575160e-17    2.115010e-18
   43  101    4.011634e-22    9.866211e-23
   43  102    2.524164e-27    8.648987e-28
   44   96    3.532825e-26    1.100315e-31
   44   98    9.350528e-19    1.632780e-19
   44   99    8.073844e-12   -3.817173e-17
   44  100    3.391424e-11   -1.704644e-17
   44  101    7.022655e-12   -1.854887e-17
   44  102    1.496663e-14    7.358143e-17
   44  103    1.403994e-19    1.924227e-20
   44  104    1.602669e-21    1.637901e-23
   44  105    1.423077e-26    2.125746e-27
   44  106    3.187102e-30    8.445487e-31
   45   99    2.592872e-23    4.755971e-24
   45  100    2.037500e-22    3.278408e-23
   45  101    1.480673e-21    2.424508e-22
   45  102    7.399846e-22    1.541619e-22
   45  103    7.468642e-12   -7.319349e-17
   45  104    5.431493e-16    7.318397e-17
   45  105    2.347048e-20    5.812993e-21
   45  106    3.549504e-25    1.220946e-25
   45  107    2.452150e-28    6.568657e-29
   46  102    1.032183e-29    2.992603e-30
   46  103    2.000191e-22    3.652209e-23
   46  104    2.116238e-11   -5.856942e-17
   46  105    4.944876e-12   -1.066671e-17
   46  106    2.265125e-11    1.807650e-17
   46  107    3.784118e-16    5.116199e-17
   46  108    2.501026e-11   -4.655139e-17
   46  109    3.449080e-16    4.655116e-17
   46  110    1.000416e-14   -1.114637e-20
   46  111    9.131299e-20    1.227035e-20
   46  112    1.020265e-24    2.521440e-25
   46  113    2.049854e-30    7.279541e-31
   47  104    6.667078e-27    1.504529e-27
   47  105    3.722731e-22    6.201026e-23
   47  106    1.866450e-22    3.843611e-23
   47  107    4.291205e-12   -4.511503e-17
   47  108    3.341024e-16    4.510946e-17
   47  109    6.598575e-12   -7.479330e-17
   47  110    5.522945e-16    7.478138e-17
   47  111    4.285776e-20    1.072413e-20
   47  112    7.801151e-25    2.711170e-25
   47  113    1.346783e-29    6.347988e-30
   48  106    1.836544e-30    3.854015e-31
   48  107    1.329161e-23    2.341714e-24
   48  108    3.603327e-13   -7.192010e-19
   48  109    5.303181e-18    7.198059e-19
   48  110    1.909873e-11   -3.682925e-17
   48  111    4.587507e-12   -3.906907e-18
   48  112    2.054444e-11    2.456613e-18
   48  113    2.826243e-16    3.829123e-17
   48  114    3.413695e-11   -4.502309e-17
   48  115    3.328959e-16    4.501623e-17
   48  116    2.673536e-15   -8.862428e-22
   48  117    1.594723e-20    2.154615e-21
   48  118    1.502832e-25    3.733067e-26
   49  109    2.374149e-24    3.979454e-25
   49  110    1.023349e-26    2.274780e-27
   49  111    1.684160e-22    2.829546e-23
   49  112    3.113215e-22    6.655321e-23
   49  113    6.099544e-12   -5.229257e-17
   49  114    3.865011e-16    5.228327e-17
   49  115    3.152836e-20    7.820156e-21
   49  116    1.026296e-24    3.486937e-25
   49  117    5.694093e-26    1.797002e-27
   49  118    9.870778e-30    1.855184e-30
   49  119    2.687053e-30    6.202286e-31
   50  112    1.518674e-24    3.887892e-29
   50  113    1.066020e-23    1.864293e-24
   50  114    1.053082e-13    8.292720e-20
   50  115    5.384743e-12   -2.020716e-17
   50  116    3.958567e-11   -1.025732e-17
   50  117    8.542105e-12    2.188844e-18
   50  118    4.908890e-11    4.635556e-17
   50  119    1.176938e-11   -4.907561e-17
   50  120    6.577793e-11    6.538323e-18
   50  121    1.786134e-16    2.437588e-17
   50  122    5.075915e-13   -1.003502e-19
   50  123    7.395316e-19    1.005482e-19
   50  124    5.881522e-14   -5.347297e-21
   50  125    3.843468e-20    5.197987e-21
   50  126    6.894870e-26    1.724752e-26
   51  115    3.440920e-25    6.025908e-26
   51  116    1.441454e-23    2.425049e-24
   51  117    1.222599e-22    2.073106e-23
   51  118    2.151008e-23    3.598757e-24
   51  119    1.877417e-22    3.167337e-23
   51  120    7.962466e-22    1.683678e-22
   51  121    3.464119e-12   -2.162942e-17
   51  122    1.594493e-16    2.162768e-17
   51  123    8.946676e-14   -2.798705e-19
   51  124    2.074109e-18    2.814635e-19
   51  125    4.235659e-23    1.053432e-23
   51  126    3.477950e-28    1.207118e-28
   52  120    1.169692e-28    3.950109e-29
   52  121    8.570161e-23    1.906138e-23
   52  122    9.020047e-12   -2.221556e-17
   52  123    3.001149e-12   -1.763728e-17
   52  124    1.532943e-11    5.259416e-17
   52  125    5.674049e-12   -5.338038e-17
   52  126    2.620172e-11    1.892340e-17
   52  127    1.598379e-16    2.171552e-17
   52  128    5.697705e-13   -3.075454e-19
   52  129    2.286311e-18    3.136272e-19
   52  130    1.846935e-12   -3.026165e-19
   52  131    2.181764e-18    2.965088e-19
   52  132    3.678465e-24    9.218653e-25
   53  122    8.292297e-28    1.886132e-28
   53  123    2.760424e-23    4.743665e-24
   53  124    3.763263e-24    6.349129e-25
   53  125    5.295412e-23    8.978703e-24
   53  126    1.407270e-21    2.939133e-22
   53  127    3.615527e-12   -2.421198e-17
   53  128    1.786741e-16    2.421050e-17
   53  129    4.665077e-21    1.157564e-21
   53  130    4.501828e-24    7.766889e-25
   53  131    3.904017e-23    4.148620e-25
   53  132    3.734115e-28    5.546147e-29
   54  126    1.991654e-27    1.397024e-28
   54  127    4.586689e-22    1.003816e-22
   54  128    9.378820e-12   -1.998400e-17
   54  129    4.877873e-12   -2.354378e-17
   54  130    1.462196e-11    5.641846e-17
   54  131    6.636160e-12   -3.745983e-17
   54  132    4.009274e-11   -1.523460e-18
   54  133    1.925698e-16    2.609239e-17
   54  134    1.269193e-13   -2.584125e-20
   54  135    3.602702e-19    5.782590e-20
   54  136    8.091665e-12   -3.610874e-20
   54  137    7.183186e-20    4.262128e-21
   54  138    1.877448e-26    3.508847e-27
   55  128    5.274241e-27    1.156773e-27
   55  129    2.013141e-23    3.479467e-24
   55  130    2.789454e-24    4.863774e-25
   55  131    3.285009e-23    5.674894e-24
   55  132    5.523451e-21    1.141277e-21
   55  133    4.580729e-12   -2.167394e-17
   55  134    1.599765e-16    2.167149e-17
   55  135    5.235773e-21    1.310223e-21
   55  136    1.028972e-23    1.779522e-24
   55  137    4.535332e-23    9.791298e-26
   55  138    2.104393e-30    9.834668e-32
   56  132    3.838054e-27    7.485196e-28
   56  133    1.492606e-21    3.226562e-22
   56  134    1.045207e-11   -1.518850e-17
   56  135    5.105769e-12   -1.427041e-17
   56  136    3.450016e-11    3.743367e-17
   56  137    4.228043e-11   -4.159523e-17
   56  138    3.979950e-10    2.197567e-17
   56  139    9.662709e-17    1.165845e-17
   56  140    1.071305e-22    2.585088e-23
   56  141    2.544815e-29    7.927251e-30
   57  134    7.432194e-27    1.611250e-27
   57  135    1.173523e-23    2.036800e-24
   57  136    9.973937e-25    1.905588e-25
   57  137    3.184757e-23    5.571929e-24
   57  138    7.884348e-22    1.579807e-22
   57  139    3.735390e-11   -8.077552e-18
   57  140    6.422036e-17    8.077355e-18
   57  141    2.941888e-22    7.118563e-23
   57  142    5.288564e-28    1.652679e-28
   58  138    2.376147e-24    3.804127e-25
   58  139    9.244257e-21    1.775580e-21
   58  140    9.289654e-11   -3.692096e-19
   58  141    8.085916e-17    1.102970e-17
   58  142    9.158538e-14   -4.718221e-19
   58  143    2.133101e-19    2.796617e-20
   58  144    6.390056e-24    9.331413e-25
   58  145    7.591735e-30    1.260126e-30
   59  139    7.264560e-29    2.562119e-29
   59  140    5.395161e-22    1.150428e-22
   59  141    7.804677e-12   -6.722054e-18
   59  142    4.976553e-17    6.721752e-18
   59  143    7.317302e-22    1.828235e-22
   59  144    8.330170e-27    2.863288e-27
   60  140    2.526063e-30    9.016981e-31
   60  141    1.114977e-22    2.472618e-23
   60  142    1.831843e-11    1.214444e-16
   60  143    3.280274e-12   -1.261299e-16
   60  144    6.947535e-12    1.007086e-15
   60  145    1.579815e-12   -9.965899e-16
   60  146    4.721081e-12   -1.800360e-17
   60  147    4.627632e-17    5.990510e-18
   60  148    1.554085e-15   -1.071001e-19
   60  149    1.799516e-20    1.197640e-21
   60  150    2.527849e-21    2.799447e-26
   60  151    4.633942e-26    5.399558e-27
   61  142    1.852306e-29    4.396569e-30
   61  143    9.259544e-25    1.688069e-25
   61  144    2.068750e-25    3.931564e-26
   61  145    4.811006e-25    9.007780e-26
   61  146    8.351550e-24    2.120149e-24
   61  147    2.686415e-19    2.981743e-20
   61  148    1.150582e-22    2.326263e-23
   61  149    9.723835e-24    1.465621e-24
   61  150    1.911562e-27    2.954326e-28
   61  151    1.337637e-28    3.476775e-29
   62  144    3.536195e-20   -3.602069e-26
   62  145    4.441193e-23    1.395869e-23
   62  146    4.923106e-16    7.601912e-17
   62  147    7.479940e-13   -9.283668e-17
   62  148    2.701550e-12    6.373712e-16
   62  149    4.909601e-13   -7.415115e-16
   62  150    1.601386e-12    9.714214e-17
   62  151    1.542279e-16    2.068320e-17
   62  152    2.625863e-13   -3.529835e-18
   62  153    2.270854e-17    3.085879e-18
   62  154    1.429123e-15   -7.637380e-21
   62  155    4.138732e-20    5.590991e-21
   62  156    3.086228e-25    7.734364e-26
   63  147    4.409651e-26    8.056754e-27
   63  148    1.294127e-26    2.438782e-27
   63  149    5.203967e-22    1.574897e-22
   63  150    1.220368e-19    2.240608e-20
   63  151    1.714700e-13   -9.741430e-17
   63  152    7.873987e-16    9.718778e-17
   63  153    2.280244e-13   -2.429286e-17
   63  154    1.775130e-16    2.444186e-17
   63  155    9.779400e-20    2.509793e-20
   63  156    9.286649e-24    3.310798e-24
   63  157    2.907170e-28    1.151571e-28
   64  150    1.243359e-23    3.944013e-24
   64  151    4.948041e-20    9.697449e-21
   64  152    5.981446e-13   -1.856107e-17
   64  153    1.320833e-16    1.820171e-17
   64  154    7.798249e-13    4.548442e-17
   64  155    2.570358e-13   -7.575161e-17
   64  156    1.092005e-12    2.757952e-16
   64  157    4.755307e-13   -2.667180e-16
   64  158    2.906264e-12   -5.113031e-18
   64  159    1.933548e-16    2.630615e-17
   64  160    8.753672e-17    2.801342e-22
   64  161    2.017916e-21    2.583752e-22
   64  162    1.756800e-26    4.321766e-27
   65  152    2.323449e-29    5.073882e-30
   65  153    9.982003e-27    1.861578e-27
   65  154    2.049262e-28    4.343606e-29
   65  155    2.790282e-26    5.008961e-27
   65  156    7.041146e-27    1.348637e-27
   65  157    7.852316e-23    2.466823e-23
   65  158    2.641916e-19    4.950665e-20
   65  159    3.702243e-13   -5.082254e-17
   65  160    3.725262e-16    5.071443e-17
   65  161    2.289526e-19    5.857429e-20
   65  162    4.877853e-24    1.728361e-24
   65  163    1.405535e-28    5.551205e-29
   66  156    1.824533e-26    6.097709e-27
   66  157    4.021321e-22    8.329019e-23
   66  158    8.862663e-14   -2.566997e-18
   66  159    1.858986e-17    2.575220e-18
   66  160    8.759695e-13    9.788723e-17
   66  161    3.279689e-13   -1.177132e-16
   66  162    1.360268e-12    2.525298e-16
   66  163    2.432811e-13   -2.432534e-16
   66  164    6.033605e-13    6.831466e-18
   66  165    2.840549e-17    3.709798e-18
   66  166    2.912380e-22    7.216546e-23
   66  167    1.190456e-27    4.021362e-28
   67  159    6.354113e-28    1.183615e-28
   67  160    8.528761e-29    1.772461e-29
   67  161    1.190601e-26    2.150789e-27
   67  162    5.269577e-27    1.051546e-27
   67  163    5.391192e-21    1.678736e-21
   67  164    6.160267e-19    1.141837e-19
   67  165    4.838191e-13   -7.050146e-17
   67  166    6.280458e-16    7.037348e-17
   67  167    5.122587e-20    1.214957e-20
   67  168    8.681041e-25    2.927196e-25
   67  169    1.728905e-29    8.051995e-30
   68  162    1.435445e-24    4.733262e-25
   68  163    1.163689e-20    2.357326e-21
   68  164    6.708136e-13   -2.805378e-17
   68  165    2.026299e-16    2.807236e-17
   68  166    1.025750e-12    1.926521e-16
   68  167    4.051824e-13   -2.380236e-16
   68  168    1.667545e-12    2.016197e-17
   68  169    1.875568e-16    2.539681e-17
   68  170    3.288292e-15   -2.244433e-19
   68  171    1.337634e-19    1.686331e-20
   68  172    1.175378e-24    2.883866e-25
   68  173    2.671549e-30    9.175382e-31
   69  164    3.204354e-30    7.126720e-31
   69  165    1.975274e-28    3.731751e-29
   69  166    2.194195e-28    4.530482e-29
   69  167    1.386540e-22    4.354960e-23
   69  168    7.096948e-19    1.315142e-19
   69  169    5.313025e-13   -1.192510e-16
   69  170    8.745662e-16    1.189879e-16
   69  171    5.174005e-19    1.315701e-19
   69  172    1.144332e-22    3.979568e-23
   69  173    6.580595e-27    1.833065e-27
   70  168    1.754058e-23    5.672140e-24
   70  169    1.184689e-19    2.310045e-20
   70  170    8.241143e-13    4.040721e-17
   70  171    4.202670e-13   -5.993481e-17
   70  172    1.398197e-12    3.477522e-16
   70  173    6.918914e-13   -3.100821e-16
   70  174    3.156350e-12   -3.058120e-17
   70  175    1.055271e-16    1.458306e-17
   70  176    1.578445e-15   -2.161617e-18
   70  177    4.628780e-20    5.704623e-21
   70  178    3.843436e-25    9.375353e-26
   71  170    1.863636e-29    3.964307e-30
   71  171    1.477605e-27    2.697106e-28
   71  172    1.228685e-27    3.027719e-28
   71  173    1.679916e-21    5.149627e-22
   71  174    2.955422e-18    5.319605e-19
   71  175    4.564824e-13   -3.593314e-17
   71  176    1.131240e-15    3.522233e-17
   71  177    1.127588e-18    1.782727e-19
   71  178    2.502442e-23    6.664272e-24
   71  179    8.056079e-28    2.842230e-28
   72  173    1.758461e-29    7.827912e-30
   72  174    4.296726e-22    1.358096e-22
   72  175    7.485694e-19    1.424465e-19
   72  176    1.197984e-12    6.672642e-16
   72  177    3.904224e-13   -6.981689e-16
   72  178    1.696474e-12    1.513757e-15
   72  179    4.712496e-13   -1.266581e-15
   72  180    2.772138e-12   -2.293951e-16
   72  181    9.917184e-17    1.296150e-17
   72  182    3.557079e-20    8.857905e-21
   72  183    2.897873e-25    8.852032e-26
   73  176    2.938533e-29    6.136289e-30
   73  177    1.192472e-26    4.849723e-27
   73  178    2.256447e-24    6.913811e-25
   73  179    8.714029e-17    1.364668e-17
   73  180    3.358887e-15   -1.259359e-17
   73  181    7.182214e-13   -3.850087e-17
   73  182    3.094106e-16    3.742315e-17
   73  183    1.006378e-19    2.483861e-20
   73  184    1.068164e-24    3.507494e-25
   73  185    2.616338e-29    1.140414e-29
   74  178    4.714902e-25    1.529707e-25
   74  179    9.172596e-21    1.785835e-21
   74  180    5.384857e-14   -1.049116e-18
   74  181    1.001189e-17    1.501938e-18
   74  182    1.822730e-12    1.314372e-15
   74  183    9.206511e-13   -1.293449e-15
   74  184    2.060396e-12   -4.366169e-17
   74  185    3.511834e-16    5.042854e-17
   74  186    8.051219e-14   -2.838682e-17
   74  187    4.149656e-18    2.575770e-19
   74  188    5.419646e-23    1.110767e-23
   74  189    4.531320e-29    1.179812e-29
   75  182    5.452143e-28    2.104854e-28
   75  183    5.650381e-21    1.710071e-21
   75  184    2.265261e-18    4.109612e-19
   75  185    3.064500e-13   -8.464684e-17
   75  186    1.251793e-15    8.523574e-17
   75  187    6.945462e-15   -1.027390e-18
   75  188    3.298639e-18    2.551574e-20
   75  189    3.852836e-22    5.761899e-23
   75  190    5.407837e-27    1.367085e-27
   76  183    3.774123e-30    1.686436e-30
   76  184    1.557549e-22    4.928669e-23
   76  185    5.447187e-19    1.048273e-19
   76  186    1.077043e-12    2.034403e-16
   76  187    5.060648e-13   -2.470364e-16
   76  188    1.138105e-12    2.946877e-15
   76  189    3.653368e-13   -2.927258e-15
   76  190    1.474439e-12    8.041879e-18
   76  191    1.657141e-16    2.399913e-17
   76  192    3.116194e-14   -8.464934e-18
   76  193    3.464920e-18    2.799036e-19
   76  194    2.747545e-23    6.008330e-24
   76  195    7.208910e-29    2.346728e-29
   77  186    1.119909e-30    2.472612e-31
   77  187    5.750981e-29    1.094189e-29
   77  188    2.114829e-28    8.055159e-29
   77  189    1.344598e-21    4.122887e-22
   77  190    6.292191e-19    1.170318e-19
   77  191    3.286505e-13   -8.146741e-17
   77  192    8.838300e-16    9.500941e-17
   77  193    3.204603e-13   -3.013232e-17
   77  194    3.251995e-16    1.647066e-17
   77  195    1.095175e-20    2.208793e-21
   77  196    1.422223e-25    4.433862e-26
   78  189    1.230392e-30    5.577999e-31
   78  190    7.664520e-23    2.452572e-23
   78  191    1.499435e-19    2.982812e-20
   78  192    1.094003e-12   -2.931395e-17
   78  193    2.511430e-16    3.706851e-17
   78  194    1.343845e-12    4.523639e-16
   78  195    3.964078e-13   -4.763110e-16
   78  196    2.342903e-12    7.262903e-18
   78  197    6.494838e-17    8.907302e-18
   78  198    4.390663e-15   -1.362154e-20
   78  199    4.293735e-20    5.855126e-21
   78  200    1.302813e-25    3.286596e-26
   79  192    3.323790e-30    7.070287e-31
   79  193    2.673671e-30    5.295175e-31
   79  194    8.076205e-29    1.986175e-29
   79  195    2.436868e-22    7.623301e-23
   79  196    7.663129e-19    1.439279e-19
   79  197    7.108769e-13   -1.169788e-17
   79  198    8.361373e-17    1.155302e-17
   79  199    3.375711e-21    8.607017e-22
   79  200    1.742917e-26    6.139587e-27
   79  201    5.117278e-30    8.249190e-31
   80  194    3.706074e-30    1.748959e-30
   80  195    2.043308e-25    4.178313e-26
   80  196    1.377969e-17   -2.278316e-22
   80  197    1.618688e-19    3.196225e-20
   80  198    2.319203e-12    6.969279e-18
   80  199    1.055647e-12   -1.227887e-17
   80  200    3.396964e-12    8.006328e-17
   80  201    1.492677e-12   -7.513076e-17
   80  202    5.447827e-12   -4.412933e-18
   80  203    3.517082e-17    4.806004e-18
   80  204    8.827216e-14   -8.596018e-20
   80  205    2.860746e-19    3.821997e-20
   80  206    9.941080e-26    2.465284e-26
   81  198    7.753111e-30    1.644748e-30
   81  199    7.952721e-29    1.493326e-29
   81  200    1.610238e-28    3.239535e-29
   81  201    4.974943e-23    1.557533e-23
   81  202    2.724400e-18    5.013933e-19
   81  203    3.296944e-12   -2.887702e-18
   81  204    1.831005e-17    2.468285e-18
   81  205    2.532772e-13   -1.473434e-19
   81  206    4.927660e-19    6.540752e-20
   81  207    4.343092e-25    1.072830e-25
   82  202    4.344485e-25    1.403122e-25
   82  203    1.196545e-19    2.321843e-20
   82  204    4.899190e-12    9.417076e-18
   82  205    9.272116e-12   -1.639336e-17
   82  206    4.705929e-11    8.168391e-17
   82  207    6.282811e-11   -7.435730e-17
   82  208    1.298628e-10   -4.207482e-19
   82  209    8.194962e-19    4.719644e-20
   82  210    8.109640e-26    1.281658e-26
   83  205    1.077627e-28    2.166071e-29
   83  206    6.433643e-29    1.440226e-29
   83  207    4.475961e-23    1.368845e-23
   83  208    2.538346e-18    4.455742e-19
   83  209    3.106577e-12   -4.553903e-19
   83  210    1.659944e-19    9.745263e-21
   83  211    2.325758e-26    2.612150e-27
   84  210    3.496074e-26    1.025475e-28
    0    1    1.188884e-15    1.611736e-16
    1    1    7.821676e-13    9.098176e-14
    2    4    2.928573e-09    2.818128e-10
