1.0331e+00
8.2883e-03
1.6866e+00
1.2956e+05
    1    2    3.762801e-27   -1.149107e-27
    1    3    1.692910e-19   -2.645471e-23
    2    3    9.514837e-19    1.894833e-23
    3    6    2.340210e-26    5.725020e-27
    3    7    1.948818e-26   -1.172348e-27
    4    7    2.510200e-28   -2.379349e-29
    4   10    1.606803e-26   -1.050012e-28
    5   10    2.324244e-24   -7.918010e-26
    5   11    2.720912e-15   -6.214160e-17
    5   12    1.829350e-26   -2.013020e-27
    6   11    2.474847e-19   -1.040200e-21
    6   12    7.334031e-04   -7.181733e-09
    6   13    2.695145e-10   -1.099504e-12
    6   14    2.412112e-10   -1.841000e-14
    6   15    1.595047e-27   -2.805226e-28
    7   13    9.411344e-16   -7.625586e-17
    7   14    9.354449e-09   -6.970735e-13
    7   15    5.578428e-11   -2.207061e-14
    7   16    2.806983e-24   -3.413561e-25
    7   17    2.772548e-24   -3.838320e-27
    8   14    4.269948e-20   -1.332651e-21
    8   15    1.285478e-10   -3.867275e-15
    8   16    4.643018e-02    2.230900e-09
    8   17    5.289194e-10   -2.335595e-11
    8   18    1.687786e-11   -2.231852e-14
    8   19    7.060870e-20   -3.589554e-21
    8   20    2.305935e-24   -3.163995e-27
    9   16    3.332119e-30   -6.380299e-31
    9   17    1.697072e-17   -2.316462e-18
    9   18    5.804514e-11    1.534018e-14
    9   19    5.633420e-11   -9.509678e-14
    9   20    2.646507e-14   -2.160712e-17
    9   21    3.657502e-18   -5.564464e-21
    9   22    6.333848e-25   -9.965983e-28
   10   18    2.259365e-24   -1.923159e-25
   10   19    9.846940e-15   -4.938386e-17
   10   20    7.576387e-03   -3.215850e-09
   10   21    1.831898e-06   -5.409844e-11
   10   22    5.842839e-08   -1.721988e-12
   10   23    9.014363e-13   -3.758255e-16
   10   24    1.049553e-16   -2.975112e-20
   10   25    4.955649e-25   -2.130752e-26
   10   26    2.851738e-30   -8.385400e-32
   11   20    5.124209e-26   -3.731213e-27
   11   21    6.171887e-13   -3.904482e-14
   11   22    2.407700e-08    1.517718e-12
   11   23    1.496313e-05    9.516623e-10
   11   24    1.042923e-08   -1.449706e-13
   11   25    3.908180e-12   -4.090670e-16
   11   26    1.148667e-16   -6.249230e-19
   11   27    6.737312e-21   -1.279278e-22
   12   22    3.264419e-15   -5.496438e-18
   12   23    6.303220e-08    7.472783e-11
   12   24    2.197791e-03    2.570695e-09
   12   25    3.288006e-04   -2.709663e-10
   12   26    2.698606e-04   -3.961242e-10
   12   27    7.974628e-08   -1.482426e-12
   12   28    3.766032e-11   -1.093160e-16
   12   29    1.200958e-20   -8.869137e-22
   12   30    8.441847e-24   -1.456902e-25
   13   24    4.820407e-20   -3.973707e-21
   13   25    7.698998e-14   -5.265509e-15
   13   26    1.398914e-05   -1.160275e-10
   13   27    2.650308e-04    2.379950e-10
   13   28    2.133020e-06   -1.294713e-10
   13   29    8.777647e-09   -2.628151e-13
   13   30    9.675663e-13   -1.588912e-15
   13   31    3.961950e-16   -3.524478e-18
   13   32    6.944186e-25   -4.709529e-26
   13   33    3.731461e-30   -5.036687e-31
   14   25    5.027163e-28   -5.257311e-29
   14   26    5.392918e-15   -1.468260e-17
   14   27    4.519923e-08   -5.440457e-11
   14   28    4.205417e-04    1.155322e-09
   14   29    1.687267e-04    3.274909e-10
   14   30    6.717522e-05    1.411284e-10
   14   31    3.741426e-08    2.287032e-13
   14   32    3.961650e-10   -2.794106e-16
   14   33    3.872808e-17   -8.815064e-19
   14   34    5.624306e-20   -1.180640e-22
   15   27    5.033615e-30   -6.557661e-31
   15   28    9.085903e-20   -7.157737e-21
   15   29    1.311795e-13   -6.624535e-15
   15   30    2.911468e-07    2.885737e-11
   15   31    8.524819e-06    6.157040e-11
   15   32    5.807624e-08    2.089157e-13
   15   33    7.439013e-09   -7.751422e-15
   15   34    1.087770e-11   -4.858045e-15
   15   35    1.915586e-14   -1.910280e-18
   15   36    8.988561e-25   -7.444113e-26
   15   37    2.243431e-26   -5.721541e-29
   16   29    3.901335e-28   -4.212656e-29
   16   30    3.831829e-16   -2.293024e-18
   16   31    1.820833e-10   -3.806421e-13
   16   32    9.304332e-06    4.216555e-11
   16   33    4.791148e-07    2.419626e-12
   16   34    7.363604e-07    3.057983e-12
   16   35    4.373558e-09    1.406036e-14
   16   36    5.887468e-10    7.851427e-15
   16   37    2.903055e-17   -7.750936e-19
   16   38    2.143762e-19   -1.605565e-24
   16   39    7.653406e-27   -2.788441e-28
   17   32    2.122716e-23   -2.115457e-24
   17   33    2.175410e-16   -1.473697e-17
   17   34    1.327990e-10   -4.873633e-13
   17   35    9.094833e-08    6.587523e-13
   17   36    1.280433e-09    1.299364e-14
   17   37    1.819767e-10    2.410641e-15
   17   38    1.463588e-13    2.056187e-18
   17   39    1.288349e-15    2.879806e-20
   17   40    3.861443e-19   -4.104090e-23
   17   41    2.887230e-21   -3.533599e-25
   17   42    5.032081e-25   -4.867842e-28
   17   43    1.103722e-27   -2.016980e-30
   18   34    2.932598e-20   -2.781118e-22
   18   35    2.920236e-13   -9.245119e-16
   18   36    4.514803e-09    3.319426e-14
   18   37    9.003540e-11    9.673566e-17
   18   38    1.066312e-09    4.136951e-15
   18   39    8.801711e-12    8.595957e-17
   18   40    2.833296e-12    9.194174e-18
   18   41    1.355275e-14    1.224396e-19
   18   42    9.515011e-17    1.594908e-21
   18   43    3.288426e-20   -3.550937e-24
   18   44    1.598069e-22    1.872302e-27
   18   45    8.810645e-28   -3.062187e-30
   19   36    3.520641e-26   -3.420315e-27
   19   37    5.883300e-21   -4.971917e-22
   19   38    2.058523e-14    8.091665e-19
   19   39    7.275551e-11    5.348954e-16
   19   40    2.990109e-12    1.818189e-17
   19   41    2.001175e-12    8.337218e-18
   19   42    1.066850e-13    1.255107e-18
   19   43    2.510292e-14    5.035732e-20
   19   44    6.238157e-16    4.764197e-21
   19   45    1.569197e-17    2.189778e-22
   19   46    5.757799e-20   -1.794198e-24
   19   47    1.262768e-22   -3.755652e-26
   19   48    2.241572e-29   -5.028254e-31
   20   38    3.582303e-25   -6.112044e-27
   20   39    1.191699e-17   -7.864526e-20
   20   40    1.021627e-11    2.071829e-17
   20   41    8.648154e-13   -2.707727e-18
   20   42    4.206253e-08   -2.613795e-14
   20   43    1.533232e-08    9.311262e-16
   20   44    6.445987e-08   -1.399351e-14
   20   45    2.568635e-09    1.454477e-14
   20   46    3.719868e-10    2.161128e-15
   20   47    4.675936e-12    4.418703e-17
   20   48    1.472658e-09   -1.894641e-15
   20   49    1.605094e-14   -2.896923e-17
   20   50    4.100418e-17   -1.719965e-20
   20   51    1.269977e-24   -4.514320e-26
   21   41    1.308071e-25   -1.517597e-26
   21   42    8.127168e-19   -8.078562e-21
   21   43    1.165206e-10   -2.208832e-15
   21   44    1.474902e-10   -1.496641e-15
   21   45    1.128714e-08    4.591727e-15
   21   46    2.124557e-09    1.503641e-14
   21   47    1.886822e-10    2.347068e-15
   21   48    6.113169e-10    1.164840e-15
   21   49    1.298194e-10    2.968214e-16
   21   50    1.728090e-13   -9.582400e-18
   21   51    8.114843e-16   -3.638790e-19
   21   52    2.641513e-21   -1.372474e-23
   21   53    2.146381e-26   -1.378691e-28
   22   43    1.877053e-22   -2.201869e-24
   22   44    8.576344e-12   -1.147000e-17
   22   45    2.025338e-12   -5.239357e-17
   22   46    1.755004e-08   -1.487913e-14
   22   47    8.857768e-09    3.846075e-15
   22   48    1.466170e-08    3.790799e-15
   22   49    1.542358e-08   -2.277568e-15
   22   50    5.435823e-08   -6.557044e-16
   22   51    6.533342e-10   -6.999396e-15
   22   52    7.836328e-12   -3.564936e-16
   22   53    5.639271e-16   -4.224690e-19
   22   54    2.278470e-18   -8.696649e-21
   22   55    7.967767e-27   -4.577936e-28
   23   45    8.164519e-24   -7.779983e-25
   23   46    7.270799e-17   -9.753521e-19
   23   47    2.273819e-11   -4.485056e-16
   23   48    2.537861e-11   -4.179648e-16
   23   49    1.578867e-09   -1.479134e-16
   23   50    6.128447e-10    2.966925e-15
   23   51    6.563222e-09    1.197704e-14
   23   52    9.171268e-10   -1.622138e-14
   23   53    2.269159e-11   -1.090808e-15
   23   54    2.069047e-14   -2.053580e-18
   23   55    3.644140e-16   -3.120044e-19
   23   56    1.731802e-22   -4.522197e-24
   23   57    3.655664e-25   -6.583389e-27
   24   46    7.501516e-28   -1.681665e-29
   24   47    9.070682e-21   -1.042936e-22
   24   48    1.843803e-14   -1.076149e-19
   24   49    2.530995e-14   -9.942739e-19
   24   50    3.359146e-11    1.058080e-16
   24   51    2.006294e-10   -4.406738e-16
   24   52    5.121357e-08    5.600356e-16
   24   53    1.194064e-08    7.135582e-15
   24   54    1.322784e-07   -4.602248e-16
   24   55    1.536418e-09   -3.555408e-14
   24   56    3.836784e-11   -2.377124e-16
   24   57    1.399326e-15   -2.521039e-18
   24   58    2.591057e-17   -2.106003e-20
   24   59    2.073175e-25   -1.176182e-26
   24   60    5.523723e-27   -6.479567e-29
   25   49    2.014602e-25   -1.542391e-26
   25   50    1.757529e-19   -3.532838e-21
   25   51    9.552660e-15   -2.353842e-19
   25   52    2.917336e-13   -3.708996e-18
   25   53    9.851521e-10    4.109230e-16
   25   54    1.580607e-09   -1.545824e-15
   25   55    3.199427e-08    2.143757e-14
   25   56    4.415933e-09    2.446548e-14
   25   57    2.535952e-10   -1.358700e-14
   25   58    1.198012e-12   -2.255891e-15
   25   59    4.398720e-14   -5.408131e-17
   25   60    1.492925e-18   -2.960109e-20
   25   61    3.946027e-20   -3.378824e-22
   25   62    1.154893e-27   -5.655807e-29
   26   51    8.149455e-24   -1.540867e-25
   26   52    9.860015e-19   -1.336199e-23
   26   53    6.302639e-17   -4.025307e-21
   26   54    3.731397e-09   -3.794274e-15
   26   55    1.896126e-09    1.876430e-15
   26   56    1.620603e-06   -7.857936e-13
   26   57    9.076026e-07   -4.660153e-13
   26   58    5.025456e-06   -6.409592e-13
   26   59    2.466137e-07    1.603457e-12
   26   60    1.078547e-08    1.259922e-13
   26   61    2.064042e-12   -7.951375e-16
   26   62    4.858895e-14   -3.524559e-18
   26   63    7.700620e-20   -1.022462e-21
   26   64    2.305370e-21   -6.609657e-24
   26   65    3.137885e-29   -1.611795e-30
   27   54    1.459516e-22   -4.312401e-24
   27   55    5.446961e-13   -1.539678e-17
   27   56    5.233342e-13   -1.554897e-17
   27   57    2.106441e-08   -3.562808e-14
   27   58    1.014122e-08   -2.211403e-15
   27   59    1.936056e-06   -8.154479e-13
   27   60    1.446008e-07    7.359378e-13
   27   61    2.095423e-08    2.440364e-13
   27   62    4.428204e-10   -1.789639e-14
   27   63    3.153818e-11   -5.904404e-15
   27   64    1.018925e-14   -1.908619e-16
   27   65    7.146964e-16   -3.525717e-18
   27   66    5.096739e-21   -1.386782e-22
   27   67    2.065619e-22   -2.788704e-24
   27   68    2.643685e-29   -1.334650e-30
   28   55    1.419399e-27   -3.989425e-29
   28   56    5.826413e-17   -4.481643e-22
   28   57    7.577152e-16   -4.918440e-20
   28   58    5.759181e-10   -5.753368e-16
   28   59    8.660460e-09   -3.145230e-14
   28   60    2.165692e-06   -2.704009e-12
   28   61    1.143717e-06    2.077124e-13
   28   62    2.510420e-06    1.870610e-12
   28   63    1.597788e-07    9.565845e-13
   28   64    1.423525e-06    6.843961e-13
   28   65    1.274517e-08   -1.445467e-14
   28   66    6.775445e-10    5.828294e-15
   28   67    2.683952e-13   -9.581913e-17
   28   68    4.702606e-15   -8.714452e-19
   28   69    1.957573e-21   -3.754787e-23
   28   70    4.513493e-23   -4.307133e-26
   29   58    2.411273e-25   -1.039770e-26
   29   59    4.545130e-17   -5.290850e-19
   29   60    3.047381e-13   -3.804964e-17
   29   61    3.990654e-10   -1.271388e-14
   29   62    6.124666e-10   -2.418581e-14
   29   63    4.784175e-07   -1.736688e-12
   29   64    2.469942e-07    1.156196e-13
   29   65    1.013178e-06   -3.585816e-14
   29   66    1.528057e-07   -2.011423e-12
   29   67    4.960131e-08    5.346299e-13
   29   68    2.896343e-10   -4.247982e-14
   29   69    2.666457e-11   -3.964258e-16
   29   70    3.956348e-16   -2.629922e-18
   29   71    6.293563e-17   -1.808346e-20
   29   72    1.674583e-22   -2.131272e-24
   29   73    2.348216e-23   -3.190863e-26
   29   74    3.550243e-29   -5.456603e-31
   30   60    1.264735e-21   -2.206870e-25
   30   61    1.524994e-17   -2.113935e-21
   30   62    2.637392e-13   -4.968396e-18
   30   63    1.592131e-13   -8.460320e-18
   30   64    5.632966e-07   -1.304601e-12
   30   65    1.479597e-07    1.260575e-13
   30   66    1.114012e-06    1.891437e-12
   30   67    3.272394e-07    1.797155e-13
   30   68    1.471674e-06    1.060502e-12
   30   69    3.964351e-08    2.152081e-13
   30   70    1.073092e-08    1.010801e-13
   30   71    1.733447e-11   -3.397015e-15
   30   72    1.470750e-12    1.878704e-17
   30   73    2.021920e-16   -2.441916e-19
   30   74    8.131373e-18   -3.842373e-22
   30   75    1.969713e-23   -1.952355e-25
   30   76    6.966461e-25   -6.973521e-28
   31   62    4.611212e-27   -2.169584e-28
   31   63    1.181566e-22   -6.330523e-24
   31   64    1.891221e-19   -4.590643e-22
   31   65    4.726443e-12   -3.799009e-15
   31   66    2.630727e-11   -1.160899e-15
   31   67    4.007283e-09   -2.492797e-14
   31   68    1.662246e-09   -7.833229e-15
   31   69    8.385808e-08   -3.102362e-13
   31   70    3.993840e-08   -1.967210e-13
   31   71    1.732912e-07    1.400668e-13
   31   72    9.393187e-09    2.333921e-13
   31   73    5.167082e-09    4.971000e-14
   31   74    9.476623e-11    1.894539e-15
   31   75    1.234972e-11   -3.335468e-16
   31   76    3.205597e-15   -6.830391e-19
   31   77    3.590637e-16   -1.488499e-19
   31   78    4.595490e-20   -5.528918e-23
   31   79    1.047782e-21   -2.083475e-24
   31   80    7.568497e-29   -2.680583e-30
   32   64    6.464479e-27   -1.493939e-30
   32   65    8.842110e-24   -2.679258e-27
   32   66    1.109392e-15   -5.634926e-20
   32   67    2.701788e-15   -1.864138e-19
   32   68    1.117406e-11   -3.994123e-17
   32   69    5.932510e-12   -1.043634e-16
   32   70    1.352498e-07   -2.356270e-13
   32   71    5.142042e-08    1.939184e-15
   32   72    2.078208e-07   -8.419349e-14
   32   73    6.322586e-08    1.186081e-13
   32   74    2.040904e-07    1.928991e-13
   32   75    2.076725e-08    1.325172e-13
   32   76    2.886496e-09    3.080554e-14
   32   77    2.613406e-11    2.169858e-16
   32   78    1.683859e-12    2.849309e-17
   32   79    1.118357e-15   -5.215523e-19
   32   80    2.387801e-17   -4.169193e-21
   32   81    5.038308e-23   -5.982363e-25
   32   82    7.539182e-25   -9.445408e-28
   33   67    3.635874e-26   -2.462152e-27
   33   68    1.215565e-22   -1.399081e-24
   33   69    2.216685e-18   -1.872704e-20
   33   70    2.606005e-16   -3.158278e-20
   33   71    4.748253e-11   -1.266614e-15
   33   72    2.717546e-11   -6.970566e-16
   33   73    7.855496e-10   -4.405307e-15
   33   74    2.321830e-10   -1.451635e-17
   33   75    4.486901e-09   -3.755642e-14
   33   76    8.824086e-09    4.934122e-16
   33   77    7.538571e-09    4.971932e-14
   33   78    4.602858e-10    1.238403e-14
   33   79    2.405811e-10    2.034409e-15
   33   80    4.158343e-12   -1.395640e-15
   33   81    6.245803e-13   -8.878641e-17
   33   82    4.316398e-17   -5.700762e-20
   33   83    3.553220e-18   -1.444766e-21
   33   84    9.664310e-27   -5.401695e-28
   34   68    1.988600e-30   -6.402388e-34
   34   69    1.078063e-26   -4.539282e-30
   34   70    7.931871e-22   -6.467938e-26
   34   71    1.470779e-20   -1.712509e-24
   34   72    1.133245e-13   -1.136650e-18
   34   73    3.209627e-14   -4.654797e-19
   34   74    1.393563e-12   -7.579477e-18
   34   75    1.180726e-11   -1.246509e-16
   34   76    1.717905e-08   -1.133516e-13
   34   77    1.557258e-08   -6.722240e-14
   34   78    7.915279e-08    1.664287e-14
   34   79    1.591024e-08    5.831526e-14
   34   80    1.342254e-08    9.701941e-14
   34   81    1.153105e-09    7.159484e-15
   34   82    1.571164e-10    2.549612e-15
   34   83    3.188272e-13   -1.019291e-17
   34   84    1.332572e-14   -1.540914e-19
   34   85    2.428751e-21   -8.023059e-23
   34   86    2.207918e-24   -1.282196e-27
   35   72    7.788649e-29   -1.914285e-30
   35   73    2.139730e-21   -4.725912e-23
   35   74    4.116607e-19   -9.254655e-23
   35   75    6.317820e-17   -5.506156e-21
   35   76    1.008165e-15   -6.562160e-20
   35   77    2.789261e-11   -3.908602e-16
   35   78    1.208448e-11   -3.177329e-16
   35   79    5.506431e-10   -9.634287e-15
   35   80    1.691481e-09   -2.863543e-14
   35   81    4.636072e-09   -1.126606e-14
   35   82    4.067256e-09   -7.110390e-16
   35   83    4.447266e-09    3.473654e-14
   35   84    3.472064e-10    6.609422e-15
   35   85    7.890660e-11   -9.111352e-16
   35   86    2.569772e-16   -2.875444e-18
   35   87    1.275491e-18   -1.834287e-22
   35   88    5.472735e-25   -1.538959e-26
   35   89    3.199741e-29   -2.812653e-31
   36   74    3.980646e-25   -6.431202e-29
   36   75    9.748398e-24   -1.608646e-27
   36   76    1.113565e-19   -3.230371e-24
   36   77    3.454159e-18   -3.115878e-22
   36   78    2.233725e-14   -2.380129e-19
   36   79    1.177924e-13   -3.257923e-18
   36   80    3.974564e-09   -3.060213e-14
   36   81    3.686967e-09   -2.900302e-14
   36   82    3.772056e-08   -6.694026e-14
   36   83    2.096691e-08    5.889368e-16
   36   84    6.819038e-08    6.668350e-14
   36   85    1.012929e-08    5.819398e-14
   36   86    1.942465e-09    1.633483e-14
   36   87    3.788568e-13   -1.046737e-16
   36   88    1.106559e-14    1.400691e-19
   36   89    3.000135e-20   -3.971260e-22
   36   90    1.399357e-22   -3.064623e-26
   37   77    2.403277e-27   -3.607124e-29
   37   78    2.531414e-24   -3.560001e-27
   37   79    3.082509e-19   -5.244032e-23
   37   80    2.884702e-18   -7.888371e-22
   37   81    8.490303e-13   -2.571410e-17
   37   82    7.491741e-13   -7.821633e-17
   37   83    1.958596e-11   -2.922412e-16
   37   84    1.357969e-11   -1.223407e-16
   37   85    2.895558e-09   -1.841806e-14
   37   86    2.945920e-09   -2.235712e-15
   37   87    2.797600e-09    2.125002e-14
   37   88    9.579702e-12   -8.172399e-17
   37   89    8.661335e-13    1.313690e-17
   37   90    1.107980e-16   -1.348004e-19
   37   91    1.218854e-18   -7.628106e-23
   37   92    7.410778e-25   -1.706917e-26
   37   93    8.589755e-28   -1.627782e-30
   38   79    4.491708e-29   -1.281536e-32
   38   80    7.362555e-23   -2.926135e-27
   38   81    1.884023e-21   -2.020467e-25
   38   82    3.527230e-16   -7.186024e-21
   38   83    3.663238e-16   -8.351736e-21
   38   84    1.416907e-14   -8.705404e-20
   38   85    2.560110e-13   -6.550511e-18
   38   86    1.425915e-08   -2.609937e-14
   38   87    1.267478e-08   -4.440534e-15
   38   88    3.882881e-08    2.620946e-14
   38   89    7.047209e-10    4.032359e-15
   38   90    3.542026e-11    3.548909e-16
   38   91    4.333616e-14   -6.527940e-18
   38   92    2.272624e-15    3.938821e-20
   38   93    7.656508e-20   -2.926373e-22
   38   94    1.436564e-21   -9.380693e-26
   38   95    2.243143e-29   -1.072410e-30
   39   82    4.738515e-28   -1.198490e-30
   39   83    5.683673e-22   -4.197127e-25
   39   84    1.379457e-21   -3.250845e-25
   39   85    3.138756e-19   -1.714197e-23
   39   86    7.060114e-18   -5.036848e-22
   39   87    7.572116e-13   -2.320269e-17
   39   88    1.638123e-12   -3.387007e-17
   39   89    4.611074e-09   -2.550521e-15
   39   90    2.821330e-10    6.932913e-16
   39   91    1.766869e-10    1.639454e-15
   39   92    5.296431e-12    2.446941e-16
   39   93    1.818870e-12    4.862486e-17
   39   94    1.106440e-14    6.924037e-19
   39   95    3.869313e-16    3.607614e-20
   39   96    4.775609e-21   -6.612786e-23
   39   97    2.365585e-25   -9.938321e-28
   40   84    3.301206e-26   -1.651783e-30
   40   85    1.497797e-26   -2.240516e-30
   40   86    1.966398e-22   -6.318422e-27
   40   87    8.522737e-21   -6.461415e-25
   40   88    1.499777e-16   -2.329149e-21
   40   89    1.527293e-15   -4.419183e-20
   40   90    1.968748e-09   -1.491752e-15
   40   91    6.224663e-10    3.200611e-16
   40   92    8.548532e-10    4.161319e-16
   40   93    1.470877e-10    4.342291e-16
   40   94    4.354537e-10    8.463995e-17
   40   95    2.013941e-11    2.029087e-16
   40   96    5.639424e-12    4.474292e-17
   40   97    4.414402e-16   -3.167854e-19
   40   98    1.995242e-18   -3.450672e-22
   40   99    1.105925e-25   -5.562987e-27
   40  100    2.953193e-26   -2.411569e-29
   41   87    1.875658e-29   -6.486680e-32
   41   88    2.308902e-26   -4.910144e-30
   41   89    9.268497e-22   -7.160091e-26
   41   90    2.868303e-20   -1.520367e-24
   41   91    1.852956e-13   -1.668769e-18
   41   92    1.547110e-13   -1.838934e-17
   41   93    2.654616e-13    7.227078e-19
   41   94    1.115809e-13    6.507546e-19
   41   95    9.241572e-14    5.650345e-19
   41   96    1.572131e-14    4.196254e-19
   41   97    1.325080e-14    2.457396e-19
   41   98    8.226513e-18   -1.340838e-20
   41   99    7.650477e-19   -2.426097e-22
   41  100    1.212054e-23   -1.240000e-25
   41  101    6.090514e-24   -4.850220e-27
   41  102    3.124145e-28   -1.420888e-30
   42   90    2.538857e-26   -8.826056e-31
   42   91    8.006784e-24   -8.838188e-28
   42   92    8.641309e-16    1.810396e-17
   42   93    5.832278e-17    1.495648e-21
   42   94    1.462274e-12   -5.282932e-18
   42   95    8.397548e-12   -6.537973e-17
   42   96    8.522100e-11   -1.935460e-16
   42   97    1.665101e-11    7.065258e-17
   42   98    1.067561e-10    2.522817e-16
   42   99    3.199731e-13   -6.146988e-17
   42  100    4.465993e-13    3.108228e-18
   42  101    8.548892e-17   -3.588955e-19
   42  102    3.802065e-17   -8.331443e-23
   42  103    4.159101e-21   -8.734242e-24
   42  104    9.032911e-22   -7.586947e-26
   42  105    5.071999e-27   -5.547032e-29
   43   92    1.158037e-29   -2.517875e-33
   43   93    1.416476e-21    1.418880e-26
   43   94    4.096046e-21   -1.188354e-25
   43   95    8.064309e-17   -2.042496e-21
   43   96    2.663490e-16   -4.494020e-21
   43   97    2.619779e-15   -4.344533e-20
   43   98    1.619906e-15   -8.227427e-21
   43   99    2.185960e-13   -2.471802e-18
   43  100    1.894167e-14   -4.898122e-18
   43  101    4.521085e-14    8.379395e-20
   43  102    9.675329e-17   -7.279650e-20
   43  103    1.304743e-16   -1.201334e-20
   43  104    1.469238e-19   -1.419138e-23
   43  105    1.069726e-19    8.487862e-25
   43  106    5.760517e-24   -1.803261e-26
   43  107    4.806598e-25   -1.058441e-28
   43  108    8.318364e-30   -9.272064e-32
   44   94    3.218347e-26   -3.433117e-31
   44   95    3.466280e-23   -1.114592e-27
   44   96    1.121490e-20    1.354613e-25
   44   97    1.930252e-19   -4.488883e-24
   44   98    9.937644e-14   -5.043269e-19
   44   99    6.089928e-13   -9.448643e-18
   44  100    1.931214e-11   -1.013855e-16
   44  101    3.333353e-12   -2.495314e-18
   44  102    2.393450e-11    9.809049e-17
   44  103    9.309474e-13    1.349553e-17
   44  104    7.988496e-13    1.036584e-17
   44  105    4.232013e-15   -2.843860e-19
   44  106    1.378819e-15    2.444024e-20
   44  107    4.371844e-19   -3.888280e-22
   44  108    1.784988e-19   -5.344949e-25
   44  109    2.172843e-24   -2.003576e-26
   44  110    6.278056e-25   -3.027766e-28
   45   96    1.775643e-29   -5.221716e-33
   45   97    3.083879e-26   -1.560259e-30
   45   98    1.878123e-24   -2.084740e-28
   45   99    1.952074e-18   -6.395899e-23
   45  100    3.490585e-18   -1.189906e-22
   45  101    2.283615e-16   -5.530152e-21
   45  102    1.749828e-16   -5.809280e-21
   45  103    1.828253e-12   -4.342583e-17
   45  104    6.772420e-13   -7.426591e-17
   45  105    4.377678e-12   -3.373663e-18
   45  106    1.794723e-13   -1.141480e-17
   45  107    3.935671e-13    3.480966e-18
   45  108    3.280227e-15   -3.759164e-19
   45  109    4.031166e-15   -1.920398e-19
   45  110    3.656333e-18   -7.707597e-21
   45  111    1.656397e-18   -8.190099e-22
   45  112    9.155667e-23   -5.505976e-25
   45  113    1.804269e-23   -3.638455e-26
   45  114    1.456385e-29   -3.997710e-31
   46   98    1.668373e-29   -1.029209e-34
   46   99    3.923278e-26   -2.070828e-30
   46  100    7.087278e-23   -1.129338e-27
   46  101    4.152861e-22   -1.129663e-26
   46  102    2.749778e-18   -3.072028e-23
   46  103    6.341289e-17   -1.619390e-21
   46  104    4.541577e-12    4.814600e-17
   46  105    1.119114e-12   -1.036341e-17
   46  106    2.431240e-11   -4.537379e-17
   46  107    1.887551e-12    1.702328e-17
   46  108    3.969097e-11    1.054816e-16
   46  109    9.994926e-13    2.805062e-18
   46  110    1.231194e-12    1.273819e-17
   46  111    1.665940e-15   -9.164503e-19
   46  112    1.449269e-15    1.674926e-20
   46  113    1.297512e-19   -5.463136e-22
   46  114    8.168386e-20   -2.399313e-24
   46  115    8.021689e-25   -1.150104e-26
   46  116    1.935283e-25   -9.255518e-29
   47  101    6.700455e-29   -6.003189e-33
   47  102    2.148440e-28   -1.924517e-32
   47  103    2.030331e-23   -9.900433e-28
   47  104    2.291473e-21   -1.729436e-25
   47  105    9.582633e-18   -4.095175e-22
   47  106    1.028873e-17   -4.440549e-22
   47  107    1.016073e-13   -3.344199e-18
   47  108    8.936973e-14   -5.307751e-18
   47  109    3.375173e-12   -7.473908e-17
   47  110    5.697436e-13   -9.150734e-17
   47  111    6.094713e-12   -3.440137e-18
   47  112    2.330832e-13    3.489446e-17
   47  113    4.192630e-13    6.602624e-18
   47  114    5.189608e-16   -6.365190e-19
   47  115    5.432595e-16    7.033842e-21
   47  116    3.696579e-20   -7.974811e-23
   47  117    4.595082e-20   -2.867934e-24
   47  118    1.218366e-24   -1.022441e-26
   47  119    3.261684e-25   -2.022476e-27
   48  104    9.954738e-27   -2.203132e-31
   48  105    7.527602e-25   -3.573420e-29
   48  106    5.777494e-21    3.469220e-25
   48  107    2.463411e-19   -1.040352e-23
   48  108    1.077783e-13    2.758147e-18
   48  109    2.453601e-14   -2.532384e-19
   48  110    7.404188e-12    8.283270e-17
   48  111    1.844621e-12   -5.586194e-18
   48  112    2.546225e-11   -2.619399e-17
   48  113    1.751143e-12    2.121240e-17
   48  114    4.038830e-11    7.378671e-17
   48  115    5.816484e-13   -1.905290e-17
   48  116    1.169487e-12    8.547808e-18
   48  117    2.183134e-15   -9.115951e-19
   48  118    1.716468e-15    1.540989e-20
   48  119    1.601922e-19   -6.763842e-22
   48  120    9.494788e-20   -9.931353e-24
   48  121    2.299366e-24   -1.799351e-26
   48  122    4.413763e-25   -4.800788e-28
   49  107    2.247853e-27   -1.826255e-31
   49  108    3.542709e-25   -4.311223e-29
   49  109    3.335084e-20   -2.358336e-24
   49  110    4.668604e-20   -2.071191e-24
   49  111    4.413329e-18   -2.972020e-22
   49  112    1.127751e-17   -6.776808e-22
   49  113    2.340058e-13   -6.184799e-18
   49  114    1.168753e-13   -1.145047e-17
   49  115    3.111474e-12   -4.511803e-17
   49  116    4.457306e-13   -1.502169e-16
   49  117    2.068089e-12    1.023906e-17
   49  118    4.025293e-14   -4.031415e-17
   49  119    7.188001e-14   -1.607020e-18
   49  120    2.286417e-16   -4.115936e-19
   49  121    2.375499e-16   -5.378904e-20
   49  122    9.378582e-20   -4.326835e-22
   49  123    6.146813e-20   -5.596187e-23
   49  124    2.985306e-24   -2.052407e-26
   49  125    1.052206e-24   -2.542415e-27
   49  126    8.777628e-30   -1.149433e-31
   50  108    1.734899e-30   -1.646917e-35
   50  109    1.163650e-29   -7.629165e-34
   50  110    1.413721e-25   -2.902690e-30
   50  111    2.817631e-25   -1.366866e-29
   50  112    1.721147e-20    3.162686e-23
   50  113    2.362800e-19   -1.114415e-23
   50  114    2.132488e-13    8.357886e-18
   50  115    5.855281e-13   -6.534608e-18
   50  116    3.099787e-11    1.041587e-16
   50  117    7.021345e-12    1.001869e-17
   50  118    6.210506e-11    4.873158e-17
   50  119    5.055780e-12    3.459470e-17
   50  120    7.113883e-11    2.896472e-17
   50  121    1.815497e-12    6.592716e-18
   50  122    1.824306e-12    1.016929e-17
   50  123    1.280481e-14   -1.460475e-19
   50  124    6.135868e-14    5.423912e-20
   50  125    1.299754e-16   -8.539865e-21
   50  126    3.342601e-17    2.054602e-22
   50  127    1.784073e-20   -5.355790e-24
   50  128    1.093019e-21    9.078557e-27
   50  129    1.309218e-25   -1.571591e-28
   50  130    2.633484e-27   -2.895491e-32
   51  113    1.330687e-27   -2.756574e-31
   51  114    2.773981e-26   -4.342903e-30
   51  115    2.188353e-20   -1.979086e-24
   51  116    1.021648e-19   -7.877169e-24
   51  117    5.787195e-18   -3.810667e-22
   51  118    9.098736e-18   -5.043506e-22
   51  119    3.676107e-16   -1.317616e-20
   51  120    3.285595e-16   -5.206822e-21
   51  121    1.481445e-12   -1.788677e-17
   51  122    2.677359e-13    8.557850e-18
   51  123    1.570272e-12    3.275814e-18
   51  124    1.042549e-13    4.294612e-18
   51  125    1.276187e-13    1.717226e-18
   51  126    1.690882e-15    1.425381e-19
   51  127    7.935447e-16    1.654250e-20
   51  128    1.391990e-18   -1.208514e-22
   51  129    2.958918e-19    6.684259e-24
   51  130    8.554867e-23   -4.871367e-26
   51  131    6.641988e-24    1.175281e-28
   51  132    1.241305e-27   -4.649355e-31
   52  116    6.578458e-26   -3.206060e-31
   52  117    1.471606e-26   -1.385421e-30
   52  118    6.281866e-24   -2.307559e-28
   52  119    2.549649e-23   -1.676329e-27
   52  120    1.684036e-17   -2.740669e-22
   52  121    2.815235e-17   -1.174453e-21
   52  122    2.432906e-12   -2.316278e-17
   52  123    5.636748e-13   -2.539016e-18
   52  124    1.885899e-11   -4.240348e-17
   52  125    2.100582e-12    1.648216e-17
   52  126    3.244597e-11    2.723499e-17
   52  127    1.275324e-12    1.100948e-17
   52  128    2.147084e-12    1.350561e-17
   52  129    2.553847e-14   -3.527210e-19
   52  130    1.785230e-12    3.697265e-19
   52  131    6.203843e-15   -2.964887e-19
   52  132    1.433645e-15    9.166781e-21
   52  133    1.909693e-18   -1.629904e-22
   52  134    5.285319e-20    5.024997e-25
   52  135    4.631114e-30   -3.850025e-31
   53  119    2.517132e-29   -3.521601e-34
   53  120    1.520759e-29   -1.904644e-33
   53  121    7.121833e-24   -6.331775e-28
   53  122    1.928914e-22   -2.518398e-26
   53  123    5.985754e-19   -4.156606e-23
   53  124    9.677278e-19   -3.168378e-23
   53  125    4.386133e-16   -1.660530e-20
   53  126    4.697751e-16   -5.396686e-21
   53  127    1.728607e-12   -2.360194e-17
   53  128    4.408540e-13    1.207202e-17
   53  129    1.327732e-12    3.847051e-18
   53  130    6.538153e-14    5.422145e-18
   53  131    5.147110e-14    7.902619e-19
   53  132    7.345065e-16    5.865352e-20
   53  133    1.701063e-16    3.896113e-21
   53  134    1.322045e-18    6.610394e-23
   53  135    4.048440e-20    1.205926e-24
   53  136    4.539371e-30   -3.100381e-31
   54  122    4.686918e-27   -2.861411e-34
   54  123    2.874966e-27   -3.043153e-31
   54  124    1.892489e-23   -3.043797e-28
   54  125    2.029665e-22   -1.704151e-26
   54  126    7.988111e-17   -1.054894e-21
   54  127    1.421884e-16   -5.609232e-21
   54  128    3.148311e-12   -2.610105e-17
   54  129    9.962384e-13   -2.743635e-18
   54  130    2.201609e-11   -3.775658e-17
   54  131    3.055253e-12    2.945981e-17
   54  132    4.291798e-11    4.454240e-18
   54  133    2.164754e-12    2.386337e-17
   54  134    1.602339e-12    1.044011e-17
   54  135    5.426976e-14   -8.658334e-20
   54  136    7.870794e-12    2.403524e-20
   54  137    4.682339e-20   -2.665170e-21
   54  138    7.042000e-25   -8.022161e-27
   55  125    1.165201e-28   -3.858650e-34
   55  126    3.158999e-28   -6.390198e-32
   55  127    4.083297e-23   -4.026102e-27
   55  128    9.023954e-22   -1.202025e-25
   55  129    7.450749e-19   -4.192528e-23
   55  130    6.488528e-19   -3.538862e-23
   55  131    1.282180e-15   -4.076130e-20
   55  132    9.181319e-16   -1.429241e-20
   55  133    1.628318e-12   -1.943268e-17
   55  134    4.722905e-13    6.125037e-18
   55  135    2.109429e-12    5.900049e-18
   55  136    2.697309e-13    5.826744e-18
   55  137    9.909112e-14    1.671676e-18
   55  138    3.156205e-21   -1.453668e-22
   55  139    7.254537e-25   -3.323679e-27
   56  127    1.456294e-29   -1.260255e-34
   56  128    3.964221e-27    4.833201e-35
   56  129    5.812108e-27   -6.585815e-31
   56  130    4.413917e-22    2.076735e-26
   56  131    2.886048e-21   -2.179232e-25
   56  132    3.027741e-16   -4.653630e-21
   56  133    4.585259e-16   -1.777921e-20
   56  134    5.233974e-12   -3.037862e-17
   56  135    1.656438e-12   -2.308866e-18
   56  136    5.417733e-11   -5.005441e-17
   56  137    2.014135e-11    2.796214e-17
   56  138    4.091229e-10    6.127004e-17
   56  139    3.241660e-16   -6.465654e-18
   56  140    9.350412e-19   -2.871347e-22
   56  141    3.214056e-25   -1.178285e-26
   56  142    1.370513e-28   -2.651263e-31
   57  131    2.440528e-27   -5.011047e-33
   57  132    1.366934e-27   -2.380928e-31
   57  133    9.681353e-23   -9.168127e-27
   57  134    1.548252e-21   -1.864618e-25
   57  135    8.055420e-19   -4.211116e-23
   57  136    1.762149e-18   -6.746934e-23
   57  137    5.057242e-16   -1.080253e-20
   57  138    2.777695e-15    1.057880e-20
   57  139    3.735100e-11    3.722927e-18
   57  140    3.858903e-16   -3.702740e-18
   57  141    5.959006e-18   -2.250101e-22
   57  142    2.090246e-23   -3.864653e-25
   57  143    6.359894e-26   -5.438080e-29
   58  133    1.618742e-29   -1.838897e-35
   58  134    5.219319e-27    3.304129e-34
   58  135    2.194008e-26   -1.284023e-30
   58  136    1.730956e-21   -1.580072e-26
   58  137    1.885456e-20   -9.240888e-25
   58  138    1.790897e-15   -1.047013e-20
   58  139    1.798130e-14   -1.422691e-19
   58  140    9.387502e-11    4.520707e-17
   58  141    1.143894e-14   -1.287763e-17
   58  142    1.259501e-15    1.637999e-20
   58  143    3.482398e-20   -2.313659e-22
   58  144    7.961303e-22    1.817781e-27
   58  145    6.625545e-28   -2.092972e-29
   58  146    2.683590e-28   -1.896194e-33
   59  137    1.811402e-25   -2.234161e-29
   59  138    1.126389e-23   -2.244233e-27
   59  139    3.931329e-18   -2.662499e-22
   59  140    2.713112e-16   -2.010162e-20
   59  141    7.788824e-12    3.546256e-18
   59  142    1.208373e-14   -3.233507e-18
   59  143    5.217918e-15    9.728537e-20
   59  144    9.151920e-19   -1.498758e-21
   59  145    1.169541e-19    8.861201e-24
   59  146    2.331512e-25   -4.645386e-27
   59  147    6.910624e-26   -1.011834e-30
   60  138    1.551233e-27   -1.755758e-31
   60  139    5.051368e-25   -7.002645e-29
   60  140    1.192201e-18   -3.892654e-23
   60  141    1.416856e-16   -5.985126e-21
   60  142    3.134203e-11    2.041138e-16
   60  143    4.006295e-13   -6.661933e-18
   60  144    4.216354e-12   -2.507456e-17
   60  145    7.274135e-15   -2.267504e-18
   60  146    4.128030e-15    1.182950e-19
   60  147    3.004181e-19   -1.774368e-21
   60  148    8.548168e-20    9.184657e-24
   60  149    1.026287e-24   -2.028560e-26
   60  150    1.703005e-24   -3.345439e-30
   60  151    9.492125e-29   -5.864147e-31
   60  152    1.064779e-26   -8.943065e-32
   61  141    3.897913e-24   -5.440430e-28
   61  142    1.034666e-20   -2.269541e-24
   61  143    1.324286e-14    1.157760e-18
   61  144    1.112841e-15    2.056196e-19
   61  145    9.296720e-15    8.935478e-19
   61  146    1.282779e-16    6.077005e-20
   61  147    4.004290e-16    6.965417e-20
   61  148    3.720614e-19    4.743153e-22
   61  149    3.327587e-19    2.846748e-22
   61  150    6.060161e-23    2.996900e-26
   61  151    5.491800e-22    5.870433e-27
   61  152    2.288983e-25    1.700157e-28
   61  153    7.539739e-25   -1.730258e-30
   61  154    2.149048e-28    3.396781e-33
   61  155    2.089600e-29   -2.817393e-33
   62  142    1.405313e-24   -1.267008e-28
   62  143    6.616958e-21   -7.082549e-25
   62  144    1.033924e-13   -1.977834e-19
   62  145    3.643112e-14   -1.541960e-18
   62  146    2.139497e-12   -2.046987e-16
   62  147    1.119681e-13    9.612256e-19
   62  148    1.351435e-12    2.789795e-18
   62  149    4.597308e-15   -2.304289e-18
   62  150    3.630023e-14    3.563575e-18
   62  151    4.744640e-17   -8.888534e-20
   62  152    9.748282e-16    2.564769e-20
   62  153    2.703657e-18    9.962351e-22
   62  154    1.192611e-17    4.639029e-22
   62  155    1.084762e-20   -4.174081e-25
   62  156    1.354249e-21    5.398200e-26
   62  157    3.792830e-26   -2.094989e-28
   62  158    4.083253e-28   -7.369328e-33
   63  143    1.223405e-30   -3.414680e-34
   63  144    1.125586e-25   -8.651838e-29
   63  145    7.306397e-18   -4.871804e-22
   63  146    1.229555e-17   -1.107408e-21
   63  147    1.457539e-15   -1.342668e-18
   63  148    3.717666e-16   -1.318107e-19
   63  149    6.025981e-14   -2.172969e-18
   63  150    1.091156e-15    8.075500e-19
   63  151    6.909696e-14   -1.451989e-17
   63  152    1.458482e-15    1.333678e-17
   63  153    1.535200e-13   -1.117509e-17
   63  154    4.070817e-15    1.054240e-17
   63  155    8.185251e-14    3.097331e-19
   63  156    7.291111e-16    1.519992e-18
   63  157    4.479921e-16    2.328331e-20
   63  158    1.088122e-19    1.003986e-23
   63  159    1.146436e-20    2.334615e-24
   63  160    8.481341e-26   -1.211155e-27
   63  161    1.907742e-27   -4.215376e-31
   64  145    5.641036e-30   -9.759210e-34
   64  146    4.788993e-21   -1.391182e-25
   64  147    8.853042e-21   -7.607237e-25
   64  148    3.639290e-18   -9.628785e-21
   64  149    1.150919e-17   -1.049139e-20
   64  150    6.170664e-15   -8.490176e-19
   64  151    8.016764e-16   -1.920056e-20
   64  152    3.049523e-14   -1.439901e-18
   64  153    1.900164e-15    3.454070e-20
   64  154    7.566648e-13   -3.086795e-17
   64  155    5.886162e-14    9.388550e-18
   64  156    4.410497e-12   -5.034078e-17
   64  157    1.327847e-13    5.051150e-17
   64  158    6.896770e-13    2.185015e-17
   64  159    1.506695e-15    8.180334e-19
   64  160    5.485848e-16    1.884099e-20
   64  161    8.210446e-20   -1.093752e-22
   64  162    3.230517e-21    2.014875e-25
   64  163    3.369977e-26   -3.363428e-28
   65  147    2.861588e-30   -7.712756e-34
   65  148    3.426668e-28   -1.427933e-32
   65  150    1.123043e-27   -1.522001e-29
   65  151    5.131538e-23   -1.542162e-25
   65  152    1.959603e-23   -4.102733e-26
   65  153    3.494315e-19   -4.221851e-23
   65  154    1.582287e-19   -7.248074e-25
   65  155    4.820516e-16   -3.364313e-20
   65  156    1.819212e-16    4.710351e-21
   65  157    8.207686e-14   -3.287901e-18
   65  158    1.204884e-14    2.045838e-18
   65  159    2.552155e-13   -2.045405e-17
   65  160    5.382202e-15    1.931028e-17
   65  161    1.514180e-14    2.340937e-18
   65  162    6.188058e-17    7.159764e-20
   65  163    7.104894e-18    1.447900e-21
   65  164    6.965028e-22   -2.480639e-24
   65  165    1.083745e-23    3.659718e-27
   65  166    1.174132e-28   -1.143748e-30
   66  152    1.094252e-27   -1.266802e-29
   66  153    5.033922e-26   -2.575824e-28
   66  154    2.465399e-21   -3.822295e-25
   66  155    2.893462e-21   -2.715152e-25
   66  156    2.086613e-17   -2.221138e-21
   66  157    2.796303e-17   -1.038622e-21
   66  158    4.199064e-14   -2.369684e-18
   66  159    1.815062e-14    1.022101e-18
   66  160    1.639966e-12   -7.061581e-17
   66  161    1.273017e-13    4.655248e-17
   66  162    1.609391e-12    1.167707e-17
   66  163    2.057483e-14    9.894003e-18
   66  164    4.213066e-14    3.901633e-18
   66  165    1.682360e-17   -5.177598e-21
   66  166    1.019165e-18    8.791375e-23
   66  167    2.388420e-23   -1.649707e-25
   66  168    3.431796e-25    4.245227e-29
   66  169    2.039073e-30   -2.696160e-32
   67  155    7.296649e-28   -1.080037e-31
   67  156    3.668569e-28   -9.729783e-32
   67  157    7.516366e-23   -1.328414e-26
   67  158    2.079599e-22   -3.484758e-26
   67  159    4.812833e-18   -5.550522e-22
   67  160    2.856342e-18   -5.296932e-23
   67  161    8.714277e-15   -5.529342e-19
   67  162    1.262643e-15    3.226787e-19
   67  163    2.405942e-13   -5.197674e-17
   67  164    1.943221e-14    5.030868e-17
   67  165    2.131517e-13   -5.633040e-18
   67  166    8.155708e-16    7.424559e-18
   67  167    4.819621e-16    4.417545e-20
   67  168    1.599821e-19    1.338525e-22
   67  169    9.142122e-21    2.042623e-24
   67  170    2.898403e-25   -1.103919e-27
   67  171    1.328656e-27    1.140859e-31
   68  158    2.149867e-25   -3.677936e-29
   68  159    1.557461e-24   -2.772948e-28
   68  160    6.824710e-20   -6.177710e-24
   68  161    2.165220e-19   -2.312011e-23
   68  162    8.926312e-16   -1.421083e-19
   68  163    1.018487e-15    4.620492e-20
   68  164    3.632288e-13   -2.270321e-17
   68  165    8.953859e-14    1.712096e-17
   68  166    2.848552e-12   -6.595747e-17
   68  167    9.509798e-14    2.791524e-17
   68  168    3.743336e-13    4.265798e-17
   68  169    8.863013e-16    1.023233e-18
   68  170    2.192195e-16    6.195697e-20
   68  171    4.806015e-20   -1.599214e-23
   68  172    1.240132e-21    1.762071e-25
   68  173    1.365398e-26   -1.425849e-28
   68  174    5.878470e-29   -1.758946e-33
   69  160    1.309860e-30   -2.729072e-34
   69  161    2.423364e-25   -3.912506e-29
   69  162    1.727696e-24   -2.787323e-28
   69  163    7.561381e-20   -8.565192e-24
   69  164    9.193025e-20   -1.481893e-23
   69  165    6.666223e-16   -4.572459e-20
   69  166    3.032454e-16    5.542454e-21
   69  167    1.391557e-13   -5.594673e-18
   69  168    2.731957e-14    3.125812e-18
   69  169    3.316477e-13   -5.871496e-17
   69  170    1.348256e-14    5.551531e-17
   69  171    1.964156e-14    5.259701e-18
   69  172    5.656538e-17    4.495668e-19
   69  173    5.737996e-18    1.501774e-21
   69  174    1.168051e-21   -1.424056e-24
   69  175    2.549451e-24    4.620026e-27
   69  176    2.188813e-29   -2.990823e-31
   70  162    3.436640e-27   -5.793139e-32
   70  163    3.327673e-27   -7.082026e-31
   70  164    3.754624e-22   -4.689863e-26
   70  165    3.003735e-21   -4.608723e-25
   70  166    3.459142e-17   -2.673335e-21
   70  167    7.722497e-17   -6.204364e-21
   70  168    1.004020e-13   -1.048060e-17
   70  169    6.674873e-14    5.578749e-18
   70  170    3.040195e-12   -1.065047e-16
   70  171    3.638086e-13    5.486844e-17
   70  172    2.841856e-12    3.440656e-17
   70  173    4.846985e-14    1.822771e-17
   70  174    3.973933e-14    4.214850e-18
   70  175    2.126556e-17    6.799248e-21
   70  176    8.768757e-19    1.560706e-21
   70  177    1.151824e-22   -4.237571e-26
   70  178    1.873251e-24    3.103521e-28
   71  165    9.292567e-30   -2.858246e-34
   71  166    1.110130e-27   -2.912054e-31
   71  167    2.533071e-22   -4.883361e-26
   71  168    2.428827e-21   -4.219182e-25
   71  169    3.984337e-17   -3.616266e-21
   71  170    3.214808e-17   -4.807079e-22
   71  171    2.396837e-14   -1.347372e-18
   71  172    8.348816e-15    5.449270e-19
   71  173    3.316267e-13   -8.235087e-18
   71  174    2.479506e-14    7.430287e-18
   71  175    6.852707e-14   -1.480136e-18
   71  176    4.329521e-16    2.969344e-18
   71  177    1.043432e-16    1.341233e-19
   71  178    9.674466e-20    2.186805e-22
   71  179    4.294374e-21    2.107566e-24
   71  180    4.383465e-25   -7.298780e-28
   71  181    3.217285e-28    6.688585e-31
   72  167    7.637980e-30   -2.071666e-33
   72  168    2.183350e-24   -3.395386e-28
   72  169    3.807889e-23   -7.460958e-27
   72  170    1.172675e-18   -1.263165e-22
   72  171    5.978242e-18   -6.495383e-22
   72  172    9.962496e-15   -6.374617e-19
   72  173    1.301103e-14   -4.948503e-19
   72  174    1.553264e-12   -1.228982e-16
   72  175    3.713953e-13    1.029127e-16
   72  176    4.262920e-12   -1.361709e-16
   72  177    9.132637e-14    8.292160e-17
   72  178    2.179157e-13    7.283830e-17
   72  179    1.034231e-15    1.083410e-18
   72  180    4.843500e-16    2.326947e-19
   72  181    1.394789e-19    1.564294e-24
   72  182    2.043356e-21    9.823325e-24
   72  183    2.585391e-26   -8.307091e-29
   72  184    1.342766e-28   -5.207605e-35
   73  171    1.095488e-25   -2.416483e-29
   73  172    4.675675e-25   -1.022924e-28
   73  173    3.023372e-20   -4.607616e-24
   73  174    8.646896e-21    2.776971e-24
   73  175    2.053352e-16   -1.311323e-20
   73  176    5.287719e-17    4.273770e-21
   73  177    1.834603e-14   -1.720106e-19
   73  178    5.756024e-17    1.774721e-19
   73  179    6.246016e-13   -8.814499e-17
   73  180    2.644240e-14    8.643889e-17
   73  181    5.188419e-14    1.300011e-18
   73  182    8.356105e-17    4.478163e-19
   73  183    7.117575e-18    1.047857e-20
   73  184    2.576382e-22    3.691621e-25
   73  185    5.273708e-24    2.634232e-27
   73  186    6.435926e-29   -7.155148e-31
   74  172    1.632179e-27   -2.821585e-31
   74  173    2.841288e-26   -8.277976e-30
   74  174    1.273703e-21   -2.156528e-25
   74  175    1.419190e-20   -2.288031e-24
   74  176    4.668764e-17   -4.476810e-21
   74  177    7.313140e-17   -8.264877e-21
   74  178    4.393017e-14   -2.282092e-18
   74  179    2.599315e-14   -2.500627e-19
   74  180    1.856330e-12   -5.746935e-17
   74  181    3.092121e-13    3.910791e-17
   74  182    2.678570e-12    1.083624e-17
   74  183    1.893297e-14    8.624428e-18
   74  184    1.058293e-14    1.630006e-18
   74  185    6.795299e-18    1.417735e-21
   74  186    1.039272e-18    8.039484e-22
   74  187    6.234362e-23   -2.670918e-25
   74  188    1.516427e-24    2.062991e-28
   74  189    1.397081e-30   -3.549448e-32
   75  175    3.081571e-27   -8.624622e-31
   75  176    5.105848e-27   -1.384513e-30
   75  177    1.175260e-22   -2.812818e-26
   75  178    5.192782e-22   -8.614599e-26
   75  179    2.034592e-18   -3.152981e-22
   75  180    4.667996e-18   -7.268811e-22
   75  181    5.555133e-15   -3.860722e-19
   75  182    2.502784e-15    4.846199e-20
   75  183    2.858080e-13   -2.839268e-18
   75  184    6.680734e-15    3.621769e-18
   75  185    1.788140e-14   -1.068834e-18
   75  186    1.088867e-16    1.453864e-18
   75  187    7.884650e-17    6.743442e-20
   75  188    3.896891e-20    3.199812e-22
   75  189    5.719212e-21    1.566581e-24
   75  190    3.812904e-25   -3.223644e-28
   75  191    2.682616e-26    5.691591e-30
   75  192    1.546206e-29   -5.525806e-33
   76  177    4.924079e-30   -1.100360e-33
   76  178    3.583284e-25   -3.234869e-28
   76  179    9.168681e-24   -5.041514e-27
   76  180    1.336755e-19   -2.194130e-23
   76  181    7.044507e-19   -9.972660e-23
   76  182    1.883387e-15   -1.306591e-19
   76  183    3.824883e-15   -2.961405e-19
   76  184    1.103112e-12   -3.178107e-17
   76  185    1.795435e-13    2.117769e-17
   76  186    2.834228e-12   -1.968635e-17
   76  187    6.515719e-14    1.234024e-17
   76  188    3.959182e-13    1.649893e-17
   76  189    1.190226e-15    1.210925e-18
   76  190    2.876302e-15    5.836145e-19
   76  191    2.868580e-18    8.806168e-22
   76  192    2.777901e-18    2.381054e-21
   76  193    4.594698e-22    1.086950e-24
   76  194    2.375509e-23    2.062768e-27
   76  195    1.114163e-27   -4.288898e-30
   76  196    1.560252e-28   -4.288813e-34
   77  180    5.252290e-30   -1.564031e-33
   77  181    4.605171e-25   -4.152393e-28
   77  182    9.864851e-24   -3.598909e-27
   77  183    1.352738e-19   -2.460150e-23
   77  184    7.509777e-19   -1.347471e-22
   77  185    1.562836e-15   -1.180869e-19
   77  186    2.742746e-16    4.441045e-20
   77  187    5.186993e-14   -3.333058e-18
   77  188    6.268986e-15    1.834586e-18
   77  189    4.271964e-13   -5.687360e-18
   77  190    1.105474e-14    5.374072e-18
   77  191    1.397285e-13   -1.033967e-17
   77  192    8.309010e-16    8.496613e-18
   77  193    7.474863e-15    2.709049e-18
   77  194    9.647630e-18    1.118673e-19
   77  195    2.309106e-18    1.882860e-22
   77  196    4.517006e-22   -1.638647e-25
   77  197    3.871290e-23    8.133061e-27
   77  198    2.453570e-27   -5.334863e-30
   78  183    4.677710e-29   -3.370947e-31
   78  184    8.971451e-24   -1.662515e-26
   78  185    1.432448e-22   -1.269099e-25
   78  186    9.947484e-19   -4.011871e-22
   78  187    9.709601e-19   -7.576305e-22
   78  188    2.171664e-15   -2.633237e-19
   78  189    1.290608e-15   -3.578369e-20
   78  190    3.685276e-13   -1.420544e-17
   78  191    5.833986e-14    8.991995e-18
   78  192    2.133347e-12   -9.729628e-17
   78  193    6.540550e-14   -5.485081e-17
   78  194    2.444584e-12    1.467794e-16
   78  195    2.704225e-14    4.757165e-18
   78  196    7.768060e-14    5.884820e-18
   78  197    1.742578e-16   -2.832784e-20
   78  198    4.741569e-17    1.101813e-21
   78  199    2.379462e-20   -2.572596e-23
   78  200    1.746797e-21    4.062679e-26
   78  201    2.830322e-26   -1.634191e-28
   78  202    1.421511e-27   -5.167075e-35
   79  187    1.583159e-26   -5.654291e-29
   79  188    7.831015e-26   -4.606526e-28
   79  189    2.820495e-21   -1.069867e-24
   79  190    1.315621e-20   -1.725353e-24
   79  191    3.619368e-17   -3.193934e-21
   79  192    1.892254e-17    4.677445e-22
   79  193    1.116533e-14   -6.065492e-19
   79  194    3.104516e-15    2.433598e-19
   79  195    3.151804e-13   -6.166860e-18
   79  196    3.090418e-14    4.626005e-18
   79  197    3.258945e-13   -3.264921e-18
   79  198    1.184246e-14    4.799161e-18
   79  199    1.275055e-14    3.592915e-19
   79  200    5.230157e-17    1.244734e-20
   79  201    1.105187e-17    4.796179e-22
   79  202    1.104902e-20   -9.371955e-25
   79  203    6.175967e-22   -1.121083e-26
   79  204    6.468623e-26   -5.157702e-29
   80  189    6.437257e-30   -4.644921e-33
   80  190    4.170365e-25   -5.627535e-29
   80  191    3.752320e-24   -7.144328e-28
   80  192    4.579472e-20   -3.593358e-24
   80  193    1.450519e-19   -1.759518e-23
   80  194    4.301505e-16   -1.848616e-20
   80  195    4.113177e-16   -1.260497e-20
   80  196    1.679850e-13   -5.055427e-18
   80  197    7.832871e-14    2.215097e-18
   80  198    4.414871e-12   -1.381507e-17
   80  199    6.606349e-13    5.912921e-18
   80  200    7.571648e-12    4.866237e-18
   80  201    2.069612e-13    5.017893e-18
   80  202    6.776192e-13    9.197650e-19
   80  203    3.605569e-15    1.003387e-20
   80  204    1.814667e-14   -1.075106e-20
   80  205    2.391471e-18   -2.226905e-21
   80  206    5.789887e-20   -4.685891e-25
   80  207    4.181481e-30   -3.635045e-31
   81  193    1.286991e-26   -1.877481e-30
   81  194    4.425814e-25   -6.443091e-29
   81  195    4.921625e-21   -4.343015e-25
   81  196    2.921827e-20   -2.995130e-24
   81  197    3.730983e-17   -1.945139e-21
   81  198    7.435194e-17   -3.871173e-21
   81  199    2.741907e-14   -5.697634e-19
   81  200    2.207886e-14   -1.600988e-19
   81  201    9.099540e-13   -4.531599e-18
   81  202    2.737183e-13    1.010000e-18
   81  203    1.984329e-12    1.725002e-18
   81  204    1.694511e-13    1.733484e-18
   81  205    1.616418e-13    7.300675e-19
   81  206    1.511892e-15    1.068497e-20
   81  207    6.170583e-17   -3.507674e-22
   81  208    9.981976e-27   -7.398043e-28
   82  195    2.111536e-30   -1.458354e-34
   82  196    6.923143e-26   -3.887872e-30
   82  197    8.927404e-25   -1.072298e-28
   82  198    1.166139e-20   -3.102435e-25
   82  199    3.601034e-20   -1.963500e-24
   82  200    1.450281e-16   -1.744913e-21
   82  201    3.899184e-16   -6.230907e-21
   82  202    1.320510e-13   -4.524687e-19
   82  203    1.796367e-13   -7.477695e-19
   82  204    1.263281e-11   -1.038772e-17
   82  205    6.346453e-12   -4.080145e-18
   82  206    9.685309e-11    2.692938e-17
   82  207    2.205843e-11   -7.642718e-18
   82  208    1.157184e-10   -3.552075e-18
   82  209    4.601807e-19   -2.808137e-20
   82  210    1.153580e-25   -6.464735e-27
   83  198    3.634634e-30   -2.835119e-34
   83  199    4.533428e-26   -6.944672e-30
   83  200    1.064534e-24   -1.737343e-28
   83  201    6.192562e-21   -4.901179e-25
   83  202    3.091235e-20   -2.896820e-24
   83  203    5.189136e-17   -1.794679e-21
   83  204    1.363019e-16   -2.953230e-21
   83  205    2.102974e-14   -2.006092e-19
   83  206    1.911641e-14    1.772594e-20
   83  207    8.279273e-13   -1.739711e-18
   83  208    2.237593e-13    2.031857e-18
   83  209    2.014518e-12   -1.016091e-19
   83  210    8.288568e-20   -3.575210e-21
   83  211    7.841308e-27   -1.116321e-27
   84  204    3.950222e-29   -2.919066e-32
   84  205    1.611349e-28   -5.216006e-32
   84  206    2.206754e-26   -6.426914e-30
   84  207    1.480076e-26   -3.464087e-30
   84  208    1.166214e-24   -1.678472e-28
   84  209    2.786929e-25   -3.227643e-29
   84  210    9.632441e-25    5.945796e-28
    0    1    2.268344e-16   -5.007998e-17
    1    1    2.980593e-13   -4.576986e-14
    2    4    8.990979e-10   -1.374769e-10
