7.6381e-01
6.6110e-03
1.9929e+00
2.0765e+05
    1    2    4.044325e-23   -1.581434e-23
    1    3    1.628574e-19    8.176328e-22
    2    3    9.750231e-19   -3.825235e-21
    3    6    2.385918e-27   -9.412651e-28
    3    7    1.127835e-25   -6.127333e-27
    4    7    3.964388e-27   -4.107800e-28
    4    9    4.983714e-29   -2.391937e-29
    4   10    1.127193e-25   -2.774573e-26
    5   10    2.649975e-22   -7.076839e-23
    5   11    1.489954e-14   -1.253578e-15
    5   12    1.718295e-24   -3.385611e-25
    5   13    2.276575e-30   -6.022725e-31
    6   11    1.717175e-18   -2.953462e-19
    6   12    7.361901e-04   -3.248022e-07
    6   13    5.797079e-10   -2.697729e-11
    6   14    2.679675e-10   -4.083886e-12
    6   15    3.035022e-25   -6.314143e-26
    7   13    2.811547e-14   -4.014793e-15
    7   14    1.083313e-08   -2.353479e-10
    7   15    5.851337e-11   -4.655211e-13
    7   16    1.296797e-22   -1.922795e-23
    7   17    2.950106e-24   -1.135806e-26
    8   14    1.626220e-18   -3.097564e-19
    8   15    1.318803e-10   -7.000864e-13
    8   16    4.641909e-02    2.126286e-06
    8   17    3.763234e-09   -2.871687e-10
    8   18    2.371004e-11   -6.471755e-13
    8   19    8.396762e-19   -9.306516e-20
    8   20    4.977461e-24   -4.130562e-25
    9   16    1.655924e-27   -4.256547e-28
    9   17    2.103203e-15   -4.120533e-16
    9   18    5.602626e-11   -1.598745e-13
    9   19    9.225663e-11   -3.369550e-12
    9   20    3.316188e-14   -7.773765e-16
    9   21    4.217266e-18   -5.334725e-20
    9   22    7.329309e-25   -8.424560e-27
   10   18    6.504138e-22   -1.786792e-22
   10   19    1.638059e-14   -4.287595e-16
   10   20    7.593253e-03   -3.204954e-06
   10   21    1.906424e-06   -9.488932e-09
   10   22    6.094034e-08   -3.619675e-10
   10   23    1.031834e-12   -1.314169e-14
   10   24    1.365359e-16   -4.503632e-18
   10   25    4.383382e-24   -4.811744e-25
   10   26    9.657863e-30   -6.273601e-31
   11   20    1.758303e-24   -2.782463e-25
   11   21    1.155804e-11   -1.457510e-12
   11   22    2.420835e-08   -4.981154e-11
   11   23    1.502261e-05   -3.187940e-08
   11   24    1.019230e-08    3.265479e-11
   11   25    3.737857e-12    2.674503e-14
   11   26    1.364468e-16   -9.586576e-20
   11   27    1.100544e-20    1.431518e-23
   11   28    2.416120e-30   -2.364826e-31
   12   22    5.098000e-15   -2.991366e-16
   12   23    3.886650e-08    1.668650e-09
   12   24    2.193825e-03    6.482027e-07
   12   25    3.296254e-04   -1.746409e-07
   12   26    2.710602e-04   -2.314251e-07
   12   27    7.842985e-08    2.254118e-10
   12   28    3.595253e-11    2.673979e-13
   12   29    1.483302e-19   -1.283604e-20
   12   30    1.653322e-23   -4.832025e-25
   13   23    1.556968e-29   -4.450376e-30
   13   24    9.429229e-19   -8.973000e-20
   13   25    1.637961e-12   -2.124819e-13
   13   26    1.425202e-05   -6.020360e-08
   13   27    2.643578e-04    1.328715e-07
   13   28    2.119181e-06    3.427372e-09
   13   29    8.779828e-09    2.994086e-12
   13   30    1.055383e-12   -4.180232e-15
   13   31    5.022373e-16    3.729886e-19
   13   32    6.817985e-24   -5.117061e-25
   13   33    1.858949e-28   -1.926105e-29
   14   25    5.981249e-26   -1.134179e-26
   14   26    6.387419e-15   -6.276725e-17
   14   27    4.613286e-08   -1.234938e-10
   14   28    4.178044e-04    5.276469e-07
   14   29    1.674669e-04    2.516176e-07
   14   30    6.657488e-05    1.214578e-07
   14   31    3.627212e-08    1.988211e-10
   14   32    3.844435e-10    2.349740e-12
   14   33    1.662788e-16   -9.286161e-18
   14   34    6.100356e-20   -1.009617e-22
   15   27    5.899768e-28   -1.177048e-28
   15   28    2.511728e-18   -3.563080e-19
   15   29    1.704638e-12   -1.885480e-13
   15   30    2.823912e-07    7.603648e-10
   15   31    8.403655e-06    2.331675e-08
   15   32    5.684405e-08    2.391717e-10
   15   33    7.274403e-09    3.496504e-11
   15   34    1.053329e-11    8.875095e-14
   15   35    1.798062e-14    2.236862e-16
   15   36    1.375811e-23   -1.227796e-24
   15   37    2.465605e-26   -3.408213e-29
   16   29    7.516935e-26   -1.841549e-26
   16   30    8.547789e-16   -5.925732e-17
   16   31    1.876977e-10    3.008926e-13
   16   32    9.147871e-06    3.136558e-08
   16   33    4.712339e-07    1.531681e-09
   16   34    7.263465e-07    1.973334e-09
   16   35    4.258104e-09    2.373429e-11
   16   36    5.627831e-10    5.111539e-12
   16   37    1.478273e-16   -8.877835e-18
   16   38    2.122097e-19    9.015748e-22
   16   39    4.308732e-26   -2.747343e-27
   17   31    4.344832e-30   -1.273155e-30
   17   32    1.001328e-21   -1.566855e-22
   17   33    4.483281e-15   -5.636624e-16
   17   34    1.474177e-10   -1.227016e-13
   17   35    8.941291e-08    3.130526e-10
   17   36    1.241991e-09    7.484542e-12
   17   37    1.749842e-10    1.380940e-12
   17   38    1.397110e-13    1.329217e-15
   17   39    1.199784e-15    1.664359e-17
   17   40    3.858495e-19    2.664916e-21
   17   41    2.669816e-21    4.423033e-23
   17   42    5.370517e-25    2.536754e-27
   17   43    1.056606e-27    2.106993e-29
   18   33    3.114371e-29   -8.071599e-30
   18   34    1.592226e-19   -2.217922e-20
   18   35    3.241416e-13   -9.474168e-16
   18   36    4.416633e-09    1.983242e-11
   18   37    8.890202e-11    2.665752e-13
   18   38    1.048843e-09    3.531159e-12
   18   39    8.532527e-12    5.261269e-14
   18   40    2.786095e-12    1.010053e-14
   18   41    1.314369e-14    8.250921e-17
   18   42    9.036688e-17    9.248676e-19
   18   43    3.442222e-20    1.227750e-23
   18   44    1.500279e-22    1.955258e-24
   18   45    1.595410e-27   -3.913337e-29
   19   36    1.631846e-24   -2.586682e-25
   19   37    1.877632e-19   -2.638084e-20
   19   38    2.047723e-14    2.160681e-17
   19   39    7.132679e-11    2.954976e-13
   19   40    2.931433e-12    1.184827e-14
   19   41    1.972620e-12    5.749865e-15
   19   42    1.028035e-13    7.573749e-16
   19   43    2.486057e-14    5.476805e-17
   19   44    6.021367e-16    4.213958e-18
   19   45    1.484242e-17    1.624848e-19
   19   46    5.369244e-20    7.596874e-22
   19   47    1.168083e-22    1.994839e-24
   19   48    8.344326e-29   -3.318412e-30
   20   38    3.362087e-24   -5.544796e-25
   20   39    1.469881e-17   -7.857055e-20
   20   40    1.014515e-11    1.614343e-14
   20   41    8.694261e-13   -4.830696e-16
   20   42    4.214478e-08   -1.700100e-11
   20   43    1.532483e-08    1.547437e-12
   20   44    6.450580e-08   -1.048450e-11
   20   45    2.523997e-09    8.776985e-12
   20   46    3.650793e-10    1.363962e-12
   20   47    4.544046e-12    2.566676e-14
   20   48    1.479211e-09   -1.442744e-12
   20   49    2.673668e-14   -9.677127e-16
   20   50    4.250117e-17   -1.536826e-19
   20   51    7.282491e-24   -5.181762e-25
   21   41    9.588592e-24   -1.671379e-24
   21   42    2.181074e-18   -1.258416e-19
   21   43    1.239441e-10   -1.083306e-12
   21   44    1.524605e-10   -8.054277e-13
   21   45    1.127104e-08    4.535621e-12
   21   46    2.079789e-09    8.804091e-12
   21   47    1.820027e-10    1.301048e-12
   21   48    6.071645e-10    9.179980e-13
   21   49    1.283711e-10    2.988175e-13
   21   50    1.726595e-13    2.872579e-16
   21   51    7.906939e-16    6.106190e-18
   21   52    5.354475e-21   -1.639920e-22
   21   53    6.269166e-26   -3.730905e-27
   22   43    4.441637e-22   -2.907061e-23
   22   44    8.612538e-12   -5.273269e-15
   22   45    2.157660e-12   -2.250843e-14
   22   46    1.759578e-08   -9.007672e-12
   22   47    8.845307e-09    2.512276e-12
   22   48    1.465011e-08    2.233044e-12
   22   49    1.543551e-08   -2.823058e-12
   22   50    5.436025e-08   -9.608554e-13
   22   51    6.448949e-10    1.705193e-12
   22   52    7.595050e-12    4.986823e-14
   22   53    7.247538e-16   -1.214014e-17
   22   54    2.480547e-18    1.338362e-20
   22   55    6.645700e-26   -4.716962e-27
   23   45    3.546152e-22   -5.563948e-23
   23   46    1.161812e-16   -2.336486e-18
   23   47    2.401176e-11   -1.969840e-13
   23   48    2.652315e-11   -1.789127e-13
   23   49    1.575011e-09    1.238988e-12
   23   50    6.043015e-10    1.755085e-12
   23   51    6.555670e-09    2.002114e-12
   23   52    8.981703e-10    3.843547e-12
   23   53    2.182780e-11    1.752327e-13
   23   54    2.041098e-14    1.113965e-16
   23   55    3.519520e-16    4.175223e-18
   23   56    5.493235e-22   -1.921703e-23
   23   57    6.895358e-25   -1.154828e-26
   24   46    2.642889e-27   -2.559556e-28
   24   47    1.482347e-20   -4.102902e-22
   24   48    1.914111e-14   -1.367016e-16
   24   49    2.780484e-14   -4.069041e-16
   24   50    3.314555e-11    1.040379e-13
   24   51    2.010861e-10   -2.565931e-15
   24   52    5.128691e-08   -1.499882e-11
   24   53    1.192020e-08    4.116194e-12
   24   54    1.322769e-07   -1.383789e-12
   24   55    1.532818e-09    1.239954e-12
   24   56    3.729707e-11    2.125015e-13
   24   57    2.164905e-15   -5.588458e-17
   24   58    2.577657e-17    1.688023e-19
   24   59    1.697158e-24   -1.228219e-25
   24   60    8.074856e-27   -5.632014e-29
   25   49    5.490891e-24   -7.990185e-25
   25   50    3.687826e-19   -1.241412e-20
   25   51    1.006667e-14   -6.072162e-17
   25   52    3.016752e-13   -1.488163e-15
   25   53    9.814698e-10    1.018541e-12
   25   54    1.579548e-09    7.486886e-13
   25   55    3.205048e-08   -1.087037e-11
   25   56    4.338590e-09    1.520772e-11
   25   57    2.444974e-10    1.848077e-12
   25   58    1.209656e-12    1.001183e-14
   25   59    4.287087e-14    5.214421e-16
   25   60    2.935705e-18   -4.126299e-20
   25   61    4.878691e-20    3.535408e-22
   25   62    7.571664e-27   -4.268734e-28
   26   50    4.964766e-30   -9.898811e-31
   26   51    1.788955e-23   -7.624054e-25
   26   52    1.037914e-18   -8.464277e-21
   26   53    7.067846e-17   -1.171717e-18
   26   54    3.743455e-09   -2.419116e-12
   26   55    1.886151e-09    2.413734e-12
   26   56    1.623119e-06   -5.066429e-10
   26   57    9.090273e-07   -2.848010e-10
   26   58    5.026232e-06   -1.510358e-10
   26   59    2.431444e-07    6.608749e-10
   26   60    1.042342e-08    7.052736e-11
   26   61    2.483078e-12   -3.043072e-14
   26   62    4.673281e-14    4.164372e-16
   26   63    2.343231e-19   -9.877620e-21
   26   64    2.437642e-21    1.683882e-23
   26   65    2.248520e-28   -1.477190e-29
   27   53    2.048653e-29   -3.348158e-30
   27   54    4.165748e-22   -1.756468e-23
   27   55    5.815845e-13   -5.710818e-15
   27   56    5.548864e-13   -4.458500e-15
   27   57    2.111000e-08   -2.037199e-12
   27   58    1.012272e-08    6.581867e-12
   27   59    1.938389e-06   -4.476872e-10
   27   60    1.423174e-07    4.574957e-10
   27   61    2.019105e-08    1.486538e-10
   27   62    4.210512e-10    4.221216e-12
   27   63    2.967391e-11    3.942850e-13
   27   64    1.677062e-14   -1.560707e-17
   27   65    7.753738e-16    9.736584e-18
   27   66    1.452447e-20   -3.681933e-22
   27   67    2.965480e-22    1.754376e-24
   27   68    1.860446e-28   -1.033785e-29
   28   55    4.185598e-27   -2.095976e-28
   28   56    6.001214e-17   -3.371515e-19
   28   57    8.866111e-16   -2.289951e-17
   28   58    5.772868e-10   -2.270779e-13
   28   59    8.723391e-09   -9.074545e-12
   28   60    2.174234e-06   -1.711371e-09
   28   61    1.142806e-06    1.991408e-10
   28   62    2.504807e-06    1.111234e-09
   28   63    1.568984e-07    5.732722e-10
   28   64    1.421585e-06    3.657406e-10
   28   65    1.282111e-08   -5.291498e-12
   28   66    6.600437e-10    3.470114e-12
   28   67    2.914016e-13   -1.512377e-15
   28   68    4.538965e-15    3.892543e-17
   28   69    7.519329e-21   -3.771155e-22
   28   70    4.519132e-23    3.126248e-25
   28   71    2.364212e-30   -1.536731e-31
   29   57    2.813371e-30   -5.591972e-31
   29   58    3.236450e-24   -4.450498e-25
   29   59    2.231743e-16   -1.891368e-17
   29   60    3.623042e-13   -7.736173e-15
   29   61    4.276532e-10   -4.556189e-12
   29   62    6.494773e-10   -5.828267e-12
   29   63    4.838883e-07   -1.097516e-09
   29   64    2.461073e-07    2.019647e-10
   29   65    1.012849e-06    8.194423e-11
   29   66    1.508133e-07    3.948611e-10
   29   67    4.798939e-08    3.160124e-10
   29   68    2.827456e-10    1.713755e-12
   29   69    2.522158e-11    2.856698e-13
   29   70    8.646040e-16   -2.528021e-17
   29   71    6.062305e-17    6.516174e-19
   29   72    4.413356e-22   -1.445378e-23
   29   73    2.327197e-23    2.700084e-25
   29   74    9.799737e-29   -3.109292e-30
   30   60    1.673642e-21   -6.972681e-23
   30   61    1.793393e-17   -4.273396e-19
   30   62    2.786045e-13   -2.793011e-15
   30   63    1.785371e-13   -3.345415e-15
   30   64    5.675309e-07   -8.537838e-10
   30   65    1.474727e-07    1.063351e-10
   30   66    1.116792e-06   -5.666175e-10
   30   67    3.267666e-07    9.273130e-11
   30   68    1.468049e-06    7.178264e-10
   30   69    3.935866e-08    5.623551e-11
   30   70    1.043232e-08    5.881015e-11
   30   71    1.938124e-11   -1.520449e-13
   30   72    1.411693e-12    1.211911e-14
   30   73    2.793318e-16   -4.899247e-18
   30   74    7.762233e-18    8.269062e-20
   30   75    5.184771e-23   -1.867765e-24
   30   76    6.878691e-25    7.053142e-27
   31   62    6.477916e-26   -8.826246e-27
   31   63    1.817770e-21   -2.326479e-22
   31   64    4.897683e-19   -3.983624e-20
   31   65    7.807047e-12   -3.809931e-13
   31   66    2.854281e-11   -3.260831e-13
   31   67    4.065170e-09   -9.498476e-12
   31   68    1.670157e-09   -8.738147e-13
   31   69    8.495655e-08   -2.150604e-10
   31   70    3.997458e-08   -4.598401e-12
   31   71    1.723629e-07    1.909593e-10
   31   72    9.212909e-09    2.766879e-11
   31   73    5.015674e-09    2.950815e-11
   31   74    9.078737e-11    7.120725e-13
   31   75    1.170371e-11    1.276402e-13
   31   76    3.381066e-15    4.574347e-18
   31   77    3.408922e-16    4.531372e-18
   31   78    5.005400e-20    1.132648e-22
   31   79    1.030701e-21    1.573260e-23
   31   80    3.497352e-28   -1.564591e-29
   32   64    9.056331e-27   -4.964395e-28
   32   65    1.181460e-23   -5.477671e-25
   32   66    1.263887e-15   -2.781433e-17
   32   67    3.077112e-15   -6.026201e-17
   32   68    1.123253e-11   -4.507616e-15
   32   69    6.183173e-12   -4.425812e-14
   32   70    1.365684e-07   -2.667736e-10
   32   71    5.132475e-08    2.476563e-11
   32   72    2.080003e-07   -3.418184e-11
   32   73    6.297487e-08    4.726401e-11
   32   74    2.032909e-07    1.604158e-10
   32   75    2.051032e-08    4.892950e-11
   32   76    2.797172e-09    1.747342e-11
   32   77    2.587799e-11    1.020866e-13
   32   78    1.595956e-12    1.717142e-14
   32   79    1.230417e-15   -3.527724e-18
   32   80    2.253270e-17    2.991519e-19
   32   81    1.400277e-22   -4.865271e-24
   32   82    7.480011e-25    8.223322e-27
   33   67    8.662824e-25   -1.336293e-25
   33   68    6.689048e-22   -6.943765e-23
   33   69    9.746254e-18   -8.344442e-19
   33   70    3.178538e-16   -8.677171e-18
   33   71    5.053460e-11   -5.202305e-13
   33   72    2.864183e-11   -2.406393e-13
   33   73    7.940911e-10   -1.278289e-12
   33   74    2.318269e-10    1.247677e-13
   33   75    4.622220e-09   -2.472234e-11
   33   76    8.851747e-09   -6.907375e-12
   33   77    7.384588e-09    3.075209e-11
   33   78    4.379327e-10    3.801691e-12
   33   79    2.273496e-10    2.552615e-12
   33   80    3.907074e-12    5.296467e-14
   33   81    5.756186e-13    9.781348e-15
   33   82    5.722786e-17   -3.521734e-19
   33   83    3.323699e-18    5.664090e-20
   33   84    7.236082e-26   -4.338981e-27
   34   68    2.983255e-30   -2.012681e-31
   34   69    1.713115e-26   -1.194097e-27
   34   70    9.648468e-22   -3.088961e-23
   34   71    1.816974e-20   -6.059765e-22
   34   72    1.164027e-13   -5.618888e-16
   34   73    3.319341e-14   -1.934353e-16
   34   74    1.406328e-12   -1.432422e-15
   34   75    1.212270e-11   -5.812117e-14
   34   76    1.753491e-08   -7.170169e-11
   34   77    1.577459e-08   -3.995576e-11
   34   78    7.910426e-08    1.008399e-11
   34   79    1.573584e-08    3.528546e-11
   34   80    1.312965e-08    5.798394e-11
   34   81    1.117775e-09    6.912986e-12
   34   82    1.502412e-10    1.331156e-12
   34   83    3.221990e-13    9.419148e-16
   34   84    1.260884e-14    1.445804e-16
   34   85    1.149633e-20   -5.931467e-22
   34   86    2.825495e-24   -6.623870e-26
   35   72    7.039294e-28   -9.205746e-29
   35   73    1.778936e-20   -1.914786e-21
   35   74    5.451860e-19   -1.884563e-20
   35   75    7.206390e-17   -1.270857e-18
   35   76    1.139778e-15   -2.138103e-17
   35   77    2.886599e-11   -1.775976e-13
   35   78    1.244168e-11   -6.394640e-14
   35   79    5.798865e-10   -5.899053e-12
   35   80    1.746959e-09   -1.091135e-11
   35   81    4.691757e-09   -1.107406e-11
   35   82    4.062314e-09    1.356938e-12
   35   83    4.330606e-09    2.318660e-11
   35   84    3.314740e-10    2.885775e-12
   35   85    7.420739e-11    9.131337e-13
   35   86    6.473351e-16   -2.020058e-17
   35   87    1.357898e-18   -4.151504e-21
   35   88    2.359545e-24   -1.399179e-25
   35   89    1.385989e-28   -1.068099e-29
   36   74    5.678357e-25   -3.190879e-26
   36   75    1.289685e-23   -5.314420e-25
   36   76    1.203238e-19   -1.690661e-21
   36   77    4.257573e-18   -1.474341e-19
   36   78    2.297975e-14   -1.136581e-16
   36   79    1.270645e-13   -1.824063e-15
   36   80    4.101063e-09   -2.591293e-11
   36   81    3.773066e-09   -1.706339e-11
   36   82    3.794225e-08   -4.462044e-11
   36   83    2.096740e-08    4.118195e-13
   36   84    6.798414e-08    4.127574e-11
   36   85    9.952624e-09    3.545548e-11
   36   86    1.890803e-09    1.027524e-11
   36   87    4.445461e-13   -5.424421e-15
   36   88    1.072170e-14    6.981477e-17
   36   89    8.601619e-20   -3.469778e-21
   36   90    1.533832e-22   -1.380610e-24
   36   91    7.707231e-30   -6.626970e-31
   37   77    1.625031e-26   -1.794751e-27
   37   78    6.077158e-24   -5.519464e-25
   37   79    3.838411e-19   -1.109756e-20
   37   80    3.538556e-18   -1.124090e-19
   37   81    9.154294e-13   -1.248356e-14
   37   82    8.059706e-13   -1.021911e-14
   37   83    2.028437e-11   -1.228032e-13
   37   84    1.385470e-11   -4.794921e-14
   37   85    2.954121e-09   -1.184699e-11
   37   86    2.952337e-09   -1.153037e-12
   37   87    2.730494e-09    1.341427e-11
   37   88    9.717473e-12    6.036746e-15
   37   89    8.229274e-13    8.123215e-15
   37   90    1.549407e-16   -1.933919e-18
   37   91    1.234306e-18    2.891928e-21
   37   92    2.582482e-24   -1.236180e-25
   37   93    1.572736e-27   -7.184220e-29
   38   79    7.505421e-29   -5.926303e-30
   38   80    8.228385e-23   -1.708704e-24
   38   81    2.465965e-21   -1.162889e-22
   38   82    3.738267e-16   -4.101251e-18
   38   83    3.892512e-16   -4.336218e-18
   38   84    1.436339e-14   -3.076331e-17
   38   85    2.728907e-13   -3.122935e-15
   38   86    1.434401e-08   -1.717303e-11
   38   87    1.268856e-08   -2.714479e-12
   38   88    3.874065e-08    1.779635e-11
   38   89    6.954925e-10    1.833782e-12
   38   90    3.430646e-11    2.215746e-13
   38   91    4.831741e-14   -3.287739e-16
   38   92    2.167325e-15    2.078160e-17
   38   93    1.414523e-19   -3.543118e-21
   38   94    1.414580e-21    8.168397e-24
   38   95    1.438011e-28   -9.344376e-30
   39   82    1.392360e-27   -1.576045e-28
   39   83    9.749398e-22   -5.889290e-23
   39   84    1.928096e-21   -8.555334e-23
   39   85    3.480867e-19   -5.421571e-21
   39   86    8.185548e-18   -1.987814e-19
   39   87    8.110505e-13   -9.247096e-15
   39   88    1.718002e-12   -1.410824e-14
   39   89    4.618636e-09   -1.499760e-12
   39   90    2.799574e-10    4.523953e-13
   39   91    1.713876e-10    1.048438e-12
   39   92    5.007084e-12    4.751276e-14
   39   93    1.697220e-12    2.197933e-14
   39   94    1.098673e-14    7.062782e-17
   39   95    3.408089e-16    6.906565e-18
   39   96    1.224333e-20   -3.073512e-22
   39   97    5.790253e-25   -1.916177e-26
   40   84    3.776505e-26   -9.113552e-28
   40   85    2.014519e-26   -9.464119e-28
   40   86    2.156231e-22   -3.741285e-24
   40   87    1.039353e-20   -3.640518e-22
   40   88    1.565638e-16   -1.240684e-18
   40   89    1.649340e-15   -2.255342e-17
   40   90    1.973418e-09   -9.327174e-13
   40   91    6.216372e-10    1.587971e-13
   40   92    8.526667e-10    4.690016e-13
   40   93    1.464259e-10    1.107828e-13
   40   94    4.348157e-10    1.305174e-13
   40   95    1.991568e-11    3.817003e-14
   40   96    5.503643e-12    2.673250e-14
   40   97    5.856425e-16   -1.029827e-17
   40   98    2.094568e-18   -8.894599e-21
   40   99    8.189164e-25   -6.479966e-26
   40  100    3.091400e-26   -7.518684e-29
   41   87    6.041109e-29   -5.960269e-30
   41   88    3.342163e-26   -1.898221e-27
   41   89    1.076905e-21   -2.526293e-23
   41   90    3.240061e-20   -6.750971e-22
   41   91    1.891915e-13   -6.626348e-16
   41   92    1.555130e-13   -4.417789e-18
   41   93    2.626313e-13    6.182569e-16
   41   94    1.097069e-13    3.755726e-16
   41   95    9.010041e-14    4.831058e-16
   41   96    1.497147e-14    1.317865e-16
   41   97    1.248550e-14    1.463591e-16
   41   98    9.987434e-18   -3.988070e-20
   41   99    7.158414e-19    9.926359e-21
   41  100    2.653772e-23   -6.325479e-25
   41  101    5.909073e-24    7.212887e-26
   41  102    5.389219e-28   -8.298074e-30
   42   90    2.789791e-26   -4.795555e-28
   42   91    1.048964e-23   -4.797946e-25
   42   92    2.775589e-16    1.409613e-17
   42   93    5.727846e-17    9.998184e-20
   42   94    1.474468e-12   -2.179525e-15
   42   95    8.611058e-12   -4.365381e-14
   42   96    8.566087e-11   -8.207223e-14
   42   97    1.658554e-11    8.740366e-15
   42   98    1.061103e-10    1.223456e-13
   42   99    3.750388e-13   -5.131882e-15
   42  100    4.373467e-13    1.926627e-15
   42  101    1.630352e-16   -4.777903e-18
   42  102    3.694809e-17    2.439578e-19
   42  103    6.590224e-21   -1.407779e-22
   42  104    8.673550e-22    8.333775e-24
   42  105    1.256244e-26   -3.980294e-28
   43   92    1.691023e-29   -1.000457e-30
   43   93    1.388707e-21    5.089389e-24
   43   94    4.422461e-21   -6.163440e-23
   43   95    8.586705e-17   -9.676289e-19
   43   96    2.780121e-16   -2.187261e-18
   43   97    2.710730e-15   -1.539770e-17
   43   98    1.649855e-15   -5.532381e-18
   43   99    2.203429e-13   -2.503550e-16
   43  100    1.836364e-14    6.708553e-17
   43  101    4.406119e-14    2.211341e-16
   43  102    1.058386e-16   -4.195530e-19
   43  103    1.254785e-16    1.073573e-18
   43  104    1.697124e-19   -8.583025e-22
   43  105    1.007452e-19    1.244742e-21
   43  106    9.486868e-24   -1.485565e-25
   43  107    4.559679e-25    5.639104e-27
   43  108    1.937491e-29   -5.079847e-31
   44   94    3.281337e-26   -1.004255e-28
   44   95    3.781617e-23   -6.115991e-25
   44   96    1.137753e-20   -2.994822e-23
   44   97    2.053766e-19   -2.310974e-21
   44   98    1.008086e-13   -2.781474e-16
   44   99    6.389858e-13   -6.155856e-15
   44  100    1.961876e-11   -6.075814e-14
   44  101    3.370049e-12   -7.845486e-15
   44  102    2.359480e-11    6.727560e-14
   44  103    9.257305e-13    1.792584e-15
   44  104    7.685411e-13    5.968870e-15
   44  105    4.535855e-15   -1.059053e-17
   44  106    1.305031e-15    1.480874e-17
   44  107    5.778983e-19   -5.776254e-21
   44  108    1.675146e-19    2.309950e-21
   44  109    4.888124e-24   -1.209792e-25
   44  110    6.007472e-25    8.164581e-27
   44  111    2.468002e-30   -8.949133e-32
   45   96    2.513983e-29   -1.198251e-30
   45   97    3.393767e-26   -5.188509e-28
   45   98    2.413540e-24   -1.047335e-25
   45   99    2.129124e-18   -3.426976e-20
   45  100    3.810471e-18   -6.184652e-20
   45  101    2.420147e-16   -2.504359e-18
   45  102    1.892400e-16   -2.622667e-18
   45  103    1.904046e-12   -1.347148e-14
   45  104    6.782328e-13   -1.090600e-15
   45  105    4.328198e-12    1.038717e-14
   45  106    1.730743e-13    8.470798e-16
   45  107    3.771081e-13    3.166840e-15
   45  108    3.251782e-15    1.603966e-17
   45  109    3.779338e-15    4.943833e-17
   45  110    4.776473e-18   -2.683140e-20
   45  111    1.556815e-18    2.425261e-20
   45  112    1.673564e-22   -2.479987e-24
   45  113    1.791158e-23    2.532438e-25
   45  114    5.111138e-29   -1.819248e-30
   46   98    1.671542e-29   -3.020986e-33
   46   99    4.499001e-26   -1.162149e-27
   46  100    7.437376e-23   -6.959778e-25
   46  101    4.454121e-22   -5.692150e-24
   46  102    2.832228e-18   -1.565034e-20
   46  103    6.804356e-17   -9.013495e-19
   46  104    4.676618e-12   -2.800653e-14
   46  105    1.153359e-12   -6.925908e-15
   46  106    2.449403e-11   -3.534054e-14
   46  107    1.896332e-12   -2.056855e-15
   46  108    3.933278e-11    6.818123e-14
   46  109    1.027402e-12   -2.425910e-15
   46  110    1.197179e-12    6.694102e-15
   46  111    2.113549e-15   -2.890055e-17
   46  112    1.394281e-15    1.150097e-17
   46  113    2.413756e-19   -5.979875e-21
   46  114    7.818771e-20    7.916273e-22
   46  115    2.198028e-24   -7.490111e-26
   46  116    1.879847e-25    1.949147e-27
   47  101    7.738475e-29   -1.784518e-30
   47  102    2.554630e-28   -7.241412e-30
   47  103    2.305570e-23   -5.399664e-25
   47  104    2.786577e-21   -9.788279e-23
   47  105    1.062183e-17   -1.927060e-19
   47  106    1.139424e-17   -2.144264e-19
   47  107    1.107491e-13   -1.832268e-15
   47  108    9.569650e-14   -1.309216e-15
   47  109    3.487504e-12   -1.989325e-14
   47  110    5.630052e-13   -1.344369e-16
   47  111    6.005939e-12    1.838118e-14
   47  112    2.238978e-13    1.093223e-15
   47  113    4.005286e-13    3.585403e-15
   47  114    6.344171e-16   -4.003949e-18
   47  115    5.130134e-16    6.130208e-18
   47  116    5.945074e-20   -8.894841e-22
   47  117    4.320747e-20    6.006958e-22
   47  118    2.475334e-24   -4.882406e-26
   47  119    3.705805e-25    4.114665e-27
   47  120    2.447887e-30   -8.502489e-32
   48  104    1.062858e-26   -1.381938e-28
   48  105    8.555637e-25   -2.057510e-26
   48  106    5.961817e-21   -3.921330e-23
   48  107    2.767531e-19   -6.055898e-21
   48  108    1.100699e-13   -4.887676e-16
   48  109    2.520099e-14   -1.282907e-16
   48  110    7.546611e-12   -2.928154e-14
   48  111    1.873909e-12   -6.125763e-15
   48  112    2.547535e-11   -2.229975e-15
   48  113    1.752537e-12   -2.639907e-16
   48  114    4.018334e-11    3.728186e-14
   48  115    6.181391e-13   -3.818645e-15
   48  116    1.143898e-12    5.189545e-15
   48  117    2.697843e-15   -3.938860e-17
   48  118    1.656292e-15    1.265039e-17
   48  119    3.001493e-19   -7.688473e-21
   48  120    9.146169e-20    8.553133e-22
   48  121    5.324986e-24   -1.681273e-25
   48  122    4.363894e-25    4.463742e-27
   48  123    1.948329e-30   -9.173309e-32
   49  107    2.709658e-27   -8.765502e-29
   49  108    4.843132e-25   -2.632311e-26
   49  109    3.868481e-20   -9.263138e-22
   49  110    5.191926e-20   -9.718975e-22
   49  111    5.092952e-18   -1.211953e-19
   49  112    1.294442e-17   -3.229870e-19
   49  113    2.513985e-13   -3.510883e-15
   49  114    1.248345e-13   -1.597253e-15
   49  115    3.155470e-12   -7.317943e-15
   49  116    4.456119e-13   -2.994255e-17
   49  117    2.007925e-12    1.158009e-14
   49  118    4.279751e-14   -4.880063e-17
   49  119    6.824786e-14    7.258386e-16
   49  120    2.719588e-16   -1.066698e-18
   49  121    2.233962e-16    3.162932e-18
   49  122    1.432546e-19   -1.557235e-21
   49  123    5.864958e-20    9.329732e-22
   49  124    5.860742e-24   -1.054508e-25
   49  125    1.050037e-24    1.710190e-26
   49  126    2.188083e-29   -5.228877e-31
   50  108    1.736806e-30   -2.820233e-34
   50  109    1.390723e-29   -4.685777e-31
   50  110    1.505266e-25   -1.839873e-27
   50  111    3.205972e-25   -7.806278e-27
   50  112    1.650581e-20   -3.849412e-23
   50  113    2.688207e-19   -6.312686e-21
   50  114    2.156512e-13   -5.201389e-16
   50  115    6.075722e-13   -4.567362e-15
   50  116    3.121202e-11   -4.329150e-14
   50  117    7.031746e-12   -2.848778e-15
   50  118    6.202724e-11    1.626345e-14
   50  119    5.023790e-12    5.609895e-15
   50  120    7.101573e-11    2.370376e-14
   50  121    1.823361e-12   -5.635358e-16
   50  122    1.792306e-12    6.387593e-15
   50  123    1.300414e-14   -3.624512e-18
   50  124    6.121001e-14    2.847790e-17
   50  125    1.398714e-16   -1.115278e-18
   50  126    3.276517e-17    1.359552e-19
   50  127    2.129842e-20   -3.031883e-22
   50  128    1.056844e-21    7.659470e-24
   50  129    1.895710e-25   -4.215096e-27
   50  130    2.485094e-27    3.319954e-29
   51  113    1.644543e-27   -4.187373e-29
   51  114    3.682846e-26   -1.750870e-27
   51  115    2.598588e-20   -6.912711e-22
   51  116    1.186310e-19   -2.939229e-21
   51  117    6.594409e-18   -1.358065e-19
   51  118    9.782841e-18   -1.237173e-19
   51  119    3.918537e-16   -4.298184e-18
   51  120    3.470552e-16   -3.631985e-18
   51  121    1.511825e-12   -5.589058e-15
   51  122    2.664104e-13   -1.945389e-16
   51  123    1.548824e-12    4.374539e-15
   51  124    1.019373e-13    3.826688e-16
   51  125    1.223330e-13    1.019567e-15
   51  126    1.683637e-15    6.717133e-18
   51  127    7.460491e-16    9.229774e-18
   51  128    1.523230e-18   -3.732539e-22
   51  129    2.750486e-19    4.167730e-21
   51  130    1.051989e-22   -4.723289e-25
   51  131    6.137387e-24    1.045688e-25
   51  132    1.424017e-27    3.823931e-31
   52  116    6.554540e-26    1.244318e-28
   52  117    1.852196e-26   -7.638328e-28
   52  118    6.953029e-24   -1.304221e-25
   52  119    3.024402e-23   -9.161808e-25
   52  120    1.765093e-17   -1.601618e-19
   52  121    3.155208e-17   -6.539745e-19
   52  122    2.501755e-12   -1.386000e-14
   52  123    5.772110e-13   -2.843603e-15
   52  124    1.894391e-11   -1.618693e-14
   52  125    2.097007e-12    1.623160e-16
   52  126    3.232124e-11    2.445483e-14
   52  127    1.276411e-12    3.259450e-16
   52  128    2.106363e-12    8.001008e-15
   52  129    2.625416e-14   -4.871634e-17
   52  130    1.784787e-12    3.562747e-17
   52  131    6.601044e-15   -4.594373e-17
   52  132    1.404750e-15    5.878990e-18
   52  133    2.049336e-18   -1.094239e-20
   52  134    5.086706e-20    4.065545e-22
   52  135    7.309775e-29   -6.878317e-30
   53  119    2.574280e-29   -1.042188e-31
   53  120    2.104773e-29   -1.216515e-30
   53  121    8.736969e-24   -3.118431e-25
   53  122    2.514612e-22   -1.152038e-23
   53  123    6.925550e-19   -1.674708e-20
   53  124    1.058939e-18   -1.758598e-20
   53  125    4.696720e-16   -5.457491e-18
   53  126    4.958079e-16   -5.090027e-18
   53  127    1.764283e-12   -6.143615e-15
   53  128    4.343417e-13    4.452300e-16
   53  129    1.303689e-12    4.862568e-15
   53  130    6.262645e-14    3.869722e-16
   53  131    4.913929e-14    4.501223e-16
   53  132    7.010702e-16    6.229307e-18
   53  133    1.587939e-16    2.173821e-18
   53  134    1.241422e-18    1.624471e-20
   53  135    3.698256e-20    6.677609e-22
   53  136    4.676347e-29   -3.306245e-30
   54  122    4.685596e-27    4.169006e-31
   54  123    3.742999e-27   -1.718906e-28
   54  124    2.034188e-23   -2.800185e-25
   54  125    2.499731e-22   -8.858992e-24
   54  126    8.290666e-17   -5.932552e-19
   54  127    1.581042e-16   -3.022135e-18
   54  128    3.228427e-12   -1.600866e-14
   54  129    1.014444e-12   -3.926577e-15
   54  130    2.206545e-11   -8.284168e-15
   54  131    3.030705e-12    3.657500e-15
   54  132    4.284293e-11    1.531377e-14
   54  133    2.149575e-12    2.663973e-15
   54  134    1.567939e-12    6.898188e-15
   54  135    5.484220e-14   -6.772373e-17
   54  136    7.871643e-12   -2.415988e-16
   54  137    4.000914e-19   -3.227781e-20
   54  138    5.050739e-24   -5.321324e-25
   55  125    1.169116e-28   -5.980272e-32
   55  126    4.523748e-28   -2.763730e-29
   55  127    5.089439e-23   -1.928534e-24
   55  128    1.169753e-21   -5.126328e-23
   55  129    8.444877e-19   -1.797822e-20
   55  130    7.372697e-19   -1.637993e-20
   55  131    1.366966e-15   -1.538813e-17
   55  132    9.780497e-16   -1.159504e-17
   55  133    1.669384e-12   -7.641705e-15
   55  134    4.723181e-13   -5.396306e-16
   55  135    2.082435e-12    5.656994e-15
   55  136    2.602399e-13    1.636068e-15
   55  137    9.433671e-14    9.154882e-16
   55  138    1.871811e-20   -1.109165e-21
   55  139    2.553998e-24   -1.805967e-25
   56  127    1.462077e-29   -1.089726e-32
   56  128    3.961699e-27    7.920818e-31
   56  129    7.591696e-27   -3.450832e-28
   56  130    4.780608e-22   -7.361662e-24
   56  131    3.485330e-21   -1.127192e-22
   56  132    3.156563e-16   -2.496596e-18
   56  133    5.086222e-16   -9.298946e-18
   56  134    5.321317e-12   -1.731559e-14
   56  135    1.674267e-12   -3.890017e-15
   56  136    5.422421e-11   -4.935197e-15
   56  137    2.016193e-11   -8.200104e-15
   56  138    4.089494e-10    3.441908e-14
   56  139    1.211937e-15   -6.665941e-17
   56  140    1.382700e-18   -5.645557e-20
   56  141    2.361791e-24   -2.481845e-25
   56  142    4.517977e-28   -4.721977e-29
   57  131    2.442105e-27    2.561204e-32
   57  132    2.057161e-27   -1.392874e-28
   57  133    1.190855e-22   -4.206879e-24
   57  134    1.992947e-21   -8.386769e-23
   57  135    9.003446e-19   -1.676743e-20
   57  136    1.900602e-18   -2.577903e-20
   57  137    5.202173e-16   -1.916608e-18
   57  138    2.755612e-15    4.326698e-18
   57  139    3.735039e-11    4.176534e-17
   57  140    9.827046e-16   -4.174422e-17
   57  141    6.985621e-18   -1.305513e-19
   57  142    7.362900e-23   -4.784722e-24
   57  143    1.244596e-25   -7.393439e-27
   58  133    1.619434e-29   -8.839074e-34
   58  134    5.212348e-27    2.183710e-30
   58  135    2.562881e-26   -7.083610e-28
   58  136    1.777572e-21   -8.016098e-24
   58  137    2.127733e-20   -4.293160e-22
   58  138    1.806016e-15   -1.896952e-18
   58  139    1.837520e-14   -7.065211e-17
   58  140    9.384503e-11    3.978510e-15
   58  141    1.688992e-14   -4.634122e-16
   58  142    1.252725e-15    1.110753e-18
   58  143    7.832558e-20   -2.974725e-21
   58  144    8.682294e-22   -9.337421e-24
   58  145    3.114875e-27   -2.137599e-28
   58  146    2.684054e-28    1.545236e-33
   59  137    2.367701e-25   -1.098390e-26
   59  138    1.539332e-23   -8.070610e-25
   59  139    4.506908e-18   -1.022663e-19
   59  140    3.019161e-16   -5.387255e-18
   59  141    7.786064e-12    2.528602e-16
   59  142    1.473223e-14   -2.421274e-16
   59  143    5.080497e-15    2.203992e-17
   59  144    1.439184e-18   -2.910412e-20
   59  145    1.133657e-19    5.241657e-22
   59  146    7.031256e-25   -2.976868e-26
   59  147    7.207793e-26   -2.927915e-28
   60  138    2.047182e-27   -9.973018e-29
   60  139    7.026592e-25   -3.890927e-26
   60  140    1.299317e-18   -2.024593e-20
   60  141    1.579479e-16   -2.948479e-18
   60  142    3.119665e-11    2.216573e-14
   60  143    4.233863e-13   -3.215204e-15
   60  144    4.255148e-12   -8.323344e-15
   60  145    8.996605e-15   -1.665737e-16
   60  146    4.007904e-15    1.524777e-17
   60  147    6.013436e-19   -1.795342e-20
   60  148    8.329741e-20    2.196681e-22
   60  149    3.072411e-24   -1.309479e-25
   60  150    1.770364e-24   -1.638015e-26
   60  151    1.984280e-28   -8.159714e-30
   60  152    1.065069e-26   -6.902828e-32
   61  141    5.069792e-24   -2.074762e-25
   61  142    1.265720e-20   -3.936836e-22
   61  143    1.273507e-14    7.031147e-17
   61  144    1.066729e-15    4.906505e-18
   61  145    8.667741e-15    8.569612e-17
   61  146    1.288255e-16    2.406134e-19
   61  147    3.511497e-16    5.863524e-18
   61  148    4.822535e-19   -1.690751e-21
   61  149    2.433594e-19    7.041231e-21
   61  150    7.443189e-23    3.606610e-25
   61  151    5.315190e-22    3.318516e-24
   61  152    2.880628e-25   -2.866447e-27
   61  153    7.228194e-25    6.056863e-27
   61  154    2.843171e-28   -2.931590e-30
   61  155    2.040685e-29    1.381833e-31
   62  142    1.755257e-24   -6.682179e-26
   62  143    8.378039e-21   -3.217641e-22
   62  144    1.035839e-13   -1.211784e-17
   62  145    4.003636e-14   -6.114866e-16
   62  146    2.242069e-12   -1.308608e-14
   62  147    1.198714e-13   -1.169614e-15
   62  148    1.345822e-12    5.961370e-16
   62  149    6.076091e-15   -1.164728e-16
   62  150    3.209919e-14    5.336355e-16
   62  151    6.700949e-17   -5.143936e-19
   62  152    9.001266e-16    1.271864e-17
   62  153    3.041813e-18    2.925612e-21
   62  154    1.086553e-17    1.799534e-19
   62  155    1.274464e-20    9.729631e-24
   62  156    1.251038e-21    1.816591e-23
   62  157    6.990424e-26   -1.200131e-27
   62  158    4.084930e-28    1.224820e-32
   63  143    2.117053e-30   -1.936873e-31
   63  144    1.828067e-25   -1.400575e-26
   63  145    8.377529e-18   -1.958345e-19
   63  146    1.499877e-17   -4.843424e-19
   63  147    1.994850e-15   -6.406426e-17
   63  148    4.851143e-16   -1.531041e-17
   63  149    6.105302e-14   -9.440230e-17
   63  150    1.101872e-15   -5.243023e-18
   63  151    7.208702e-14   -5.186535e-16
   63  152    1.319206e-15   -1.039606e-17
   63  153    1.550458e-13   -1.433990e-16
   63  154    3.578077e-15    6.479492e-18
   63  155    7.809170e-14    6.383943e-16
   63  156    6.482041e-16    5.171546e-18
   63  157    4.102681e-16    5.926806e-18
   63  158    1.427340e-19   -7.524976e-22
   63  159    1.022152e-20    1.684263e-22
   63  160    1.959927e-25   -4.484442e-27
   63  161    2.190820e-27   -1.320119e-29
   64  145    8.778131e-30   -6.641383e-31
   64  146    5.247054e-21   -9.442382e-23
   64  147    1.124083e-20   -4.871208e-22
   64  148    7.537237e-18   -5.348155e-19
   64  149    1.790007e-17   -9.345903e-19
   64  150    6.694064e-15   -7.814165e-17
   64  151    8.618710e-16   -1.043082e-17
   64  152    3.372647e-14   -6.220644e-16
   64  153    2.342553e-15   -7.459971e-17
   64  154    8.030845e-13   -8.113692e-15
   64  155    6.367345e-14   -9.095218e-16
   64  156    4.400972e-12    2.854919e-15
   64  157    1.312889e-13   -9.809933e-17
   64  158    6.455365e-13    6.985830e-15
   64  159    1.677044e-15   -1.835354e-18
   64  160    5.124575e-16    6.194278e-18
   64  161    1.214558e-19   -1.390723e-21
   64  162    3.086100e-21    2.839578e-23
   64  163    7.618639e-26   -2.164519e-27
   65  147    4.042140e-30   -2.130413e-31
   65  148    3.723661e-28   -5.648453e-30
   65  149    1.132138e-28   -3.802122e-29
   65  150    1.293656e-26   -2.469308e-27
   65  151    1.211001e-22   -1.063793e-23
   65  152    4.141605e-23   -3.214998e-24
   65  153    4.128753e-19   -1.111215e-20
   65  154    1.837153e-19   -5.025611e-21
   65  155    5.334918e-16   -8.557667e-18
   65  156    1.959129e-16   -2.819994e-18
   65  157    8.512948e-14   -4.405639e-16
   65  158    1.156836e-14    1.662352e-17
   65  159    2.558164e-13    1.198020e-16
   65  160    4.687591e-15    1.241857e-17
   65  161    1.261044e-14    3.018287e-16
   65  162    5.073169e-17    1.119079e-18
   65  163    5.684577e-18    1.693655e-19
   65  164    1.017716e-21    1.753385e-24
   65  165    1.032934e-23    1.436898e-25
   65  166    2.527415e-28   -5.230542e-30
   66  152    1.099501e-26   -1.984952e-27
   66  153    1.833461e-25   -2.304880e-26
   66  154    3.001783e-21   -1.014538e-22
   66  155    3.676505e-21   -1.547677e-22
   66  156    2.480486e-17   -7.027215e-19
   66  157    3.237754e-17   -8.464175e-19
   66  158    4.513479e-14   -5.212132e-16
   66  159    1.849767e-14   -1.183986e-16
   66  160    1.694072e-12   -8.285244e-15
   66  161    1.257140e-13   -4.315480e-16
   66  162    1.558844e-12    8.585352e-15
   66  163    2.053788e-14    2.645115e-17
   66  164    3.669039e-14    7.462915e-16
   66  165    2.126921e-17    1.298319e-20
   66  166    9.183037e-19    1.556325e-20
   66  167    4.537543e-23   -7.425864e-25
   66  168    3.681058e-25   -3.729712e-29
   66  169    5.557042e-30   -2.188202e-31
   67  155    7.716617e-28   -5.015728e-30
   67  156    6.230852e-28   -5.267517e-29
   67  157    1.017501e-22   -4.959349e-24
   67  158    2.924247e-22   -1.584259e-23
   67  159    5.698213e-18   -1.477836e-19
   67  160    3.271613e-18   -7.649134e-20
   67  161    9.262337e-15   -7.850823e-17
   67  162    1.179536e-15    2.855285e-18
   67  163    2.473295e-13   -5.113104e-16
   67  164    1.529497e-14    1.263545e-16
   67  165    2.101399e-13    4.592464e-16
   67  166    8.068701e-16   -3.921028e-18
   67  167    4.396992e-16    5.523880e-18
   67  168    1.977067e-19   -9.689901e-22
   67  169    8.343229e-21    9.654456e-23
   67  170    4.880145e-25   -8.106761e-27
   67  171    1.678982e-27   -2.113326e-29
   68  158    3.085514e-25   -1.927210e-26
   68  159    2.353695e-24   -1.633667e-25
   68  160    8.355075e-20   -2.983595e-21
   68  161    2.798712e-19   -1.217045e-20
   68  162    1.056576e-15   -2.629360e-17
   68  163    1.093475e-15   -1.708640e-17
   68  164    3.807057e-13   -2.598101e-15
   68  165    8.635095e-14    7.095632e-18
   68  166    2.885764e-12   -3.880681e-15
   68  167    9.721223e-14   -2.763682e-16
   68  168    3.205050e-13    6.780099e-15
   68  169    8.920531e-16    8.879846e-18
   68  170    1.702852e-16    5.459233e-18
   68  171    5.681019e-20    6.156938e-22
   68  172    1.063964e-21    2.502897e-23
   68  173    2.862005e-26   -4.275478e-28
   68  174    5.884186e-29   -1.400737e-33
   69  160    2.101850e-30   -1.729278e-31
   69  161    3.350610e-25   -1.847534e-26
   69  162    2.496296e-24   -1.541102e-25
   69  163    9.346424e-20   -3.285156e-21
   69  164    1.187609e-19   -4.880958e-21
   69  165    7.394792e-16   -1.228737e-17
   69  166    3.261010e-16   -4.678927e-18
   69  167    1.450821e-13   -8.758959e-16
   69  168    2.657718e-14    1.451390e-17
   69  169    3.340555e-13    3.082989e-16
   69  170    1.031854e-14    1.001318e-16
   69  171    1.513236e-14    4.691921e-16
   69  172    4.024295e-17    1.121087e-18
   69  173    4.476637e-18    1.453824e-19
   69  174    1.441628e-21    1.394327e-23
   69  175    2.296014e-24    4.278485e-26
   69  176    5.344245e-29   -1.191363e-30
   70  162    3.459456e-27   -2.922632e-30
   70  163    5.377021e-27   -4.374053e-28
   70  164    4.926028e-22   -2.319877e-23
   70  165    4.181165e-21   -2.300736e-22
   70  166    4.049893e-17   -1.095994e-18
   70  167    9.297952e-17   -2.907441e-18
   70  168    1.116797e-13   -1.730243e-15
   70  169    6.755011e-14   -4.230409e-16
   70  170    3.143874e-12   -1.554785e-14
   70  171    3.639502e-13   -1.099040e-15
   70  172    2.733879e-12    1.782812e-14
   70  173    4.569128e-14    2.955178e-16
   70  174    3.425694e-14    7.290844e-16
   70  175    2.394377e-17    1.259993e-19
   70  176    6.634773e-19    1.558445e-20
   70  177    1.423759e-22    1.299505e-26
   70  178    1.713230e-24    2.459828e-26
   70  179    2.155608e-30   -8.935447e-32
   71  165    9.415444e-30   -1.640871e-32
   71  166    1.811819e-27   -1.468147e-28
   71  167    3.540285e-22   -1.883829e-23
   71  168    3.377080e-21   -1.765864e-22
   71  169    4.596467e-17   -1.040883e-18
   71  170    3.577050e-17   -6.926305e-19
   71  171    2.567057e-14   -2.618515e-16
   71  172    8.393599e-15   -3.246292e-17
   71  173    3.349497e-13   -3.234259e-16
   71  174    2.266924e-14    1.599072e-16
   71  175    6.566240e-14    4.567725e-16
   71  176    3.673416e-16    2.266746e-18
   71  177    6.988828e-17    2.166066e-18
   71  178    7.414847e-20    1.653858e-21
   71  179    3.165605e-21    1.053430e-22
   71  180    5.500579e-25    4.238757e-27
   71  181    3.760380e-28    1.636554e-30
   72  167    1.308083e-29   -1.196663e-30
   72  168    3.015072e-24   -1.686245e-25
   72  169    5.600094e-23   -3.614160e-24
   72  170    1.454885e-18   -5.254346e-20
   72  171    7.623157e-18   -3.020924e-19
   72  172    1.111245e-14   -1.964591e-16
   72  173    1.446084e-14   -2.533357e-16
   72  174    1.619322e-12   -8.271096e-15
   72  175    3.490082e-13    9.986480e-16
   72  176    4.272320e-12    2.394435e-15
   72  177    9.091079e-14   -5.013696e-17
   72  178    1.632270e-13    5.305080e-15
   72  179    8.674219e-16    2.073913e-17
   72  180    3.187947e-16    1.552485e-17
   72  181    1.344566e-19    3.915488e-21
   72  182    1.302529e-21    5.457886e-23
   72  183    3.427436e-26    3.953940e-28
   72  184    1.342780e-28    1.024794e-35
   73  171    1.564821e-25   -8.421476e-27
   73  172    6.624982e-25   -3.300648e-26
   73  173    3.445532e-20   -5.708190e-22
   73  174    7.674240e-21    4.859577e-23
   73  175    2.205327e-16   -2.173034e-18
   73  176    5.414908e-17   -3.405333e-19
   73  177    1.823425e-14    3.265017e-17
   73  178    3.660811e-17    8.047110e-19
   73  179    6.330902e-13   -5.961254e-16
   73  180    2.079091e-14    1.567258e-16
   73  181    4.916821e-14    4.067745e-16
   73  182    9.088872e-17   -2.892117e-19
   73  183    5.406111e-18    1.025813e-19
   73  184    3.194881e-22   -1.867452e-24
   73  185    5.010348e-24    2.766440e-26
   73  186    1.440534e-28   -4.396430e-30
   74  172    1.728836e-27   -1.125491e-29
   74  173    4.765223e-26   -4.029948e-27
   74  174    1.696926e-21   -8.172046e-23
   74  175    1.971511e-20   -1.061702e-21
   74  176    5.576603e-17   -1.649547e-18
   74  177    9.177529e-17   -3.287840e-18
   74  178    4.773445e-14   -6.381578e-16
   74  179    2.784146e-14   -3.411016e-16
   74  180    1.905116e-12   -6.904105e-15
   74  181    2.998488e-13    3.908097e-16
   74  182    2.633776e-12    7.426084e-15
   74  183    1.994701e-14   -7.810507e-17
   74  184    9.050279e-15    1.802269e-16
   74  185    8.338501e-18    6.381877e-21
   74  186    7.764795e-19    2.212564e-20
   74  187    8.941513e-23   -1.370359e-26
   74  188    1.364678e-24    2.218618e-26
   74  189    4.506358e-30   -1.529483e-31
   75  175    3.349578e-27   -3.034830e-29
   75  176    8.437348e-27   -7.065223e-28
   75  177    1.672746e-22   -9.612853e-24
   75  178    7.415669e-22   -4.364231e-23
   75  179    2.596684e-18   -1.000853e-19
   75  180    5.981217e-18   -2.322939e-19
   75  181    6.147271e-15   -9.628372e-17
   75  182    2.669598e-15   -3.224774e-17
   75  183    2.856470e-13    5.164951e-17
   75  184    6.495882e-15   -7.097169e-19
   75  185    1.712422e-14    1.210390e-16
   75  186    1.024888e-16    7.144080e-20
   75  187    5.491897e-17    1.825206e-18
   75  188    3.671012e-20    5.822743e-22
   75  189    4.513261e-21    1.362062e-22
   75  190    4.922276e-25    3.033934e-27
   75  191    2.245257e-26    5.734928e-28
   75  192    1.546221e-29    3.639547e-32
   76  177    7.890605e-30   -6.199611e-31
   76  178    5.812504e-25   -4.001856e-26
   76  179    1.458135e-23   -1.028360e-24
   76  180    1.688016e-19   -6.489041e-21
   76  181    9.275501e-19   -4.135120e-20
   76  182    2.139558e-15   -4.442295e-17
   76  183    4.481716e-15   -1.094131e-16
   76  184    1.130567e-12   -4.057242e-15
   76  185    1.765506e-13   -7.974089e-17
   76  186    2.837649e-12   -7.317585e-17
   76  187    6.797814e-14   -3.480189e-16
   76  188    3.649410e-13    4.613623e-15
   76  189    1.323400e-15    2.942058e-19
   76  190    2.262934e-15    7.255478e-17
   76  191    3.043067e-18    4.821679e-20
   76  192    1.715826e-18    8.677287e-20
   76  193    4.236835e-22    1.324788e-23
   76  194    1.996758e-23    5.571058e-25
   76  195    1.721700e-27   -1.584958e-30
   76  196    1.560391e-28   -3.356840e-34
   77  180    9.029108e-30   -8.178049e-31
   77  181    7.536291e-25   -5.170056e-26
   77  182    1.571858e-23   -1.112612e-24
   77  183    1.756484e-19   -6.965441e-21
   77  184    1.007771e-18   -4.290344e-20
   77  185    1.683377e-15   -1.779979e-17
   77  186    2.741370e-16   -1.475530e-18
   77  187    5.387065e-14   -2.396475e-16
   77  188    5.800854e-15    2.373055e-17
   77  189    4.276757e-13    6.917949e-18
   77  190    1.076651e-14   -3.327137e-18
   77  191    1.401337e-13    1.121195e-17
   77  192    8.270890e-16   -5.269299e-18
   77  193    5.605698e-15    1.801707e-16
   77  194    8.079179e-18    1.702719e-19
   77  195    2.022022e-18    4.032061e-20
   77  196    5.884638e-22   -6.176286e-25
   77  197    3.371044e-23    6.516826e-25
   77  198    3.574268e-27   -1.798233e-29
   78  183    2.382520e-28   -3.838798e-29
   78  184    1.688913e-23   -1.298780e-24
   78  185    2.459567e-22   -1.831722e-23
   78  186    1.284446e-18   -4.756311e-20
   78  187    1.358362e-18   -5.948305e-20
   78  188    2.459789e-15   -4.794118e-17
   78  189    1.457441e-15   -3.046069e-17
   78  190    3.816568e-13   -2.183681e-15
   78  191    5.865289e-14   -2.616785e-16
   78  192    2.298126e-12   -2.417349e-14
   78  193    1.007570e-13   -3.373492e-15
   78  194    2.239686e-12    2.851048e-14
   78  195    2.818157e-14    6.360654e-17
   78  196    6.754634e-14    1.474943e-15
   78  197    1.888728e-16    1.282370e-18
   78  198    4.523715e-17    3.493839e-19
   78  199    3.252331e-20   -4.423001e-22
   78  200    1.702343e-21    6.331095e-24
   78  201    5.755346e-26   -1.789324e-27
   78  202    1.421512e-27    1.698254e-35
   79  187    4.067556e-26   -4.180482e-27
   79  188    2.464847e-25   -2.699267e-26
   79  189    3.825734e-21   -1.719151e-22
   79  190    1.743391e-20   -7.899359e-22
   79  191    4.109898e-17   -8.128295e-19
   79  192    2.045004e-17   -3.196484e-19
   79  193    1.195229e-14   -1.210830e-16
   79  194    3.121163e-15   -1.320466e-17
   79  195    3.193413e-13   -5.259027e-16
   79  196    2.965182e-14    8.416536e-17
   79  197    3.236485e-13    4.175875e-16
   79  198    1.105934e-14    5.169596e-17
   79  199    1.206357e-14    1.074555e-16
   79  200    5.065969e-17    2.820587e-19
   79  201    1.020134e-17    1.329507e-19
   79  202    1.144596e-20    3.899304e-23
   79  203    5.650746e-22    8.282187e-24
   79  204    8.062918e-26   -5.554856e-28
   80  189    1.138639e-29   -9.960040e-31
   80  190    5.471896e-25   -2.597916e-26
   80  191    5.641636e-24   -3.724059e-25
   80  192    5.453456e-20   -1.640769e-21
   80  193    1.888197e-19   -7.896107e-21
   80  194    4.655289e-16   -6.176950e-18
   80  195    4.533297e-16   -7.503030e-18
   80  196    1.738700e-13   -8.924949e-16
   80  197    7.915047e-14   -2.380826e-16
   80  198    4.421468e-12   -3.395783e-16
   80  199    6.659394e-13   -9.953730e-16
   80  200    7.544708e-12    4.503032e-15
   80  201    2.101864e-13   -4.925029e-16
   80  202    6.821785e-13   -1.445942e-15
   80  203    3.871365e-15   -3.517070e-17
   80  204    1.834859e-14   -5.007903e-17
   80  205    3.426674e-18   -8.145809e-20
   80  206    5.837004e-20   -9.823651e-23
   80  207    7.677511e-29   -8.356463e-30
   81  193    1.709245e-26   -8.118418e-28
   81  194    6.139977e-25   -3.327524e-26
   81  195    5.864912e-21   -1.704776e-22
   81  196    3.645206e-20   -1.291944e-21
   81  197    4.090354e-17   -5.970410e-19
   81  198    8.336760e-17   -1.498452e-18
   81  199    2.820089e-14   -1.111721e-16
   81  200    2.265833e-14   -9.290499e-17
   81  201    9.129649e-13   -1.966714e-16
   81  202    2.754813e-13   -3.236654e-16
   81  203    1.980855e-12    3.354556e-16
   81  204    1.682434e-13    1.585251e-16
   81  205    1.602006e-13    2.291444e-16
   81  206    1.489781e-15    3.213838e-18
   81  207    6.007959e-17    2.879364e-19
   81  208    1.296954e-25   -1.188590e-26
   82  195    2.160638e-30   -5.567817e-33
   82  196    7.824691e-26   -1.623876e-27
   82  197    1.140168e-24   -4.353120e-26
   82  198    1.226629e-20   -9.843586e-23
   82  199    4.073652e-20   -7.873675e-22
   82  200    1.469395e-16   -1.924741e-19
   82  201    4.041507e-16   -2.175875e-18
   82  202    1.317057e-13    1.479335e-16
   82  203    1.815321e-13   -2.728574e-16
   82  204    1.260713e-11    7.123950e-15
   82  205    6.377440e-12   -5.123964e-15
   82  206    9.660265e-11    5.472047e-14
   82  207    2.221395e-11   -3.450714e-14
   82  208    1.158065e-10   -2.208564e-14
   82  209    4.346835e-18   -3.665107e-19
   82  210    2.497087e-24   -3.204908e-25
   83  198    3.745796e-30   -1.332242e-32
   83  199    5.946429e-26   -2.580248e-27
   83  200    1.472474e-24   -7.428789e-26
   83  201    7.153667e-21   -1.607141e-22
   83  202    3.735192e-20   -1.054387e-21
   83  203    5.433951e-17   -3.303359e-19
   83  204    1.425906e-16   -9.090904e-19
   83  205    2.106099e-14    1.902178e-17
   83  206    1.916692e-14    1.911923e-18
   83  207    8.240917e-13    1.097016e-15
   83  208    2.222363e-13    2.275090e-16
   83  209    2.019786e-12   -1.344362e-15
   83  210    5.047495e-19   -3.552308e-20
   83  211    8.823550e-25   -1.376071e-25
   84  204    5.100760e-29   -1.331993e-30
   84  205    1.815601e-28   -2.224710e-30
   84  206    2.467833e-26   -2.824709e-28
   84  207    1.729604e-26   -3.459564e-28
   84  208    1.247042e-24   -9.291668e-27
   84  209    2.946362e-25   -1.731396e-27
   84  210    1.112172e-24   -2.420189e-26
    0    1    1.105783e-13   -2.536812e-14
    1    1    5.554308e-11   -1.171984e-11
    2    4    5.805961e-08   -8.241264e-09
