1.0143e-07
1.3318e-08
1.1009e+00
7.1862e+04
    1    2    1.283535e-24    2.005061e-27
    6   12    7.736613e-04   -4.186538e-15
    6   13    4.478015e-17    7.811486e-20
    6   14    1.957859e-25    6.282710e-28
    7   13    3.251413e-14    4.185876e-15
    7   14    1.998066e-23    2.582543e-24
    7   15    5.588773e-26    7.318118e-27
    8   14    9.687207e-25    2.333273e-25
    8   16    4.583193e-02   -8.062995e-15
    8   17    7.503209e-15    1.308862e-17
    8   18    1.379458e-18    2.406324e-21
    9   17    2.707853e-15    2.225361e-17
    9   18    1.111133e-25    1.427812e-26
    9   19    6.285130e-26    7.933616e-27
   10   18    9.710968e-28    1.565428e-28
   10   20    8.353541e-03    1.992850e-14
   10   21    3.015564e-05   -4.689141e-16
   10   22    3.692474e-06   -5.777993e-17
   10   23    5.493033e-19    9.582063e-22
   11   21    1.050672e-15    1.353556e-16
   11   22    2.402460e-15    3.095033e-16
   11   23    1.457139e-04   -1.360861e-14
   11   24    4.398585e-16    7.673186e-19
   11   25    6.882435e-28    2.160470e-29
   12   22    1.101880e-27    2.654593e-28
   12   23    5.549089e-21    7.285537e-22
   12   24    2.013354e-03   -9.701441e-16
   12   25    4.441883e-04   -2.330167e-15
   12   26    2.597255e-04   -1.614431e-15
   12   27    1.082628e-16    1.888540e-19
   12   28    1.264341e-28    4.057231e-31
   13   25    2.288305e-14    2.947964e-15
   13   26    1.408289e-04    3.149878e-16
   13   27    2.011964e-04    2.736689e-15
   13   28    1.135134e-15    2.223556e-18
   13   29    3.449558e-23    4.528571e-24
   14   26    2.457565e-26    5.920635e-27
   14   27    2.582902e-15    3.327493e-16
   14   28    2.358143e-04    3.401955e-16
   14   29    6.520005e-05   -1.669942e-16
   14   30    2.844539e-05   -7.649046e-17
   14   31    2.182702e-17    3.807513e-20
   14   32    4.110695e-29    1.319110e-31
   15   28    8.753397e-28    2.108820e-28
   15   29    6.035537e-17    7.775553e-18
   15   30    2.314314e-07    1.695243e-16
   15   31    2.104118e-06    9.149396e-17
   15   32    8.833533e-18    1.541056e-20
   15   33    7.543497e-20    1.315930e-22
   16   30    4.989904e-30    1.202148e-30
   16   31    3.517620e-10   -1.146570e-18
   16   32    1.166119e-06    1.629480e-18
   16   33    2.100891e-08    6.027831e-20
   16   34    2.736454e-07   -3.658124e-19
   16   35    2.406569e-19    4.198028e-22
   16   36    1.311808e-29    4.211332e-32
   17   32    2.841160e-23    3.659975e-24
   17   33    2.555294e-18    3.291924e-19
   17   34    2.409612e-20    3.104248e-21
   17   35    1.020433e-08    3.979880e-19
   17   36    1.051070e-19    1.833540e-22
   17   37    2.391472e-28    3.101001e-29
   18   34    1.232613e-30    2.969549e-31
   18   35    2.792387e-28    3.667034e-29
   18   36    8.448026e-10    4.397706e-21
   18   37    9.011685e-21    1.654139e-23
   18   38    2.659022e-10   -1.341067e-22
   18   39    1.017326e-21    1.774627e-24
   18   40    6.560973e-23    1.144499e-25
   19   37    2.054637e-22    2.646926e-23
   19   39    3.745177e-12    1.560302e-22
   19   40    4.961876e-23    8.656677e-26
   19   43    1.696756e-28    2.959827e-31
   20   40    2.851209e-14    2.343232e-25
   20   41    3.123297e-25    5.448291e-28
   20   42    4.763924e-08   -1.181214e-20
   20   43    1.463411e-08   -3.867897e-21
   20   44    7.048443e-08   -1.754946e-20
   20   45    7.746095e-19    1.351232e-21
   20   46    2.020422e-10   -5.415448e-23
   20   47    1.084871e-21    1.892452e-24
   20   48    2.292639e-09   -1.223814e-21
   20   49    2.681773e-21    4.678094e-24
   21   41    3.457642e-28    4.452371e-29
   21   43    7.901093e-20    1.017879e-20
   21   44    3.125805e-20    4.026902e-21
   21   45    6.669494e-09    1.583803e-20
   21   46    4.760744e-19    8.304698e-22
   21   47    4.174064e-22    5.227001e-23
   21   48    5.852382e-21    7.539487e-22
   21   49    3.610800e-21    4.651709e-22
   22   45    6.497431e-27    8.370512e-28
   22   46    2.020422e-08   -1.442603e-21
   22   47    7.854394e-09   -6.121137e-23
   22   48    1.436025e-08   -7.179928e-22
   22   49    1.733388e-08   -1.234153e-21
   22   50    5.602375e-08   -3.116817e-21
   22   51    2.719773e-19    4.744386e-22
   22   52    2.800730e-30    2.660070e-31
   23   47    8.680782e-21    1.118325e-21
   23   48    3.909558e-21    5.036592e-22
   23   49    7.743080e-21    9.975230e-22
   23   50    1.998855e-15    1.038813e-21
   23   51    4.904040e-09    2.891823e-21
   23   52    2.244529e-19    3.915365e-22
   23   53    2.009635e-30    6.448855e-33
   24   50    9.383978e-13   -9.067483e-26
   24   51    1.448626e-22    1.289587e-23
   24   52    5.579288e-08   -2.084495e-21
   24   53    1.074040e-08    2.216844e-22
   24   54    1.369099e-07   -4.896909e-21
   24   55    1.357258e-18    2.367606e-21
   24   56    8.510842e-30    2.731103e-32
   25   51    8.997712e-26    1.159154e-26
   25   53    6.296231e-21    8.111288e-22
   25   54    1.398875e-21    1.800941e-22
   25   55    3.456011e-08    5.029258e-22
   25   56    1.386162e-18    2.418025e-21
   25   57    3.107183e-29    9.955719e-32
   26   54    4.446329e-09   -3.035753e-22
   26   55    1.695363e-19    6.657733e-22
   26   56    1.766820e-06   -6.035110e-20
   26   57    9.986690e-07   -4.891615e-20
   26   58    5.174607e-06   -1.245138e-19
   26   59    9.833876e-17    1.715425e-19
   26   60    1.229556e-27    3.945609e-30
   27   55    9.918785e-23    1.277814e-23
   27   57    6.106664e-20    7.867073e-21
   27   58    5.293900e-20    6.819736e-21
   27   59    2.034761e-06   -4.277516e-20
   27   60    4.697238e-17    8.193878e-20
   27   61    6.296741e-26    1.138088e-28
   28   58    6.192280e-10   -6.379630e-23
   28   59    3.690642e-20    1.464155e-22
   28   60    2.667798e-06   -2.096407e-19
   28   61    1.015184e-06    5.272780e-20
   28   62    2.259022e-06    9.063253e-20
   28   63    3.643186e-17    6.355187e-20
   28   64    1.389652e-06   -3.451659e-20
   28   65    1.689447e-17    2.947077e-20
   28   66    1.829362e-28    5.870366e-31
   29   59    3.897271e-24    5.020764e-25
   29   61    2.821038e-20    3.634278e-21
   29   62    2.009362e-20    2.588614e-21
   29   63    8.717982e-07   -1.992645e-19
   29   64    1.166267e-16    2.034462e-19
   29   65    1.075841e-06   -1.014322e-19
   29   66    5.960049e-17    1.039673e-19
   29   67    7.071207e-24    1.234520e-26
   30   63    1.302396e-30    1.677981e-31
   30   64    8.425447e-07   -1.236668e-19
   30   65    7.124888e-17    1.243033e-19
   30   66    1.302067e-06   -1.175258e-19
   30   67    2.837024e-07    3.578714e-20
   30   68    1.322620e-06    2.350516e-20
   30   69    3.193943e-17    5.571525e-20
   30   70    1.327706e-10   -6.824240e-24
   30   71    3.794141e-21    6.618512e-24
   31   65    5.413139e-21    6.973621e-22
   31   67    1.443794e-20    1.860006e-21
   31   68    3.454596e-21    4.450476e-22
   31   69    1.594879e-07   -5.063669e-20
   31   70    3.031357e-17    5.287918e-20
   31   71    1.407639e-07   -3.700475e-20
   31   72    2.106670e-17    3.674882e-20
   31   73    3.051108e-27    9.781257e-30
   32   68    1.230352e-30    1.615425e-31
   32   69    1.200269e-26    1.546279e-27
   32   70    2.286684e-07   -4.433688e-20
   32   71    2.545527e-17    4.458681e-20
   32   72    2.362112e-07   -4.086934e-20
   32   73    4.522465e-08    2.177801e-20
   32   74    1.757502e-07   -2.435220e-21
   32   75    1.215686e-17    2.120647e-20
   32   76    1.249214e-11   -9.499652e-25
   32   77    5.389772e-22    9.401938e-25
   33   71    1.090646e-21    1.405054e-22
   33   73    1.691927e-21    2.179670e-22
   33   74    1.555250e-22    2.003593e-23
   33   75    2.000848e-08   -2.376655e-20
   33   76    1.371741e-17    2.392871e-20
   33   77    9.087690e-26    8.493475e-27
   34   74    1.487117e-24    3.983783e-33
   34   75    1.319059e-23    1.699313e-24
   34   76    4.988957e-08   -2.138758e-20
   34   77    1.818953e-08    6.928465e-21
   34   78    7.041447e-08    4.857205e-21
   34   79    5.487242e-18    9.571965e-21
   34   80    4.239297e-09   -3.730585e-22
   34   81    2.133413e-19    3.721533e-22
   34   82    3.172076e-12   -6.300790e-26
   34   83    3.564579e-23    6.218064e-26
   35   77    1.159955e-22    1.494343e-23
   35   78    4.089751e-23    5.268601e-24
   35   79    8.345310e-09   -1.046383e-20
   35   80    6.009815e-18    1.048354e-20
   35   81    7.274689e-09   -4.872921e-21
   35   82    2.793520e-18    4.873026e-21
   35   83    1.765617e-27    1.134599e-28
   36   79    2.934371e-26    3.780281e-27
   36   80    2.125901e-08   -1.317202e-20
   36   81    7.551500e-18    1.317381e-20
   36   82    5.111923e-08   -1.140186e-20
   36   83    1.566929e-08    4.708312e-21
   36   84    5.823898e-08    2.779327e-21
   36   85    2.238907e-18    3.905557e-21
   36   86    4.641503e-10   -2.998530e-24
   36   87    1.710552e-21    2.983893e-24
   37   81    1.369256e-23    1.763980e-24
   37   83    3.935061e-23    5.069448e-24
   37   84    8.826167e-24    1.137055e-24
   37   85    8.462411e-09   -3.666064e-21
   37   86    2.104510e-18    3.671135e-21
   37   87    5.853056e-11   -2.145500e-24
   37   88    1.239414e-21    2.162038e-24
   38   84    2.620158e-24   -5.142788e-38
   38   85    1.483004e-25    1.910520e-26
   38   86    1.977583e-08   -2.345884e-21
   38   87    1.264904e-08    3.457615e-22
   38   88    3.410537e-08    1.555100e-21
   38   89    2.563369e-19    4.471549e-22
   38   90    3.239860e-27    5.655421e-30
   39   87    4.823129e-24    6.213524e-25
   39   88    3.325934e-24    4.284723e-25
   39   89    5.047083e-09   -1.960418e-22
   39   90    1.126849e-19    1.965680e-22
   39   91    1.686108e-29    6.378167e-32
   40   90    2.223165e-09   -1.067063e-22
   40   91    5.705716e-10    4.022166e-23
   40   92    6.513631e-10    1.840477e-23
   40   93    1.936305e-10    1.832722e-23
   40   94    4.140053e-10    7.754818e-25
   40   95    1.664698e-20    2.903905e-23
   40   96    7.701181e-13   -1.120814e-26
   40   97    6.410634e-24    1.118273e-26
   41   91    1.649468e-25    2.124971e-26
   41   92    3.867777e-26    4.982768e-27
   41   93    7.196599e-14   -2.560958e-26
   41   94    1.908490e-23    3.382260e-26
   41   95    1.440657e-26    1.855951e-27
   41   96    2.872302e-29    3.692632e-30
   41   97    4.503360e-30    5.801572e-31
   42   92    3.795087e-17   -6.144487e-30
   42   93    3.523116e-27    6.330273e-30
   42   94    1.277137e-13   -3.125151e-26
   42   95    3.569934e-11   -1.960677e-23
   42   96    8.222236e-11    4.265150e-25
   42   97    2.578413e-11    1.195534e-25
   42   98    7.544014e-11    3.463819e-24
   42   99    8.960529e-21    1.563078e-23
   42  100    1.700721e-15   -4.910659e-28
   42  101    2.814679e-25    4.909937e-28
   43   95    5.585131e-30    7.195194e-31
   43   96    7.521244e-28    9.689443e-29
   43   97    1.931722e-27    2.488592e-28
   43   98    8.615808e-29    1.109954e-29
   43   99    2.728429e-13   -4.746292e-25
   43  100    2.721768e-22    4.747861e-25
   44   96    3.532748e-26    0.000000e+00
   44   98    6.625258e-24   -1.833771e-36
   44   99    8.074130e-12   -9.186228e-24
   44  100    3.391438e-11   -5.822576e-24
   44  101    7.022779e-12   -1.491187e-24
   44  102    1.441789e-14    1.649461e-23
   44  103    2.368803e-24    4.132150e-27
   45  100    3.911872e-29    5.039573e-30
   45  101    1.943102e-28    2.503253e-29
   45  102    1.061075e-29    1.366958e-30
   45  103    7.469186e-12   -1.586022e-23
   45  104    9.092195e-21    1.586046e-23
   45  105    8.538723e-30    2.737116e-32
   46  103    1.339337e-29    1.725436e-30
   46  104    2.116282e-11   -1.287946e-23
   46  105    4.944953e-12   -1.800572e-24
   46  106    2.265111e-11    3.605990e-24
   46  107    6.348524e-21    1.107439e-23
   46  108    2.501060e-11   -1.018143e-23
   46  109    5.836134e-21    1.018057e-23
   46  110    1.000424e-14   -2.737347e-27
   46  111    1.569297e-24    2.737488e-27
   47  105    3.481156e-29    4.484692e-30
   47  106    5.552633e-30    7.153327e-31
   47  107    4.291539e-12   -9.627284e-24
   47  108    5.518829e-21    9.627064e-24
   47  109    6.599128e-12   -1.547813e-23
   47  110    8.873256e-21    1.547854e-23
   47  111    1.161438e-29    3.854024e-32
   48  108    3.603379e-13   -1.520167e-25
   48  109    8.715312e-23    1.520310e-25
   48  110    1.909901e-11   -9.199153e-24
   48  111    4.587530e-12    4.055124e-25
   48  112    2.054442e-11    6.139231e-25
   48  113    4.687479e-21    8.176856e-24
   48  114    3.413728e-11   -9.719372e-24
   48  115    5.572488e-21    9.720669e-24
   48  116    2.673547e-15   -4.634558e-28
   48  117    2.656368e-25    4.633778e-28
   49  111    1.191265e-29    1.534679e-30
   49  112    2.035434e-30    2.622203e-31
   49  113    6.099931e-12   -1.098680e-23
   49  114    6.298170e-21    1.098655e-23
   49  115    3.143430e-29    2.809386e-30
   50  112    1.518501e-24   -6.582768e-37
   50  114    1.053078e-13   -2.945922e-26
   50  115    5.384892e-12   -4.143981e-24
   50  116    3.958575e-11   -3.302260e-24
   50  117    8.542083e-12    1.407176e-24
   50  118    4.908861e-11   -7.108583e-26
   50  119    1.176970e-11   -4.523644e-26
   50  120    6.577789e-11    1.266620e-24
   50  121    2.822247e-21    4.923138e-24
   50  122    5.075922e-13   -2.110361e-26
   50  123    1.208986e-23    2.108960e-26
   50  124    5.881526e-14   -1.135960e-27
   50  125    6.537119e-25    1.140337e-27
   51  117    7.324779e-30    9.436342e-31
   51  118    1.648074e-30    2.123175e-31
   51  119    1.159788e-29    1.494128e-30
   51  120    1.523545e-30    1.962748e-31
   51  121    3.464279e-12   -4.407322e-24
   51  122    2.526510e-21    4.407254e-24
   51  123    8.946882e-14   -5.749218e-26
   51  124    3.296088e-23    5.749709e-26
   52  120    1.000424e-30    1.751623e-46
   52  122    9.020217e-12   -5.917896e-24
   52  123    3.001272e-12   -2.160444e-24
   52  124    1.532908e-11    2.824046e-24
   52  125    5.674406e-12   -2.974296e-24
   52  126    2.620158e-11    3.690001e-24
   52  127    2.602048e-21    4.539023e-24
   52  128    5.697728e-13   -6.119036e-26
   52  129    3.507644e-23    6.118746e-26
   52  130    1.846937e-12   -6.098841e-26
   52  131    3.506563e-23    6.116861e-26
   53  123    1.092387e-30    1.407297e-31
   53  125    2.875693e-30    3.704688e-31
   53  127    3.615706e-12   -4.992972e-24
   53  128    2.862201e-21    4.992835e-24
   53  129    1.706095e-30    8.854223e-33
   54  126    1.587975e-27    0.000000e+00
   54  128    9.378976e-12   -5.631937e-24
   54  129    4.878037e-12   -3.060730e-24
   54  130    1.462158e-11    4.106822e-24
   54  131    6.636401e-12   -4.402475e-25
   54  132    4.009275e-11   -5.428373e-25
   54  133    3.194648e-21    5.572756e-24
   54  134    1.269195e-13   -5.477850e-27
   54  135    3.144217e-24    5.484783e-27
   54  136    8.091666e-12   -1.130911e-26
   54  137    6.617469e-24    1.154354e-26
   55  131    1.190767e-30    1.534037e-31
   55  133    4.580889e-12   -4.501834e-24
   55  134    2.580617e-21    4.501638e-24
   55  135    1.459452e-30    5.036726e-33
   56  132    1.667374e-27    0.000000e+00
   56  134    1.045219e-11   -4.098745e-24
   56  135    5.105868e-12   -1.826421e-24
   56  136    3.449992e-11    1.460491e-24
   56  137    4.228070e-11   -2.565552e-24
   56  138    3.979948e-10    3.825710e-24
   56  139    1.826627e-21    3.186375e-24
   57  138    8.891664e-30    5.750928e-32
   57  139    3.735397e-11   -2.080876e-24
   57  140    1.193498e-21    2.081942e-24
   58  138    2.102341e-25   -8.797841e-38
   58  139    1.086046e-28    2.218091e-31
   58  140    9.289652e-11   -2.158424e-24
   58  141    1.238469e-21    2.160390e-24
   58  142    9.158812e-14   -6.222535e-27
   58  143    3.577092e-24    6.239893e-27
   59  141    7.804727e-12   -1.458875e-24
   59  142    8.362937e-22    1.458834e-24
   60  142    1.831762e-11   -1.308626e-24
   60  143    3.281111e-12   -4.875034e-25
   60  144    6.940442e-12    5.420295e-25
   60  145    1.586880e-12   -4.745787e-25
   60  146    4.721180e-12    4.636735e-25
   60  147    7.254654e-22    1.265504e-24
   60  148    1.554713e-15   -1.027294e-27
   60  149    5.888562e-25    1.027203e-27
   60  150    2.527738e-21   -1.374106e-33
   61  148    1.784397e-28    3.112730e-31
   62  144    3.536221e-20   -7.137978e-33
   62  145    4.092920e-30    7.139704e-33
   62  147    7.486167e-13   -2.742459e-24
   62  148    2.697089e-12    5.250658e-25
   62  149    4.961835e-13   -1.072770e-23
   62  150    1.600679e-12    9.251660e-24
   62  151    2.117113e-21    3.693100e-24
   62  152    2.626113e-13   -5.429887e-25
   62  153    3.112654e-22    5.429725e-25
   62  154    1.429177e-15   -1.059637e-27
   62  155    6.074529e-25    1.059643e-27
   63  151    1.722584e-13   -1.400197e-23
   63  152    8.026796e-21    1.400197e-23
   63  153    2.282013e-13   -3.442564e-24
   63  154    1.973500e-21    3.442580e-24
   63  155    1.135190e-29    3.643196e-32
   64  152    5.982799e-13   -3.071534e-24
   64  153    1.760783e-21    3.071516e-24
   64  154    7.795513e-13   -3.778959e-24
   64  155    2.575285e-13   -9.067988e-25
   64  156    1.090206e-12    1.280151e-24
   64  157    4.772724e-13   -3.848127e-25
   64  158    2.906295e-12   -7.694234e-25
   64  159    2.614056e-21    4.559968e-24
   64  160    8.753711e-17   -5.196621e-29
   64  161    2.979318e-26    5.197133e-29
   65  159    3.705974e-13   -7.236720e-24
   65  160    4.148547e-21    7.236740e-24
   65  161    2.536905e-29    8.140850e-32
   66  156    1.026076e-30    0.000000e+00
   66  158    8.864517e-14   -4.257451e-25
   66  159    2.440622e-22    4.257430e-25
   66  160    8.753711e-13   -5.301145e-24
   66  161    3.287108e-13    2.435599e-24
   66  162    1.358601e-12   -2.116419e-25
   66  163    2.448891e-13    1.040034e-24
   66  164    6.033045e-13    1.347602e-24
   66  165    3.953193e-22    6.895964e-25
   67  165    4.844478e-13   -1.378883e-23
   67  166    7.904588e-21    1.378879e-23
   67  167    1.454517e-29    4.667499e-32
   68  164    6.710162e-13   -4.517888e-24
   68  165    2.589917e-21    4.517860e-24
   68  166    1.024531e-12   -3.561562e-24
   68  167    4.067593e-13   -4.702974e-24
   68  168    1.667374e-12    3.974748e-24
   68  169    2.459188e-21    4.289816e-24
   68  170    3.289630e-15   -3.338065e-27
   68  171    1.913715e-24    3.338291e-27
   69  169    5.321783e-13   -1.741704e-23
   69  170    9.984517e-21    1.741703e-23
   69  171    7.296121e-29    2.341333e-31
   69  172    1.708899e-30    2.981011e-33
   70  168    1.012334e-30    0.000000e+00
   70  170    8.238787e-13   -3.196439e-24
   70  171    4.206462e-13   -1.155650e-25
   70  172    1.395941e-12    1.215123e-24
   70  173    6.939358e-13   -1.105465e-24
   70  174    3.156511e-12    1.048920e-24
   70  175    1.234544e-21    2.153543e-24
   70  176    1.591584e-15   -1.179347e-27
   70  177    6.761149e-25    1.179417e-27
   71  175    4.567651e-13   -6.315431e-24
   71  176    8.526378e-16    6.300369e-24
   71  177    8.644382e-24    1.507932e-26
   72  176    1.193688e-12   -7.474918e-24
   72  177    3.950827e-13   -5.422567e-24
   72  178    1.686108e-12    8.977010e-24
   72  179    4.800918e-13   -8.386917e-25
   72  180    2.773398e-12    2.439133e-24
   72  181    1.330544e-21    2.321005e-24
   72  182    4.829164e-30    1.549664e-32
   73  180    3.440347e-15   -1.722557e-26
   73  181    7.185367e-13   -5.930618e-24
   73  182    3.409051e-21    5.946761e-24
   73  183    1.191279e-29    3.822777e-32
   74  180    5.385616e-14   -1.775821e-25
   74  181    1.018882e-22    1.777341e-25
   74  182    1.813956e-12   -2.868475e-24
   74  183    9.293557e-13   -1.701213e-24
   74  184    2.060656e-12   -1.462106e-25
   74  185    2.703532e-21    4.716051e-24
   74  186    8.067936e-14   -1.975686e-25
   74  187    1.132612e-22    1.975733e-25
   75  185    3.076980e-13   -4.309877e-23
   75  186    2.470689e-20    4.309878e-23
   75  187    6.954820e-15   -5.535121e-25
   75  188    3.173079e-22    5.535130e-25
   76  186    1.075725e-12   -2.030793e-24
   76  187    5.077019e-13   -4.358248e-24
   76  188    1.117495e-12    2.482148e-24
   76  189    3.858779e-13   -2.882409e-24
   76  190    1.474309e-12    4.189823e-24
   76  191    1.490200e-21    2.599511e-24
   76  192    3.121115e-14   -1.226142e-25
   76  193    7.028834e-23    1.226112e-25
   77  191    3.294590e-13   -1.675409e-23
   77  192    9.604469e-21    1.675407e-23
   77  193    3.208614e-13   -1.198029e-23
   77  194    6.867846e-21    1.198030e-23
   77  195    3.112051e-30    9.986475e-33
   78  190    1.000424e-30    0.000000e+00
   78  192    1.094214e-12   -4.456193e-24
   78  193    2.554551e-21    4.456168e-24
   78  194    1.340775e-12   -2.762654e-24
   78  195    3.996566e-13   -8.933692e-25
   78  196    2.342830e-12    2.086935e-24
   78  197    8.994570e-22    1.569016e-24
   78  198    4.390750e-15   -1.066540e-27
   78  199    6.113979e-25    1.066525e-27
   79  197    7.109613e-13   -1.857016e-24
   79  198    1.064553e-21    1.857010e-24
   80  196    1.378135e-17   -3.980512e-29
   80  197    2.281912e-26    3.980575e-29
   80  198    2.319165e-12   -1.050536e-24
   80  199    1.055724e-12    6.098841e-26
   80  200    3.396440e-12    2.059874e-26
   80  201    1.493170e-12    2.726303e-25
   80  202    5.447854e-12   -2.544550e-25
   80  203    5.450466e-22    9.507813e-25
   80  204    8.827272e-14   -8.456589e-27
   80  205    4.849774e-24    8.459964e-27
   81  203    3.296964e-12   -5.743412e-25
   81  204    3.292726e-22    5.743843e-25
   81  205    2.532781e-13   -1.681220e-26
   81  206    9.637181e-24    1.681113e-26
   82  204    4.899136e-12   -8.287962e-25
   82  205    9.272223e-12   -9.790458e-25
   82  206    4.705878e-11    3.231174e-26
   82  207    6.282857e-11    6.591596e-25
   82  208    1.298627e-10    9.564276e-25
   82  209    8.882972e-23    1.549549e-25
   83  209    3.106580e-12   -1.655977e-26
   83  210    9.521970e-24    1.661016e-26
    0    1    1.666407e-17    2.369643e-24
    1    1    5.238357e-12   -2.803415e-14
    2    4    2.068382e-08    4.051954e-15
