5.8004e+00
2.1533e-01
6.6416e-01
9.6218e+03
    1    3    2.011249e-23   -4.291637e-29
    2    3    8.200905e-23   -5.303059e-30
    3    6    7.922445e-26   -4.547881e-34
    3    7    2.226390e-27    4.291036e-29
    4    7    7.195438e-29    5.310886e-30
    4    8    1.358060e-16    1.579571e-27
    4   10    2.090976e-28   -2.690251e-33
    5   10    5.806888e-24   -2.312325e-30
    5   11    1.324965e-17    8.300765e-20
    6   11    6.800984e-16   -8.302591e-20
    6   12    7.577186e-04   -2.038300e-17
    6   13    1.579662e-10   -5.807398e-18
    6   14    1.321904e-11    1.266330e-22
    7   13    1.536975e-21   -1.493585e-22
    7   14    7.436728e-13    5.025614e-17
    7   15    5.638157e-11    4.262852e-19
    7   16    4.441769e-24   -9.051547e-26
    7   17    4.069530e-29   -2.841746e-30
    8   14    2.376898e-14   -3.285334e-17
    8   15    3.394531e-16   -4.159621e-19
    8   16    4.583157e-02    6.938894e-18
    8   17    1.742922e-09   -5.343181e-19
    8   18    7.802904e-10    5.935837e-18
    8   19    1.749210e-18   -9.633633e-21
    8   20    2.399079e-25   -2.652363e-27
    9   17    8.277323e-21   -1.229837e-22
    9   18    2.677631e-13   -6.071722e-18
    9   19    4.166448e-13    1.311362e-20
    9   20    2.668316e-17   -3.567278e-19
    9   21    1.428520e-20   -5.125239e-22
    9   22    7.485613e-28   -2.931783e-29
   10   18    4.057540e-26   -3.626291e-27
   10   19    4.006269e-19   -3.472398e-21
   10   20    8.357196e-03   -2.428613e-17
   10   21    2.876110e-05    2.303947e-15
   10   22    3.498385e-06   -1.026011e-17
   10   23    4.112246e-12   -1.649899e-14
   10   24    3.752760e-17   -2.761885e-20
   10   25    7.490762e-28   -1.857152e-28
   11   21    3.609763e-13   -2.395349e-15
   11   22    1.615155e-10   -2.885919e-19
   11   23    1.484588e-04    3.328247e-09
   11   24    1.622804e-08   -4.497142e-14
   11   25    6.717896e-13   -1.682319e-15
   11   26    7.621817e-20   -1.063152e-20
   11   27    2.968965e-28   -1.459560e-28
   12   22    6.868449e-24   -2.655784e-25
   12   23    2.519839e-07   -3.328230e-09
   12   24    2.015306e-03    4.504773e-14
   12   25    4.432675e-04    2.096305e-15
   12   26    2.632853e-04    8.476433e-09
   12   27    1.057178e-09   -2.779884e-13
   12   28    4.354748e-14   -8.637629e-20
   12   29    1.255013e-24   -1.718263e-25
   13   24    2.607916e-20   -1.877849e-21
   13   25    1.915876e-14   -3.982330e-16
   13   26    1.302403e-04   -8.476433e-09
   13   27    2.056113e-04    1.050018e-07
   13   28    1.490716e-07   -1.651027e-10
   13   29    1.354086e-11   -5.103538e-15
   13   30    2.779374e-17   -1.152294e-18
   13   31    5.326772e-24   -1.234528e-24
   14   26    1.185048e-15   -8.003185e-17
   14   27    2.926629e-06   -1.050015e-07
   14   28    2.367310e-04    1.651028e-10
   14   29    6.565121e-05    8.177270e-15
   14   30    2.865613e-05    1.866806e-10
   14   31    8.275439e-09   -1.309499e-13
   14   32    3.343131e-13    1.803137e-23
   14   33    9.289805e-21   -2.243570e-22
   14   34    9.444050e-27   -5.088620e-28
   15   28    7.420127e-22   -4.055266e-22
   15   29    8.434945e-14   -3.070567e-15
   15   30    1.876163e-07   -1.866805e-10
   15   31    2.107768e-06    6.556541e-12
   15   32    2.900687e-10   -3.503360e-17
   15   33    1.317274e-11   -8.991144e-19
   15   34    4.421576e-16   -5.322011e-18
   15   35    1.904023e-20   -5.995328e-23
   16   30    1.097467e-15   -1.388132e-16
   16   31    1.110737e-10   -6.425591e-12
   16   32    1.182874e-06    3.507945e-17
   16   33    2.216893e-08    6.118668e-18
   16   34    2.749748e-07    8.583519e-15
   16   35    5.157766e-11   -1.016384e-18
   16   36    2.959900e-14    1.931264e-24
   16   37    7.759219e-22   -3.860070e-25
   16   38    4.131147e-27   -6.051903e-32
   17   32    6.042195e-28   -3.047314e-28
   17   33    8.754683e-17   -5.205778e-18
   17   34    1.402774e-13   -8.578199e-15
   17   35    1.030390e-08    1.545296e-18
   17   36    5.191208e-12    2.108761e-22
   17   37    2.941607e-14    1.921530e-20
   17   38    9.581001e-19   -6.410163e-23
   17   39    1.124239e-22   -4.993889e-27
   17   40    1.266328e-27   -2.333367e-30
   18   34    1.571098e-23   -2.778319e-24
   18   35    6.239447e-18   -5.231757e-19
   18   36    8.458937e-10    9.822770e-24
   18   37    3.893040e-13   -1.917012e-20
   18   38    2.671034e-10    6.352695e-21
   18   39    5.059074e-14    1.106728e-24
   18   40    1.561634e-14    3.467833e-26
   18   41    8.890343e-19   -2.014103e-23
   18   42    5.633513e-23    1.693300e-33
   18   43    7.028801e-28   -3.255917e-31
   19   37    2.525967e-22   -2.973251e-23
   19   38    3.101060e-18   -6.291203e-21
   19   39    3.819698e-12    2.257783e-24
   19   40    2.462874e-15    9.675379e-26
   19   41    2.843005e-16    2.015413e-23
   19   42    1.128170e-18   -3.784058e-24
   19   43    1.384794e-16   -2.586115e-22
   19   44    3.692775e-20   -4.137799e-24
   19   45    9.027363e-24   -1.261562e-27
   19   46    3.128912e-28   -4.060827e-31
   19   47    5.929150e-30   -5.056818e-32
   20   39    1.849394e-24   -3.209607e-25
   20   40    2.908697e-14    2.814656e-27
   20   41    5.946497e-17    3.820182e-28
   20   42    4.759820e-08   -1.561717e-21
   20   43    1.462751e-08    5.719522e-17
   20   44    7.046451e-08    5.153698e-17
   20   45    3.106634e-11   -3.279689e-19
   20   46    2.019081e-10    6.115155e-19
   20   47    5.400392e-14   -2.054577e-20
   20   48    2.289774e-09   -5.790264e-24
   20   49    3.075752e-15   -8.774079e-19
   20   50    2.991690e-20   -3.212355e-22
   20   51    5.797041e-28   -8.777781e-30
   21   42    1.002057e-25   -2.264246e-26
   21   43    5.366470e-12   -5.719494e-17
   21   44    5.122738e-12   -5.153676e-17
   21   45    6.663910e-09    5.873164e-19
   21   46    2.966243e-11   -1.221626e-18
   21   47    1.593835e-13   -6.163763e-20
   21   48    2.752773e-12   -2.613305e-18
   21   49    1.071924e-13   -3.784215e-18
   21   50    2.697715e-18   -3.626197e-21
   21   51    7.107999e-23   -8.555427e-25
   21   52    4.957843e-29   -9.257779e-31
   22   44    5.825630e-16   -5.756190e-26
   22   45    1.925983e-14   -2.592514e-19
   22   46    2.017782e-08    6.102475e-19
   22   47    7.854740e-09    1.238564e-16
   22   48    1.436247e-08    2.734636e-18
   22   49    1.732967e-08    4.693208e-18
   22   50    5.602386e-08    4.268252e-21
   22   51    9.507083e-12   -4.077427e-15
   22   52    8.919377e-16   -1.305128e-18
   22   53    4.821673e-21   -2.200744e-23
   23   46    2.756287e-23   -9.741451e-24
   23   47    1.622100e-12   -1.237742e-16
   23   48    1.120498e-12   -1.211913e-19
   23   49    6.009436e-12   -2.758742e-20
   23   50    2.138753e-12    2.600287e-24
   23   51    4.902307e-09    4.077465e-15
   23   52    9.925407e-12   -6.582660e-15
   23   53    2.232396e-15   -3.470711e-18
   23   54    6.705580e-20   -2.009682e-22
   23   55    5.116849e-24   -1.174925e-25
   24   47    6.563199e-28   -2.129502e-28
   24   48    5.494934e-18   -1.054686e-23
   24   49    6.535501e-17   -3.870781e-21
   24   50    9.366341e-13   -7.047999e-26
   24   51    6.126132e-13   -3.677260e-20
   24   52    5.576504e-08    6.583964e-15
   24   53    1.073397e-08    3.470577e-18
   24   54    1.368917e-07    2.490806e-20
   24   55    3.054790e-11   -2.171115e-14
   24   56    5.402287e-15   -2.277690e-18
   24   57    2.136373e-20   -1.511169e-22
   24   58    6.878125e-25   -7.890676e-27
   25   50    7.536670e-26   -2.952952e-26
   25   51    2.658552e-17   -1.431433e-21
   25   52    2.006030e-17   -1.058031e-23
   25   53    3.554696e-12    8.849379e-25
   25   54    4.573023e-12   -2.530372e-20
   25   55    3.450313e-08    2.171117e-14
   25   56    6.635649e-11   -1.064028e-15
   25   57    3.201941e-14   -5.309967e-17
   25   58    1.051056e-18   -5.229059e-20
   25   59    4.272258e-22   -1.386181e-23
   25   60    9.597245e-28   -7.957840e-29
   26   52    3.770978e-23   -1.890526e-28
   26   53    9.488238e-22   -2.773474e-25
   26   54    4.439858e-09   -2.646978e-22
   26   55    1.055085e-11    7.483975e-20
   26   56    1.766027e-06    1.066261e-15
   26   57    9.976213e-07    5.363137e-17
   26   58    5.173069e-06    8.555033e-19
   26   59    2.950294e-09   -1.128714e-16
   26   60    1.010814e-12    1.210400e-22
   26   61    1.408715e-17   -5.840348e-21
   26   62    1.033766e-21   -2.268989e-24
   26   63    5.310592e-28   -5.351876e-30
   27   55    3.937606e-14   -9.307139e-20
   27   56    2.187037e-16   -4.790739e-24
   27   57    8.726483e-11   -5.556429e-19
   27   58    3.561092e-11   -8.794199e-19
   27   59    2.031169e-06    1.128510e-16
   27   60    3.796950e-09   -5.036185e-14
   27   61    4.723051e-12   -1.186676e-16
   27   62    1.440024e-15   -1.106782e-18
   27   63    7.469327e-19   -4.053860e-21
   27   64    9.179099e-28   -4.566475e-28
   27   65    4.129956e-27   -7.179160e-29
   28   56    1.162469e-20   -3.292118e-27
   28   57    8.453641e-20   -9.735767e-26
   28   58    6.180599e-10    1.022519e-20
   28   59    3.461435e-11    2.554114e-20
   28   60    2.664163e-06    5.036185e-14
   28   61    1.014728e-06    3.962323e-16
   28   62    2.259862e-06    5.716616e-15
   28   63    3.782315e-09   -1.121161e-20
   28   64    1.389255e-06    5.334154e-15
   28   65    3.496904e-10   -5.753072e-15
   28   66    1.226760e-13   -9.314137e-20
   28   67    1.980990e-18   -1.642605e-20
   28   68    1.737022e-22   -3.399619e-25
   28   69    2.822731e-29   -2.144013e-31
   29   58    5.406957e-30   -2.521882e-31
   29   59    1.401173e-17   -2.550348e-20
   29   60    7.046379e-17   -7.620931e-21
   29   61    2.276262e-11   -2.775624e-16
   29   62    2.237922e-11   -5.715502e-15
   29   63    8.673036e-07    2.210756e-19
   29   64    3.985368e-09   -1.053806e-14
   29   65    1.073300e-06    5.770345e-15
   29   66    2.527934e-09   -1.233002e-12
   29   67    6.365059e-12   -4.246191e-18
   29   68    1.174168e-15   -5.934336e-18
   29   69    8.870884e-19   -7.355556e-22
   29   70    2.878666e-24   -6.614507e-26
   29   71    3.985602e-28   -7.838471e-30
   30   60    2.352207e-24   -2.437990e-27
   30   61    1.650262e-22   -2.736735e-25
   30   62    1.247238e-16   -5.663465e-22
   30   63    3.168047e-15   -2.068416e-19
   30   64    8.400870e-07    5.203942e-15
   30   65    2.451753e-09    6.620349e-17
   30   66    1.307166e-06    1.233002e-12
   30   67    2.765150e-07    1.912828e-17
   30   68    1.323876e-06    1.818753e-16
   30   69    8.222840e-10   -3.614100e-14
   30   70    1.373194e-10    1.304850e-13
   30   71    1.302484e-14   -8.220642e-18
   30   72    1.791262e-17   -1.596888e-23
   30   73    2.428585e-22   -1.542437e-24
   30   74    3.838627e-26   -6.030770e-29
   31   63    2.612026e-26   -1.241565e-28
   31   64    4.889723e-22   -4.642515e-25
   31   65    5.032808e-13   -8.346183e-17
   31   66    1.993961e-14   -8.791811e-20
   31   67    2.806003e-11   -1.485823e-17
   31   68    4.829866e-12   -1.759065e-16
   31   69    1.583935e-07    3.614111e-14
   31   70    1.108905e-09   -2.609075e-13
   31   71    1.404731e-07    1.579788e-16
   31   72    2.925439e-10   -8.601284e-16
   31   73    1.227567e-12   -1.047223e-17
   31   74    5.435376e-16   -1.627604e-19
   31   75    4.893579e-19   -5.796670e-22
   31   76    8.667590e-24   -4.773626e-26
   31   77    3.047920e-27   -3.499306e-29
   32   65    3.530714e-28   -1.700065e-30
   32   66    1.504797e-18   -2.712495e-23
   32   67    8.220143e-20   -1.093473e-23
   32   68    2.336974e-16   -1.401840e-24
   32   69    9.749671e-14   -1.036404e-19
   32   70    2.277003e-07    1.304225e-13
   32   71    9.712177e-10   -1.485561e-16
   32   72    2.393861e-07    8.601734e-16
   32   73    4.183286e-08    1.057877e-17
   32   74    1.756152e-07    1.753888e-19
   32   75    3.494262e-10   -6.513008e-15
   32   76    1.293014e-11    8.066895e-16
   32   77    4.003189e-15   -7.566024e-20
   32   78    3.453261e-18   -9.761468e-23
   32   79    1.030857e-22   -8.097792e-25
   32   80    1.539645e-26   -7.789707e-29
   33   67    1.643617e-29   -5.772064e-32
   33   68    1.234387e-27   -1.213665e-30
   33   69    9.758877e-24   -1.607658e-27
   33   70    2.389854e-19   -1.121671e-23
   33   71    1.848492e-12   -1.197433e-18
   33   72    2.339590e-14   -3.730330e-20
   33   73    4.259772e-12   -9.164174e-20
   33   74    1.883059e-13   -2.416020e-20
   33   75    1.950570e-08    6.513008e-15
   33   76    5.033234e-10   -1.597067e-15
   33   77    2.447009e-12   -2.538674e-18
   33   78    2.561428e-15   -7.069756e-20
   33   79    9.000633e-18   -2.729613e-21
   33   80    2.262529e-21   -2.221617e-23
   33   81    2.672498e-24   -1.173173e-26
   33   82    2.563324e-29   -2.732726e-31
   34   70    2.156045e-27   -1.304918e-31
   34   71    2.622611e-24   -1.376346e-27
   34   72    8.572084e-18   -1.742151e-24
   34   73    2.897912e-19   -1.959894e-24
   34   74    7.098107e-17    5.857794e-21
   34   75    2.034931e-13   -2.929719e-21
   34   76    4.975303e-08    7.903881e-16
   34   77    1.817306e-08    2.915272e-18
   34   78    7.028632e-08    3.355223e-17
   34   79    2.795477e-10    1.333467e-20
   34   80    4.232042e-09    2.032283e-15
   34   81    8.128103e-12   -5.512719e-16
   34   82    3.186029e-12    1.297380e-16
   34   83    3.680340e-16   -4.373495e-20
   34   84    2.011525e-19   -1.614111e-22
   34   85    2.666751e-26   -1.206109e-28
   35   73    5.321068e-26   -4.011013e-29
   35   74    2.293941e-25   -2.020844e-29
   35   75    6.765557e-22   -1.753080e-26
   35   76    1.208900e-18   -3.132461e-24
   35   77    4.109070e-13   -2.988596e-19
   35   78    8.695048e-14   -3.348508e-17
   35   79    8.089545e-09    4.078000e-21
   35   80    2.522725e-10   -3.472855e-14
   35   81    7.166311e-09    5.512681e-16
   35   82    1.104664e-10   -4.056915e-16
   35   83    8.416887e-13   -1.449598e-17
   35   84    9.424898e-16   -8.541313e-20
   35   85    1.533442e-18   -1.329090e-21
   35   86    2.475279e-24   -6.841431e-27
   35   87    3.307829e-29   -9.059543e-32
   36   76    6.811095e-25   -1.934156e-30
   36   77    1.665055e-21   -5.567058e-26
   36   78    2.469859e-18    3.353302e-21
   36   79    1.225098e-14   -1.455324e-20
   36   80    2.100213e-08    3.269627e-14
   36   81    2.549247e-10    5.894017e-19
   36   82    5.084909e-08    2.759586e-16
   36   83    1.577149e-08    1.454754e-17
   36   84    5.819782e-08    8.846862e-20
   36   85    2.108209e-10   -8.466835e-20
   36   86    4.647144e-10    1.369733e-17
   36   87    8.334450e-15   -2.727855e-19
   36   88    1.991744e-18   -2.908718e-23
   36   89    2.572995e-24   -2.012679e-27
   36   90    3.519722e-29   -1.626400e-31
   37   78    1.320319e-28   -5.473882e-32
   37   79    3.126493e-24   -3.381424e-28
   37   80    1.977398e-20   -9.837701e-23
   37   81    6.413790e-14   -5.805877e-19
   37   82    1.895077e-15   -1.247038e-20
   37   83    2.165065e-13   -4.339188e-21
   37   84    2.482006e-14   -1.307482e-21
   37   85    8.313207e-09    8.611116e-20
   37   86    1.477309e-10   -2.726740e-17
   37   87    6.018302e-11    2.729327e-19
   37   88    1.252025e-14   -1.749655e-18
   37   89    1.429448e-17   -2.339348e-21
   37   90    4.310252e-22   -4.204659e-25
   37   91    5.283691e-26   -1.359658e-28
   38   80    1.427605e-27   -3.288163e-32
   38   81    4.563782e-24   -5.113777e-28
   38   82    8.811300e-20   -5.969379e-27
   38   83    1.080231e-20   -1.381548e-26
   38   84    6.082089e-19    5.344498e-25
   38   85    9.605079e-15   -2.556761e-22
   38   86    1.953686e-08    1.356909e-17
   38   87    1.268794e-08    1.530780e-20
   38   88    3.428529e-08    1.756998e-18
   38   89    2.003734e-11   -6.820423e-19
   38   90    2.071496e-14   -1.363508e-24
   38   91    1.680758e-18   -7.333998e-24
   38   92    4.774530e-22   -7.304198e-27
   38   93    4.091027e-27   -1.375199e-30
   39   83    7.438342e-27   -6.492316e-30
   39   84    1.149131e-27   -3.728484e-29
   39   85    6.960200e-24   -1.068755e-28
   39   86    2.047977e-20   -5.760112e-26
   39   87    2.934486e-14   -1.515038e-20
   39   88    2.066193e-14   -3.348392e-22
   39   89    5.027728e-09    6.846243e-19
   39   90    1.929908e-11   -1.247964e-17
   39   91    9.522505e-14   -2.796186e-21
   39   92    8.677898e-17   -1.016620e-21
   39   93    2.826268e-19   -1.148701e-24
   39   94    1.145580e-22   -1.523884e-26
   39   95    6.640084e-26   -1.603636e-29
   40   86    1.726359e-27   -4.337598e-33
   40   87    8.255277e-24   -2.139094e-28
   40   88    2.029106e-20   -4.203068e-28
   40   89    2.259175e-17   -1.194715e-23
   40   90    2.234748e-09    1.248025e-17
   40   91    5.559671e-10    2.882621e-21
   40   92    7.281958e-10    1.071302e-21
   40   93    1.230098e-10    5.492996e-23
   40   94    4.101472e-10   -1.070165e-23
   40   95    7.092012e-13   -1.909062e-20
   40   96    7.309206e-13   -4.530381e-22
   40   97    1.066222e-17   -2.613680e-23
   40   98    5.656744e-22   -2.723491e-24
   40   99    5.414416e-29    1.237928e-35
   41   88    1.861308e-30   -3.237803e-34
   41   89    4.093748e-27   -1.542940e-31
   41   90    2.249146e-23   -6.386937e-29
   41   91    1.272736e-15   -9.689776e-27
   41   92    2.702752e-16   -7.457733e-23
   41   93    7.125845e-14    3.307031e-25
   41   94    1.254111e-15    5.540111e-26
   41   95    5.705840e-17    1.913835e-20
   41   96    5.031013e-19    4.522775e-22
   41   97    1.339796e-20    2.569394e-23
   41   98    3.826859e-23    7.539429e-25
   41   99    1.369428e-27   -1.362604e-29
   42   91    2.992673e-27   -4.802820e-31
   42   92    3.767562e-17    7.457788e-23
   42   93    4.021602e-18    1.112325e-28
   42   94    1.091256e-12   -3.065577e-25
   42   95    3.422481e-11   -2.066659e-23
   42   96    9.467932e-11    4.756289e-24
   42   97    1.372037e-11    1.770199e-23
   42   98    7.553721e-11   -9.564276e-25
   42   99    2.048012e-14   -1.284608e-20
   42  100    1.936215e-15    6.579846e-18
   42  101    7.646439e-20   -1.302771e-23
   42  102    7.999057e-23   -1.808915e-26
   42  103    1.753137e-27   -4.360968e-30
   43   93    7.155160e-24   -1.098691e-28
   43   94    2.153798e-23   -1.822398e-28
   43   95    2.434824e-18   -5.047438e-24
   43   96    6.146349e-18   -2.713879e-24
   43   97    4.734993e-17    3.864066e-26
   43   98    1.011528e-16   -2.010979e-28
   43   99    2.716379e-13    1.285886e-20
   43  100    6.965473e-16   -1.315969e-17
   43  101    1.493185e-17   -2.584412e-21
   43  102    2.324318e-21   -6.543631e-23
   43  103    1.247667e-23   -3.723895e-26
   43  104    2.125855e-27   -2.921568e-31
   44   95    5.227795e-27   -1.313564e-31
   44   96    2.583370e-23    2.447458e-25
   44   97    6.497837e-20   -3.870479e-26
   44   98    1.494810e-13   -7.429176e-26
   44   99    7.749873e-12   -1.054494e-23
   44  100    3.690061e-11    6.579842e-18
   44  101    4.122770e-12    2.607552e-21
   44  102    1.029798e-13    7.090678e-23
   44  103    1.589393e-16   -6.902426e-24
   44  104    7.915269e-15    3.093816e-16
   44  105    9.279405e-20   -8.651453e-25
   44  106    7.218532e-23   -2.931713e-31
   44  107    3.543681e-27   -2.098816e-30
   45   97    1.543031e-29   -8.723494e-34
   45   98    1.212798e-25   -8.619654e-29
   45   99    1.906589e-19   -2.058605e-26
   45  100    4.343088e-19   -8.656350e-25
   45  101    5.084265e-17   -7.295100e-26
   45  102    3.524758e-16   -5.835534e-25
   45  103    7.362553e-12    4.930772e-24
   45  104    8.768249e-14   -6.187633e-16
   45  105    2.711267e-15   -3.175195e-21
   45  106    5.615346e-18   -2.812429e-20
   45  107    5.476188e-20   -6.277505e-24
   45  108    3.307114e-23   -2.938063e-25
   45  109    1.506089e-25   -2.809838e-28
   45  110    1.109201e-29   -5.518331e-31
   46   99    2.058320e-29   -2.392588e-33
   46  100    1.318143e-26   -6.154092e-33
   46  101    3.617178e-25   -1.770592e-30
   46  102    6.143549e-19    7.588874e-27
   46  103    9.587939e-17   -9.766063e-24
   46  104    2.169840e-11    3.093816e-16
   46  105    4.257606e-12    3.181009e-21
   46  106    2.269253e-11    4.171122e-20
   46  107    1.229019e-13    1.595720e-23
   46  108    2.497691e-11    1.633476e-16
   46  109    3.268516e-14   -9.894373e-20
   46  110    1.755079e-14    2.702493e-16
   46  111    1.863894e-18   -1.987037e-22
   46  112    7.443578e-21   -1.467366e-26
   46  113    1.963709e-25   -3.151480e-28
   46  114    1.529392e-29   -1.574226e-32
   47  103    7.356998e-25   -2.785505e-29
   47  104    5.060202e-22   -1.818995e-26
   47  105    3.726160e-18   -1.558977e-25
   47  106    1.308831e-16   -1.372403e-20
   47  107    4.122533e-12   -5.963940e-24
   47  108    1.556297e-13   -3.211524e-16
   47  109    6.543690e-12    9.897031e-20
   47  110    4.454295e-14   -5.396891e-16
   47  111    1.752427e-15   -2.072724e-22
   47  112    4.223392e-18   -5.576606e-23
   47  113    3.147633e-20   -2.430837e-25
   47  114    3.705710e-24   -1.202358e-25
   47  115    1.232288e-26   -1.532673e-30
   48  104    1.638187e-30   -7.062525e-35
   48  105    1.970249e-27   -8.830742e-32
   48  106    3.938856e-21    1.356543e-22
   48  107    3.983864e-19   -2.541040e-24
   48  108    3.559513e-13    1.578048e-16
   48  109    8.186346e-15   -3.026006e-23
   48  110    2.097939e-11    2.694398e-16
   48  111    2.585281e-12    4.352412e-22
   48  112    2.060474e-11    4.569136e-20
   48  113    8.504081e-14    9.241474e-24
   48  114    3.410163e-11    4.805944e-16
   48  115    3.106754e-14   -2.414003e-20
   48  116    2.974874e-15    5.427209e-19
   48  117    6.186044e-19   -1.030391e-23
   48  118    2.346422e-21   -1.159624e-25
   48  119    6.291856e-26   -5.832715e-29
   49  107    5.552395e-29   -4.262884e-33
   49  108    1.347943e-25   -5.781129e-30
   49  109    6.107056e-21   -6.028365e-26
   49  110    1.073568e-21   -9.083791e-27
   49  111    3.395938e-17   -2.091516e-23
   49  112    2.746640e-16   -6.572657e-20
   49  113    5.832891e-12   -1.491348e-23
   49  114    2.315191e-13   -9.587869e-16
   49  115    1.141293e-14    2.415053e-20
   49  116    5.127143e-17   -1.085332e-18
   49  117    1.168882e-18   -5.705342e-23
   49  118    1.023688e-21   -3.044169e-23
   49  119    9.063943e-24   -9.336168e-27
   49  120    1.448029e-27   -7.016942e-29
   49  121    4.264402e-30   -2.755273e-32
   50  110    4.033898e-29   -4.069109e-34
   50  111    1.374211e-26   -9.683857e-31
   50  112    4.783109e-19    2.008633e-20
   50  113    3.168585e-19   -4.756098e-27
   50  114    4.157694e-13    4.781925e-16
   50  115    4.897057e-12   -4.705398e-24
   50  116    4.273454e-11    5.426088e-19
   50  117    5.413842e-12    8.269544e-23
   50  118    5.882311e-11    7.396804e-23
   50  119    2.134070e-12    4.906696e-22
   50  120    6.577672e-11    5.259251e-20
   50  121    7.123161e-14   -1.092535e-19
   50  122    5.073617e-13    2.043169e-20
   50  123    1.934928e-16   -2.540862e-24
   50  124    5.857695e-14    9.780247e-24
   50  125    6.978935e-18   -1.248049e-24
   50  126    7.654020e-21    6.802520e-31
   50  127    2.638157e-25   -5.208206e-30
   50  128    3.109881e-29    1.168213e-38
   51  113    1.304642e-29   -4.865581e-33
   51  114    2.179987e-27   -1.553811e-30
   51  115    3.854675e-21   -2.987131e-25
   51  116    3.758308e-20   -5.917031e-24
   51  117    3.916962e-19   -5.799765e-24
   51  118    7.317519e-20   -5.056287e-23
   51  119    4.425084e-16   -4.803747e-22
   51  120    3.359953e-16   -5.287946e-20
   51  121    3.430389e-12    1.092708e-19
   51  122    3.221659e-14   -4.039423e-20
   51  123    9.001803e-14    2.623335e-24
   51  124    3.409048e-16   -1.947654e-23
   51  125    3.870931e-18    1.244324e-24
   51  126    3.484995e-21   -4.841488e-28
   51  127    9.213453e-24    1.081469e-30
   51  128    1.642092e-27   -7.562698e-33
   51  129    1.568853e-29   -1.481960e-34
   52  116    3.818783e-29   -6.358373e-34
   52  117    1.004156e-28   -4.028833e-33
   52  118    3.185373e-25   -9.171180e-32
   52  119    1.582310e-23   -4.092259e-29
   52  120    2.059678e-17    2.803962e-22
   52  121    1.378444e-16   -1.419162e-23
   52  122    1.064621e-11    1.995970e-20
   52  123    1.283926e-12    5.614771e-24
   52  124    2.049918e-11    3.509055e-24
   52  125    5.563816e-13    2.545802e-23
   52  126    2.619273e-11    7.199056e-23
   52  127    4.869695e-14   -2.156585e-19
   52  128    5.777331e-13    3.772140e-18
   52  129    9.357865e-16   -3.341346e-20
   52  130    1.837058e-12    4.236877e-24
   52  131    3.303748e-16   -3.287284e-20
   52  132    3.756224e-19   -2.023603e-25
   52  133    2.158786e-23   -4.296028e-27
   52  134    2.982837e-27    5.016948e-37
   53  120    1.056621e-30   -3.244902e-35
   53  121    2.313725e-24   -4.524740e-29
   53  122    7.930559e-23   -5.434584e-26
   53  123    1.001186e-19   -3.127997e-25
   53  124    2.516738e-20   -1.053249e-26
   53  125    6.038923e-16   -1.756054e-23
   53  126    5.878910e-16   -1.145242e-22
   53  127    3.575831e-12    2.156854e-19
   53  128    3.789506e-14   -7.282575e-18
   53  129    6.210737e-16    3.341359e-20
   53  130    1.289214e-18   -8.647633e-24
   53  131    7.777838e-19    3.287276e-20
   53  132    2.247641e-23    2.019828e-25
   53  133    1.251729e-25    4.295785e-27
   53  134    1.941245e-30   -9.196571e-35
   53  135    3.380850e-29   -2.129205e-34
   54  123    2.459275e-29   -4.901874e-34
   54  124    4.748923e-24    1.218399e-28
   54  125    2.260847e-22   -5.546375e-28
   54  126    8.087510e-17    3.705662e-23
   54  127    5.436961e-16   -2.584305e-23
   54  128    1.180797e-11    3.510432e-18
   54  129    2.336880e-12    4.755481e-24
   54  130    2.030726e-11    9.134530e-24
   54  131    1.049103e-12    2.360712e-22
   54  132    4.003072e-11    3.061925e-22
   54  133    7.523864e-14   -2.478246e-20
   54  134    1.533809e-13    1.348006e-26
   54  135    9.661089e-15   -4.382980e-20
   54  136    8.055578e-12   -2.584939e-26
   54  137    6.638590e-20   -4.324152e-23
   54  138    4.973781e-26    6.912552e-34
   55  126    2.921060e-29   -4.430652e-32
   55  127    1.031757e-23   -6.843979e-29
   55  128    2.095504e-22   -1.421631e-25
   55  129    8.948682e-20   -1.161404e-25
   55  130    1.010913e-19   -8.621793e-24
   55  131    1.289657e-15   -2.299701e-22
   55  132    1.189788e-15   -3.170991e-22
   55  133    4.519893e-12    2.478334e-20
   55  134    5.776876e-14   -1.267846e-22
   55  135    7.474311e-16    4.382990e-20
   55  136    2.330948e-18   -3.074875e-25
   55  137    7.701288e-21    4.326768e-23
   55  138    3.853752e-28   -2.860916e-32
   56  129    1.216248e-28   -2.260628e-33
   56  130    9.859396e-23    1.379415e-25
   56  131    2.267008e-21   -3.404080e-28
   56  132    2.445808e-16    5.929823e-24
   56  133    1.193683e-15   -5.368116e-25
   56  134    1.262954e-11    1.261305e-22
   56  135    2.830992e-12    3.461395e-24
   56  136    5.235471e-11    7.624279e-23
   56  137    2.463761e-11    5.547926e-24
   56  138    3.978791e-10    6.203855e-25
   56  139    2.221463e-16   -6.652919e-21
   56  140    5.761139e-21   -7.708864e-28
   56  141    2.022589e-27   -2.743122e-31
   57  132    1.330976e-28   -1.148245e-33
   57  133    1.911156e-23   -2.023015e-28
   57  134    2.795560e-22   -1.078144e-25
   57  135    6.000092e-20   -1.275702e-25
   57  136    3.335376e-19   -8.411202e-23
   57  137    2.949997e-15    1.711473e-26
   57  138    2.115121e-14   -2.549914e-26
   57  139    3.732962e-11    6.768948e-21
   57  140    2.437063e-16   -2.459730e-22
   57  141    2.882236e-20   -3.050086e-25
   57  142    1.150777e-25   -3.133600e-30
   58  135    6.193254e-28   -1.451189e-33
   58  136    1.840531e-22    2.186225e-26
   58  137    4.653073e-21   -2.140069e-26
   58  138    4.491386e-16    8.904120e-26
   58  139    9.249703e-15   -2.399296e-23
   58  140    9.336440e-11    3.388600e-19
   58  141    2.168887e-15   -1.105419e-22
   58  142    2.944886e-15    8.450672e-25
   58  143    3.520782e-20   -4.392752e-26
   58  144    1.958092e-22   -1.181711e-30
   58  145    1.954191e-28   -1.611295e-31
   58  146    1.090726e-28    5.784560e-42
   59  136    1.439631e-30   -2.733689e-34
   59  137    1.066040e-24   -3.451379e-29
   59  138    5.206175e-23   -8.931427e-26
   59  139    9.803142e-18   -9.202020e-23
   59  140    4.605539e-16   -3.386130e-19
   59  141    7.802382e-12    3.564349e-21
   59  142    1.947177e-15   -4.220300e-21
   59  143    6.311767e-18   -7.586043e-25
   59  144    5.014600e-22   -7.195941e-26
   59  145    3.100875e-24   -2.136467e-29
   59  146    1.268421e-29   -1.303697e-33
   60  138    4.153746e-27   -3.425108e-32
   60  139    1.092808e-24   -9.163159e-29
   60  140    9.685814e-19   -4.967771e-25
   60  141    2.072846e-16   -3.452861e-21
   60  142    2.539568e-11    4.222780e-21
   60  143    9.855703e-14    9.419769e-24
   60  144    8.544290e-12   -1.804611e-24
   60  145    4.864733e-15    2.383094e-24
   60  146    7.587142e-13   -1.647899e-25
   60  147    2.573875e-17   -3.876038e-24
   60  148    4.705287e-17    6.089020e-30
   60  149    4.541743e-22   -1.088882e-26
   60  150    4.913939e-22    2.458194e-34
   60  151    1.291689e-26   -2.584175e-30
   61  141    7.387077e-25   -8.820323e-29
   61  142    1.089769e-21   -4.016048e-24
   61  143    6.589186e-16   -3.417280e-24
   61  144    1.947295e-17   -2.769560e-24
   61  145    1.246915e-15    8.339321e-23
   61  146    5.273085e-18   -1.909046e-27
   61  147    4.359501e-16    3.261160e-24
   61  148    1.466995e-19   -4.623840e-26
   61  149    5.495894e-20   -3.204945e-26
   61  150    5.960228e-24   -9.207627e-29
   61  151    2.120854e-25    2.274011e-30
   61  152    3.212088e-29   -1.940913e-32
   62  142    7.627481e-25   -2.617068e-29
   62  143    3.088638e-21   -8.780686e-25
   62  144    2.285630e-14    2.668297e-24
   62  145    1.649271e-14   -8.301449e-23
   62  146    1.137625e-12    9.459263e-25
   62  147    2.409229e-14    3.003160e-23
   62  148    2.865046e-12   -1.902354e-25
   62  149    2.208108e-15    3.251933e-22
   62  150    1.163005e-12   -6.395706e-25
   62  151    3.592960e-16    6.341312e-25
   62  152    2.418421e-13   -5.275902e-26
   62  153    1.144182e-16   -1.020999e-22
   62  154    1.114384e-15   -2.628879e-28
   62  155    2.281487e-19   -2.541117e-23
   62  156    2.181455e-22   -9.632012e-28
   62  157    3.885378e-27   -1.203059e-30
   63  144    8.050677e-26   -1.178021e-27
   63  145    2.529805e-18   -7.374614e-25
   63  146    4.300868e-18   -1.612851e-24
   63  147    3.986838e-16   -2.858115e-23
   63  148    4.494996e-17   -1.429802e-24
   63  149    1.742346e-14   -3.159123e-22
   63  150    7.545943e-17   -1.019306e-22
   63  151    1.561313e-13    7.332569e-24
   63  152    4.029038e-16    5.294989e-25
   63  153    2.229137e-13    1.266060e-22
   63  154    5.859656e-16    4.878010e-25
   63  155    1.515508e-17    2.540016e-23
   63  156    1.691718e-20   -9.320225e-28
   63  157    7.440770e-23   -2.021525e-28
   63  158    8.051547e-27   -4.369022e-31
   64  145    4.034895e-30   -4.363897e-34
   64  146    1.636996e-21   -5.859525e-29
   64  147    2.668211e-20   -2.906698e-26
   64  148    1.059774e-17    6.694970e-27
   64  149    4.082894e-17   -7.598337e-24
   64  150    1.184082e-14    1.019854e-22
   64  151    5.726188e-16   -7.972295e-24
   64  152    5.767388e-13   -7.466032e-25
   64  153    3.506658e-15   -2.430092e-23
   64  154    1.073339e-12   -1.158780e-24
   64  155    7.668950e-15    7.495821e-23
   64  156    2.165261e-12    8.104997e-24
   64  157    1.121902e-14    5.547169e-24
   64  158    2.245129e-12   -1.321550e-24
   64  159    9.121920e-16   -2.045888e-21
   64  160    1.815713e-17    8.926732e-28
   64  161    1.204712e-21   -8.172927e-25
   64  162    3.836205e-25   -1.136028e-28
   64  163    2.921930e-30   -6.413221e-33
   65  150    6.120492e-28   -7.307968e-33
   65  151    1.550947e-23   -3.650913e-29
   65  152    3.956272e-24   -9.137748e-30
   65  153    1.220248e-19   -9.016120e-26
   65  154    2.321952e-20   -4.477238e-26
   65  155    2.263112e-16   -7.335043e-23
   65  156    3.280817e-17   -1.238700e-23
   65  157    4.568665e-14    4.320265e-22
   65  158    1.571089e-15    1.322697e-25
   65  159    3.223351e-13    2.100934e-21
   65  160    7.348415e-16   -1.670799e-23
   65  161    1.050718e-17   -1.815131e-24
   65  162    7.292890e-21   -2.386873e-24
   65  163    1.453024e-23   -1.853549e-27
   65  164    8.204589e-28   -6.802967e-31
   66  152    1.350586e-26   -2.349776e-31
   66  153    5.754780e-25   -3.733901e-30
   66  154    1.928638e-20    4.471574e-29
   66  155    1.897601e-20   -7.955775e-26
   66  156    1.748873e-16    1.788201e-24
   66  157    8.544987e-17   -4.352462e-22
   66  158    1.068853e-13   -2.499111e-25
   66  159    4.564603e-15    2.046670e-23
   66  160    1.375961e-12    3.730956e-23
   66  161    1.151566e-14    2.170624e-20
   66  162    1.702994e-12    8.965290e-21
   66  163    3.480632e-15    1.813090e-24
   66  164    2.938382e-13    6.865581e-20
   66  165    3.619471e-17   -6.429859e-22
   66  166    2.142232e-20   -1.084882e-26
   66  167    3.517509e-25   -1.411220e-28
   66  168    2.755418e-29   -7.877993e-33
   67  156    5.995827e-28   -2.663369e-32
   67  157    4.884456e-23   -9.643104e-27
   67  158    6.327381e-23   -1.379709e-26
   67  159    9.911754e-19   -7.471231e-23
   67  160    2.245148e-19   -2.077737e-23
   67  161    1.298448e-15   -2.168110e-20
   67  162    5.405711e-17   -9.168709e-21
   67  163    9.833026e-14    4.182803e-20
   67  164    1.333999e-15   -1.144264e-19
   67  165    3.831165e-13    5.161616e-20
   67  166    3.135033e-16   -4.835187e-22
   67  167    1.747110e-18   -2.414233e-23
   67  168    2.449047e-22   -2.042021e-25
   67  169    1.756867e-25   -9.265529e-29
   67  170    4.498870e-30   -4.044853e-33
   68  157    3.423393e-29   -4.562036e-33
   68  158    7.273361e-24   -1.317433e-28
   68  159    3.106010e-23   -2.146190e-27
   68  160    6.776550e-19   -9.819556e-25
   68  161    1.595323e-18   -2.052635e-23
   68  162    4.299156e-15    2.041175e-22
   68  163    1.261149e-15   -4.182658e-20
   68  164    7.202293e-13    4.584607e-20
   68  165    1.273952e-14   -5.043848e-20
   68  166    2.115958e-12    8.674540e-22
   68  167    1.294168e-14    1.915534e-20
   68  168    9.051302e-13    9.292776e-23
   68  169    3.892818e-16   -7.109071e-23
   68  170    1.041604e-16    2.213218e-26
   68  171    8.529922e-21   -4.694022e-26
   68  172    2.995000e-24   -2.521280e-30
   68  173    2.337464e-29   -4.153195e-32
   69  160    2.322167e-30   -6.145167e-34
   69  161    5.491901e-25   -4.528585e-29
   69  162    2.797840e-24   -3.212190e-28
   69  163    8.533042e-20   -1.953337e-24
   69  164    6.167122e-20   -7.668419e-23
   69  165    3.863647e-16   -5.329904e-22
   69  166    7.151642e-17   -3.651701e-22
   69  167    1.024007e-13   -1.307518e-20
   69  168    5.023764e-15   -9.296075e-23
   69  169    4.230396e-13    6.699730e-22
   69  170    1.251492e-15   -1.601288e-23
   69  171    1.663798e-17    9.475816e-27
   69  172    8.522587e-21   -5.533637e-27
   69  173    1.697640e-23   -8.525121e-29
   69  174    1.541133e-27   -7.099170e-31
   70  163    9.579987e-27   -2.156612e-30
   70  164    6.156485e-22   -2.019479e-26
   70  165    3.797479e-21   -9.541836e-25
   70  166    2.757106e-17   -2.017163e-23
   70  167    4.259058e-17   -6.054013e-21
   70  168    5.245099e-14    5.097304e-25
   70  169    1.111951e-14   -5.833776e-22
   70  170    1.839502e-12    1.859298e-23
   70  171    4.418520e-14    1.972351e-21
   70  172    3.976262e-12    3.333263e-22
   70  173    1.439105e-14    8.231369e-22
   70  174    5.558016e-13    5.469267e-24
   70  175    8.260270e-17   -3.384436e-23
   70  176    5.970275e-20    7.379768e-29
   70  177    2.824116e-24   -6.125059e-29
   70  178    5.265264e-28   -1.769808e-32
   71  166    2.110226e-27   -1.980848e-30
   71  167    2.964767e-22   -1.432029e-26
   71  168    1.367578e-21   -6.183654e-25
   71  169    1.291205e-17   -1.564872e-23
   71  170    5.441428e-18   -3.153459e-24
   71  171    9.395780e-15   -1.962160e-21
   71  172    1.306384e-15   -3.293622e-22
   71  173    2.372493e-13    3.412897e-21
   71  174    3.943435e-15   -2.858207e-23
   71  175    2.055307e-13    8.550170e-22
   71  176    2.100644e-16    4.434649e-25
   71  177    7.757541e-19   -2.009855e-25
   71  178    1.993997e-22   -1.750520e-26
   71  179    1.984537e-25   -1.794790e-30
   71  180    1.195881e-29   -5.218771e-33
   72  167    8.759448e-30   -1.062898e-32
   72  168    1.675161e-24   -1.602709e-28
   72  169    2.610653e-23   -2.008487e-26
   72  170    5.843389e-19   -1.514119e-24
   72  171    2.149144e-18   -7.357195e-24
   72  172    2.904317e-15   -7.355033e-24
   72  173    2.410871e-15   -4.233346e-21
   72  174    4.222732e-13    2.292791e-23
   72  175    3.329581e-14   -7.759731e-22
   72  176    4.496389e-12    7.924455e-25
   72  177    2.348645e-14    1.204717e-21
   72  178    1.491963e-12    8.150706e-22
   72  179    1.601138e-15    1.213053e-21
   72  180    5.280032e-14    1.534583e-20
   72  181    5.438262e-18   -2.009188e-25
   72  182    1.604831e-21    2.506799e-30
   72  183    1.797263e-26   -7.325573e-31
   73  172    2.118444e-26   -1.430694e-30
   73  173    4.563440e-22   -6.006647e-27
   73  174    3.391784e-23    1.155495e-25
   73  175    1.132590e-17   -4.370307e-23
   73  176    1.200889e-18    5.422352e-22
   73  177    1.638959e-15   -5.233251e-22
   73  178    3.054560e-18    6.046992e-22
   73  179    4.660933e-13    3.813996e-19
   73  180    3.515006e-15   -1.784264e-20
   73  181    2.505783e-13    7.005309e-22
   73  182    1.081993e-16   -1.219234e-24
   73  183    1.448447e-19   -4.877109e-26
   73  184    5.291437e-24   -2.508128e-29
   73  185    1.595638e-27   -8.044391e-32
   74  173    6.363226e-26   -2.082719e-29
   74  174    1.557095e-21   -1.167842e-25
   74  175    1.436243e-20   -1.015934e-24
   74  176    3.306841e-17   -5.483946e-22
   74  177    3.585958e-17   -6.756265e-22
   74  178    1.780256e-14   -1.420493e-21
   74  179    5.691067e-15   -3.818363e-19
   74  180    9.500446e-13    8.466319e-21
   74  181    4.929519e-14    9.514788e-21
   74  182    3.790614e-12    4.847020e-22
   74  183    4.744903e-15    4.787051e-21
   74  184    1.210409e-13    4.517154e-23
   74  185    2.325050e-17   -4.693145e-25
   74  186    1.957798e-17    4.457723e-24
   74  187    6.813277e-22   -1.170984e-27
   74  188    2.423054e-25   -5.625914e-33
   75  176    5.917507e-26   -2.777378e-29
   75  177    8.235386e-22   -1.463266e-25
   75  178    2.069384e-21   -3.897624e-25
   75  179    6.087330e-18   -7.765347e-22
   75  180    5.839582e-18   -5.956523e-21
   75  181    4.900166e-15   -1.020278e-20
   75  182    7.492577e-16    1.261189e-21
   75  183    1.939111e-13   -9.082606e-22
   75  184    9.272917e-16   -4.482089e-23
   75  185    1.140708e-13    2.068050e-22
   75  186    1.283459e-16   -5.941367e-23
   75  187    2.512012e-17    1.555369e-27
   75  188    5.324038e-21   -1.294481e-26
   75  189    6.183114e-23   -1.054427e-28
   75  190    3.086589e-27   -2.476719e-30
   75  191    5.319005e-30   -1.350123e-33
   76  177    6.435427e-30   -5.336126e-33
   76  178    4.309478e-25   -2.144006e-28
   76  179    1.009914e-23   -3.864922e-27
   76  180    1.135294e-19   -1.313530e-23
   76  181    4.814134e-19   -1.140499e-23
   76  182    9.201918e-16   -1.747409e-21
   76  183    1.215295e-15   -3.875301e-21
   76  184    2.288545e-13    3.467454e-25
   76  185    1.119388e-14   -8.599534e-23
   76  186    2.117147e-12    5.825605e-23
   76  187    9.582280e-15    1.377056e-20
   76  188    1.700435e-12    1.218799e-22
   76  189    1.498073e-15    1.532784e-20
   76  190    5.167643e-13    1.074203e-22
   76  191    1.257793e-16   -1.387681e-23
   76  192    3.612860e-15    5.125569e-25
   76  193    2.060362e-19   -2.838214e-25
   76  194    1.339776e-22   -2.969294e-32
   76  195    2.633985e-27   -7.280010e-31
   77  181    1.235620e-25   -6.272777e-29
   77  182    2.109106e-24   -3.497646e-28
   77  183    1.515488e-20   -6.613723e-25
   77  184    4.540385e-20   -6.100149e-25
   77  185    4.170319e-17   -1.201539e-22
   77  186    2.397197e-18   -2.355355e-24
   77  187    3.486901e-15   -1.376547e-20
   77  188    1.229502e-16   -5.561619e-23
   77  189    1.170708e-13   -1.497096e-20
   77  190    7.357051e-16   -2.292326e-22
   77  191    3.497296e-13    1.267165e-21
   77  192    4.609529e-16   -1.004593e-23
   77  193    1.785175e-13    8.871088e-25
   77  194    6.314916e-17   -1.355454e-22
   77  195    1.414358e-19   -2.345439e-24
   77  196    1.220980e-23   -3.504476e-26
   77  197    1.178977e-26   -5.056388e-30
   78  183    2.258810e-29   -8.644435e-33
   78  184    3.445368e-24   -4.944501e-28
   78  185    4.962309e-23   -1.742668e-27
   78  186    1.815554e-19   -3.617823e-24
   78  187    1.222669e-19   -2.157041e-24
   78  188    3.986071e-16   -6.753207e-23
   78  189    9.323891e-17   -3.558286e-22
   78  190    5.934108e-14    1.219189e-22
   78  191    2.058051e-15   -1.186624e-21
   78  192    1.324767e-12    1.782174e-23
   78  193    9.085637e-15    5.654311e-21
   78  194    2.162772e-12    4.239297e-22
   78  195    5.483721e-15    1.203929e-21
   78  196    1.615767e-12    1.009959e-21
   78  197    5.408940e-16   -1.126890e-21
   78  198    1.451642e-15    2.839899e-29
   78  199    1.282457e-19   -1.034631e-23
   78  200    8.081487e-23   -2.656513e-28
   78  201    4.808378e-28   -4.784367e-31
   79  188    2.388305e-26   -6.725633e-30
   79  189    9.049875e-22   -7.853021e-26
   79  190    2.331634e-21   -1.353895e-25
   79  191    5.121178e-18   -6.704807e-23
   79  192    1.112057e-18   -9.212933e-24
   79  193    2.405246e-15   -5.652909e-21
   79  194    2.658719e-16   -2.896270e-22
   79  195    1.294460e-13   -9.112862e-22
   79  196    3.880398e-15   -1.086317e-21
   79  197    5.735329e-13    1.517546e-20
   79  198    1.412277e-15   -9.040910e-22
   79  199    1.251152e-17    3.457919e-24
   79  200    4.788959e-21   -2.461996e-25
   79  201    9.930760e-24   -9.496435e-28
   79  202    9.359072e-28   -4.918531e-30
   80  190    1.619969e-25   -2.014865e-29
   80  191    1.891011e-24   -9.599906e-29
   80  192    1.305058e-20   -1.113012e-25
   80  193    4.676187e-20   -5.094414e-25
   80  194    8.783539e-17   -1.096221e-27
   80  195    7.339264e-17   -2.890275e-22
   80  196    5.687938e-14    7.602417e-23
   80  197    2.174344e-14   -1.403709e-20
   80  198    3.490009e-12    9.197808e-22
   80  199    9.342966e-14    7.222598e-21
   80  200    5.295255e-12    3.054558e-21
   80  201    5.864573e-14    1.275943e-19
   80  202    4.712336e-12    2.554855e-20
   80  203    2.041010e-15   -7.508783e-23
   80  204    7.014219e-14    7.121584e-25
   80  205    1.416304e-18   -6.863182e-22
   80  206    1.326436e-22   -3.967396e-26
   81  194    5.628823e-27   -4.242987e-31
   81  195    6.770916e-23   -2.417647e-27
   81  196    5.114677e-22   -1.153138e-26
   81  197    7.820344e-19   -1.144314e-23
   81  198    2.152750e-18   -1.682111e-23
   81  199    1.290489e-15   -7.214023e-21
   81  200    1.924437e-15   -3.053494e-21
   81  201    2.248289e-13   -1.275565e-19
   81  202    1.814526e-13   -2.554909e-20
   81  203    2.899958e-12    3.139696e-20
   81  204    1.950234e-14   -2.371397e-23
   81  205    2.211964e-13    6.863064e-22
   81  206    8.933952e-17   -5.291324e-20
   81  207    4.046093e-20   -2.111505e-23
   81  208    2.159530e-29   -1.745605e-32
   82  197    1.692263e-27   -5.197003e-31
   82  198    1.864199e-23   -3.220325e-28
   82  199    1.685617e-22   -4.658908e-27
   82  200    1.035104e-18   -1.995927e-24
   82  201    8.259832e-18   -3.668997e-23
   82  202    8.509148e-15   -9.198118e-28
   82  203    3.924463e-14   -3.132144e-20
   82  204    8.442305e-12    2.511430e-23
   82  205    6.392389e-12    3.493303e-23
   82  206    7.567161e-11    5.311641e-20
   82  207    3.723248e-11    4.384057e-23
   82  208    1.261349e-10    8.788794e-25
   82  209    5.487862e-19   -6.874502e-24
   82  210    5.783050e-26    3.310360e-33
   83  200    2.762669e-27   -1.891447e-31
   83  201    1.349757e-23   -3.259757e-28
   83  202    9.232520e-23   -2.236954e-27
   83  203    1.534103e-19   -5.412717e-25
   83  204    7.180288e-19   -2.652659e-24
   83  205    3.063343e-16   -3.463590e-23
   83  206    7.463970e-16   -2.066792e-22
   83  207    1.278509e-13   -1.920226e-23
   83  208    1.162776e-13    2.438527e-26
   83  209    2.861390e-12    6.974086e-24
   83  210    1.807306e-19   -1.710947e-26
   83  211    1.165992e-26    4.939577e-33
   84  208    2.279081e-28   -1.484255e-41
   84  209    1.638169e-26   -5.274801e-39
   84  210    1.642642e-24    6.229698e-26
    0    1    6.753161e-24   -2.092360e-24
    1    1    8.637138e-19   -1.560834e-19
    2    4    1.287852e-11   -1.858023e-16
