1.0848e+00
2.6211e-02
1.6497e+00
1.2400e+05
    1    2    3.952410e-28   -1.723521e-28
    1    3    2.012926e-23   -5.051812e-27
    2    3    8.197519e-23    1.120821e-26
    3    6    8.054671e-26   -3.589668e-28
    3    7    1.274538e-30    9.325608e-32
    4    8    1.357426e-16    2.335441e-20
    4   10    5.397363e-28   -1.158662e-28
    5   10    6.670197e-24   -2.515590e-25
    5   11    1.193268e-17   -1.147611e-19
    5   12    3.612186e-29   -5.693450e-31
    6   11    6.922030e-16   -2.943218e-18
    6   12    7.577559e-04   -1.369123e-08
    6   13    1.513632e-10    2.098815e-12
    6   14    1.320321e-11    5.878605e-15
    6   15    2.867255e-29   -7.212558e-30
    7   13    3.562520e-16   -2.223215e-17
    7   14    7.425412e-13    1.500570e-16
    7   15    5.586739e-11    1.591479e-13
    7   16    1.128581e-24   -1.045117e-25
    7   17    1.825708e-28   -1.212485e-30
    8   14    6.522550e-21    9.510038e-22
    8   15    3.442467e-16    1.187197e-18
    8   16    4.583157e-02   -8.777504e-11
    8   17    1.748713e-09   -2.354222e-12
    8   18    7.812785e-10   -2.542971e-13
    8   19    1.424691e-18    5.946734e-20
    8   20    3.052168e-25   -3.246140e-28
    9   17    4.986560e-18   -1.107874e-18
    9   18    2.678982e-13    1.932304e-18
    9   19    4.156079e-13    4.018899e-16
    9   20    3.558966e-17   -6.016197e-21
    9   21    3.117941e-20   -1.466712e-22
    9   22    1.750369e-27   -7.628800e-30
   10   18    2.815458e-25   -5.369886e-27
   10   19    4.816355e-19    3.511339e-22
   10   20    8.357187e-03    3.248848e-09
   10   21    2.876478e-05   -1.286293e-09
   10   22    3.498843e-06   -1.660843e-10
   10   23    4.475366e-12    2.838895e-15
   10   24    3.815298e-17   -7.831827e-21
   10   25    7.833654e-26    3.755446e-27
   11   21    2.671203e-13   -3.795994e-15
   11   22    1.610620e-10    1.572995e-13
   11   23    1.483684e-04    2.801805e-09
   11   24    1.620519e-08    8.775878e-12
   11   25    7.078276e-13    4.413856e-16
   11   26    1.453279e-18   -1.680556e-20
   11   27    5.113970e-24   -2.846116e-25
   12   22    1.591066e-23   -7.743827e-26
   12   23    3.360636e-07   -4.279136e-10
   12   24    2.015302e-03    1.364075e-09
   12   25    4.432682e-04   -2.779154e-10
   12   26    2.626425e-04    9.087223e-09
   12   27    1.061601e-09    5.819240e-13
   12   28    4.342844e-14    4.409281e-17
   12   29    6.588926e-24    1.850880e-25
   12   30    1.731466e-29   -9.121545e-31
   13   24    9.317501e-20   -6.647548e-21
   13   25    2.717186e-14   -7.566214e-16
   13   26    1.308972e-04   -1.432750e-08
   13   27    2.021553e-04    2.833559e-08
   13   28    1.526015e-07    3.530090e-11
   13   29    1.361053e-11    1.466542e-14
   13   30    6.756610e-17   -7.635989e-20
   13   31    6.636558e-22   -1.658239e-23
   14   25    4.149137e-29   -4.341177e-30
   14   26    5.090477e-15   -4.204819e-17
   14   27    6.367610e-06   -2.278654e-08
   14   28    2.367249e-04    8.695091e-10
   14   29    6.565045e-05    2.960915e-10
   14   30    2.865171e-05    1.381836e-10
   14   31    8.263984e-09    5.212253e-12
   14   32    3.332654e-13    3.803955e-16
   14   33    1.197075e-20    6.334475e-22
   14   34    2.994536e-26   -8.232102e-29
   15   27    1.463553e-30   -2.987340e-31
   15   28    4.753407e-18   -2.685278e-19
   15   29    1.772739e-13   -1.740909e-15
   15   30    1.918026e-07   -4.317426e-11
   15   31    2.107483e-06    4.804206e-12
   15   32    2.897612e-10    1.166303e-13
   15   33    1.316345e-11    3.915243e-15
   15   34    5.729806e-16   -7.208813e-20
   15   35    2.029800e-20    2.838919e-23
   16   29    5.693265e-27   -3.926159e-28
   16   30    1.626306e-14   -2.511918e-16
   16   31    3.879537e-10   -2.701857e-12
   16   32    1.182849e-06    1.000079e-11
   16   33    2.216678e-08    8.047484e-13
   16   34    2.749727e-07    7.728404e-13
   16   35    5.150325e-11    2.768782e-14
   16   36    2.951003e-14    3.286566e-17
   16   37    5.610498e-22    3.255187e-23
   16   38    4.092673e-27    1.229170e-29
   17   32    1.780341e-23   -1.760810e-24
   17   33    3.166619e-16   -2.321985e-18
   17   34    3.971087e-13   -6.166347e-16
   17   35    1.030340e-08    1.673088e-13
   17   36    5.182826e-12    3.068665e-15
   17   37    2.939582e-14    7.843922e-18
   17   38    9.544245e-19    1.818483e-21
   17   39    1.119387e-22    2.122782e-25
   17   40    1.299384e-27    6.316479e-30
   18   34    6.196732e-22   -3.479485e-24
   18   35    3.752189e-17   -2.735319e-19
   18   36    8.458912e-10    9.247431e-16
   18   37    3.887137e-13    2.193443e-16
   18   38    2.671026e-10    3.707271e-16
   18   39    5.050983e-14    2.976398e-17
   18   40    1.560719e-14    3.963942e-18
   18   41    8.865245e-19    1.072167e-21
   18   42    5.606054e-23    9.824682e-26
   18   43    7.008310e-28    3.190015e-30
   19   36    1.582014e-30   -1.661654e-31
   19   37    3.984595e-22   -2.870933e-23
   19   38    3.366480e-18    3.786180e-21
   19   39    3.819442e-12    8.857391e-17
   19   40    2.458745e-15    1.525178e-18
   19   41    2.835187e-16    2.968269e-19
   19   42    1.127748e-18    1.851094e-22
   19   43    1.384800e-16    3.655862e-21
   19   44    3.690607e-20    4.008425e-23
   19   45    9.008892e-24    1.624215e-26
   19   46    3.199664e-28    6.548328e-31
   19   47    7.141841e-30   -6.027410e-33
   20   38    6.059668e-28   -1.796062e-29
   20   39    7.117692e-23   -1.217142e-24
   20   40    2.908509e-14    7.195852e-19
   20   41    5.935596e-17    4.655447e-20
   20   42    4.759829e-08   -3.065521e-14
   20   43    1.462753e-08   -4.450055e-15
   20   44    7.046455e-08   -1.738279e-14
   20   45    3.101573e-11    1.852669e-14
   20   46    2.019083e-10   -8.040130e-17
   20   47    5.391572e-14    3.242046e-17
   20   48    2.289778e-09   -1.834646e-15
   20   49    2.959594e-15    4.094344e-17
   20   50    3.762448e-20    2.154601e-23
   20   51    5.221156e-28    3.592230e-29
   21   41    1.196008e-28   -1.929492e-29
   21   42    8.276881e-24    1.857631e-26
   21   43    5.344307e-12    8.289577e-15
   21   44    5.112010e-12    4.381046e-15
   21   45    6.663906e-09    2.041760e-15
   21   46    2.961383e-11    1.778640e-14
   21   47    1.591078e-13    1.055851e-16
   21   48    2.748741e-12    1.660845e-15
   21   49    1.068912e-13    1.309445e-16
   21   50    2.761019e-18    5.416202e-21
   21   51    9.194506e-23    4.662751e-26
   21   52    6.574156e-29    2.177180e-30
   22   43    3.150489e-29   -7.603615e-31
   22   44    5.810487e-16    6.210318e-19
   22   45    1.926386e-14    1.067611e-18
   22   46    2.017787e-08   -1.596163e-14
   22   47    7.854737e-09    1.498539e-16
   22   48    1.436247e-08    5.039949e-16
   22   49    1.732967e-08   -1.196852e-15
   22   50    5.602386e-08   -1.317441e-15
   22   51    9.578629e-12    6.110765e-15
   22   52    9.180227e-16    9.062345e-19
   22   53    5.175703e-21    4.711725e-23
   22   54    2.376429e-26   -2.538156e-27
   23   45    2.833620e-30   -9.985599e-32
   23   46    3.650300e-20   -1.429961e-21
   23   47    1.621296e-12    1.319415e-15
   23   48    1.118508e-12    7.790691e-16
   23   49    6.002930e-12    2.759999e-15
   23   50    2.134468e-12    1.648648e-15
   23   51    4.902220e-09    3.229054e-17
   23   52    1.005386e-11    5.306076e-15
   23   53    2.301320e-15    2.539286e-18
   23   54    7.078374e-20    2.579085e-22
   23   55    8.370693e-24    5.079995e-28
   23   56    1.359211e-30    2.239694e-32
   24   47    5.017995e-25   -1.813467e-26
   24   48    5.467532e-18    9.807090e-21
   24   49    6.528641e-17    6.036399e-20
   24   50    9.366369e-13   -9.746655e-19
   24   51    6.122534e-13    1.751553e-16
   24   52    5.576494e-08   -1.680215e-14
   24   53    1.073398e-08   -2.892623e-15
   24   54    1.368918e-07   -1.702967e-14
   24   55    3.095319e-11    2.397329e-14
   24   56    5.433894e-15    6.308623e-18
   24   57    2.370078e-20    3.592812e-22
   24   58    8.750017e-25    1.832644e-27
   25   49    2.225647e-29   -1.079141e-30
   25   50    4.301918e-23   -7.520002e-25
   25   51    2.657201e-17    1.759418e-20
   25   52    2.000688e-17    2.179377e-20
   25   53    3.550054e-12    1.907009e-15
   25   54    4.571308e-12    8.338792e-16
   25   55    3.450275e-08   -3.152110e-14
   25   56    6.626893e-11    4.041243e-14
   25   57    3.307459e-14    3.847065e-17
   25   58    3.064090e-18   -1.025513e-20
   25   59    8.591991e-22   -1.272055e-24
   25   60    5.310452e-27    6.674697e-29
   26   51    6.325576e-29   -4.361773e-30
   26   52    3.753886e-23    6.435086e-26
   26   53    9.543350e-22    2.195683e-25
   26   54    4.439868e-09   -3.869577e-15
   26   55    1.053696e-11    5.365124e-15
   26   56    1.766029e-06   -7.064350e-13
   26   57    9.976223e-07   -3.803367e-13
   26   58    5.173072e-06   -1.107617e-12
   26   59    2.944851e-09    1.985655e-12
   26   60    1.007256e-12    1.269802e-15
   26   61    1.384583e-17    1.224179e-19
   26   62    1.075418e-21    3.006527e-24
   26   63    5.348515e-28    2.698948e-29
   27   54    2.617089e-28   -4.862662e-30
   27   55    3.931831e-14    2.418243e-17
   27   56    2.182965e-16    1.635399e-19
   27   57    8.719162e-11    3.241378e-14
   27   58    3.556717e-11    1.786012e-14
   27   59    2.031175e-06   -2.171049e-12
   27   60    3.791834e-09    2.280932e-12
   27   61    4.708465e-12    6.104371e-15
   27   62    1.455065e-15    2.854122e-18
   27   63    8.355896e-19    1.419757e-21
   27   64    1.689848e-23   -7.624004e-25
   27   65    5.989556e-27    6.909588e-30
   28   56    1.157470e-20    1.868782e-23
   28   57    8.454655e-20   -1.910117e-24
   28   58    6.180618e-10   -6.945475e-16
   28   59    3.460358e-11    5.669095e-15
   28   60    2.664168e-06   -2.395925e-12
   28   61    1.014728e-06   -6.494704e-14
   28   62    2.259862e-06    8.701592e-14
   28   63    3.775808e-09    2.378365e-12
   28   64    1.389256e-06   -4.210281e-13
   28   65    3.486652e-10    4.106672e-13
   28   66    1.223040e-13    1.342234e-16
   28   67    2.338361e-18    1.020807e-20
   28   68    1.800864e-22    3.973887e-25
   28   69    2.613626e-29    1.380684e-30
   29   58    1.078232e-29    2.730870e-31
   29   59    1.312160e-17    3.474119e-19
   29   60    7.029907e-17    1.340965e-19
   29   61    2.273983e-11    1.228216e-14
   29   62    2.248233e-11    9.159892e-15
   29   63    8.673101e-07   -2.382516e-12
   29   64    3.979116e-09    2.370810e-12
   29   65    1.073304e-06   -1.656109e-12
   29   66    2.550487e-09    1.525068e-12
   29   67    6.343804e-12    7.693588e-15
   29   68    1.296588e-15    4.256780e-18
   29   69    8.980272e-19    1.832771e-21
   29   70    3.712181e-24    1.746547e-25
   29   71    5.982351e-28    2.978822e-30
   30   60    2.396337e-24    3.308779e-27
   30   61    1.705865e-22    1.982838e-25
   30   62    1.245042e-16    1.006523e-19
   30   63    3.172846e-15   -8.498715e-20
   30   64    8.400909e-07   -1.470313e-12
   30   65    2.447776e-09    1.455092e-12
   30   66    1.307143e-06   -1.142309e-12
   30   67    2.765147e-07    4.352412e-14
   30   68    1.323875e-06    5.016619e-13
   30   69    8.209748e-10    7.344733e-13
   30   70    1.344502e-10    1.754931e-14
   30   71    1.297950e-14    6.342059e-17
   30   72    1.787688e-17    1.330578e-20
   30   73    2.673781e-22    3.489753e-24
   30   74    3.939728e-26    1.088321e-28
   31   63    2.253873e-26    2.320671e-28
   31   64    4.827274e-22    5.525471e-24
   31   65    4.993586e-13    2.132641e-15
   31   66    1.990224e-14    1.720162e-17
   31   67    2.803695e-11    1.050646e-14
   31   68    4.828562e-12    2.206119e-15
   31   69    1.583946e-07   -6.694294e-13
   31   70    1.112785e-09    6.440271e-13
   31   71    1.404745e-07   -4.967467e-13
   31   72    2.911599e-10    5.037086e-13
   31   73    1.223769e-12    1.429492e-15
   31   74    5.434556e-16    1.351715e-18
   31   75    4.991114e-19    1.036144e-21
   31   76    9.468325e-24    9.671334e-26
   31   77    3.864675e-27    1.301918e-29
   32   65    3.911905e-28    2.242092e-31
   32   66    1.502886e-18    1.100467e-21
   32   67    8.224562e-20    8.601845e-23
   32   68    2.333488e-16    1.568045e-19
   32   69    9.750151e-14    9.817024e-19
   32   70    2.276990e-07   -5.691849e-13
   32   71    9.696364e-10    5.799341e-13
   32   72    2.393873e-07   -4.282410e-13
   32   73    4.183201e-08    2.937039e-13
   32   74    1.756156e-07   -1.404982e-13
   32   75    3.487717e-10    2.783408e-13
   32   76    1.291101e-11    6.178262e-16
   32   77    3.990360e-15    5.786762e-18
   32   78    3.444500e-18    3.870246e-21
   32   79    1.204070e-22    5.694822e-25
   32   80    1.707477e-26    3.316165e-29
   33   67    1.896118e-29   -4.880673e-31
   33   68    1.102429e-27    3.896280e-29
   33   69    9.309533e-24    1.394506e-25
   33   70    2.384583e-19    3.357529e-22
   33   71    1.846634e-12    8.419851e-16
   33   72    2.333426e-14    2.371870e-17
   33   73    4.256538e-12    1.482043e-15
   33   74    1.880563e-13    9.969707e-17
   33   75    1.950650e-08   -3.310954e-13
   33   76    5.024575e-10    3.291195e-13
   33   77    2.437758e-12    3.265799e-15
   33   78    2.546779e-15    5.733694e-18
   33   79    8.998299e-18    2.194760e-20
   33   80    2.775392e-21    6.827639e-24
   33   81    2.911688e-24    9.131339e-27
   33   82    2.981601e-29    7.280744e-31
   34   70    2.158919e-27    1.116001e-31
   34   71    2.652109e-24    2.854358e-28
   34   72    8.559479e-18    5.774203e-21
   34   73    2.894734e-19    1.495187e-22
   34   74    7.081349e-17    1.895373e-20
   34   75    2.034111e-13    4.285718e-17
   34   76    4.975353e-08   -1.905292e-13
   34   77    1.817283e-08    8.698178e-14
   34   78    7.028648e-08   -6.326531e-14
   34   79    2.790984e-10    1.655153e-13
   34   80    4.232009e-09   -4.119064e-15
   34   81    8.122459e-12    5.446638e-15
   34   82    3.183153e-12    2.812996e-17
   34   83    3.643978e-16    1.606954e-18
   34   84    2.040895e-19    2.063759e-22
   34   85    1.757428e-26    1.453441e-27
   35   73    4.946532e-26    9.392596e-28
   35   74    2.285518e-25    5.404638e-28
   35   75    6.768216e-22    5.228490e-26
   35   76    1.208029e-18    4.643732e-22
   35   77    4.106530e-13    1.231005e-16
   35   78    8.759982e-14    3.405724e-17
   35   79    8.089961e-09   -1.523071e-13
   35   80    2.526285e-10    1.442567e-13
   35   81    7.166474e-09   -6.334187e-14
   35   82    1.102951e-10    6.617501e-14
   35   83    8.390059e-13    1.071281e-15
   35   84    9.393859e-16    1.900877e-18
   35   85    1.551965e-18    3.697530e-21
   35   86    1.912820e-24    1.421870e-25
   35   87    3.359193e-29    4.523069e-31
   36   76    6.808325e-25    1.920805e-28
   36   77    1.666576e-21   -8.757743e-26
   36   78    2.394335e-18    1.253081e-21
   36   79    1.225017e-14    8.766388e-19
   36   80    2.100181e-08   -1.414103e-13
   36   81    2.545403e-10    1.421154e-13
   36   82    5.084961e-08   -1.952549e-13
   36   83    1.577125e-08    9.136620e-14
   36   84    5.819785e-08   -1.189659e-14
   36   85    2.105023e-10    1.183323e-13
   36   86    4.647126e-10    5.649629e-16
   36   87    8.060274e-15    9.152591e-17
   36   88    1.983219e-18    3.286604e-21
   36   89    1.971838e-24    1.304395e-25
   36   90    3.783259e-29    3.261808e-31
   37   78    1.310373e-28    8.465679e-31
   37   79    3.131042e-24    1.171965e-27
   37   80    2.202566e-20   -2.315629e-24
   37   81    6.411556e-14    1.720692e-17
   37   82    1.890278e-15    1.908990e-18
   37   83    2.163919e-13    5.625968e-17
   37   84    2.479368e-14    1.120540e-17
   37   85    8.313463e-09   -9.304023e-14
   37   86    1.474802e-10    9.106980e-14
   37   87    6.017761e-11    1.958929e-15
   37   88    1.236672e-14    6.631493e-17
   37   89    1.428228e-17    2.218440e-20
   37   90    3.896574e-22    1.433540e-23
   37   91    5.371440e-26    7.039168e-28
   38   80    1.428029e-27    2.313481e-31
   38   81    4.576081e-24   -4.347934e-28
   38   82    8.802303e-20    4.420097e-23
   38   83    1.079600e-20    2.994727e-24
   38   84    6.078238e-19    1.820209e-22
   38   85    9.603260e-15    1.138042e-18
   38   86    1.953722e-08   -1.318945e-13
   38   87    1.268791e-08    1.420717e-14
   38   88    3.428501e-08    1.009265e-13
   38   89    1.999186e-11    1.671892e-14
   38   90    2.065585e-14    2.168140e-17
   38   91    1.645728e-18    1.221703e-20
   38   92    4.736285e-22    1.433496e-24
   38   93    3.625198e-27    1.372678e-28
   39   83    7.542742e-27    1.551223e-29
   39   84    2.318078e-27   -5.098274e-30
   39   85    6.963173e-24   -1.210192e-28
   39   86    2.047553e-20    3.249657e-24
   39   87    2.933113e-14    7.062299e-18
   39   88    2.064960e-14    5.898953e-18
   39   89    5.027764e-09   -1.336661e-14
   39   90    1.926360e-11    1.326554e-14
   39   91    9.491858e-14    1.111116e-16
   39   92    8.611887e-17    2.511925e-19
   39   93    2.806735e-19    7.188790e-22
   39   94    1.118291e-22    1.071102e-24
   39   95    6.537734e-26    4.807778e-28
   40   86    1.725940e-27    3.309272e-31
   40   87    8.261273e-24   -4.424963e-28
   40   88    2.027238e-20    9.304433e-24
   40   89    2.259299e-17   -1.669051e-22
   40   90    2.234757e-09   -3.447738e-15
   40   91    5.559633e-10    1.388546e-15
   40   92    7.281938e-10    1.061747e-15
   40   93    1.230076e-10    4.837006e-16
   40   94    4.101482e-10   -4.116391e-16
   40   95    7.066958e-13    9.254047e-16
   40   96    7.309156e-13    1.825610e-18
   40   97    9.772743e-18    2.708222e-19
   40   98    6.141139e-22    4.734581e-24
   40   99    1.762050e-29    1.598958e-30
   41   88    1.866024e-30    1.183019e-33
   41   89    4.091854e-27    2.658208e-30
   41   90    2.248736e-23    3.152070e-27
   41   91    1.272105e-15    3.118400e-19
   41   92    2.701221e-16    7.193774e-20
   41   93    7.126037e-14   -6.681719e-19
   41   94    1.251960e-15    7.905067e-19
   41   95    5.655398e-17    3.646691e-20
   41   96    4.908035e-19    9.386209e-22
   41   97    1.280842e-20    1.346593e-23
   41   98    3.470539e-24    3.646693e-25
   41   99    1.577208e-27    2.908884e-29
   42   91    3.003941e-27   -3.207892e-31
   42   92    3.767440e-17   -1.423758e-22
   42   93    4.021293e-18    1.169729e-22
   42   94    1.091266e-12   -1.255898e-18
   42   95    3.422571e-11   -3.245606e-16
   42   96    9.467953e-11   -3.538117e-17
   42   97    1.371962e-11    2.349402e-16
   42   98    7.553742e-11   -6.223973e-17
   42   99    1.992654e-14    1.883637e-16
   42  100    1.758449e-15    1.279256e-18
   42  101    7.004305e-20    1.914503e-21
   42  102    7.991285e-23    1.580436e-25
   42  103    1.674012e-27    5.077949e-29
   43   93    7.153763e-24    1.872241e-27
   43   94    2.154272e-23   -1.718012e-28
   43   95    2.434708e-18    1.675836e-22
   43   96    6.143363e-18    1.521182e-21
   43   97    4.734095e-17    5.008959e-21
   43   98    1.011586e-16   -2.040982e-21
   43   99    2.716474e-13   -3.414992e-18
   43  100    1.041923e-15    1.006215e-18
   43  101    1.493231e-17    1.952231e-20
   43  102    4.041360e-21    6.566563e-23
   43  103    1.313541e-23    5.902286e-26
   43  104    1.979783e-27    4.776123e-29
   44   95    5.230688e-27    1.121950e-31
   44   96    2.047390e-23    2.984219e-26
   44   97    6.498252e-20   -1.184318e-24
   44   98    1.494836e-13   -6.085279e-19
   44   99    7.750183e-12   -1.116319e-16
   44  100    3.690072e-11   -9.387885e-17
   44  101    4.122303e-12    1.598130e-16
   44  102    1.028475e-13    4.707032e-17
   44  103    1.577668e-16    4.215085e-19
   44  104    6.011824e-16    4.377510e-17
   44  105    8.685449e-20    1.630918e-21
   44  106    7.097740e-23    4.166346e-25
   44  107    3.307403e-27    8.772924e-29
   45   97    1.545039e-29   -3.691534e-34
   45   98    1.232159e-25   -2.246907e-29
   45   99    1.906587e-19    5.114623e-24
   45  100    4.342355e-19    5.650452e-23
   45  101    5.084475e-17   -3.708196e-22
   45  102    3.525130e-16   -1.355261e-20
   45  103    7.362954e-12   -1.432605e-16
   45  104    1.019194e-13    5.245326e-17
   45  105    2.702279e-15    3.230093e-18
   45  106    6.151897e-18    3.566825e-20
   45  107    5.440185e-20    1.745479e-22
   45  108    3.854781e-23    4.954329e-25
   45  109    1.540727e-25    9.349903e-28
   45  110    2.830930e-29    1.038998e-30
   46   99    2.063594e-29   -1.924084e-34
   46  100    1.317569e-26    3.257149e-30
   46  101    3.617201e-25    3.178328e-29
   46  102    6.143713e-19   -4.043095e-24
   46  103    9.588542e-17   -2.063102e-21
   46  104    2.169166e-11   -1.665434e-16
   46  105    4.257305e-12    1.115780e-16
   46  106    2.269269e-11   -6.163952e-17
   46  107    1.224696e-13    1.580878e-16
   46  108    2.497357e-11   -9.427508e-17
   46  109    3.235837e-14    1.170139e-16
   46  110    1.079385e-14    4.280565e-17
   46  111    1.778153e-18    2.871855e-20
   46  112    7.401307e-21    1.473176e-23
   46  113    1.733790e-25    7.835491e-27
   46  114    1.269503e-29    9.506872e-31
   47  103    7.363724e-25   -2.131183e-29
   47  104    5.065098e-22   -3.433963e-26
   47  105    3.726313e-18   -6.793635e-24
   47  106    1.312069e-16   -9.946123e-21
   47  107    4.122902e-12   -1.348519e-16
   47  108    1.624749e-13    8.563095e-17
   47  109    6.544126e-12   -1.559376e-16
   47  110    5.757973e-14    7.722075e-17
   47  111    1.746298e-15    2.189734e-18
   47  112    4.136277e-18    3.060986e-20
   47  113    3.119352e-20    1.010769e-22
   47  114    6.762892e-24    1.925891e-25
   47  115    1.204127e-26    1.059769e-28
   48  104    1.639381e-30    2.080893e-34
   48  105    1.972289e-27   -4.683132e-33
   48  106    9.647327e-22    1.654089e-23
   48  107    3.984734e-19   -9.708722e-24
   48  108    3.524302e-13    1.549512e-17
   48  109    8.174850e-15    4.289931e-18
   48  110    2.097325e-11   -1.731002e-16
   48  111    2.584854e-12    1.522910e-16
   48  112    2.060501e-11   -9.831373e-17
   48  113    8.460290e-14    1.601950e-16
   48  114    3.409107e-11   -9.548814e-17
   48  115    3.061407e-14    1.605775e-16
   48  116    2.958809e-15    4.737222e-19
   48  117    5.949663e-19    7.869659e-21
   48  118    2.337165e-21    4.122557e-24
   48  119    5.538980e-26    2.352821e-27
   49  107    5.562343e-29   -2.070317e-33
   49  108    1.349525e-25   -1.198832e-29
   49  109    6.108151e-21    3.084776e-25
   49  110    1.073038e-21    2.781678e-25
   49  111    3.396448e-17   -1.565936e-21
   49  112    2.761567e-16   -2.609019e-20
   49  113    5.833645e-12   -2.778807e-16
   49  114    2.527588e-13    1.369142e-16
   49  115    1.137570e-14    1.317232e-17
   49  116    8.023182e-17    1.869165e-19
   49  117    1.160843e-18    3.318640e-21
   49  118    1.884378e-21    1.763564e-23
   49  119    9.125183e-24    4.981864e-26
   49  120    3.833474e-27    7.424286e-29
   49  121    4.910647e-30   -3.364474e-33
   50  110    4.033453e-29    7.633864e-33
   50  111    1.376406e-26    7.747920e-33
   50  112    3.729196e-20    2.457882e-21
   50  113    3.168825e-19   -7.391427e-24
   50  114    4.048279e-13    6.072695e-17
   50  115    4.897313e-12   -9.639772e-17
   50  116    4.273491e-11   -1.302303e-16
   50  117    5.413404e-12    1.509288e-16
   50  118    5.882341e-11   -7.896002e-17
   50  119    2.133625e-12    1.350694e-16
   50  120    6.577703e-11   -1.145359e-16
   50  121    7.086024e-14    1.366281e-16
   50  122    5.073618e-13   -1.784806e-19
   50  123    1.918144e-16    5.982789e-19
   50  124    5.857705e-14   -3.484667e-20
   50  125    6.877698e-18    3.522242e-20
   50  126    7.630844e-21    8.371841e-24
   50  127    2.585460e-25    1.833138e-27
   50  128    3.073436e-29    1.304058e-31
   51  113    1.310448e-29    2.171323e-32
   51  114    2.214451e-27   -1.863293e-31
   51  115    3.861458e-21   -1.198584e-26
   51  116    3.771428e-20    2.062169e-25
   51  117    3.918109e-19    1.713309e-23
   51  118    7.423724e-20    1.527825e-23
   51  119    4.425591e-16   -1.161962e-20
   51  120    3.371691e-16   -1.374957e-20
   51  121    3.430598e-12   -7.649948e-17
   51  122    3.200995e-14    7.527954e-17
   51  123    9.001814e-14   -5.889881e-20
   51  124    3.372535e-16    1.301022e-18
   51  125    3.856506e-18    5.097981e-21
   51  126    3.407392e-21    2.708141e-23
   51  127    9.134034e-24    2.795321e-26
   51  128    1.571470e-27    2.367813e-29
   51  129    1.569177e-29   -8.788647e-36
   52  116    3.819529e-29    4.136085e-33
   52  117    1.004944e-28    9.659852e-33
   52  118    3.185635e-25   -6.966353e-30
   52  119    1.582671e-23   -9.995230e-28
   52  120    2.059166e-17   -2.184746e-22
   52  121    1.378599e-16   -5.712374e-21
   52  122    1.064661e-11   -1.412015e-16
   52  123    1.283636e-12    1.031842e-16
   52  124    2.049950e-11   -1.113093e-16
   52  125    5.559793e-13    1.398602e-16
   52  126    2.619301e-11   -1.023357e-16
   52  127    4.839660e-14    1.113661e-16
   52  128    5.776519e-13    7.022129e-21
   52  129    9.338583e-16    8.695487e-19
   52  130    1.837062e-12   -1.365111e-18
   52  131    3.272330e-16    1.356669e-18
   52  132    3.745279e-19    3.991897e-22
   52  133    2.142246e-23    9.080856e-26
   52  134    2.966568e-27    5.866471e-30
   53  120    1.057740e-30   -1.463569e-34
   53  121    2.315149e-24   -1.496913e-28
   53  122    8.052341e-23   -1.345952e-26
   53  123    1.001284e-19    2.036798e-24
   53  124    2.515564e-20    4.591866e-24
   53  125    6.039485e-16   -1.667160e-20
   53  126    5.879198e-16   -1.263899e-20
   53  127    3.576018e-12   -6.898341e-17
   53  128    3.786513e-14    6.742338e-17
   53  129    6.183122e-16    7.280926e-19
   53  130    1.273658e-18    5.607786e-21
   53  131    5.721849e-20    3.976967e-21
   53  132    1.721299e-23    2.560558e-25
   53  133    3.068839e-26    5.971868e-28
   53  134    1.943260e-30   -1.098984e-35
   53  135    3.381314e-29   -6.151021e-36
   54  123    2.460816e-29   -1.333825e-33
   54  124    4.746695e-24   -1.232930e-28
   54  125    2.261379e-22   -1.512755e-26
   54  126    8.087865e-17   -1.167819e-21
   54  127    5.437488e-16   -1.950167e-20
   54  128    1.180831e-11   -1.455998e-16
   54  129    2.336605e-12    9.537206e-17
   54  130    2.030746e-11   -6.066246e-17
   54  131    1.048800e-12    9.860372e-17
   54  132    4.003097e-11   -9.276461e-17
   54  133    7.495281e-14    1.051326e-16
   54  134    1.533798e-13    6.750869e-19
   54  135    9.662104e-15   -2.831217e-19
   54  136    8.055578e-12   -3.560560e-20
   54  137    2.382539e-20    1.522452e-21
   54  138    3.900972e-26    2.308408e-27
   55  126    3.020726e-29   -9.311606e-33
   55  127    1.032097e-23   -6.468441e-28
   55  128    2.127632e-22   -4.432434e-26
   55  129    8.949143e-20    1.659600e-24
   55  130    1.012872e-19   -3.404953e-24
   55  131    1.289758e-15   -2.733844e-20
   55  132    1.189830e-15   -1.903435e-20
   55  133    4.520093e-12   -7.231916e-17
   55  134    5.757074e-14    7.145439e-17
   55  135    7.439058e-16    9.140839e-19
   55  136    2.316210e-18    5.326135e-21
   55  137    6.751928e-21    1.405865e-23
   55  138    1.131880e-28    1.078758e-29
   56  129    1.217048e-28   -1.066101e-32
   56  130    9.557858e-23    1.426310e-26
   56  131    2.267383e-21   -1.353689e-25
   56  132    2.445930e-16   -3.321114e-21
   56  133    1.193781e-15   -3.726178e-20
   56  134    1.262988e-11   -1.206163e-16
   56  135    2.830788e-12    6.981214e-17
   56  136    5.235505e-11   -6.750836e-17
   56  137    2.463736e-11    2.999497e-17
   56  138    3.978790e-10    7.625756e-17
   56  139    1.386089e-16    1.210340e-17
   56  140    5.404694e-21    1.017081e-22
   56  141    9.429107e-28    1.061932e-28
   57  132    1.331763e-28   -1.936692e-32
   57  133    1.912019e-23   -1.453286e-27
   57  134    2.819943e-22   -3.690788e-26
   57  135    6.000932e-20   -1.245248e-24
   57  136    3.354193e-19   -2.264446e-23
   57  137    2.950158e-15   -4.610769e-20
   57  138    2.115195e-14   -2.684017e-19
   57  139    3.732970e-11   -1.425667e-17
   57  140    1.597772e-16    1.457126e-17
   57  141    2.699262e-20    5.194071e-22
   57  142    4.985715e-26    7.132104e-27
   58  135    6.194908e-28   -4.920048e-32
   58  136    1.835864e-22   -1.274820e-27
   58  137    4.654203e-21   -2.479679e-25
   58  138    4.491517e-16   -3.297655e-21
   58  139    9.250006e-15   -1.133815e-19
   58  140    9.336437e-11    4.903133e-17
   58  141    1.980022e-15    5.606727e-17
   58  142    2.944838e-15    6.708127e-22
   58  143    2.733062e-20    1.766984e-21
   58  144    1.954302e-22    1.618610e-25
   58  145    8.615699e-29    9.704074e-30
   58  146    1.090705e-28    1.667897e-33
   59  136    1.446294e-30   -2.747686e-34
   59  137    1.067108e-24   -1.134996e-28
   59  138    5.407095e-23   -1.734300e-26
   59  139    9.806748e-18   -5.724990e-22
   59  140    4.680782e-16   -5.982576e-20
   59  141    7.802515e-12   -4.170772e-17
   59  142    1.814012e-15    4.179715e-17
   59  143    6.244870e-18    2.313261e-20
   59  144    3.801528e-22    2.885586e-23
   59  145    3.075097e-24    9.018171e-27
   59  146    3.525987e-30    5.356116e-31
   60  138    4.155553e-27   -3.924604e-31
   60  139    1.095151e-24   -1.347992e-28
   60  140    9.686621e-19   -2.487705e-23
   60  141    2.073799e-16   -7.692346e-21
   60  142    2.539544e-11    1.350455e-16
   60  143    9.835985e-14    5.271244e-17
   60  144    8.544580e-12   -1.209066e-16
   60  145    4.767421e-15    2.585780e-17
   60  146    7.587240e-13   -5.955699e-18
   60  147    1.965904e-17    1.370953e-18
   60  148    4.705334e-17   -7.289174e-22
   60  149    2.734355e-22    2.740633e-23
   60  150    4.913930e-22   -2.350290e-27
   60  151    9.948839e-27    6.890153e-28
   61  141    7.408757e-25   -9.094575e-29
   61  142    1.181318e-21   -4.814499e-25
   61  143    6.572196e-16    6.354242e-19
   61  144    1.937024e-17    3.801921e-20
   61  145    1.245819e-15    5.065259e-19
   61  146    5.165378e-18    3.282506e-20
   61  147    4.355421e-16    2.107252e-19
   61  148    1.205255e-19    6.798497e-21
   61  149    5.494075e-20    8.169119e-24
   61  150    4.103490e-24    3.775529e-25
   61  151    2.105627e-25    4.892487e-28
   61  152    2.616820e-29    1.644106e-30
   62  142    7.634710e-25   -5.907296e-29
   62  143    3.108589e-21   -3.536908e-25
   62  144    2.285653e-14    8.104916e-20
   62  145    1.649398e-14   -6.184316e-19
   62  146    1.138091e-12   -1.885856e-16
   62  147    2.405716e-14    9.600160e-18
   62  148    2.865158e-12   -3.807470e-17
   62  149    2.109628e-15    3.096551e-17
   62  150    1.163036e-12   -1.000385e-17
   62  151    3.286375e-16    9.163598e-18
   62  152    2.418493e-13   -2.339503e-18
   62  153    1.072328e-16    2.321333e-18
   62  154    1.114400e-15   -4.967827e-21
   62  155    2.068722e-19    6.647073e-21
   62  156    2.148976e-22    1.122413e-24
   62  157    2.570080e-27    2.596360e-28
   63  144    1.108554e-25   -2.165688e-28
   63  145    2.530243e-18   -1.325668e-22
   63  146    4.301809e-18   -3.393687e-22
   63  147    4.005011e-16   -6.679787e-19
   63  148    4.495393e-17   -1.005255e-20
   63  149    1.742784e-14   -1.523436e-18
   63  150    7.247581e-17    9.232258e-19
   63  151    1.561527e-13   -7.064812e-18
   63  152    3.820805e-16    6.790829e-18
   63  153    2.229354e-13   -7.341730e-18
   63  154    5.642302e-16    7.333406e-18
   63  155    1.505150e-17    3.613967e-20
   63  156    1.595219e-20    3.180220e-22
   63  157    7.301372e-23    4.874350e-25
   63  158    6.039620e-27    4.828685e-28
   64  145    4.045964e-30   -6.173962e-34
   64  146    1.637089e-21   -2.385215e-26
   64  147    2.668868e-20   -2.223438e-24
   64  148    1.075418e-17   -5.355677e-20
   64  149    4.100479e-17   -6.454070e-20
   64  150    1.184795e-14   -2.773283e-18
   64  151    5.718784e-16    2.020872e-19
   64  152    5.767923e-13   -2.001113e-17
   64  153    3.459737e-15    1.691720e-17
   64  154    1.073426e-12   -3.147035e-17
   64  155    7.581955e-15    3.135404e-17
   64  156    2.165394e-12   -4.459311e-17
   64  157    1.108487e-14    4.562696e-17
   64  158    2.245196e-12   -2.198531e-17
   64  159    8.457669e-16    2.126742e-17
   64  160    1.812755e-17    1.029781e-20
   64  161    9.427666e-22    6.782610e-23
   64  162    3.670612e-25    5.905400e-27
   64  163    1.773412e-30    2.140982e-31
   65  150    6.613528e-28   -1.722836e-29
   65  151    1.578295e-23   -8.972121e-26
   65  152    3.993633e-24   -1.437476e-26
   65  153    1.220754e-19   -1.667461e-23
   65  154    2.319502e-20    7.997713e-24
   65  155    2.263625e-16   -1.630964e-20
   65  156    3.277103e-17    1.211318e-20
   65  157    4.569397e-14   -2.438621e-18
   65  158    1.564107e-15    2.360181e-18
   65  159    3.223656e-13   -1.037067e-17
   65  160    7.040211e-16    1.041781e-17
   65  161    1.040564e-17    3.559742e-20
   65  162    6.757709e-21    1.883366e-22
   65  163    1.401727e-23    1.905684e-25
   65  164    5.537331e-28    5.741279e-29
   66  152    1.454772e-26   -3.300576e-28
   66  153    5.933487e-25   -5.756498e-27
   66  154    1.929730e-20   -4.003433e-24
   66  155    1.898110e-20   -1.433698e-24
   66  156    1.749155e-16   -9.657222e-21
   66  157    8.545408e-17    1.269043e-21
   66  158    1.068995e-13   -5.137130e-18
   66  159    4.551155e-15    4.873500e-18
   66  160    1.376076e-12   -4.067680e-17
   66  161    1.140055e-14    4.079894e-17
   66  162    1.703084e-12   -3.022682e-17
   66  163    3.389475e-15    3.086478e-17
   66  164    2.938420e-13   -1.904845e-18
   66  165    3.111471e-17    1.429137e-18
   66  166    2.071514e-20    2.326463e-22
   66  167    2.175594e-25    2.470467e-26
   66  168    1.661746e-29    3.018420e-30
   67  156    6.005402e-28   -1.424641e-31
   67  157    4.907797e-23   -8.713578e-27
   67  158    6.358794e-23   -6.005343e-27
   67  159    9.931327e-19   -1.176041e-22
   67  160    2.247580e-19    6.828193e-23
   67  161    1.299208e-15   -9.715583e-20
   67  162    5.399327e-17    8.788723e-20
   67  163    9.834526e-14   -5.207562e-18
   67  164    1.320765e-15    5.231389e-18
   67  165    3.831470e-13   -9.770808e-18
   67  166    2.817344e-16    9.733708e-18
   67  167    1.697940e-18    1.648450e-20
   67  168    1.873527e-22    1.514521e-23
   67  169    1.607666e-25    5.126975e-27
   67  170    2.399909e-30    3.525693e-31
   68  157    3.440909e-29   -2.851460e-32
   68  158    7.279310e-24   -1.102302e-27
   68  159    3.111807e-23   -4.369303e-27
   68  160    6.778269e-19   -5.145897e-23
   68  161    1.596114e-18   -1.312744e-22
   68  162    4.299844e-15   -2.387684e-19
   68  163    1.261642e-15    1.368123e-19
   68  164    7.203102e-13   -2.970635e-17
   68  165    1.266031e-14    2.918173e-17
   68  166    2.116089e-12   -4.441063e-17
   68  167    1.280832e-14    4.589402e-17
   68  168    9.051572e-13   -9.600149e-18
   68  169    3.621620e-16    8.746604e-18
   68  170    1.041524e-16    1.779020e-21
   68  171    7.005992e-21    4.023497e-22
   68  172    2.860164e-24    4.360808e-26
   68  173    1.439427e-29    1.682263e-30
   69  160    2.336745e-30   -4.643041e-34
   69  161    5.503977e-25   -7.970339e-29
   69  162    2.805817e-24   -3.859935e-28
   69  163    8.539837e-20   -8.672039e-24
   69  164    6.337909e-20   -1.218916e-23
   69  165    3.864567e-16   -2.662797e-20
   69  166    7.146599e-17    1.892025e-20
   69  167    1.024160e-13   -5.105108e-18
   69  168    5.009659e-15    4.863845e-18
   69  169    4.230725e-13   -1.161530e-17
   69  170    1.217690e-15    1.181780e-17
   69  171    1.650717e-17    4.676476e-20
   69  172    7.758534e-21    2.435849e-22
   69  173    1.627043e-23    2.408363e-25
   69  174    1.138047e-27    9.906791e-29
   70  163    9.631786e-27   -1.921901e-30
   70  164    6.162743e-22   -6.620803e-26
   70  165    3.819633e-21   -5.628721e-25
   70  166    2.757695e-17   -1.818286e-21
   70  167    4.272863e-17   -2.827979e-21
   70  168    5.245803e-14   -2.359077e-18
   70  169    1.111432e-14    1.728826e-18
   70  170    1.839652e-12   -5.100050e-17
   70  171    4.403640e-14    5.143861e-17
   70  172    3.976450e-12   -6.174356e-17
   70  173    1.419776e-14    6.527159e-17
   70  174    5.558138e-13   -6.080823e-18
   70  175    7.239193e-17    3.008340e-18
   70  176    5.707675e-20    8.822313e-22
   70  177    2.232554e-24    1.553145e-25
   70  178    4.849403e-28    1.331003e-29
   71  166    2.155202e-27   -6.792853e-31
   71  167    2.969358e-22   -5.265593e-26
   71  168    1.381606e-21   -2.313794e-25
   71  169    1.291564e-17   -1.081946e-21
   71  170    5.439855e-18    5.169182e-22
   71  171    9.397524e-15   -5.527057e-19
   71  172    1.304974e-15    4.646377e-19
   71  173    2.372798e-13   -9.995834e-18
   71  174    3.912878e-15    1.026263e-17
   71  175    2.055459e-13   -5.151617e-18
   71  176    1.945156e-16    4.975089e-18
   71  177    7.517770e-19    8.233487e-21
   71  178    1.675788e-22    9.189971e-24
   71  179    1.827328e-25    5.164588e-27
   71  180    7.548755e-30    9.126250e-31
   72  167    8.999794e-30   -3.008878e-33
   72  168    1.679307e-24   -2.462670e-28
   72  169    2.656007e-23   -6.250805e-27
   72  170    5.845274e-19   -5.376022e-23
   72  171    2.149786e-18   -1.813267e-22
   72  172    2.904823e-15   -1.649281e-19
   72  173    2.410939e-15   -8.426741e-21
   72  174    4.223194e-13   -1.451607e-17
   72  175    3.325315e-14    1.373879e-17
   72  176    4.496677e-12   -9.137457e-17
   72  177    2.319284e-14    9.707957e-17
   72  178    1.492027e-12   -2.426883e-17
   72  179    1.538515e-15    2.019053e-17
   72  180    5.280160e-14   -1.117971e-18
   72  181    4.520515e-18    2.483184e-19
   72  182    1.504523e-21    3.272811e-23
   72  183    9.468930e-27    1.331417e-27
   73  172    2.122973e-26   -5.556531e-30
   73  173    4.564521e-22    1.215713e-26
   73  174    3.119350e-23    8.188687e-26
   73  175    1.132894e-17   -6.526376e-22
   73  176    1.187105e-18    6.872148e-22
   73  177    1.639045e-15   -1.805480e-20
   73  178    2.960628e-18    2.472926e-20
   73  179    4.661377e-13   -1.702867e-17
   73  180    3.462644e-15    1.753128e-17
   73  181    2.505921e-13   -4.503732e-18
   73  182    9.435870e-17    4.027086e-18
   73  183    1.375827e-19    2.394948e-21
   73  184    2.579202e-24    4.017865e-25
   73  185    1.259711e-27    8.027778e-29
   74  173    6.413901e-26   -2.092286e-29
   74  174    1.560409e-21   -2.887811e-25
   74  175    1.439018e-20   -2.203301e-24
   74  176    3.308884e-17   -2.954750e-21
   74  177    3.588136e-17   -2.839310e-21
   74  178    1.780526e-14   -8.739602e-19
   74  179    5.698022e-15    3.868524e-19
   74  180    9.501360e-13   -2.991617e-17
   74  181    4.920904e-14    2.879654e-17
   74  182    3.790795e-12   -6.002667e-17
   74  183    4.555897e-15    6.295593e-17
   74  184    1.210448e-13   -2.048009e-18
   74  185    2.018682e-17    8.778767e-19
   74  186    1.957820e-17   -7.635035e-22
   74  187    4.842955e-22    4.184038e-23
   74  188    2.300679e-25    3.693551e-27
   75  176    5.981694e-26   -1.451138e-29
   75  177    8.273555e-22   -2.351996e-25
   75  178    2.078549e-21   -2.746710e-25
   75  179    6.106956e-18   -1.015153e-21
   75  180    5.971725e-18   -8.628263e-22
   75  181    4.901450e-15   -3.617146e-19
   75  182    7.484189e-16    2.754581e-19
   75  183    1.939358e-13   -7.850024e-18
   75  184    9.021186e-16    8.237387e-18
   75  185    1.140817e-13   -3.615772e-18
   75  186    1.174819e-16    3.418207e-18
   75  187    2.510473e-17    5.038145e-21
   75  188    4.132477e-21    2.941701e-22
   75  189    6.111916e-23    2.246641e-25
   75  190    1.890653e-27    2.243111e-28
   75  191    5.335830e-30    4.832191e-33
   76  177    6.556127e-30   -1.702005e-33
   76  178    4.377268e-25   -7.066670e-28
   76  179    1.020963e-23   -9.200360e-27
   76  180    1.138771e-19   -2.314162e-23
   76  181    4.818383e-19   -6.738684e-23
   76  182    9.203971e-16   -5.709742e-20
   76  183    1.215532e-15   -6.055619e-20
   76  184    2.288784e-13   -7.687409e-18
   76  185    1.117111e-14    7.470114e-18
   76  186    2.117307e-12   -5.316226e-17
   76  187    9.420989e-15    5.415504e-17
   76  188    1.700498e-12   -1.871929e-17
   76  189    1.433246e-15    1.918533e-17
   76  190    5.167765e-13   -4.718474e-18
   76  191    1.144820e-16    3.437839e-18
   76  192    3.612911e-15   -3.530236e-20
   76  193    1.729659e-19    8.944773e-21
   76  194    1.313978e-22    8.574880e-25
   76  195    2.050768e-27    1.448203e-28
   77  181    1.255480e-25   -2.015309e-28
   77  182    2.119591e-24   -1.018725e-27
   77  183    1.517771e-20   -3.053382e-24
   77  184    4.543538e-20   -6.781318e-24
   77  185    4.171734e-17   -3.897290e-21
   77  186    2.388397e-18    2.918490e-21
   77  187    3.488133e-15   -3.220289e-19
   77  188    1.223146e-16    2.144578e-19
   77  189    1.170857e-13   -4.538677e-18
   77  190    7.211078e-16    4.659509e-18
   77  191    3.497604e-13   -9.484379e-18
   77  192    4.299864e-16    9.553704e-18
   77  193    1.785263e-13   -2.672611e-18
   77  194    5.450483e-17    2.474956e-18
   77  195    1.383606e-19    1.059087e-21
   77  196    9.555146e-24    8.008292e-25
   77  197    1.083184e-26    3.152551e-28
   78  183    2.391908e-29   -3.447709e-31
   78  184    3.494916e-24   -1.220781e-26
   78  185    4.988469e-23   -7.574294e-26
   78  186    1.820014e-19   -1.248124e-22
   78  187    1.228497e-19   -1.754460e-22
   78  188    3.988017e-16   -6.876728e-20
   78  189    9.319353e-17    1.621645e-20
   78  190    5.934899e-14   -2.657590e-18
   78  191    2.050602e-15    2.518422e-18
   78  192    1.324870e-12   -3.544702e-17
   78  193    8.983267e-15    3.548011e-17
   78  194    2.162850e-12   -2.408708e-17
   78  195    5.404415e-15    2.502139e-17
   78  196    1.615796e-12   -9.991512e-18
   78  197    5.130523e-16    9.140865e-18
   78  198    1.451646e-15   -4.321977e-21
   78  199    1.199866e-19    2.643344e-21
   78  200    8.007470e-23    2.626106e-25
   78  201    3.975441e-28    2.285139e-29
   79  188    2.518482e-26   -3.091021e-28
   79  189    9.082120e-22   -5.314789e-25
   79  190    2.335152e-21   -2.282002e-25
   79  191    5.123972e-18   -4.545399e-22
   79  192    1.111296e-18    3.202285e-22
   79  193    2.405786e-15   -1.374670e-19
   79  194    2.655312e-16    1.147112e-19
   79  195    1.294580e-13   -3.795849e-18
   79  196    3.868829e-15    3.773199e-18
   79  197    5.735579e-13   -9.119871e-18
   79  198    1.386581e-15    9.142842e-18
   79  199    1.244636e-17    2.326172e-20
   79  200    4.625904e-21    5.778879e-23
   79  201    9.821556e-24    4.685526e-26
   79  202    9.979338e-28    1.687306e-29
   80  190    1.624938e-25   -2.154851e-29
   80  191    1.893944e-24   -3.188636e-28
   80  192    1.305543e-20   -7.855982e-25
   80  193    4.678589e-20   -4.967708e-24
   80  194    8.784555e-17   -2.922657e-21
   80  195    7.340126e-17   -1.625515e-21
   80  196    5.688213e-14   -6.435670e-19
   80  197    2.174277e-14    2.081366e-20
   80  198    3.490097e-12   -3.045263e-17
   80  199    9.334172e-14    3.051326e-17
   80  200    5.295299e-12   -1.095401e-17
   80  201    5.859484e-14    1.305084e-17
   80  202    4.712357e-12   -8.623307e-18
   80  203    2.020304e-15    7.167200e-18
   80  204    7.014231e-14   -8.046863e-20
   80  205    1.352981e-18    2.461511e-20
   80  206    1.325369e-22    3.361696e-25
   81  194    5.640014e-27   -7.428566e-31
   81  195    6.777614e-23   -4.707812e-27
   81  196    5.118433e-22   -4.649789e-26
   81  197    7.823829e-19   -2.853570e-23
   81  198    2.153407e-18   -1.117777e-22
   81  199    1.290709e-15   -1.073451e-20
   81  200    1.924588e-15   -3.717299e-20
   81  201    2.248339e-13    8.319736e-19
   81  202    1.814573e-13   -2.729913e-18
   81  203    2.899980e-12   -8.140532e-18
   81  204    1.947392e-14    1.010343e-17
   81  205    2.211970e-13   -2.803414e-19
   81  206    8.980353e-17    2.411318e-19
   81  207    4.076801e-20    5.309397e-23
   81  208    3.153108e-30    9.372377e-32
   82  197    1.704101e-27   -2.224446e-31
   82  198    1.865003e-23   -1.917204e-28
   82  199    1.686860e-22   -8.959011e-27
   82  200    1.035170e-18    2.462415e-24
   82  201    8.260990e-18   -1.371713e-22
   82  202    8.509172e-15    6.178556e-20
   82  203    3.924590e-14   -2.517069e-19
   82  204    8.442336e-12    7.169624e-18
   82  205    6.392388e-12   -1.706286e-17
   82  206    7.567153e-11    1.717271e-16
   82  207    3.723254e-11   -1.591808e-16
   82  208    1.261349e-10   -2.473814e-18
   82  209    2.467794e-19    1.350042e-20
   82  210    2.561459e-26    3.747301e-27
   83  200    2.767890e-27   -4.174473e-31
   83  201    1.350724e-23   -8.255956e-28
   83  202    9.239414e-23   -7.772474e-27
   83  203    1.534350e-19   -2.759225e-24
   83  204    7.181313e-19   -1.652252e-23
   83  205    3.063406e-16    2.002618e-21
   83  206    7.464125e-16   -5.514057e-21
   83  207    1.278510e-13    9.913490e-19
   83  208    1.162774e-13   -4.039771e-19
   83  209    2.861390e-12   -5.898616e-19
   83  210    6.111568e-20    5.767409e-21
   83  211    4.876196e-27    3.088395e-28
   84  208    2.280200e-28   -4.905148e-32
   84  209    1.638825e-26   -3.273867e-30
   84  210    3.254001e-25    2.271246e-27
    0    1    6.253236e-17   -2.448911e-17
    1    1    8.182731e-14   -2.248170e-14
    2    4    3.216342e-10   -5.081493e-11
