2.4237e-01
1.1224e-05
2.6850e+00
4.0014e+05
    1    2    1.960151e-17    4.993654e-19
    1    3    2.691724e-18    2.096979e-19
    2    3    9.295058e-15    4.031365e-16
    3    6    1.403281e-23    4.716891e-25
    3    7    2.100910e-23    1.273315e-24
    4    7    8.332363e-21    2.165652e-22
    4    8    3.314958e-13    2.965179e-14
    4    9    2.405703e-30    7.812401e-32
    4   10    1.112517e-23    7.448200e-25
    5   10    5.328193e-18    1.693606e-19
    5   11    8.764428e-17    6.641366e-18
    5   12    1.019985e-26    1.075159e-27
    6   11    1.472511e-12    5.912650e-14
    6   12    6.901649e-04   -2.960284e-07
    6   13    3.692386e-10    1.033088e-11
    6   14    4.434445e-10    3.003369e-11
    6   15    2.628068e-23    2.543598e-24
    7   12    1.940489e-22    6.805124e-24
    7   13    7.961623e-11   -5.427029e-13
    7   14    1.558499e-08    7.005729e-10
    7   15    4.635189e-08    2.052020e-09
    7   16    7.536417e-19    5.564849e-20
    7   17    1.916530e-24    1.859005e-25
    8   13    2.306464e-30    6.745457e-32
    8   14    2.471328e-13   -3.814873e-15
    8   15    2.735575e-08    7.023023e-10
    8   16    4.582712e-02   -4.540251e-09
    8   17    3.360884e-07    1.125026e-08
    8   18    5.746315e-11    2.604591e-12
    8   19    4.282657e-19    3.360710e-20
    8   20    8.940158e-26    1.226494e-26
    9   15    9.065801e-27   -1.728555e-28
    9   16    5.848358e-20    1.262931e-21
    9   17    4.796199e-11   -2.530021e-13
    9   18    8.792624e-09    1.827228e-10
    9   19    1.668453e-08    1.163171e-09
    9   20    1.584249e-14    1.635421e-15
    9   21    8.037555e-20    4.113148e-21
    9   22    6.949520e-29    5.031483e-30
   10   17    2.471082e-28    3.841459e-30
   10   18    2.939243e-15   -3.227896e-17
   10   19    1.440512e-10    3.799866e-12
   10   20    8.376993e-03   -1.008367e-07
   10   21    1.063461e-05    6.774701e-08
   10   22    1.536532e-06   -3.878960e-09
   10   23    4.899479e-14    1.650563e-15
   10   24    1.392429e-19    1.005490e-20
   10   25    1.625535e-27    1.649472e-28
   11   19    6.833026e-26   -1.056909e-27
   11   20    2.734869e-17    5.441055e-19
   11   21    2.056308e-08   -1.383787e-10
   11   22    4.045832e-07    3.053500e-09
   11   23    1.503519e-04    2.660026e-10
   11   24    1.860978e-10    6.633897e-12
   11   25    1.138784e-14    3.110382e-16
   11   26    1.441793e-21    8.814273e-23
   11   27    1.896570e-28    1.797380e-29
   12   21    2.992322e-22    3.844865e-24
   12   22    1.500201e-13    1.662410e-15
   12   23    2.100506e-07   -3.861973e-09
   12   24    2.149532e-03    5.699631e-07
   12   25    3.376302e-04   -5.039231e-07
   12   26    2.890168e-04    5.969319e-08
   12   27    2.249526e-11    8.124775e-13
   12   28    3.521078e-17    2.077599e-18
   12   29    1.783461e-25    1.547002e-26
   13   23    4.511881e-26    3.812033e-28
   13   24    1.645406e-14   -4.088104e-16
   13   25    3.008958e-09   -1.920576e-11
   13   26    8.517095e-09   -6.201632e-10
   13   27    2.812567e-04    2.805157e-07
   13   28    1.929645e-09    2.452842e-11
   13   29    1.184276e-13   -4.202932e-16
   13   30    5.728277e-20    1.819206e-21
   13   31    4.048220e-26    2.687273e-27
   14   25    1.845707e-20   -4.318852e-22
   14   26    2.602196e-12   -2.326616e-14
   14   27    5.059104e-06   -4.330102e-07
   14   28    2.542518e-04    9.912044e-08
   14   29    7.344273e-05    4.470975e-08
   14   30    3.346281e-05    3.430083e-08
   14   31    3.252791e-10    1.192496e-11
   14   32    9.414254e-16    5.741842e-17
   14   33    1.051386e-22    9.422301e-24
   14   34    4.018377e-29    4.871131e-30
   15   27    4.222078e-21   -6.082053e-23
   15   28    7.307221e-13   -6.765739e-14
   15   29    8.866588e-10   -5.905571e-12
   15   30    1.365572e-08   -8.162774e-10
   15   31    1.871323e-06   -1.051132e-08
   15   32    2.368380e-11    2.978014e-13
   15   33    2.687650e-12    9.188802e-14
   15   34    9.590406e-18    6.503744e-19
   15   35    5.627862e-23    3.103448e-24
   16   28    5.922013e-28   -6.076861e-30
   16   29    8.557236e-18   -8.338902e-19
   16   30    1.051354e-12   -6.372433e-14
   16   31    1.380714e-08   -6.891376e-10
   16   32    2.324991e-06    2.199873e-08
   16   33    5.175325e-08    1.001198e-10
   16   34    1.084893e-08   -1.125608e-09
   16   35    4.742789e-12   -2.319418e-13
   16   36    1.603022e-14    2.045582e-16
   16   37    1.837989e-21    7.674247e-23
   16   38    4.700682e-27    3.754396e-28
   17   30    1.674187e-29   -1.714282e-30
   17   31    2.024253e-22   -1.334531e-23
   17   32    6.833356e-17   -1.459570e-18
   17   33    1.029116e-14   -3.066287e-16
   17   34    1.735185e-09   -4.592455e-12
   17   35    3.065740e-08   -2.691877e-09
   17   36    3.672063e-12   -7.211132e-14
   17   37    2.563633e-13    1.810206e-14
   17   38    2.183504e-18    2.235136e-19
   17   39    7.031266e-23    9.333404e-24
   17   40    4.624452e-28    7.424238e-29
   18   32    1.909649e-29   -1.391956e-30
   18   33    3.665706e-26   -1.250637e-27
   18   34    1.715893e-17   -6.573639e-19
   18   35    6.381323e-10    2.653491e-12
   18   36    1.682979e-08    2.355990e-10
   18   37    5.676723e-11    2.143123e-12
   18   38    6.684500e-11   -1.111535e-12
   18   39    2.269058e-14    1.036079e-15
   18   40    4.094664e-15    6.253779e-17
   18   41    8.813387e-20    4.373961e-21
   18   42    2.572219e-22    2.503742e-23
   18   43    2.956170e-27    3.682497e-28
   19   35    1.270814e-27   -5.509136e-29
   19   36    1.558338e-17   -5.150022e-21
   19   37    2.469529e-15    1.921960e-17
   19   38    1.436140e-12    5.129667e-14
   19   39    3.882944e-10    5.852286e-12
   19   40    8.954863e-13    2.428929e-14
   19   41    4.528663e-13    1.959983e-14
   19   42    1.597516e-16    1.050179e-17
   19   43    6.720560e-17    8.417236e-19
   19   44    8.651797e-21    3.562791e-22
   19   45    2.952153e-24    6.071409e-26
   19   46    1.028927e-28    4.735498e-30
   20   38    2.482101e-18   -5.924879e-22
   20   39    1.699349e-13    6.846639e-15
   20   40    1.449432e-08    4.792124e-10
   20   41    9.150311e-10    1.267141e-11
   20   42    2.809964e-08   -4.837339e-10
   20   43    1.235127e-09   -2.641324e-11
   20   44    9.940657e-10   -1.462958e-10
   20   45    8.412922e-13   -5.631419e-14
   20   46    1.147912e-13   -2.473637e-14
   20   47    2.102375e-17   -4.266758e-18
   20   48    6.044261e-17   -4.501303e-17
   20   49    1.379401e-22   -9.595434e-23
   20   50    2.688021e-27   -1.739464e-27
   21   39    1.015903e-29   -4.597291e-32
   21   40    5.327285e-23    1.880691e-24
   21   41    1.501508e-16    4.139321e-18
   21   42    3.175206e-13    1.946158e-15
   21   43    4.831744e-09   -1.149126e-10
   21   44    7.791647e-10   -2.860664e-11
   21   45    6.702057e-09   -5.477947e-10
   21   46    2.790118e-11   -1.386952e-12
   21   47    2.736065e-13   -2.478853e-14
   21   48    4.676416e-14   -2.225266e-14
   21   49    6.302886e-16   -3.053059e-16
   21   50    2.858541e-20   -1.265545e-20
   21   51    3.259149e-24   -1.301589e-24
   21   52    2.949536e-30   -1.061802e-30
   22   42    2.464884e-21    4.920852e-23
   22   43    3.292042e-15   -5.557168e-18
   22   44    8.672660e-09    1.084371e-10
   22   45    8.658496e-09   -7.770289e-11
   22   46    5.231398e-08   -2.250181e-10
   22   47    7.217419e-09    3.083562e-10
   22   48    3.309585e-09   -1.010645e-10
   22   49    3.678657e-11   -2.259101e-12
   22   50    4.509564e-09   -4.201168e-10
   22   51    7.373013e-13   -4.367040e-14
   22   52    1.358641e-16   -4.255143e-18
   22   53    1.015550e-21   -2.649573e-24
   22   54    4.650527e-26    1.052843e-27
   23   44    3.949744e-22   -3.210540e-24
   23   45    1.186310e-18    5.472774e-21
   23   46    5.971609e-11   -7.058269e-13
   23   47    2.006401e-08    1.694451e-10
   23   48    5.264548e-09    1.584616e-10
   23   49    1.192821e-08   -2.272767e-10
   23   50    3.372263e-10   -2.799631e-11
   23   51    4.057618e-09   -3.279461e-10
   23   52    1.434490e-11   -6.203986e-13
   23   53    9.005287e-15   -1.651828e-16
   23   54    2.532451e-19    2.479788e-21
   23   55    7.266124e-23    2.543088e-24
   23   56    2.136279e-29    1.330003e-30
   24   45    2.513117e-28   -3.805563e-30
   24   46    1.171589e-21   -3.210776e-24
   24   47    2.077635e-12   -3.616128e-14
   24   48    7.876995e-10    3.866592e-11
   24   49    2.582294e-09    7.643601e-11
   24   50    1.856829e-08    4.017122e-10
   24   51    2.600393e-08   -1.392137e-10
   24   52    3.513923e-08   -4.908379e-10
   24   53    3.598815e-10   -3.589045e-11
   24   54    3.933306e-09   -5.199766e-10
   24   55    9.163856e-13   -9.079718e-14
   24   56    4.005731e-16   -3.343074e-17
   24   57    2.449319e-21   -1.308101e-22
   24   58    4.182231e-25   -1.620158e-26
   25   48    3.197244e-19   -7.675105e-21
   25   49    5.498560e-16    2.357841e-17
   25   50    5.556680e-12    1.247396e-13
   25   51    2.427675e-09    8.434569e-11
   25   52    1.205683e-08    3.668260e-10
   25   53    3.056713e-08    4.405354e-10
   25   54    1.259580e-08   -9.512153e-10
   25   55    5.393943e-09   -5.592168e-10
   25   56    2.234361e-11   -1.471075e-12
   25   57    4.186677e-14   -2.743629e-15
   25   58    5.023369e-18   -2.017578e-19
   25   59    6.275178e-21   -2.634144e-22
   25   60    3.337218e-26   -4.485160e-28
   26   49    4.914009e-25   -1.532393e-26
   26   50    4.874176e-20    1.708326e-21
   26   51    7.270583e-14    1.505276e-15
   26   52    5.286353e-11    3.677207e-12
   26   53    1.509338e-09    7.897715e-11
   26   54    6.852689e-08    1.432424e-09
   26   55    7.104338e-08    1.201964e-10
   26   56    1.292152e-06   -1.621475e-08
   26   57    8.379469e-08   -6.314441e-09
   26   58    1.260246e-06   -6.482939e-08
   26   59    9.732445e-10   -1.982198e-11
   26   60    1.254907e-12   -2.937164e-14
   26   61    1.973994e-17    8.135318e-20
   26   62    1.228818e-20   -2.212346e-22
   26   63    1.358840e-26    1.441897e-28
   27   51    2.016084e-29    6.086580e-31
   27   52    4.325350e-23    6.615357e-25
   27   53    4.747588e-18    3.028778e-19
   27   54    1.416396e-12    7.969191e-14
   27   55    3.534657e-09    1.414551e-10
   27   56    1.202957e-08    3.169720e-10
   27   57    1.008154e-06    9.272330e-09
   27   58    4.611896e-07   -5.543883e-09
   27   59    1.686873e-06   -4.528655e-08
   27   60    1.026234e-08   -2.359492e-11
   27   61    9.142499e-11   -2.931483e-12
   27   62    5.159878e-14   -5.302774e-16
   27   63    3.221007e-16   -8.027605e-18
   27   64    8.639822e-21    2.413779e-23
   27   65    2.326274e-23    2.508685e-25
   27   66    5.791981e-29    2.229625e-30
   28   53    8.281979e-28    6.608860e-30
   28   54    1.170346e-22    6.644533e-24
   28   55    3.552913e-15    2.303826e-16
   28   56    4.954489e-11    3.649755e-12
   28   57    1.645497e-09    8.106134e-11
   28   58    5.717167e-07    2.670976e-08
   28   59    2.277705e-06    6.301433e-08
   28   60    3.888347e-06    3.654547e-08
   28   61    6.106003e-07   -4.485096e-09
   28   62    1.596123e-06   -2.179189e-08
   28   63    5.844381e-09    8.680513e-11
   28   64    3.073551e-07   -1.695793e-08
   28   65    8.530072e-11   -2.161575e-12
   28   66    2.759590e-13   -8.450749e-15
   28   67    6.243959e-18   -1.714850e-20
   28   68    6.908234e-21   -6.119871e-23
   28   69    3.520881e-27    6.981707e-29
   29   57    4.447490e-20    3.076650e-21
   29   58    5.064960e-15    2.158850e-16
   29   59    7.567521e-11    2.996334e-12
   29   60    1.324370e-08    2.767514e-10
   29   61    1.651627e-07    7.429590e-10
   29   62    1.975633e-07    1.496841e-09
   29   63    1.219262e-06    7.717011e-09
   29   64    2.055158e-07   -3.676384e-09
   29   65    4.715252e-07   -1.709612e-08
   29   66    1.727398e-09   -9.633979e-12
   29   67    4.876069e-11   -8.299012e-13
   29   68    8.164822e-15    8.319645e-17
   29   69    7.091262e-17    3.971931e-19
   29   70    3.742446e-22    1.256659e-23
   29   71    1.279543e-24    5.587281e-26
   29   72    1.528739e-30    1.079250e-31
   30   58    2.473191e-27    1.557429e-28
   30   59    1.286340e-20    4.600520e-22
   30   60    1.124517e-13    5.609871e-15
   30   61    3.644578e-10    1.071275e-11
   30   62    2.926035e-08    1.193893e-09
   30   63    3.116837e-08    1.010159e-09
   30   64    1.524748e-06    2.974367e-08
   30   65    7.144511e-07    1.305310e-08
   30   66    1.544651e-06   -4.385663e-11
   30   67    1.523271e-08    3.935183e-10
   30   68    6.079858e-07   -1.731886e-08
   30   69    4.378287e-10    3.011700e-13
   30   70    4.792356e-11   -1.550510e-12
   30   71    4.978452e-15   -2.041897e-17
   30   72    1.634417e-16   -1.435479e-18
   30   73    2.788252e-21    5.362637e-23
   30   74    8.103900e-24    1.960544e-25
   30   75    9.832962e-30    5.081971e-31
   31   61    1.222420e-24    7.033037e-26
   31   62    1.170885e-15    2.650865e-17
   31   63    2.159306e-13    7.379888e-15
   31   64    1.535971e-11    3.848453e-13
   31   65    3.584657e-09    4.245474e-11
   31   66    3.505056e-08    6.098711e-10
   31   67    3.972999e-07    7.344472e-09
   31   68    2.356260e-08    7.730057e-10
   31   69    5.437520e-07    2.089502e-09
   31   70    7.790845e-09    3.036517e-10
   31   71    4.504536e-08   -1.844425e-09
   31   72    5.134739e-11   -6.477665e-13
   31   73    3.835674e-12   -4.117001e-14
   31   74    1.661830e-15    2.730780e-17
   31   75    2.804592e-17    5.942143e-19
   31   76    3.238844e-22    1.552624e-23
   31   77    3.028272e-24    1.857884e-25
   31   78    2.010806e-29    1.750319e-30
   32   63    1.166420e-22    1.875469e-24
   32   64    1.503789e-16    7.721715e-18
   32   65    6.919789e-14    2.504975e-15
   32   66    4.846518e-10    1.906435e-11
   32   67    2.936289e-09    1.117596e-10
   32   68    7.674640e-08    4.510682e-09
   32   69    4.733423e-08    1.987461e-09
   32   70    4.440666e-07    1.081153e-08
   32   71    6.666171e-08    4.989210e-10
   32   72    1.925109e-07   -2.290745e-09
   32   73    2.097399e-09    3.342929e-11
   32   74    9.993388e-08   -2.052634e-09
   32   75    2.415362e-10    1.954880e-12
   32   76    1.106251e-11   -1.170079e-13
   32   77    3.305977e-15    5.512546e-17
   32   78    3.794583e-17    6.210616e-19
   32   79    1.767512e-21    7.662698e-23
   32   80    3.931744e-24    2.028184e-25
   32   81    4.578678e-30    3.585338e-31
   33   65    7.655347e-27    3.590906e-28
   33   66    3.393794e-19    1.004026e-20
   33   67    6.084485e-16    2.004561e-17
   33   68    1.983224e-13    6.111994e-15
   33   69    2.558176e-11    1.327485e-12
   33   70    3.326652e-10    1.175643e-11
   33   71    2.091993e-08    4.424234e-10
   33   72    1.138558e-08    2.998554e-10
   33   73    7.721690e-08    1.648523e-09
   33   74    7.409083e-09    2.336286e-10
   33   75    6.214655e-08    6.012103e-10
   33   76    1.489177e-09    5.866337e-11
   33   77    6.025164e-11    2.948463e-12
   33   78    5.687265e-14    4.188116e-15
   33   79    2.875722e-15    1.741367e-16
   33   80    1.277988e-18    1.076133e-19
   33   81    2.071975e-20    1.628595e-21
   33   82    1.510277e-25    1.571948e-26
   33   83    2.760324e-28    8.148686e-29
   34   67    5.689403e-27    1.331357e-28
   34   68    5.800127e-19    2.580759e-20
   34   69    6.453713e-16    1.962812e-17
   34   70    1.134986e-12    7.592484e-14
   34   71    2.215124e-11    1.120998e-12
   34   72    4.550631e-09    2.798339e-10
   34   73    2.110883e-09    1.275597e-10
   34   74    1.708541e-08    1.037569e-09
   34   75    1.949003e-08    8.679429e-10
   34   76    5.412732e-08   -1.504109e-10
   34   77    3.678852e-09    2.387870e-11
   34   78    5.370596e-08   -5.540577e-10
   34   79    8.219518e-10    1.499577e-11
   34   80    3.211380e-09   -3.238490e-11
   34   81    1.220435e-11    2.275356e-13
   34   82    2.720716e-12   -1.677436e-14
   34   83    2.737654e-16    5.906493e-18
   34   84    2.477235e-18    6.448580e-20
   34   85    8.600228e-25    4.636047e-26
   34   86    4.513898e-30    3.594570e-31
   35   70    7.209354e-22    1.735890e-23
   35   71    4.470429e-19    2.728333e-20
   35   72    4.034886e-16    1.760339e-17
   35   73    4.710308e-13    2.580352e-14
   35   74    5.344386e-12    2.861864e-13
   35   75    2.059195e-10    1.235757e-11
   35   76    1.253986e-09    7.077624e-11
   35   77    1.103894e-08    2.919215e-10
   35   78    1.004940e-09    5.283222e-11
   35   79    1.931747e-08    2.549293e-10
   35   80    2.289235e-09    9.796232e-11
   35   81    6.324938e-09   -2.860270e-11
   35   82    3.278495e-10    7.418898e-12
   35   83    5.834242e-11    1.000662e-12
   35   84    1.111931e-13    4.785318e-15
   35   85    3.485149e-15    1.693145e-16
   35   86    5.216488e-21    3.934261e-22
   35   87    1.844896e-25    1.850864e-26
   36   71    6.632430e-29    1.166197e-30
   36   72    1.348063e-22    8.977360e-24
   36   73    2.077424e-18    8.495950e-20
   36   74    7.805260e-15    5.008396e-16
   36   75    1.389268e-13    8.460019e-15
   36   76    5.102077e-11    4.666599e-12
   36   77    8.353113e-11    6.346875e-12
   36   78    1.131416e-09    7.170348e-11
   36   79    1.882242e-09    8.657432e-11
   36   80    1.709205e-08    1.077173e-11
   36   81    4.583990e-09    6.293562e-11
   36   82    5.100959e-08   -2.849347e-10
   36   83    6.101503e-09    1.562235e-11
   36   84    5.198203e-08   -2.643341e-10
   36   85    9.193488e-10    2.096138e-11
   36   86    4.750871e-10   -5.315440e-13
   36   87    8.278449e-15    2.211676e-16
   36   88    3.116882e-18    1.675143e-19
   36   89    4.457450e-24    3.584729e-25
   36   90    1.367245e-28    1.446024e-29
   37   74    3.368692e-24    1.158684e-25
   37   75    6.069477e-21    3.519066e-22
   37   76    3.788112e-18    2.040658e-19
   37   77    3.640786e-15    3.092070e-16
   37   78    2.129141e-14    1.464496e-15
   37   79    4.508507e-12    2.659158e-13
   37   80    2.681374e-11    1.193098e-12
   37   81    1.343101e-09    2.504758e-11
   37   82    5.426118e-10    2.124924e-11
   37   83    7.222282e-09    1.992638e-10
   37   84    1.157957e-09    5.990677e-11
   37   85    1.200092e-08    1.553285e-10
   37   86    2.159209e-09    4.338575e-11
   37   87    6.053057e-10    1.266102e-11
   37   88    8.224543e-14    3.925935e-15
   37   89    1.170978e-16    8.603947e-18
   37   90    1.453571e-21    1.440989e-22
   37   91    1.868559e-25    2.309297e-26
   38   76    1.694183e-24    9.831833e-26
   38   77    1.159691e-20    6.072825e-22
   38   78    2.921643e-17    3.118438e-18
   38   79    3.252989e-16    2.386911e-17
   38   80    3.194302e-13    2.603926e-14
   38   81    9.120830e-13    5.937222e-14
   38   82    8.902247e-11    5.119544e-12
   38   83    8.257642e-11    5.267083e-12
   38   84    4.354071e-10    2.861310e-11
   38   85    7.099798e-10    2.924492e-11
   38   86    1.442628e-08   -6.756100e-11
   38   87    1.166577e-08   -2.822191e-11
   38   88    3.723509e-08   -5.804646e-12
   38   89    2.299904e-11    6.346116e-13
   38   90    1.313774e-13    7.500124e-15
   38   91    9.432444e-18    7.846591e-19
   38   92    5.809933e-21    6.327996e-22
   38   93    4.253714e-26    5.693522e-27
   39   78    1.628200e-27    7.550318e-29
   39   79    5.974390e-23    6.011099e-24
   39   80    2.269832e-21    1.513978e-22
   39   81    2.843322e-18    2.133966e-19
   39   82    1.211884e-16    7.038654e-18
   39   83    7.010422e-14    3.621203e-15
   39   84    8.806557e-14    5.045347e-15
   39   85    5.510079e-12    4.382079e-13
   39   86    1.904998e-11    1.153463e-12
   39   87    8.201076e-10    1.774967e-11
   39   88    7.720309e-10    2.815325e-11
   39   89    6.916423e-09    7.295888e-11
   39   90    2.601412e-11    9.898476e-13
   39   91    4.872971e-13    3.279242e-14
   39   92    2.477138e-16    2.294079e-17
   39   93    1.122252e-18    1.323268e-19
   39   94    2.597591e-22    3.694367e-23
   39   95    6.451652e-26    1.065569e-26
   40   80    8.069194e-27    8.550281e-28
   40   81    5.203232e-25    3.362892e-26
   40   82    1.648015e-20    1.459790e-21
   40   83    8.561091e-19    5.624214e-20
   40   84    8.195935e-16    5.927662e-17
   40   85    1.071898e-15    7.583768e-17
   40   86    1.836753e-13    1.855274e-14
   40   87    5.422701e-13    3.874686e-14
   40   88    2.689306e-11    1.619210e-12
   40   89    2.674411e-11    1.528715e-12
   40   90    3.529721e-09    9.816451e-12
   40   91    1.233006e-10    1.064670e-12
   40   92    5.484095e-10   -3.835281e-12
   40   93    1.952275e-12    3.630024e-14
   40   94    5.373610e-13   -2.220469e-14
   40   95    5.618006e-16   -7.443990e-18
   40   96    5.212004e-18    7.371558e-20
   40   97    3.945359e-23    1.637431e-24
   40   98    2.731461e-27    1.847811e-28
   41   83    1.194474e-27    9.918808e-29
   41   84    4.116747e-23    2.439636e-24
   41   85    8.841544e-22    5.851091e-23
   41   86    3.862743e-20    2.472591e-21
   41   87    2.330043e-17    2.209117e-18
   41   88    8.610725e-16    5.713828e-17
   41   89    1.258926e-13    9.122301e-15
   41   90    3.214279e-13    2.560334e-14
   41   91    7.174975e-11    2.540325e-12
   41   92    8.305633e-12    3.712205e-13
   41   93    1.135008e-11    3.788823e-13
   41   94    1.718047e-13    1.076623e-14
   41   95    9.926739e-15    8.948993e-16
   41   96    3.411654e-17    3.923356e-18
   41   97    8.046056e-19    1.150707e-19
   41   98    3.509570e-23    5.851453e-24
   41   99    2.412410e-26    4.563499e-27
   42   85    1.462285e-29    7.662761e-31
   42   86    9.595257e-25    6.773179e-26
   42   87    1.215223e-22    8.481032e-24
   42   88    9.219109e-20    1.035771e-20
   42   89    4.216445e-18    3.133486e-19
   42   90    8.586618e-16    9.155036e-17
   42   91    2.261886e-15    2.049930e-16
   42   92    8.746351e-13    5.458517e-14
   42   93    8.316700e-13    1.584017e-14
   42   94    5.720725e-11    1.363229e-13
   42   95    6.983488e-12    5.893166e-14
   42   96    1.409244e-10   -1.735431e-13
   42   97    9.970032e-13    1.599330e-14
   42   98    9.428292e-12   -1.453338e-13
   42   99    1.799987e-15    2.275426e-17
   42  100    6.049475e-17    1.215136e-18
   42  101    2.300292e-21    1.090149e-22
   42  102    1.994653e-23    1.205828e-24
   42  103    2.964838e-28    2.566026e-29
   43   88    3.219116e-29    2.057944e-30
   43   89    4.512514e-26    4.819446e-27
   43   90    7.919406e-24    5.374995e-25
   43   91    6.451013e-20    6.556851e-21
   43   92    1.820257e-18    1.600355e-19
   43   93    2.158980e-15    1.542229e-16
   43   94    1.065064e-14    3.573846e-16
   43   95    7.592131e-13    2.621719e-14
   43   96    2.656823e-13    1.039045e-14
   43   97    1.875155e-12    6.274924e-14
   43   98    4.270530e-14    1.952127e-15
   43   99    2.031274e-13    1.203597e-15
   43  100    2.978406e-16    9.774529e-18
   43  101    3.345529e-17    1.570025e-18
   43  102    3.138668e-21    2.293463e-22
   43  103    1.576315e-22    1.392130e-23
   43  104    9.766136e-27    1.107109e-27
   44   91    1.094238e-26    8.342791e-28
   44   92    7.133305e-23    8.598152e-24
   44   93    2.845169e-21    2.720142e-22
   44   94    1.333733e-17    1.094657e-18
   44   95    5.466855e-16    3.549806e-17
   44   96    9.309720e-15    3.762003e-16
   44   97    3.235813e-14    5.605338e-16
   44   98    7.818334e-12   -6.931980e-15
   44   99    9.591687e-13    1.338515e-14
   44  100    3.942465e-11   -2.929678e-14
   44  101    3.307850e-13    8.820113e-15
   44  102    1.202674e-13    1.428627e-15
   44  103    1.452213e-16    5.621594e-18
   44  104    1.344748e-17    3.461935e-19
   44  105    3.320066e-21    1.738790e-22
   44  106    8.823342e-23    5.744027e-24
   44  107    2.508265e-27    2.281036e-28
   44  108    5.085182e-30    1.417325e-31
   45   93    3.630198e-29    4.172712e-30
   45   94    2.789428e-26    2.494560e-27
   45   95    7.824632e-22    6.018720e-23
   45   96    1.075211e-19    6.524773e-21
   45   97    1.616366e-17    5.804261e-19
   45   98    9.230687e-17    1.074534e-18
   45   99    4.965494e-14    1.422357e-15
   45  100    1.923079e-14    6.177062e-16
   45  101    1.153370e-12    1.504324e-14
   45  102    5.590744e-14    1.422296e-15
   45  103    6.448888e-12   -8.535537e-15
   45  104    3.530377e-14    9.012144e-16
   45  105    1.326699e-14    4.018954e-16
   45  106    1.153079e-17    6.511972e-19
   45  107    1.360066e-18    9.831135e-20
   45  108    3.420031e-22    3.335800e-23
   45  109    9.233515e-24    1.108117e-24
   45  110    6.578223e-28    9.492403e-29
   46   96    6.111401e-25    6.251030e-26
   46   97    1.438666e-22    1.119004e-23
   46   98    9.825978e-20    5.782362e-21
   46   99    4.593074e-18    2.619017e-19
   46  100    2.152934e-16    1.312264e-17
   46  101    2.397859e-15    8.577879e-17
   46  102    3.573257e-13    2.726692e-15
   46  103    2.063504e-13    1.552500e-15
   46  104    2.779723e-11   -4.150776e-15
   46  105    8.826015e-13    2.038962e-14
   46  106    2.946294e-11    2.804784e-14
   46  107    1.355625e-13    2.633035e-15
   46  108    1.465114e-11   -6.191145e-14
   46  109    1.269256e-14    2.952925e-16
   46  110    2.398979e-15    1.485627e-17
   46  111    2.488092e-19    8.361635e-21
   46  112    6.854091e-21    3.925157e-22
   46  113    1.199874e-25    1.002706e-26
   46  114    3.509214e-28    1.712667e-28
   47   98    3.078782e-28    2.203795e-29
   47   99    1.450058e-24    7.646157e-26
   47  100    1.535020e-22    7.752284e-24
   47  101    7.129135e-20    4.031728e-21
   47  102    2.104632e-18    8.141484e-20
   47  103    1.318612e-15    3.315747e-17
   47  104    2.512691e-15    4.123589e-17
   47  105    4.940238e-13    4.820579e-15
   47  106    1.106310e-13    2.093632e-15
   47  107    6.183870e-12    1.146184e-14
   47  108    1.490711e-13    3.577945e-15
   47  109    4.205627e-12   -1.197095e-14
   47  110    1.289222e-14    3.113344e-16
   47  111    4.588741e-15    1.504598e-16
   47  112    3.811768e-18    2.246657e-19
   47  113    3.292705e-19    2.544000e-20
   47  114    2.513134e-23    2.579603e-24
   47  115    5.776503e-25    7.179777e-26
   47  116    5.794283e-30    8.616329e-31
   48  100    5.883270e-28    4.510548e-29
   48  101    7.765596e-26    5.032286e-27
   48  102    1.221389e-22    9.792293e-24
   48  103    1.305709e-20    6.421114e-22
   48  104    5.557844e-18    3.244457e-19
   48  105    1.831791e-16    6.177436e-18
   48  106    4.296844e-15    1.452121e-16
   48  107    1.298431e-14    2.607020e-16
   48  108    1.497705e-12    7.690842e-15
   48  109    1.986051e-13    2.921146e-15
   48  110    2.961990e-11    4.375041e-14
   48  111    5.422826e-13    1.205738e-14
   48  112    3.456607e-11    2.179685e-14
   48  113    1.268598e-13    2.192048e-15
   48  114    1.197575e-11   -9.769820e-14
   48  115    7.607389e-15    1.487859e-16
   48  116    6.347719e-16    2.331678e-17
   48  117    9.513133e-20    6.028693e-21
   48  118    1.755408e-21    1.506424e-22
   48  119    3.161285e-26    3.518203e-27
   49  103    2.473355e-28    1.832658e-29
   49  104    9.796559e-26    4.186213e-27
   49  105    2.106461e-22    1.046998e-23
   49  106    1.791890e-20    5.180589e-22
   49  107    2.685961e-18    9.248517e-20
   49  108    1.599227e-17    4.010964e-19
   49  109    8.342052e-15    8.809399e-17
   49  110    5.751313e-15    9.217811e-17
   49  111    9.716507e-13    5.512992e-15
   49  112    1.112041e-13    2.608192e-15
   49  113    5.032811e-12   -5.483102e-15
   49  114    1.032801e-13    2.617587e-15
   49  115    6.912975e-14    2.146383e-15
   49  116    2.327781e-16    1.332367e-17
   49  117    3.959259e-17    2.958319e-18
   49  118    3.030855e-20    3.031459e-21
   49  119    1.714754e-21    2.043889e-22
   49  120    3.417821e-25    4.900741e-26
   49  121    1.116672e-26    1.042879e-27
   49  122    1.766596e-29    2.724085e-31
   49  123    2.516257e-30    1.013481e-32
   50  106    1.678904e-25    1.215865e-26
   50  107    7.594403e-24    4.162966e-25
   50  108    3.374051e-21    2.140450e-22
   50  109    7.744622e-20    2.457318e-21
   50  110    2.490788e-17    1.239450e-18
   50  111    2.578752e-16    6.632518e-18
   50  112    2.909114e-14    2.712311e-16
   50  113    2.018415e-14    1.307215e-16
   50  114    7.245543e-12    1.098634e-14
   50  115    5.855318e-13    1.016203e-14
   50  116    6.161209e-11    1.011273e-13
   50  117    9.017456e-13    1.753125e-14
   50  118    8.019537e-11    3.331976e-14
   50  119    3.654205e-13    4.937243e-15
   50  120    2.956568e-11   -1.852334e-13
   50  121    2.558811e-14    5.268364e-16
   50  122    9.109932e-14   -1.198837e-15
   50  123    4.022686e-17    1.184494e-19
   50  124    1.366773e-15   -3.827868e-17
   50  125    1.655298e-19    8.228788e-23
   50  126    1.987375e-21    3.724353e-23
   50  127    9.562524e-26    4.397959e-27
   50  128    3.379052e-28    1.374221e-31
   51  109    1.386212e-28    8.014415e-30
   51  110    1.876352e-25    4.821727e-27
   51  111    3.532304e-23    1.507549e-24
   51  112    5.897565e-21    1.180333e-22
   51  113    1.250305e-18    3.578005e-21
   51  114    4.374318e-18    2.645974e-20
   51  115    4.215105e-15    5.626587e-17
   51  116    1.785559e-15    5.858276e-17
   51  117    2.290041e-13    3.719007e-15
   51  118    3.362057e-14    1.042870e-15
   51  119    1.406264e-12    9.696971e-15
   51  120    3.056725e-14    7.570805e-16
   51  121    2.011412e-12   -7.640813e-15
   51  122    8.256974e-15    1.905161e-16
   51  123    2.199045e-14   -1.419088e-16
   51  124    3.734362e-17    7.792727e-19
   51  125    3.784529e-18    1.383789e-19
   51  126    1.686263e-21    1.059995e-22
   51  127    4.925892e-23    3.817344e-24
   51  128    4.809895e-27    4.865300e-28
   51  129    9.985186e-26    3.998997e-28
   51  130    3.363223e-29    4.568160e-30
   51  131    9.426678e-30    5.286136e-32
   52  112    1.239754e-27    3.615252e-29
   52  113    3.093067e-25    5.287354e-27
   52  114    4.810061e-22    6.286739e-24
   52  115    1.466113e-21    2.169769e-23
   52  116    7.657983e-18    2.281801e-19
   52  117    9.137772e-18    2.029493e-19
   52  118    9.794603e-15    1.183249e-16
   52  119    3.264544e-15    6.316326e-17
   52  120    1.297750e-12    1.069907e-14
   52  121    1.112079e-13    2.328869e-15
   52  122    2.038613e-11    6.253951e-14
   52  123    3.632351e-13    7.891780e-15
   52  124    2.970425e-11   -6.103894e-15
   52  125    1.593800e-13    2.662183e-15
   52  126    9.187962e-12   -7.732529e-14
   52  127    1.311380e-14    1.792530e-16
   52  128    3.053514e-13   -5.315894e-15
   52  129    3.464536e-16   -5.193251e-18
   52  130    1.896199e-14   -6.446931e-16
   52  131    3.118049e-18   -1.688782e-20
   52  132    3.570226e-20    4.845675e-22
   52  133    2.665255e-24    1.086672e-25
   52  134    5.711572e-27    2.320674e-28
   53  115    1.171660e-28    8.282893e-31
   53  116    5.693839e-27    4.827405e-29
   53  117    5.580912e-23    1.297116e-24
   53  118    1.184992e-21    1.987588e-23
   53  119    2.712717e-18    3.486745e-20
   53  120    3.503582e-18    8.568713e-20
   53  121    2.772257e-15    5.885692e-17
   53  122    1.046258e-15    3.129310e-17
   53  123    2.235689e-13    3.181313e-15
   53  124    1.598121e-14    4.656616e-16
   53  125    1.611448e-12    7.491874e-15
   53  126    3.016358e-14    6.854727e-16
   53  127    1.798432e-12   -9.256323e-15
   53  128    7.294275e-15    1.596294e-16
   53  129    1.732577e-15    4.758516e-17
   53  130    1.925671e-18    8.753568e-20
   53  131    3.119394e-19    8.842269e-21
   53  132    1.162981e-22    6.346953e-24
   53  133    1.635433e-23    3.154165e-25
   53  134    1.003128e-26    2.528334e-28
   53  135    1.647322e-25   -1.095858e-27
   54  118    3.367738e-26    1.272395e-27
   54  119    1.693419e-24    4.196793e-26
   54  120    6.889174e-21    2.040166e-22
   54  121    5.871433e-20    1.272932e-21
   54  122    9.846439e-17    1.062526e-18
   54  123    1.604980e-16    2.195088e-18
   54  124    8.313365e-14    9.132099e-16
   54  125    2.443345e-14    5.050432e-16
   54  126    4.718936e-12    4.346080e-14
   54  127    3.640657e-13    8.008472e-15
   54  128    3.238127e-11    1.226939e-13
   54  129    6.651934e-13    1.270371e-14
   54  130    3.278999e-11   -5.917255e-14
   54  131    2.162551e-13    2.261064e-15
   54  132    1.075059e-11   -1.066731e-13
   54  133    3.092100e-14    3.884366e-17
   54  134    1.333303e-12   -1.847920e-14
   54  135    6.290233e-15   -1.004220e-16
   54  136    3.999243e-13   -8.612367e-15
   54  137    1.495087e-20    1.200596e-22
   54  138    1.369336e-26    4.871782e-28
   55  121    6.757700e-27    1.558784e-28
   55  122    5.589099e-25    8.135039e-27
   55  123    5.379874e-21    2.309496e-23
   55  124    3.376911e-20    2.748588e-22
   55  125    7.625368e-17    7.207442e-19
   55  126    1.067134e-16    1.730979e-18
   55  127    3.668401e-14    4.910500e-16
   55  128    8.789498e-15    2.128988e-16
   55  129    6.981049e-13    7.569498e-15
   55  130    4.214934e-14    1.033981e-15
   55  131    2.124021e-12    4.990276e-15
   55  132    3.105795e-14    5.960077e-16
   55  133    1.692475e-12   -1.262560e-14
   55  134    9.353619e-15    1.833334e-16
   55  135    1.731525e-15    4.731649e-17
   55  136    1.136089e-17    5.348212e-21
   55  137    1.257186e-18    3.138258e-20
   55  138    1.180615e-25    6.253961e-27
   56  122    7.737367e-30    3.945209e-31
   56  123    8.651793e-28    9.746351e-30
   56  124    1.329761e-23    2.293171e-25
   56  125    2.144424e-22    1.141645e-24
   56  126    1.803854e-18    2.315252e-20
   56  127    5.934263e-18    8.020638e-20
   56  128    4.865893e-15    7.045730e-17
   56  129    3.733942e-15    7.311992e-17
   56  130    1.184197e-12    2.033277e-14
   56  131    1.959638e-13    5.372086e-15
   56  132    2.575611e-11    3.324033e-13
   56  133    1.639186e-12    3.792048e-14
   56  134    1.293175e-10    8.226980e-13
   56  135    3.474368e-12    5.178892e-14
   56  136    1.831562e-10   -1.953189e-13
   56  137    3.085790e-12    1.587200e-14
   56  138    1.423264e-10   -1.099044e-12
   56  139    1.074580e-16    2.245230e-18
   56  140    2.671605e-21    1.270362e-22
   56  141    1.469948e-27    1.097770e-28
   57  125    4.294267e-30    4.714905e-32
   57  126    7.099849e-28   -9.930473e-31
   57  127    8.117806e-24    4.840172e-26
   57  128    1.226219e-22    6.241426e-25
   57  129    1.023085e-18    2.677731e-21
   57  130    5.560506e-18    3.476583e-20
   57  131    5.489047e-15    6.573458e-17
   57  132    2.262066e-15    5.046588e-17
   57  133    6.550328e-13    8.131556e-15
   57  134    1.284443e-13    3.314172e-15
   57  135    6.280390e-12    5.610606e-14
   57  136    5.463182e-13    1.266935e-14
   57  137    1.341496e-11    1.558831e-14
   57  138    6.644337e-13    9.915923e-15
   57  139    1.583599e-11   -9.835767e-14
   57  140    6.534787e-17    1.445911e-18
   57  141    5.591582e-21    2.707877e-22
   57  142    1.025671e-26    7.719675e-28
   58  128    1.611298e-26    1.293588e-28
   58  129    4.212198e-25    3.997354e-28
   58  130    4.164660e-21    1.994641e-23
   58  131    3.277720e-20    8.095746e-23
   58  132    3.464302e-17    1.798404e-19
   58  133    5.332316e-17    5.191301e-19
   58  134    2.398648e-14    2.273990e-16
   58  135    1.276476e-14    2.521983e-16
   58  136    1.227336e-12    1.317743e-14
   58  137    1.884547e-13    4.107987e-15
   58  138    1.751077e-11    9.042564e-14
   58  139    1.524770e-12    2.424619e-14
   58  140    7.277882e-11   -1.326407e-13
   58  141    1.154845e-15    3.012887e-17
   58  142    6.617259e-19    3.455096e-20
   58  143    5.282888e-24    4.161695e-25
   58  144    6.166299e-28    6.385767e-29
   59  131    4.011450e-27   -7.296998e-30
   59  132    1.269813e-25   -6.055412e-28
   59  133    9.915440e-22   -8.999390e-24
   59  134    2.351563e-20   -4.128417e-22
   59  135    5.460763e-17   -7.304539e-19
   59  136    1.008237e-16   -3.137836e-19
   59  137    2.449776e-14   -2.968277e-17
   59  138    1.097439e-14    1.500788e-16
   59  139    8.755252e-13   -1.333820e-16
   59  140    2.804713e-13    5.088915e-15
   59  141    6.609522e-12   -4.521445e-15
   59  142    7.077421e-16    1.910168e-17
   59  143    1.449382e-18    7.675883e-20
   59  144    2.969222e-23    2.352743e-24
   59  145    1.812656e-26    1.882218e-27
   59  146    1.045335e-29   -1.255581e-34
   60  133    1.025900e-27   -4.262612e-29
   60  134    2.252994e-23   -8.322565e-25
   60  135    3.999425e-22   -1.435930e-23
   60  136    1.326411e-18   -3.491526e-20
   60  137    6.097430e-18   -1.219508e-19
   60  138    3.187929e-15   -4.326296e-17
   60  139    4.192412e-15    2.049373e-18
   60  140    7.407381e-13   -1.015849e-15
   60  141    4.476128e-13    3.833593e-15
   60  142    3.488623e-11   -3.020222e-15
   60  143    1.145554e-14    3.127915e-16
   60  144    9.634923e-17    5.156125e-18
   60  145    1.064287e-20    8.475502e-22
   60  146    2.207691e-23    2.242910e-24
   60  147    3.355318e-28    4.247673e-29
   60  148    3.090175e-26    7.917502e-32
   61  135    4.559595e-30   -1.969918e-31
   61  136    2.420441e-28   -1.032069e-29
   61  137    2.461351e-24   -8.130297e-26
   61  138    6.147490e-23   -1.712398e-24
   61  139    1.010775e-19   -2.427930e-21
   61  140    6.645312e-19   -1.415731e-20
   61  141    7.595142e-16   -1.465629e-17
   61  142    2.444379e-15   -1.327028e-17
   61  143    2.385363e-13    3.984056e-16
   61  144    4.528611e-16    1.304072e-17
   61  145    1.159720e-17    4.372533e-19
   61  146    5.745152e-21    3.629735e-22
   61  147    8.226659e-23    1.205592e-24
   61  148    6.609328e-27    2.622827e-28
   61  149    3.951774e-26    1.009768e-26
   61  150    1.774530e-30    6.688368e-31
   61  151    4.137577e-26   -2.246167e-31
   61  152    1.030298e-30   -5.066165e-36
   62  137    2.985568e-30   -2.434402e-31
   62  138    2.362020e-25   -1.673144e-26
   62  139    1.005354e-23   -6.661385e-25
   62  140    5.934796e-20   -3.244151e-21
   62  141    6.721058e-19   -2.609825e-20
   62  142    2.675901e-15   -6.160218e-17
   62  143    1.504180e-14   -1.751447e-16
   62  144    1.128321e-11    1.595442e-14
   62  145    5.583377e-14    1.574077e-15
   62  146    7.003320e-15    2.557810e-16
   62  147    9.480263e-18    5.625526e-19
   62  148    2.654039e-18   -8.743398e-20
   62  149    7.173029e-22   -1.019158e-23
   62  150    4.583039e-21   -3.319302e-22
   62  151    6.485375e-25   -2.769565e-26
   62  152    1.078477e-25   -1.740228e-27
   62  153    1.552210e-29    1.818379e-31
   62  154    7.089637e-28    7.775938e-32
   62  155    1.200852e-30   -2.201600e-37
   63  140    1.177813e-30   -8.578425e-32
   63  141    1.606419e-26   -9.825996e-28
   63  142    3.434065e-24   -1.390120e-25
   63  143    2.181208e-19   -6.515164e-21
   63  144    3.216711e-17   -7.089084e-19
   63  145    1.025557e-13   -5.767202e-16
   63  146    3.210291e-15    5.104331e-17
   63  147    4.660569e-15   -3.185483e-17
   63  148    4.304057e-17    2.937232e-20
   63  149    5.090300e-16   -8.358712e-18
   63  150    2.494396e-19    2.706681e-21
   63  151    4.172172e-19   -1.060786e-20
   63  152    2.164501e-22   -3.503900e-24
   63  153    1.053567e-20   -1.429063e-21
   63  154    5.161416e-24   -5.411142e-25
   63  155    4.329884e-25   -3.208014e-26
   63  156    8.761737e-29   -3.932047e-30
   63  157    1.283301e-28    5.758527e-34
   64  141    1.047693e-30   -1.866462e-33
   64  142    4.287034e-26   -3.312682e-27
   64  143    1.127306e-23   -7.333106e-25
   64  144    5.722675e-19   -2.574402e-20
   64  145    5.443804e-17   -1.272231e-18
   64  146    1.098217e-12    1.287042e-15
   64  147    7.348852e-14    1.468591e-15
   64  148    1.466127e-13    5.248005e-16
   64  149    5.023793e-15    3.897759e-17
   64  150    2.951912e-14   -2.258454e-16
   64  151    1.231327e-16    8.777256e-19
   64  152    1.300804e-15   -5.352086e-17
   64  153    9.773256e-18   -5.071718e-19
   64  154    9.038964e-16   -6.490786e-17
   64  155    1.657847e-18   -7.093057e-20
   64  156    2.293677e-19   -2.982337e-21
   64  157    1.628803e-22    2.364790e-24
   64  158    2.567404e-24    1.067367e-25
   64  159    2.669762e-28    1.811780e-29
   64  160    7.686271e-29    1.110220e-34
   65  145    7.011757e-26   -3.561024e-27
   65  146    6.388259e-23   -1.661023e-24
   65  147    2.824726e-18   -2.247849e-20
   65  148    1.101410e-17   -8.725353e-20
   65  149    3.343508e-16   -2.510700e-18
   65  150    4.194024e-17   -3.522102e-19
   65  151    9.994304e-15   -1.058070e-16
   65  152    5.559064e-17   -9.600726e-20
   65  153    6.014145e-14   -8.908269e-16
   65  154    4.208176e-16    3.523222e-18
   65  155    1.363518e-14   -3.611786e-16
   65  156    6.725307e-17    6.153756e-20
   65  157    3.720144e-17    6.308426e-19
   65  158    7.065656e-20    3.059488e-21
   65  159    4.687992e-21    3.156631e-22
   65  160    1.833762e-24    1.698231e-25
   65  161    1.651752e-26    1.923758e-27
   65  162    3.483488e-30    6.679048e-33
   66  146    5.886732e-27   -1.445046e-29
   66  147    8.097546e-24   -9.237078e-26
   66  148    3.879822e-18   -1.908262e-20
   66  149    2.795609e-18   -3.997173e-21
   66  150    6.842595e-17    1.322364e-19
   66  151    3.880838e-16   -1.390008e-21
   66  152    5.197550e-14   -1.389983e-16
   66  153    1.342395e-14    7.896953e-18
   66  154    5.764398e-13   -3.099053e-15
   66  155    1.978127e-14    2.361073e-16
   66  156    1.059338e-12   -1.140226e-14
   66  157    1.747502e-14    2.555439e-16
   66  158    4.770855e-14   -8.830956e-16
   66  159    2.839359e-16    2.456550e-18
   66  160    5.765236e-17    1.767728e-18
   66  161    8.486071e-20    4.823352e-21
   66  162    2.639157e-21    2.155043e-22
   66  163    9.581018e-25    1.021948e-25
   66  164    5.870779e-27    7.655969e-28
   67  149    8.030271e-26   -3.538159e-27
   67  150    1.017027e-25    1.322523e-26
   67  151    3.536071e-22    3.741139e-24
   67  152    3.890582e-21    3.281470e-23
   67  153    1.044563e-17    5.068817e-20
   67  154    4.361868e-17    3.028701e-19
   67  155    7.246540e-15    5.340573e-17
   67  156    1.157685e-16    2.586980e-18
   67  157    1.767957e-13    3.030845e-16
   67  158    6.162810e-15    1.513144e-16
   67  159    2.086917e-13   -1.114429e-15
   67  160    1.274329e-15    2.533306e-17
   67  161    1.725735e-14   -3.785701e-16
   67  162    2.279531e-17    1.220019e-19
   67  163    9.762954e-18    3.217286e-19
   67  164    9.156873e-21    5.404757e-22
   67  165    3.589107e-22    3.032176e-23
   67  166    4.634317e-26    5.076169e-27
   67  167    1.206853e-28    3.493768e-31
   68  150    1.040297e-26    1.019480e-28
   68  151    1.146169e-25   -1.116099e-27
   68  152    5.475804e-23    3.392061e-25
   68  153    7.984935e-21    2.975367e-23
   68  154    4.824739e-17   -1.740755e-20
   68  155    3.360798e-16    5.268220e-19
   68  156    4.084466e-14    2.149801e-16
   68  157    4.751368e-15    7.497218e-17
   68  158    1.262378e-12    4.596260e-15
   68  159    8.427697e-14    2.130245e-15
   68  160    2.245994e-12   -3.748114e-15
   68  161    9.686951e-14    2.163822e-15
   68  162    3.632565e-13   -2.284647e-15
   68  163    4.338059e-15    8.810202e-17
   68  164    1.652729e-15    5.311660e-17
   68  165    5.790882e-18    3.359466e-19
   68  166    5.379415e-19    4.230128e-20
   68  167    3.805315e-22    3.940069e-23
   68  168    3.584424e-24    4.541894e-25
   68  169    3.848498e-28    5.797010e-29
   68  170    2.086706e-29    1.678986e-33
   69  154    2.130937e-28    9.394547e-30
   69  155    1.348027e-23   -1.741753e-25
   69  156    9.087953e-22   -1.609598e-23
   69  157    1.638273e-18   -3.200382e-20
   69  158    1.507496e-16   -2.695278e-18
   69  159    1.195122e-15   -4.216418e-18
   69  160    9.464084e-16    8.555626e-18
   69  161    9.934351e-14    2.675732e-16
   69  162    7.810262e-15    1.824337e-16
   69  163    3.268609e-13   -2.246581e-16
   69  164    4.976470e-15    1.165376e-16
   69  165    6.587268e-14   -8.401456e-16
   69  166    3.789555e-16    5.392350e-18
   69  167    1.793734e-16    5.646932e-18
   69  168    4.326065e-19    2.482346e-20
   69  169    2.037282e-20    1.617599e-21
   69  170    1.027482e-23    1.039873e-24
   69  171    2.531100e-24   -2.521282e-26
   69  172    2.058139e-28    3.607029e-30
   69  173    1.476817e-28    1.408628e-30
   70  155    2.254003e-28   -3.168778e-30
   70  156    1.476422e-23   -2.979662e-25
   70  157    9.871841e-22   -2.127573e-23
   70  158    4.632924e-18   -1.126873e-19
   70  159    2.195692e-17   -4.415494e-19
   70  160    9.553703e-15   -1.523181e-16
   70  161    7.856688e-15   -1.325053e-17
   70  162    6.466899e-13   -2.100171e-15
   70  163    1.468459e-13    2.356285e-15
   70  164    4.312477e-12   -1.215277e-16
   70  165    3.741492e-13    8.628874e-15
   70  166    1.992589e-12   -4.435859e-16
   70  167    5.687352e-14    1.438989e-15
   70  168    5.493002e-14    5.345425e-16
   70  169    3.903994e-16    1.399730e-17
   70  170    4.159957e-17    2.344049e-18
   70  171    8.330984e-20    6.803403e-21
   70  172    1.773484e-21    1.836474e-22
   70  173    6.849441e-25    8.670281e-26
   70  174    6.270133e-26   -2.210200e-28
   70  175    3.708829e-28    3.015131e-29
   70  176    1.520626e-29    7.594668e-33
   71  158    5.272996e-30   -1.445512e-31
   71  159    6.646313e-26   -1.982144e-27
   71  160    1.240633e-24   -3.190954e-26
   71  161    3.978686e-21   -7.406246e-23
   71  162    4.759831e-20   -5.631559e-22
   71  163    5.288028e-17   -5.345063e-19
   71  164    4.267685e-17   -1.019903e-20
   71  165    5.677700e-15   -1.099081e-17
   71  166    8.285012e-16    1.237958e-17
   71  167    2.337341e-13   -1.154635e-16
   71  168    1.524473e-14    3.464196e-16
   71  169    1.954557e-13   -2.283482e-16
   71  170    1.707715e-15    4.206718e-17
   71  171    6.376522e-15    1.542197e-17
   71  172    2.448225e-17    6.823229e-19
   71  173    2.154576e-17   -1.030157e-19
   71  174    2.062090e-19   -1.661039e-21
   71  175    2.531877e-18   -3.135601e-20
   71  176    3.613981e-22    5.482430e-24
   71  177    5.379207e-25    2.227513e-26
   71  178    1.993661e-29    1.348544e-30
   71  179    1.056594e-28    1.626662e-32
   72  160    1.402300e-26   -3.317483e-28
   72  161    2.625170e-24   -6.660888e-26
   72  162    2.281199e-20   -5.858407e-22
   72  163    3.008936e-19   -6.410752e-21
   72  164    4.083611e-16   -6.511052e-18
   72  165    2.433100e-16   -7.470567e-19
   72  166    1.582637e-13   -1.550847e-15
   72  167    5.300964e-14    4.174665e-16
   72  168    3.443132e-12   -1.014442e-14
   72  169    5.258973e-13    1.000659e-14
   72  170    4.975025e-12    1.232043e-14
   72  171    2.514015e-13    7.112269e-15
   72  172    1.882470e-13    7.714700e-15
   72  173    2.865173e-15    1.892899e-16
   72  174    5.123165e-16    3.488791e-17
   72  175    1.646342e-18    1.517388e-19
   72  176    1.438534e-19    5.726518e-21
   72  177    7.287486e-22   -7.900089e-27
   72  178    7.612615e-21   -6.461690e-23
   72  179    1.508103e-24    2.872984e-26
   72  180    6.176431e-27    2.020510e-28
   72  181    3.762699e-30    1.710512e-31
   72  182    2.473017e-30    3.745310e-35
   73  163    6.214964e-29   -1.923725e-30
   73  164    2.786958e-27   -7.566687e-29
   73  165    1.495170e-23   -3.270811e-25
   73  166    2.979291e-23   -3.971805e-25
   73  167    2.316348e-19   -4.295971e-21
   73  168    4.153076e-19   -2.935723e-21
   73  169    1.459355e-16   -7.228538e-19
   73  170    3.288297e-16    1.190045e-18
   73  171    5.575695e-14    3.527827e-16
   73  172    8.588647e-16    2.555328e-17
   73  173    1.830310e-13    1.273878e-15
   73  174    2.779687e-16    8.831143e-18
   73  175    5.268907e-13    3.741594e-16
   73  176    1.647422e-15    4.167843e-17
   73  177    1.167478e-14   -1.098915e-16
   73  178    1.498274e-18   -1.330945e-20
   73  179    1.169146e-13   -1.357353e-15
   73  180    6.334891e-17    9.934963e-19
   73  181    6.972660e-19    2.902448e-20
   73  182    5.180927e-23    3.518874e-24
   73  183    2.615265e-26    2.427061e-27
   74  165    3.488844e-28   -1.016996e-29
   74  166    1.553366e-23   -5.163908e-25
   74  167    5.682676e-22   -1.866498e-23
   74  168    7.350871e-18   -2.548533e-19
   74  169    2.788633e-17   -8.126001e-19
   74  170    1.329300e-14   -3.247637e-16
   74  171    1.176160e-14   -1.345771e-16
   74  172    1.141009e-12   -1.535538e-14
   74  173    4.089146e-13    2.372229e-15
   74  174    4.568200e-12    3.478258e-15
   74  175    4.810514e-13    1.186636e-14
   74  176    9.258369e-13    1.703584e-14
   74  177    1.900185e-14    8.344975e-16
   74  178    8.200050e-15    4.336771e-16
   74  179    6.240357e-17    4.851314e-18
   74  180    7.590797e-18    6.993262e-19
   74  181    1.862080e-20    2.165026e-21
   74  182    5.160720e-22    7.033154e-23
   74  183    1.274230e-25    2.037202e-26
   74  184    3.393298e-28   -4.157064e-28
   74  185    9.479275e-30    6.284463e-34
   75  169    2.149307e-26   -8.644931e-28
   75  170    2.291330e-25   -7.935371e-27
   75  171    6.216460e-22   -1.335505e-23
   75  172    2.101920e-20   -3.120567e-22
   75  173    9.300950e-17   -1.427952e-18
   75  174    2.689492e-16   -2.775024e-18
   75  175    6.041549e-14   -4.443984e-16
   75  176    1.124553e-14    1.147340e-16
   75  177    3.022094e-13   -4.403142e-16
   75  178    1.127620e-14    2.592656e-16
   75  179    5.641549e-14    5.676563e-17
   75  180    1.188625e-15    3.191336e-17
   75  181    1.207796e-15    3.011602e-17
   75  182    6.036174e-18    3.062004e-19
   75  183    1.060350e-18    7.428949e-20
   75  184    5.805706e-22    5.532920e-23
   75  185    6.188516e-24    7.267439e-25
   75  186    1.129459e-27    1.597653e-28
   75  187    7.686722e-28    1.450093e-31
   75  188    1.398886e-29    6.564452e-36
   76  171    2.536145e-28   -5.144057e-30
   76  172    8.302539e-23   -2.078544e-24
   76  173    5.082034e-21   -1.361008e-22
   76  174    2.635171e-17   -7.610703e-19
   76  175    2.523964e-16   -6.334191e-18
   76  176    3.010358e-14   -5.652219e-16
   76  177    3.573767e-14   -2.686517e-16
   76  178    1.573753e-12   -1.072551e-14
   76  179    3.328064e-13    4.079609e-15
   76  180    3.029475e-12    3.283733e-16
   76  181    1.800001e-13    4.401203e-15
   76  182    3.457674e-13    3.875717e-15
   76  183    8.384108e-15    3.063501e-16
   76  184    2.605960e-15    9.282460e-17
   76  185    7.072379e-18    4.332251e-19
   76  186    3.085924e-19    2.473286e-20
   76  187    1.914752e-22    2.011172e-23
   76  188    2.750299e-24    3.461564e-25
   76  189    4.059745e-28    6.080948e-29
   76  190    6.616308e-27    1.658760e-31
   76  191    8.504405e-30    1.363464e-35
   77  174    6.119931e-30   -1.959554e-31
   77  175    6.991352e-26   -2.343959e-27
   77  176    9.426694e-25   -1.999385e-26
   77  177    7.725376e-20   -1.169101e-21
   77  178    1.387301e-18   -2.062486e-20
   77  179    8.072572e-16   -1.175427e-17
   77  180    1.875243e-15   -1.802945e-17
   77  181    1.702324e-13   -1.306613e-15
   77  182    2.689844e-14    3.105827e-16
   77  183    3.110425e-13   -4.761878e-16
   77  184    1.419167e-14    3.271367e-16
   77  185    2.513416e-14    2.068690e-16
   77  186    5.735384e-17    1.993293e-18
   77  187    2.138749e-17    9.637600e-19
   77  188    3.426445e-20    2.419061e-21
   77  189    6.961310e-21    2.058853e-22
   77  190    4.001427e-24    2.224327e-25
   77  191    1.202684e-25    8.339278e-27
   77  192    2.248833e-29    1.497026e-30
   77  193    1.221266e-26    4.240358e-32
   77  194    1.412561e-30    2.973842e-36
   78  177    1.802901e-26   -3.098524e-29
   78  178    3.771626e-22   -2.374846e-24
   78  179    2.299453e-20   -1.866159e-22
   78  180    7.193230e-17   -8.246706e-19
   78  181    3.705661e-16   -3.360566e-18
   78  182    5.127130e-14   -3.959329e-16
   78  183    3.198708e-14    4.355126e-17
   78  184    1.276499e-12   -3.487342e-15
   78  185    1.413245e-13    2.605070e-15
   78  186    7.112697e-13    3.966181e-15
   78  187    9.339131e-15    2.804748e-16
   78  188    3.736147e-14   -5.053124e-16
   78  189    3.151038e-16    4.182334e-18
   78  190    8.657539e-17    2.797835e-18
   78  191    2.750437e-19    1.604488e-20
   78  192    3.101697e-20    1.931961e-21
   78  193    3.991229e-23    3.475230e-24
   78  194    1.972577e-24    9.774081e-26
   78  195    9.004942e-28    6.596939e-29
   78  196    5.088111e-26    9.383441e-29
   78  197    6.325789e-30    8.453589e-32
   78  198    6.513609e-27    1.727846e-33
   78  199    1.518466e-29    1.331146e-36
   78  200    1.906864e-28    1.005836e-38
   79  180    5.953321e-28   -5.527723e-30
   79  181    2.360754e-23   -2.789563e-25
   79  182    5.991707e-21   -7.799304e-23
   79  183    7.053864e-18   -9.890830e-20
   79  184    3.028555e-17   -3.512604e-19
   79  185    6.884181e-15   -8.249403e-17
   79  186    3.166571e-15   -2.743582e-18
   79  187    1.240137e-13   -8.482060e-16
   79  188    6.831114e-15    1.002585e-16
   79  189    1.098668e-13   -1.474930e-15
   79  190    4.856564e-15    5.802201e-17
   79  191    8.557942e-15   -4.534191e-17
   79  192    5.390808e-17    1.068023e-18
   79  193    1.730386e-16   -8.628461e-18
   79  194    4.930188e-19   -1.084387e-20
   79  195    1.194547e-19    2.313388e-22
   79  196    1.694172e-22    4.870197e-24
   79  197    5.081438e-24    2.754109e-25
   79  198    3.296622e-27    2.629488e-28
   79  199    2.014675e-27    5.314192e-31
   79  200    1.181832e-28    1.678785e-33
   79  201    5.031532e-26   -7.835404e-34
   79  202    2.308277e-28   -6.604430e-35
   80  182    4.954327e-27    1.285701e-29
   80  183    2.808220e-24   -3.644367e-27
   80  184    4.541585e-20   -2.905753e-22
   80  185    7.645538e-19   -6.170678e-21
   80  186    2.455658e-15   -2.884529e-17
   80  187    4.148896e-15   -3.445555e-17
   80  188    7.742958e-13   -7.246914e-15
   80  189    3.612487e-13    1.591413e-15
   80  190    7.264125e-12   -1.513645e-14
   80  191    1.054733e-12    2.053170e-14
   80  192    3.835419e-12    3.548859e-14
   80  193    1.664121e-13    5.302053e-15
   80  194    3.793597e-13    2.954708e-15
   80  195    6.152717e-15    1.913097e-16
   80  196    1.148360e-14   -4.940304e-17
   80  197    8.897308e-17    1.641429e-18
   80  198    9.159039e-17   -1.815358e-18
   80  199    3.266852e-19   -1.045454e-21
   80  200    7.402238e-19   -2.702972e-20
   80  201    5.520695e-22   -7.339158e-24
   80  202    6.025025e-22   -2.789355e-23
   80  203    1.503323e-25   -3.462477e-27
   80  204    2.706501e-25   -1.620262e-26
   80  205    3.854998e-30   -1.159611e-31
   80  206    6.781567e-30    3.189631e-33
   81  185    4.781777e-27   -7.123636e-29
   81  186    2.300996e-25   -4.030957e-27
   81  187    9.069800e-21   -1.997275e-22
   81  188    2.517132e-19   -5.705522e-21
   81  189    8.031717e-16   -2.111507e-17
   81  190    4.563349e-15   -1.020309e-16
   81  191    3.553327e-13   -6.595048e-15
   81  192    1.845913e-13   -4.030210e-16
   81  193    7.488113e-13   -4.824605e-15
   81  194    2.633898e-13    2.780298e-15
   81  195    1.277773e-12   -2.190554e-15
   81  196    6.780799e-14    1.612842e-15
   81  197    3.601876e-14    1.234320e-15
   81  198    7.621334e-16    4.424163e-17
   81  199    2.695632e-16    6.174060e-18
   81  200    2.296978e-18    1.037663e-19
   81  201    3.258859e-19    5.540114e-21
   81  202    1.764654e-21    4.311626e-23
   81  203    3.386651e-22   -7.273017e-24
   81  204    4.253795e-24   -2.070787e-26
   81  205    9.304134e-25   -1.426215e-26
   81  206    2.037654e-27   -1.943966e-29
   81  207    9.567597e-27    3.037369e-29
   82  187    1.998016e-27    2.624018e-29
   82  188    1.949999e-23    2.234083e-25
   82  189    1.989179e-22    2.712516e-24
   82  190    3.974959e-18    3.439654e-20
   82  191    3.537010e-17    2.980624e-19
   82  192    2.780928e-14    2.182511e-16
   82  193    1.941101e-14    2.745867e-16
   82  194    4.489315e-12    4.282897e-14
   82  195    1.633868e-12    3.242864e-14
   82  196    4.458912e-11    4.388291e-13
   82  197    7.911114e-12    1.566312e-13
   82  198    8.237345e-11    4.578057e-13
   82  199    5.349985e-12    7.398780e-14
   82  200    7.634863e-11   -6.116078e-13
   82  201    3.331033e-12    5.032662e-16
   82  202    1.884857e-11   -4.606551e-13
   82  203    7.282173e-13   -1.740766e-14
   82  204    4.382831e-12   -1.609244e-13
   82  205    1.160660e-13   -4.475507e-15
   82  206    6.732767e-13   -3.145245e-14
   82  207    3.901022e-15   -1.979677e-16
   82  208    2.182881e-14   -1.319669e-15
   82  209    6.965132e-22   -2.067755e-23
   82  210    6.169817e-29   -3.845998e-32
   83  191    6.860955e-27   -8.640913e-29
   83  192    6.389359e-24   -1.669538e-25
   83  193    5.856468e-20   -1.710829e-21
   83  194    3.086964e-18   -9.297499e-20
   83  195    8.573830e-16   -2.658703e-17
   83  196    4.837722e-15   -1.229945e-16
   83  197    9.539239e-14   -2.015859e-15
   83  198    5.863031e-14   -3.826153e-16
   83  199    8.063442e-13   -1.052249e-14
   83  200    1.638226e-13    1.303545e-15
   83  201    4.278271e-13   -1.392812e-15
   83  202    1.584191e-14    2.766233e-16
   83  203    4.259679e-14   -9.853136e-16
   83  204    8.798350e-16    2.994974e-20
   83  205    5.543400e-16   -3.033800e-17
   83  206    5.399737e-18   -2.408649e-19
   83  207    1.466800e-17   -1.428916e-18
   83  208    3.114138e-20   -2.115190e-21
   83  209    8.235914e-22   -9.209975e-23
   83  210    9.925872e-29   -7.928673e-30
   84  194    3.381064e-29   -9.385701e-31
   84  195    7.108974e-28   -2.200244e-29
   84  196    2.115333e-24   -6.737047e-26
   84  197    4.245199e-24   -9.449137e-26
   84  198    7.282951e-22   -1.413952e-23
   84  199    4.935477e-22   -2.999690e-24
   84  200    3.070896e-21    3.916940e-23
   84  201    2.585709e-21    2.984085e-23
   84  202    1.967203e-20    2.876961e-22
   84  203    2.476719e-21    9.944258e-23
   84  204    2.851174e-21    6.412006e-23
   84  205    1.122773e-22    5.214838e-24
   84  206    4.068335e-23    6.146363e-25
   84  207    3.871398e-25    1.222240e-26
   84  208    3.423067e-25   -1.894991e-26
   84  209    1.095769e-27   -2.832071e-29
   84  210    2.189632e-27   -5.901431e-29
    0    1    2.701088e-11    8.610074e-13
    1    1    2.519204e-06   -1.260039e-08
    2    4    1.081503e-07   -1.935407e-09
