1.1140e+01
3.0227e-01
5.2146e-01
3.4540e+03
    1    3    1.831876e-25    7.989433e-34
    2    3    1.239778e-22   -2.015056e-33
    3    6    2.627946e-26   -3.501228e-40
    4    8    1.718484e-07    0.000000e+00
    4   10    4.906317e-30   -7.987401e-44
    5   10    2.047689e-24   -2.492562e-35
    5   11    7.048417e-18    1.098296e-19
    6   11    6.409975e-16   -1.098296e-19
    6   12    1.443901e-06    0.000000e+00
    6   13    1.017292e-16    4.335160e-28
    6   14    5.994048e-13   -6.950054e-25
    7   13    1.462748e-24   -5.121577e-28
    7   14    8.828260e-09    0.000000e+00
    7   15    2.961210e-06    2.623590e-11
    7   16    1.379323e-26   -4.053234e-28
    8   14    2.383041e-26   -7.073053e-29
    8   15    1.525190e-08   -2.623590e-11
    8   16    4.657514e-02    0.000000e+00
    8   17    2.603255e-13   -8.582807e-28
    8   18    7.761990e-14    1.043186e-19
    8   19    1.961414e-27   -1.516409e-29
    9   17    2.336786e-28   -7.555468e-31
    9   18    3.277207e-15   -1.043186e-19
    9   19    1.467018e-12    1.584938e-17
    9   20    1.754999e-19   -3.293621e-21
    9   21    9.387861e-25   -4.728153e-26
   10   19    1.302644e-15   -1.584938e-17
   10   20    1.381293e-03    0.000000e+00
   10   21    5.540611e-09    1.559318e-20
   10   22    6.058044e-12    1.160495e-19
   10   23    2.508238e-21   -1.412681e-23
   10   24    5.331342e-23   -5.507930e-26
   11   21    1.673101e-18   -1.559349e-20
   11   22    4.544900e-11   -2.827579e-20
   11   23    2.997136e-09    1.331152e-12
   11   24    9.303686e-14   -3.619341e-19
   11   25    2.959170e-18   -1.040261e-20
   11   26    3.565466e-30   -6.981529e-31
   12   22    1.617086e-18   -8.777366e-20
   12   23    7.179428e-11   -1.331152e-12
   12   24    2.199568e-03    4.336809e-19
   12   25    1.917501e-07    2.689330e-20
   12   26    2.546909e-08    8.603764e-13
   12   27    4.243519e-15   -1.566398e-18
   12   28    2.123505e-18   -5.912910e-24
   13   24    7.377496e-30   -7.468833e-31
   13   25    5.654152e-19   -1.649916e-20
   13   26    4.073322e-08   -8.603752e-13
   13   27    1.187149e-06    2.439611e-10
   13   28    1.707114e-10   -2.654111e-13
   13   29    5.777821e-15   -3.056937e-18
   13   30    1.507207e-24   -8.771754e-26
   14   26    1.194345e-17   -1.132280e-18
   14   27    4.843905e-09   -2.439611e-10
   14   28    3.959763e-03    2.654110e-13
   14   29    1.894875e-05    5.326143e-18
   14   30    1.024799e-04    5.206963e-10
   14   31    1.041143e-10   -2.312719e-15
   14   32    2.230587e-13   -1.467231e-23
   14   33    7.346134e-26   -2.490517e-27
   14   34    6.381689e-30   -4.826969e-31
   15   29    4.443071e-17   -2.270475e-18
   15   30    3.727853e-07   -5.206963e-10
   15   31    5.432475e-05    1.735100e-11
   15   32    3.842257e-09   -6.515702e-16
   15   33    2.696528e-09   -2.584473e-16
   15   34    1.163036e-16   -1.965120e-18
   15   35    2.657249e-20   -1.174547e-22
   16   30    7.578091e-20   -1.345538e-20
   16   31    2.136327e-10   -1.734869e-11
   16   32    9.859372e-04    6.516055e-16
   16   33    1.798160e-05    1.722160e-14
   16   34    4.002281e-04    1.205876e-12
   16   35    3.869875e-09   -1.072482e-16
   16   36    4.786719e-10    7.031035e-24
   16   37    2.075031e-22   -1.449170e-25
   16   38    9.135424e-25   -1.878700e-29
   17   33    2.032190e-13   -1.696315e-14
   17   34    1.196879e-11   -1.205874e-12
   17   35    9.373057e-06    3.627486e-16
   17   36    1.683226e-08   -3.805031e-22
   17   37    2.510756e-08    7.063467e-14
   17   38    4.728350e-16   -4.440847e-20
   17   39    2.596418e-19   -1.619026e-23
   17   40    8.550634e-28   -2.211731e-30
   18   34    5.208368e-23   -1.292938e-23
   18   35    2.170668e-15   -2.555006e-16
   18   36    5.864227e-05    0.000000e+00
   18   37    1.019484e-06   -7.063467e-14
   18   38    1.969409e-04    3.213426e-14
   18   39    4.860712e-10   -1.198833e-20
   18   40    4.173673e-11    0.000000e+00
   18   41    8.151015e-18   -2.592231e-22
   18   42    2.499023e-19   -5.030958e-29
   18   43    9.884541e-28   -6.427558e-31
   18   44    6.559339e-30   -1.929643e-33
   19   37    5.328671e-25   -9.151003e-26
   19   38    1.746178e-11   -3.213420e-14
   19   39    4.856427e-06    3.032378e-19
   19   40    1.896798e-09    0.000000e+00
   19   41    3.032788e-10    8.662235e-21
   19   42    3.197803e-14   -1.505684e-19
   19   43    1.361283e-15   -3.568686e-21
   19   44    2.406841e-20   -3.785832e-24
   19   45    3.301267e-23   -6.476285e-27
   19   46    5.026880e-29   -9.158340e-32
   20   39    1.194480e-18   -2.910037e-19
   20   40    1.314834e-05    0.000000e+00
   20   41    1.302697e-07   -8.390920e-21
   20   42    3.124339e-06    1.558541e-19
   20   43    6.623409e-09    9.786071e-16
   20   44    3.381682e-09    4.418883e-15
   20   45    7.116544e-13   -1.058737e-20
   20   46    1.022086e-13    5.072442e-19
   20   47    7.624297e-18   -4.072314e-24
   20   48    5.810466e-20    0.000000e+00
   20   49    6.257646e-30   -2.505881e-33
   21   41    1.534038e-30   -5.392729e-31
   21   42    1.613423e-20   -5.125478e-21
   21   43    6.540946e-11   -9.786035e-16
   21   44    3.030787e-10   -4.418512e-15
   21   45    2.031425e-09    1.385713e-14
   21   46    1.752744e-11   -1.014336e-18
   21   47    2.261040e-12   -1.636720e-18
   21   48    3.350051e-15   -4.464454e-21
   21   49    3.238093e-17   -1.976788e-21
   21   50    5.464842e-25   -1.122519e-27
   22   43    1.158921e-27   -4.856246e-28
   22   44    2.645122e-09   -3.715182e-19
   22   45    7.333434e-10   -1.385712e-14
   22   46    3.828588e-07    5.072139e-19
   22   47    2.523162e-08    5.834804e-15
   22   48    2.885508e-08    2.252660e-16
   22   49    1.079895e-10    7.498132e-17
   22   50    4.215023e-11    0.000000e+00
   22   51    1.252429e-17   -7.540310e-21
   22   52    7.937575e-22   -1.630436e-24
   23   45    3.097765e-27   -1.622583e-27
   23   46    2.813569e-22   -1.395899e-22
   23   47    5.445714e-11   -5.833167e-15
   23   48    1.483549e-09   -2.267603e-17
   23   49    1.020305e-08    2.372810e-14
   23   50    2.527585e-10    0.000000e+00
   23   51    1.897625e-09    4.929372e-15
   23   52    6.083801e-14   -5.665149e-17
   23   53    6.149773e-17   -1.342166e-19
   23   54    6.107440e-25   -2.569492e-27
   23   55    6.470028e-30   -2.085503e-31
   24   47    3.392037e-27   -1.544971e-27
   24   48    7.518801e-11   -2.025856e-16
   24   49    2.862967e-10   -2.380308e-14
   24   50    2.473866e-07    0.000000e+00
   24   51    5.630816e-08   -1.500253e-15
   24   52    2.559423e-06    7.690170e-16
   24   53    2.460579e-09    1.347605e-19
   24   54    2.166716e-10    6.156393e-17
   24   55    3.472392e-17   -3.464395e-20
   24   56    1.848372e-20   -1.093965e-23
   24   57    4.988040e-30   -4.952941e-32
   25   50    1.075082e-23   -6.768561e-24
   25   51    4.536895e-11   -3.429112e-15
   25   52    1.265463e-09   -6.895778e-16
   25   53    3.029928e-07    3.145560e-14
   25   54    7.926012e-09   -6.156411e-17
   25   55    7.673138e-09    2.020875e-15
   25   56    1.471767e-13   -3.319971e-18
   25   57    3.440568e-16   -8.009532e-19
   25   58    2.733200e-24   -1.908825e-25
   25   59    7.437097e-28   -3.387374e-29
   26   52    3.237986e-12   -2.278772e-17
   26   53    7.665886e-11   -3.145560e-14
   26   54    3.272634e-06    0.000000e+00
   26   55    8.212623e-07   -1.268908e-15
   26   56    1.546045e-05    4.188070e-17
   26   57    8.670832e-09    1.278925e-15
   26   58    2.780428e-09    7.513291e-17
   26   59    3.200681e-15   -1.721022e-22
   26   60    1.899415e-17   -1.263410e-30
   26   61    3.659309e-26   -2.129672e-29
   26   62    2.490125e-29   -7.672352e-32
   27   54    9.875329e-26   -7.949544e-26
   27   55    2.266200e-10   -7.519318e-16
   27   56    1.252417e-09   -3.275500e-17
   27   57    1.429968e-07   -1.121069e-15
   27   58    2.192925e-09   -7.602095e-17
   27   59    8.155040e-09    3.646212e-21
   27   60    6.063701e-13   -8.674133e-18
   27   61    2.464756e-14   -8.693684e-19
   27   62    1.121801e-20   -1.278979e-23
   27   63    2.751361e-23   -2.096197e-25
   28   56    1.460081e-11   -5.804585e-18
   28   57    9.714716e-11   -1.570552e-16
   28   58    2.411183e-07    8.880611e-19
   28   59    3.921308e-08    3.951276e-20
   28   60    3.501521e-06    1.005767e-17
   28   61    4.325314e-09    3.515376e-16
   28   62    1.293587e-08    1.134792e-15
   28   63    9.411652e-14   -6.043369e-24
   28   64    2.599093e-12    1.212138e-19
   28   65    2.897384e-19   -6.691471e-24
   28   66    5.501769e-21   -5.864639e-27
   28   67    1.554545e-29   -1.809470e-31
   29   58    6.028948e-25   -3.947395e-26
   29   59    1.682505e-17   -4.298940e-20
   29   60    9.113913e-15   -1.383696e-18
   29   61    2.048618e-11   -3.506669e-16
   29   62    3.165263e-12   -1.133786e-15
   29   63    1.022155e-10    5.399985e-18
   29   64    6.451424e-14   -2.394704e-19
   29   65    1.618933e-11    2.361141e-20
   29   66    8.404638e-17   -5.754589e-20
   29   67    1.900186e-17   -1.786611e-23
   29   68    9.889928e-25   -6.977419e-27
   29   69    7.538360e-27   -8.774507e-30
   30   60    7.782073e-21   -1.132267e-23
   30   61    5.515952e-19   -1.284096e-21
   30   62    1.578876e-13   -1.006418e-18
   30   63    5.891811e-14   -5.399979e-18
   30   64    1.121007e-10    1.182567e-19
   30   65    2.375059e-12   -2.306524e-20
   30   66    4.783536e-09    5.767765e-20
   30   67    1.547859e-13    5.033777e-19
   30   68    9.988257e-11    7.568258e-19
   30   69    4.054532e-17   -2.563839e-21
   30   70    1.243644e-17    1.486063e-19
   30   71    1.221663e-25   -1.287205e-28
   30   72    8.213388e-27   -1.027935e-32
   31   63    4.437977e-27   -2.961246e-29
   31   64    1.097139e-22   -1.462268e-25
   31   65    2.317369e-18   -5.394733e-22
   31   66    2.121562e-17   -1.306636e-22
   31   67    6.771778e-13   -5.032124e-19
   31   68    1.480307e-14   -7.320722e-19
   31   69    1.774843e-11    2.576023e-19
   31   70    8.996499e-16   -2.971414e-19
   31   71    4.853156e-15    1.056779e-19
   31   72    3.225005e-21   -1.331121e-26
   31   73    2.848931e-21   -3.411764e-26
   31   74    7.037131e-28   -2.938860e-31
   31   75    1.023970e-26   -1.702694e-29
   32   64    9.299524e-29   -3.044373e-31
   32   65    2.602176e-27   -1.758706e-29
   32   66    2.734203e-20   -6.918610e-25
   32   67    7.896133e-19   -1.474484e-22
   32   68    2.939809e-12   -2.475359e-20
   32   69    1.709111e-13   -2.550383e-19
   32   70    2.212936e-09    1.485381e-19
   32   71    4.881025e-13   -9.639922e-20
   32   72    2.465910e-09    9.657334e-22
   32   73    4.283257e-14    2.398570e-19
   32   74    6.543020e-13    9.334220e-22
   32   75    1.118709e-18   -3.422006e-23
   32   76    6.969893e-20    1.208502e-22
   32   77    7.552368e-27   -1.277264e-31
   32   78    1.332823e-28   -5.288799e-33
   33   68    2.838399e-29   -3.917582e-32
   33   69    7.606386e-22   -1.759013e-25
   33   70    4.726331e-20   -3.110846e-24
   33   71    1.020364e-14   -9.269166e-21
   33   72    4.314875e-16    3.264002e-19
   33   73    7.942415e-12    4.170380e-18
   33   74    6.840295e-15   -1.232127e-21
   33   75    1.208558e-12    5.874980e-19
   33   76    5.371445e-17   -2.392602e-22
   33   77    3.348758e-17   -5.023158e-23
   33   78    4.122045e-23   -1.599313e-27
   33   79    4.413658e-24   -1.879546e-27
   33   81    1.119396e-29   -6.898033e-32
   34   69    7.015786e-30   -5.364650e-32
   34   70    3.685281e-23   -3.131072e-27
   34   71    1.287664e-20   -9.486223e-24
   34   72    1.147463e-12   -3.273661e-19
   34   73    4.720935e-13   -4.410237e-18
   34   74    5.384519e-09    3.027481e-22
   34   75    2.906947e-11   -4.811253e-19
   34   76    7.939126e-09    9.638308e-21
   34   77    1.880042e-12    5.615031e-18
   34   78    8.889323e-11    7.873487e-18
   34   79    2.385479e-15    1.635703e-27
   34   80    4.864319e-16    8.448241e-20
   34   81    1.791719e-21   -2.064949e-25
   34   82    1.886890e-22    4.056555e-24
   34   83    1.061623e-30   -1.708275e-34
   34   84    1.527610e-30   -1.720751e-33
   35   73    1.373443e-23   -1.453324e-26
   35   74    3.045859e-20   -3.922819e-24
   35   75    2.923445e-15   -1.063324e-19
   35   76    2.617134e-15    4.105614e-19
   35   77    5.499563e-12    8.980963e-18
   35   78    1.456579e-14   -7.874275e-18
   35   79    1.241864e-11    7.731648e-17
   35   80    7.470586e-15   -1.443673e-18
   35   81    1.572047e-14    1.174633e-24
   35   82    2.460500e-18   -1.182079e-23
   35   83    2.261183e-19   -5.483278e-24
   35   84    3.886324e-25   -4.573870e-29
   35   85    5.855937e-27   -7.124933e-30
   36   73    2.854753e-30   -2.300452e-32
   36   74    1.468825e-24   -4.460081e-28
   36   75    7.715151e-21   -5.986874e-24
   36   76    1.053808e-13   -4.200809e-19
   36   77    3.109840e-13   -1.459594e-17
   36   78    2.479354e-09    7.887167e-22
   36   79    4.636462e-11   -7.727988e-17
   36   80    1.225170e-08    2.088494e-18
   36   81    3.060121e-11    8.448402e-18
   36   82    1.123670e-09    2.967649e-19
   36   83    5.029989e-13    5.638760e-19
   36   84    2.054604e-12    8.856976e-21
   36   85    8.023017e-17   -4.976837e-26
   36   86    1.264001e-17    7.024601e-21
   36   87    2.133866e-26   -9.804387e-31
   37   77    2.451760e-24   -2.195238e-27
   37   78    5.091827e-22   -2.962713e-25
   37   79    2.410541e-16   -3.659766e-20
   37   80    1.044268e-16   -7.145341e-19
   37   81    6.648513e-13   -7.322215e-18
   37   82    3.212527e-14    2.114712e-17
   37   83    2.004338e-11    6.536888e-17
   37   84    1.198012e-13   -8.860597e-21
   37   85    1.157908e-11    2.031092e-17
   37   86    5.397108e-14   -1.398765e-20
   37   87    2.853994e-14    0.000000e+00
   37   88    9.997097e-22   -1.961188e-25
   37   89    3.820787e-27   -8.777630e-31
   38   78    1.590764e-26   -6.665804e-29
   38   79    3.272524e-23   -4.968445e-26
   38   80    4.568169e-16   -1.477014e-20
   38   81    7.159738e-15   -1.126189e-18
   38   82    2.254885e-10   -2.144388e-17
   38   83    3.670694e-11   -6.593136e-17
   38   84    1.545256e-08    6.703472e-21
   38   85    5.435873e-10   -1.862428e-17
   38   86    1.602722e-08    4.333268e-19
   38   87    3.071226e-10    2.162143e-17
   38   88    3.753154e-09    3.447722e-19
   38   89    1.364989e-15   -6.554737e-23
   38   90    4.980425e-20   -1.148021e-29
   38   91    6.253982e-28   -3.831291e-33
   39   81    2.275221e-28   -6.620771e-31
   39   82    1.527455e-24   -3.368720e-26
   39   83    1.130181e-18   -1.384742e-21
   39   84    1.471170e-19   -6.672244e-21
   39   85    7.824720e-14   -1.686396e-18
   39   86    1.079887e-13   -2.139176e-19
   39   87    2.983301e-11   -1.766347e-17
   39   88    1.515540e-11    7.751099e-18
   39   89    1.745540e-09    1.185307e-16
   39   90    6.299015e-15   -5.718261e-21
   39   91    6.200228e-19   -2.570353e-26
   39   92    2.304611e-25   -3.790074e-30
   39   93    2.437047e-30   -1.390515e-35
   40   82    2.599848e-29   -9.556348e-33
   40   83    1.352476e-27   -6.746807e-30
   40   84    4.079938e-20   -2.849367e-23
   40   85    5.509317e-19   -2.435223e-22
   40   86    6.023301e-14   -2.124465e-19
   40   87    1.088120e-13   -3.957967e-18
   40   88    2.784348e-10   -8.095869e-18
   40   89    1.596689e-10   -1.185014e-16
   40   90    4.121979e-08    4.037965e-20
   40   91    1.472544e-12    1.170517e-22
   40   92    1.784055e-15    4.733165e-30
   40   93    5.893983e-21   -1.203706e-35
   40   94    1.089087e-24    3.518806e-35
   41   86    7.644296e-30   -1.906673e-32
   41   87    1.004126e-23   -1.348595e-26
   41   88    6.456256e-21   -1.576446e-24
   41   89    5.540627e-16   -2.931451e-20
   41   90    8.694980e-15   -3.456146e-20
   41   91    1.198573e-11    2.536835e-20
   41   92    5.111579e-15   -1.979959e-21
   41   93    3.443938e-17    6.182149e-27
   41   94    8.785962e-22   -2.915226e-34
   41   95    7.352966e-25   -5.094480e-32
   41   96    2.480634e-30   -6.169914e-36
   41   97    5.715741e-30    0.000000e+00
   42   88    2.632651e-25   -1.121108e-28
   42   89    5.430476e-23   -8.819913e-26
   42   90    9.741739e-18   -9.946334e-23
   42   91    1.131245e-16   -2.548538e-20
   42   92    1.345990e-12    1.979961e-21
   42   93    3.259210e-15    1.299261e-23
   42   94    2.312189e-16    3.159697e-25
   42   95    2.459315e-20    6.199685e-26
   42   96    2.131104e-22    1.245256e-29
   42   97    1.076221e-27    2.903580e-39
   42   98    8.333929e-29    0.000000e+00
   43   91    1.605297e-27   -1.785226e-30
   43   92    3.237782e-24   -2.569578e-27
   43   93    6.030449e-19   -1.299879e-23
   43   94    2.660174e-20   -2.156275e-25
   43   95    2.130439e-20   -5.453994e-26
   43   96    2.208186e-23   -1.368688e-29
   43   97    1.137156e-24    3.772521e-30
   43   98    3.524187e-29   -5.605194e-44
   43   99    5.729514e-28    0.000000e+00
   44   92    2.487593e-30   -2.379881e-33
   44   93    1.642712e-27   -5.765124e-30
   44   94    1.488494e-21   -1.003422e-25
   44   95    2.114104e-22   -7.456865e-27
   44   96    1.028663e-21    1.234483e-30
   44   97    4.511696e-24   -3.764386e-30
   44   98    1.921504e-24    1.711587e-33
   44   99    4.759706e-28    0.000000e+00
   44  100    2.169182e-27    0.000000e+00
   45   97    1.025043e-28   -8.134955e-33
   45   98    1.715539e-30   -1.711588e-33
   45   99    4.604811e-29    0.000000e+00
   45  100    1.611599e-29    0.000000e+00
   45  101    1.602337e-27    0.000000e+00
   46  100    1.179352e-30    0.000000e+00
   46  101    2.917644e-29    0.000000e+00
   46  102    6.243721e-28    0.000000e+00
    1    1    1.249613e-28   -2.770469e-29
    2    4    9.839091e-15   -7.616080e-23
