3.5431e-03
3.9526e-04
1.5675e+00
1.9259e+05
    1    2    9.928486e-26   -3.108908e-26
    4    8    3.975798e-25    3.236493e-26
    5   10    1.486925e-26    2.839125e-28
    5   11    4.874062e-25    4.034528e-26
    6   11    3.300520e-21    3.110410e-23
    6   12    7.736603e-04   -1.077581e-10
    6   13    2.386880e-11    1.339705e-12
    6   14    2.370881e-17    2.577184e-18
    7   13    6.640631e-15   -9.478331e-16
    7   14    1.169466e-17    1.277700e-18
    7   15    1.628307e-16    1.801637e-17
    7   16    4.208146e-28   -8.875642e-30
    8   14    5.971995e-18   -1.827512e-18
    8   15    1.356336e-21    1.643585e-22
    8   16    4.583193e-02   -5.434542e-13
    8   17    2.071950e-12    1.177772e-13
    8   18    8.120030e-13    4.616468e-14
    8   19    4.003909e-21    4.281986e-22
    8   20    1.747607e-30    2.710913e-31
    9   17    5.534151e-17   -7.894627e-18
    9   18    2.948537e-16    1.441485e-17
    9   19    1.919002e-18    2.071821e-19
    9   20    5.957502e-24    6.843306e-25
    9   21    5.012793e-27    2.856362e-28
   10   18    2.656779e-25    6.973450e-27
   10   19    8.254705e-25    1.000863e-25
   10   20    8.353540e-03   -7.349631e-11
   10   21    3.015062e-05   -2.854504e-10
   10   22    3.691800e-06   -3.835582e-11
   10   23    3.554631e-14    2.022039e-15
   10   24    4.531648e-23    4.927531e-24
   11   21    7.621835e-12   -8.797183e-13
   11   22    2.957531e-13    1.722077e-14
   11   23    1.457113e-04   -1.366484e-10
   11   24    5.160413e-11    2.936245e-12
   11   25    1.081807e-17    9.432161e-19
   11   26    3.330375e-25    4.326628e-26
   12   22    5.567185e-30    2.776162e-31
   12   23    6.682797e-12    7.459490e-13
   12   24    2.013358e-03    2.333004e-10
   12   25    4.441876e-04   -3.776426e-11
   12   26    2.597350e-04    5.963004e-10
   12   27    3.344316e-12    1.903030e-13
   12   28    4.021721e-19    4.373428e-20
   12   29    2.937332e-27    2.994980e-28
   13   24    3.298318e-23   -4.633202e-25
   13   25    7.443289e-13   -4.109071e-14
   13   26    1.408116e-04   -1.055051e-09
   13   27    2.011962e-04   -1.248431e-11
   13   28    2.315315e-10    1.317293e-11
   13   29    2.373021e-16    1.684676e-17
   13   30    1.245598e-23    1.475330e-24
   14   26    1.446061e-22    1.055944e-23
   14   27    9.787195e-09    5.694315e-10
   14   28    2.358176e-04    1.927387e-10
   14   29    6.520113e-05    6.106267e-11
   14   30    2.844586e-05    2.688856e-11
   14   31    2.740421e-11    1.559416e-12
   14   32    3.328106e-18    3.619230e-19
   14   33    6.079209e-26    9.471559e-27
   15   28    1.423491e-19   -9.715535e-21
   15   29    8.364776e-13    4.447475e-14
   15   30    2.313022e-07   -7.561429e-12
   15   31    2.104125e-06    4.236841e-13
   15   32    5.784644e-13    3.291717e-14
   15   33    1.682220e-14    9.573970e-16
   15   34    2.685349e-21    2.920070e-22
   15   35    3.245718e-28    5.064896e-29
   16   29    5.510472e-29    3.852429e-30
   16   30    2.670162e-21    2.914850e-22
   16   31    3.513552e-10   -4.119947e-14
   16   32    1.166154e-06    1.948667e-12
   16   33    2.101199e-08    1.756365e-13
   16   34    2.736484e-07    1.690997e-13
   16   35    1.401954e-13    7.977843e-15
   16   36    2.578365e-19    2.803949e-20
   16   37    4.731377e-27    7.357661e-28
   17   32    8.665380e-24    4.853351e-25
   17   33    5.743685e-21    3.265178e-22
   17   34    1.405338e-15    8.177926e-17
   17   35    1.020459e-08    1.562191e-14
   17   36    1.563577e-14    8.897484e-16
   17   37    1.842300e-18    1.075304e-19
   17   38    3.132744e-25    3.436278e-26
   18   34    2.783339e-28    2.673272e-29
   18   35    2.705043e-21    1.735544e-22
   18   36    8.448045e-10    1.104337e-16
   18   37    1.103069e-15    6.276597e-17
   18   38    2.659034e-10    6.941127e-17
   18   39    1.510324e-16    8.594485e-18
   18   40    1.697800e-17    9.662127e-19
   18   41    3.152548e-24    3.428412e-25
   19   37    7.044219e-21   -1.005499e-21
   19   38    2.248890e-23    2.449370e-24
   19   39    3.745323e-12    8.504360e-18
   19   40    6.734286e-18    3.832796e-19
   19   41    1.034203e-21    1.129300e-22
   19   42    2.531578e-24    1.442843e-25
   19   43    9.266028e-21    5.274780e-22
   19   44    7.361367e-27    8.005790e-28
   20   38    6.982351e-28    1.816903e-29
   20   39    1.242563e-30    1.949905e-31
   20   40    2.851223e-14    8.125231e-21
   20   41    2.913522e-20    1.660119e-21
   20   42    4.763912e-08   -7.268612e-15
   20   43    1.463410e-08   -4.457465e-16
   20   44    7.048441e-08   -8.213052e-16
   20   45    9.470173e-14    5.388970e-15
   20   46    2.020419e-10   -1.571978e-17
   20   47    1.658938e-16    9.440125e-18
   20   48    2.292636e-09   -1.689402e-16
   20   49    3.100861e-16    1.764233e-17
   20   50    2.021114e-23    2.197639e-24
   21   41    1.719152e-27   -2.466634e-28
   21   42    1.305359e-28    1.442366e-29
   21   43    1.430206e-14    8.328970e-16
   21   44    7.195147e-15    4.190287e-16
   21   45    6.669433e-09   -3.418500e-15
   21   46    9.118703e-14    5.188931e-15
   21   47    1.314797e-16    7.638344e-18
   21   48    2.374807e-15    1.383228e-16
   21   49    2.224260e-16    1.295449e-17
   21   50    3.370693e-23    3.685304e-24
   21   51    4.185469e-30    6.543375e-31
   22   44    7.467628e-22    8.307711e-23
   22   45    7.524787e-19    4.389575e-20
   22   46    2.020414e-08   -4.639197e-15
   22   47    7.854397e-09    1.835066e-16
   22   48    1.436026e-08    4.260623e-16
   22   49    1.733388e-08    2.735238e-16
   22   50    5.602377e-08    8.544545e-16
   22   51    3.404398e-14    1.937244e-15
   22   52    1.026630e-20    1.114876e-21
   22   53    1.284803e-27    2.002165e-28
   23   46    5.068265e-27    5.624496e-28
   23   47    2.225595e-15    1.296064e-16
   23   48    1.241311e-15    7.229164e-17
   23   49    3.763223e-15    2.191967e-16
   23   50    4.482006e-15    1.446302e-16
   23   51    4.904017e-09   -1.295276e-15
   23   52    3.128445e-14    1.780201e-15
   23   53    2.540733e-20    2.762936e-21
   23   54    6.250951e-27    9.755317e-28
   24   48    1.165350e-23    1.296601e-24
   24   49    4.712270e-22    2.991847e-23
   24   50    9.383904e-13   -4.207661e-19
   24   51    2.131403e-16    1.240548e-17
   24   52    5.579280e-08   -4.839818e-15
   24   53    1.074039e-08   -7.067440e-16
   24   54    1.369098e-07   -3.265101e-15
   24   55    1.392522e-13    7.923973e-15
   24   56    8.126104e-20    8.836884e-21
   24   57    1.486370e-26    2.319549e-27
   25   50    1.285102e-30    1.471788e-31
   25   51    3.040649e-20    1.770594e-21
   25   52    6.095276e-24    6.704949e-25
   25   53    2.694848e-15    1.569640e-16
   25   54    9.794518e-16    5.704484e-17
   25   55    3.455991e-08   -1.127961e-14
   25   56    2.077358e-13    1.182109e-14
   25   57    3.935179e-19    4.278410e-20
   25   58    1.899226e-25    2.962694e-26
   26   52    6.232676e-29    6.934495e-30
   26   53    3.893041e-28    2.223299e-29
   26   54    4.446310e-09   -1.120498e-15
   26   55    2.162402e-14    1.233162e-15
   26   56    1.766817e-06   -2.015342e-13
   26   57    9.986672e-07   -1.041703e-13
   26   58    5.174602e-06   -2.914716e-13
   26   59    1.020559e-11    5.807451e-13
   26   60    1.204235e-17    1.309578e-18
   26   61    3.262788e-24    5.092047e-25
   26   62    1.129801e-30    2.276143e-31
   27   55    3.917548e-17    2.281414e-18
   27   56    3.532739e-22    3.766234e-23
   27   57    4.241980e-14    2.470871e-15
   27   58    2.544327e-14    1.481953e-15
   27   59    2.034749e-06   -6.576564e-13
   27   60    1.172875e-11    6.674166e-13
   27   61    5.360510e-17    5.742802e-18
   27   62    6.464740e-23    9.953676e-24
   27   63    1.537680e-27    1.788204e-28
   28   56    1.532496e-26    1.705148e-27
   28   57    2.745351e-26    1.572250e-27
   28   58    6.192245e-10   -2.024357e-16
   28   59    8.654910e-15    4.993971e-16
   28   60    2.667785e-06   -7.030891e-13
   28   61    1.015184e-06   -1.619147e-14
   28   62    2.259023e-06    2.722411e-14
   28   63    1.217159e-11    6.926201e-13
   28   64    1.389649e-06   -1.253305e-13
   28   65    2.190919e-12    1.246732e-13
   28   66    2.290914e-18    2.491321e-19
   28   67    4.811270e-25    7.508437e-26
   29   59    2.071679e-18    1.203146e-19
   29   60    3.016600e-23    3.346025e-24
   29   61    1.858702e-14    1.082520e-15
   29   62    1.458605e-14    8.495082e-16
   29   63    8.717859e-07   -6.988232e-13
   29   64    1.229335e-11    6.995356e-13
   29   65    1.075832e-06   -4.911256e-13
   29   66    8.643063e-12    4.918202e-13
   29   67    9.786432e-17    9.233083e-18
   29   68    1.686822e-22    2.340737e-23
   29   69    1.003641e-24    1.091824e-25
   30   60    4.867803e-28    5.412431e-29
   30   62    5.973314e-23    6.597953e-24
   30   63    1.039896e-20    6.095571e-22
   30   64    8.425371e-07   -4.297010e-13
   30   65    7.537276e-12    4.288995e-13
   30   66    1.302060e-06   -3.927095e-13
   30   67    2.837027e-07    1.717025e-14
   30   68    1.322622e-06    1.542568e-13
   30   69    3.848114e-12    2.189747e-13
   30   70    1.327702e-10   -1.765703e-17
   30   71    3.644412e-16    2.073799e-17
   30   72    9.270887e-22    1.008188e-22
   30   73    4.708916e-28    7.348632e-29
   31   64    2.364471e-29    2.632788e-30
   31   65    4.289770e-15    2.498065e-16
   31   66    5.609294e-20    6.184150e-21
   31   67    1.374232e-14    8.004592e-16
   31   68    2.962668e-15    1.725709e-16
   31   69    1.594844e-07   -1.997573e-13
   31   70    3.527697e-12    2.007351e-13
   31   71    1.407612e-07   -1.517700e-13
   31   72    2.665458e-12    1.516738e-13
   31   73    3.596999e-17    3.911584e-18
   31   74    7.835028e-23    1.222756e-23
   31   75    2.376035e-28    4.736320e-29
   32   66    7.119857e-24    7.922066e-25
   32   67    1.584902e-28    2.515200e-29
   32   68    5.479284e-22    3.409349e-23
   32   69    2.675317e-18    1.558703e-19
   32   70    2.286654e-07   -1.708848e-13
   32   71    3.004953e-12    1.709940e-13
   32   72    2.362089e-07   -1.334943e-13
   32   73    4.522621e-08    8.842809e-14
   32   74    1.757495e-07   -3.750640e-14
   32   75    1.447842e-12    8.238854e-14
   32   76    1.249211e-11   -1.070088e-18
   32   77    3.026422e-17    1.722165e-18
   32   78    8.061619e-23    8.766809e-24
   32   79    3.350885e-29    5.229883e-30
   33   70    7.386094e-27    8.207185e-28
   33   71    1.183478e-15    6.893166e-17
   33   72    4.520378e-20    4.956997e-21
   33   73    1.901958e-15    1.107858e-16
   33   74    1.040651e-16    6.063364e-18
   33   75    2.000674e-08   -9.922061e-14
   33   76    1.745096e-12    9.929841e-14
   33   77    3.185387e-17    3.450158e-18
   33   78    1.450587e-22    2.255610e-23
   33   79    1.926948e-27    3.798149e-28
   34   72    2.461774e-24    2.739487e-25
   34   73    1.227269e-27    1.414095e-28
   34   74    2.516609e-23    1.648887e-24
   34   75    5.111430e-17    2.977374e-18
   34   76    4.988860e-08   -5.532541e-14
   34   77    1.818996e-08    2.436213e-14
   34   78    7.041416e-08   -1.724427e-14
   34   79    8.467468e-13    4.818348e-14
   34   80    4.239269e-09   -1.606242e-15
   34   81    2.823213e-14    1.606528e-15
   34   82    3.172067e-12   -5.042220e-19
   34   83    9.120727e-18    5.190043e-19
   34   84    1.526325e-23    1.659836e-24
   34   85    2.387610e-30    3.704636e-31
   35   75    1.767117e-30    1.967222e-31
   35   76    1.527194e-25    1.381779e-26
   35   77    1.585802e-16    9.236935e-18
   35   78    4.638278e-17    2.701806e-18
   35   79    8.344507e-09   -4.570173e-14
   35   80    8.033386e-13    4.570970e-14
   35   81    7.274340e-09   -1.985702e-14
   35   82    3.490171e-13    1.985978e-14
   35   83    9.292233e-18    1.010337e-18
   35   84    4.005234e-23    6.249856e-24
   35   85    2.460087e-28    4.904924e-29
   36   77    5.284260e-30    5.882247e-31
   36   78    2.444496e-25    2.840621e-26
   36   79    1.001889e-18    5.836503e-20
   36   80    2.125827e-08   -4.232515e-14
   36   81    7.437787e-13    4.232269e-14
   36   82    5.111822e-08   -5.730761e-14
   36   83    1.566975e-08    2.606323e-14
   36   84    5.823893e-08   -2.838636e-15
   36   85    5.988318e-13    3.407633e-14
   36   86    4.641497e-10   -3.295651e-17
   36   87    5.882694e-16    3.347319e-17
   36   88    6.418186e-22    6.979602e-23
   36   89    2.708251e-28    4.222416e-29
   37   80    7.616397e-28    8.264621e-29
   37   81    2.362916e-17    1.376287e-18
   37   82    2.260130e-21    2.478012e-22
   37   83    7.114125e-17    4.143866e-18
   37   84    1.073571e-17    6.254634e-19
   37   85    8.461923e-09   -2.779310e-14
   37   86    4.884824e-13    2.779512e-14
   37   87    5.853022e-11   -1.866999e-17
   37   88    3.629242e-16    2.065168e-17
   37   89    1.808633e-21    1.966833e-22
   37   90    5.332810e-27    8.321796e-28
   38   82    1.029765e-26    1.145972e-27
   38   83    8.816838e-29    9.202213e-30
   38   84    2.689433e-24    6.077695e-27
   38   85    1.359576e-18    7.919785e-20
   38   86    1.977515e-08   -3.821396e-14
   38   87    1.264912e-08    4.280209e-15
   38   88    3.410588e-08    2.907790e-14
   38   89    8.530564e-14    4.854351e-15
   38   90    2.471712e-19    2.683459e-20
   38   91    3.061929e-25    4.753987e-26
   39   86    1.417538e-27    1.053565e-28
   39   87    9.501925e-18    5.534516e-19
   39   88    6.639926e-18    3.867959e-19
   39   89    5.047016e-09   -3.856035e-15
   39   90    6.777511e-14    3.856677e-15
   39   91    1.055620e-18    1.147961e-19
   39   92    5.215320e-24    8.139351e-25
   39   93    6.879011e-29    1.301740e-29
   40   88    1.867690e-27    2.078447e-28
   40   89    1.887333e-22    1.099757e-23
   40   90    2.223147e-09   -1.003330e-15
   40   91    5.705784e-10    3.918934e-16
   40   92    6.513668e-10    2.096217e-16
   40   93    1.936334e-10    1.634844e-16
   40   94    4.140047e-10   -3.416028e-17
   40   95    4.788571e-15    2.724934e-16
   40   96    7.701161e-13   -1.164180e-19
   40   97    2.119899e-18    1.205993e-19
   40   98    2.922680e-24    3.178086e-25
   40   99    1.926170e-30    2.704587e-31
   41   91    3.731366e-19    2.173535e-20
   41   92    7.827407e-20    4.559881e-21
   41   93    7.196203e-14   -2.250618e-19
   41   94    4.105851e-18    2.336569e-19
   41   95    2.230835e-20    1.307532e-21
   41   96    7.319344e-23    4.727902e-24
   41   97    5.017789e-24    2.988277e-25
   41   98    1.869905e-28    3.385224e-29
   42   92    3.795010e-17   -4.365170e-23
   42   93    7.701672e-22    4.382922e-23
   42   94    1.277109e-13   -1.607441e-19
   42   95    3.569759e-11   -9.993128e-17
   42   96    8.222219e-11   -9.374688e-18
   42   97    2.578483e-11    3.967876e-17
   42   98    7.544026e-11    6.287583e-18
   42   99    1.115713e-15    6.348719e-17
   42  100    1.700720e-15    8.222538e-22
   42  101    1.546466e-20    8.796445e-22
   42  102    9.747021e-26    1.059868e-26
   43   93    2.454719e-27    1.429893e-28
   43   94    2.433945e-30    1.436135e-31
   43   95    1.382813e-22    8.055895e-24
   43   96    1.938458e-21    1.129107e-22
   43   97    5.781610e-21    3.367889e-22
   43   98    3.146164e-22    1.835541e-23
   43   99    2.728244e-13   -1.054856e-18
   43  100    1.853663e-17    1.054291e-18
   43  101    9.866870e-22    1.072875e-22
   43  102    1.188079e-26    1.853801e-27
   44   96    3.532830e-26    1.432972e-31
   44   98    4.427956e-21    4.937908e-22
   44   99    8.073521e-12   -3.465380e-17
   44  100    3.391391e-11   -2.637028e-17
   44  101    7.023427e-12    3.684071e-17
   44  102    1.484246e-14    2.416140e-17
   44  103    3.182379e-19    1.835938e-20
   44  104    2.825168e-20    4.940306e-21
   44  105    1.178501e-25    2.313683e-26
   44  106    6.283359e-30    6.833565e-31
   45   99    6.273383e-24    3.654807e-25
   45  100    8.322930e-23    4.847662e-24
   45  101    4.986937e-22    2.905063e-23
   45  102    1.266804e-23    7.572862e-25
   45  103    7.468423e-12   -4.340403e-17
   45  104    7.626676e-16    4.338684e-17
   45  105    6.719489e-20    7.306598e-21
   45  106    1.964570e-24    3.065353e-25
   45  107    6.012385e-28    7.327235e-29
   46  103    4.910139e-23    2.861486e-24
   46  104    2.116176e-11   -6.017197e-17
   46  105    4.945415e-12    2.623902e-17
   46  106    2.265088e-11   -1.312113e-17
   46  107    8.269325e-16    4.705427e-17
   46  108    2.500997e-11   -3.623570e-17
   46  109    6.368737e-16    3.623985e-17
   46  110    1.000414e-14    1.826928e-21
   46  111    1.719495e-19    9.783643e-21
   46  112    3.919592e-24    4.262337e-25
   46  113    1.486034e-29    2.330081e-30
   47  104    3.335163e-28    1.943674e-29
   47  105    1.121078e-22    6.530376e-24
   47  106    1.203286e-23    7.055632e-25
   47  107    4.290820e-12   -4.091661e-17
   47  108    7.189772e-16    4.090288e-17
   47  109    6.598250e-12   -4.997007e-17
   47  110    8.781855e-16    4.995145e-17
   47  111    9.297574e-20    1.010963e-20
   47  112    3.287424e-24    5.130177e-25
   47  113    1.197134e-28    2.411741e-29
   48  107    4.098400e-24    2.387385e-25
   48  108    3.603146e-13   -1.328058e-18
   48  109    2.336026e-17    1.329173e-18
   48  110    1.909796e-11   -5.971990e-17
   48  111    4.588001e-12    2.678878e-17
   48  112    2.054416e-11   -1.472925e-17
   48  113    8.376759e-16    4.766570e-17
   48  114    3.413639e-11   -5.068663e-17
   48  115    8.908891e-16    5.069365e-17
   48  116    2.673532e-15    6.918693e-22
   48  117    4.507112e-20    2.564554e-21
   48  118    8.553965e-25    9.302051e-26
   48  119    2.889393e-30    4.726901e-31
   49  109    6.555982e-25    3.818684e-26
   49  110    8.187276e-28    5.404550e-29
   49  111    4.617646e-23    2.689746e-24
   49  112    6.006262e-24    3.588372e-25
   49  113    6.098450e-12   -8.424695e-17
   49  114    1.480372e-15    8.421213e-17
   49  115    2.167703e-19    2.356772e-20
   49  116    1.449598e-23    2.260450e-24
   49  117    1.081936e-26    1.676697e-27
   49  118    3.181146e-30    2.395091e-31
   49  119    4.405459e-30    4.644118e-31
   50  112    1.518402e-24   -5.072103e-30
   50  113    3.776302e-24    2.199602e-25
   50  114    1.053030e-13   -2.712731e-19
   50  115    5.384352e-12   -3.070742e-17
   50  116    3.958513e-11   -3.508061e-17
   50  117    8.542622e-12    3.065260e-17
   50  118    4.908835e-11   -1.432259e-17
   50  119    1.176995e-11    1.407235e-17
   50  120    6.577780e-11   -5.031390e-18
   50  121    7.151072e-16    4.069284e-17
   50  122    5.075890e-13   -1.846560e-19
   50  123    3.266493e-18    1.858781e-19
   50  124    5.881505e-14   -1.148477e-20
   50  125    2.018717e-19    1.148734e-20
   50  126    6.595301e-25    7.172273e-26
   51  115    7.994400e-26    4.656572e-27
   51  116    3.959219e-24    2.305981e-25
   51  117    3.151692e-23    1.835920e-24
   51  118    6.349753e-24    3.701066e-25
   51  119    5.042866e-23    2.937669e-24
   51  120    5.897882e-24    3.789789e-25
   51  121    3.463876e-12   -2.292532e-17
   51  122    4.028494e-16    2.292058e-17
   51  123    8.946192e-14   -3.906270e-19
   51  124    6.947858e-18    3.953358e-19
   51  125    2.897168e-22    3.150414e-23
   51  126    4.116302e-27    6.423917e-28
   52  120    1.061647e-30    1.089319e-32
   52  121    1.196644e-24    7.144298e-26
   52  122    9.019579e-12   -3.632248e-17
   52  123    3.001459e-12    1.061749e-17
   52  124    1.532891e-11   -9.763076e-18
   52  125    5.674538e-12    7.401671e-18
   52  126    2.620149e-11   -5.180255e-18
   52  127    5.842301e-16    3.324505e-17
   52  128    5.697674e-13   -3.067943e-19
   52  129    5.418456e-18    3.083355e-19
   52  130    1.846929e-12   -4.325441e-19
   52  131    7.601198e-18    4.325410e-19
   52  132    2.479811e-23    2.696756e-24
   52  133    1.218421e-29    1.902099e-30
   53  122    4.387294e-29    2.556677e-30
   53  123    6.964391e-24    4.056762e-25
   53  124    1.011314e-24    5.896393e-26
   53  125    1.385008e-23    8.068238e-25
   53  126    3.681440e-24    2.845676e-25
   53  127    3.615341e-12   -2.078447e-17
   53  128    3.652487e-16    2.078226e-17
   53  129    1.923429e-20    2.091699e-21
   53  130    1.776979e-24    1.366511e-25
   53  131    7.974091e-24    1.390426e-24
   53  132    4.932197e-29    9.682582e-30
   54  126    1.587817e-27   -7.289098e-33
   54  127    2.128020e-24    1.355654e-25
   54  128    9.378341e-12   -3.612801e-17
   54  129    4.878133e-12    5.439797e-18
   54  130    1.462163e-11    2.938724e-18
   54  131    6.636476e-12    4.154327e-18
   54  132    4.009262e-11   -7.414332e-18
   54  133    5.449263e-16    3.100879e-17
   54  134    1.269187e-13   -4.237802e-20
   54  135    7.584486e-19    4.317465e-20
   54  136    8.091664e-12   -3.076740e-20
   54  137    1.700666e-18    3.073432e-20
   54  138    7.651782e-25    7.158785e-26
   55  128    2.354427e-28    1.371783e-29
   55  129    4.892669e-24    2.850090e-25
   55  130    8.236291e-25    4.800690e-26
   55  131    8.210790e-24    4.783263e-25
   55  132    5.127271e-24    4.882224e-25
   55  133    4.580507e-12   -2.173017e-17
   55  134    3.818688e-16    2.172835e-17
   55  135    1.669454e-20    1.815423e-21
   55  136    3.338843e-24    2.166280e-25
   55  137    1.317611e-23    2.041390e-24
   55  138    5.690988e-30    1.003087e-30
   56  132    1.667222e-27   -7.145476e-33
   56  133    1.859398e-24    1.458586e-25
   56  134    1.045165e-11   -3.111473e-17
   56  135    5.105952e-12    4.745162e-18
   56  136    3.449967e-11   -1.431883e-17
   56  137    4.228065e-11   -3.019443e-18
   56  138    3.979951e-10    1.752506e-17
   56  139    4.680196e-16    2.618296e-17
   56  140    9.454788e-22    1.024468e-22
   56  141    6.934799e-28    1.063890e-28
   57  134    4.219595e-28    2.458701e-29
   57  135    1.337463e-24    7.791319e-26
   57  136    1.714226e-25    9.995790e-27
   57  137    8.730457e-24    5.086911e-25
   57  138    8.753211e-23    8.210136e-24
   57  139    3.735364e-11   -1.838293e-17
   57  140    3.255869e-16    1.838263e-17
   57  141    2.950379e-21    3.203063e-22
   57  142    1.575528e-26    2.436598e-27
   58  138    2.162575e-25    6.734576e-28
   58  139    6.488193e-23    5.561004e-24
   58  140    9.289609e-11   -2.481377e-17
   58  141    4.409026e-16    2.508316e-17
   58  142    9.158735e-14   -4.439199e-20
   58  143    7.688992e-19    4.362944e-20
   58  144    5.550335e-24    6.034397e-25
   58  145    1.975060e-29    2.327841e-30
   59  140    3.520022e-25    3.878569e-26
   59  141    7.804443e-12   -1.619195e-17
   59  142    2.845827e-16    1.619088e-17
   59  143    9.788758e-21    1.064446e-21
   59  144    1.866486e-25    2.911536e-26
   59  145    2.879340e-30    1.018368e-30
   60  141    1.300990e-25    1.023756e-26
   60  142    1.831731e-11   -1.686812e-17
   60  143    3.281180e-12    2.826470e-18
   60  144    6.940628e-12    1.783880e-17
   60  145    1.586839e-12   -9.733175e-18
   60  146    4.721167e-12   -7.122092e-19
   60  147    1.144077e-16    6.492519e-18
   60  148    1.554687e-15   -1.356520e-21
   60  149    2.826016e-20    1.586142e-21
   60  150    2.528245e-21    5.722198e-26
   60  151    4.506234e-26    2.558494e-27
   61  143    2.064682e-25    1.202848e-26
   61  144    3.340724e-26    1.947106e-27
   61  145    1.184562e-25    6.901898e-27
   61  146    2.791121e-25    1.632262e-26
   61  147    6.379429e-21    7.120775e-22
   61  148    2.709067e-23    1.578272e-24
   61  149    1.021709e-25    1.178058e-26
   61  150    3.528489e-27    2.007933e-28
   61  151    5.443495e-29    5.919357e-30
   62  144    3.536030e-20   -1.087738e-25
   62  145    1.911590e-24    1.088099e-25
   62  146    2.781270e-18    3.105558e-19
   62  147    7.484528e-13   -9.515714e-18
   62  148    2.697091e-12    2.510854e-18
   62  149    4.962748e-13    2.787273e-18
   62  150    1.600649e-12   -1.683485e-18
   62  151    9.643961e-17    5.485877e-18
   62  152    2.625950e-13   -9.300530e-19
   62  153    1.635652e-17    9.305886e-19
   62  154    1.429117e-15   -3.404271e-21
   62  155    6.154889e-20    3.501387e-21
   62  156    9.001769e-25    9.788591e-26
   62  157    6.408239e-30    1.047316e-30
   63  147    9.097458e-27    5.299599e-28
   63  148    2.608746e-27    1.519782e-28
   63  149    4.272897e-26    3.515251e-27
   63  150    2.361139e-22    2.636795e-23
   63  151    1.722124e-13   -2.618018e-18
   63  152    4.599227e-17    2.616142e-18
   63  153    2.281578e-13   -2.477510e-18
   63  154    4.355546e-17    2.477811e-18
   63  155    7.682723e-21    8.353924e-22
   63  156    3.599875e-25    5.572692e-26
   63  157    3.450615e-29    5.615544e-30
   64  150    9.023644e-29    1.888833e-29
   64  151    6.093250e-23    6.805666e-24
   64  152    5.981847e-13   -5.424260e-18
   64  153    9.514628e-17    5.413081e-18
   64  154    7.794293e-13   -6.888643e-18
   64  155    2.575857e-13    3.200756e-18
   64  156    1.090139e-12   -3.519315e-18
   64  157    4.773375e-13    3.445269e-18
   64  158    2.906180e-12   -6.579098e-18
   64  159    1.817779e-16    1.034210e-17
   64  160    8.753954e-17    4.509743e-22
   64  161    3.602459e-21    2.046379e-22
   64  162    6.188696e-26    6.727517e-27
   65  152    1.221659e-30    7.119879e-32
   65  153    1.967210e-27    1.146399e-28
   65  154    1.423812e-29    8.342615e-31
   65  155    6.802322e-27    3.963247e-28
   65  156    1.081739e-27    6.303085e-29
   65  157    9.103864e-27    6.232483e-28
   65  158    4.497282e-22    5.022654e-23
   65  159    3.705275e-13   -3.973609e-18
   65  160    6.982722e-17    3.972508e-18
   65  161    9.673125e-21    1.051833e-21
   65  162    4.044113e-25    6.285043e-26
   65  163    2.007670e-29    4.119044e-30
   66  156    1.052707e-30    6.305969e-33
   66  157    3.226414e-25    3.603926e-26
   66  158    8.862269e-14   -1.279417e-18
   66  159    2.248224e-17    1.279010e-18
   66  160    8.752297e-13   -7.971727e-18
   66  161    3.287919e-13    4.541345e-18
   66  162    1.358520e-12   -4.268541e-18
   66  163    2.450010e-13    6.049682e-18
   66  164    6.033088e-13    2.434285e-19
   66  165    2.472640e-17    1.406165e-18
   66  166    5.061722e-22    5.503745e-23
   66  167    4.271438e-27    6.654650e-28
   67  159    1.250872e-28    7.288462e-30
   67  160    6.903270e-30    4.028043e-31
   67  161    2.797549e-27    1.629976e-28
   67  162    8.596762e-28    5.009002e-29
   67  163    6.975925e-27    1.122087e-27
   67  164    1.097510e-21    1.225761e-22
   67  165    4.843624e-13   -4.857161e-18
   67  166    8.536541e-17    4.855530e-18
   67  167    1.388699e-20    1.509965e-21
   67  168    4.576051e-25    7.138524e-26
   67  169    1.609031e-29    3.774248e-30
   68  162    2.632702e-30    3.443661e-31
   68  163    1.114996e-23    1.245440e-24
   68  164    6.708703e-13   -8.301495e-18
   68  165    1.458768e-16    8.299226e-18
   68  166    1.024405e-12   -6.981099e-18
   68  167    4.068179e-13    3.163674e-18
   68  168    1.667336e-12   -2.147902e-18
   68  169    1.048814e-16    5.967329e-18
   68  170    3.289512e-15   -6.548678e-21
   68  171    1.200559e-19    6.824597e-21
   68  172    2.034502e-24    2.211976e-25
   68  173    9.599037e-30    1.517560e-30
   69  165    3.932933e-29    2.296609e-30
   69  166    1.979753e-29    1.154535e-30
   69  167    1.956084e-27    2.773568e-28
   69  168    1.303913e-21    1.456290e-22
   69  169    5.320962e-13   -4.672703e-18
   69  170    8.211032e-17    4.671629e-18
   69  171    8.539664e-21    9.286248e-22
   69  172    6.106021e-25    6.437280e-26
   69  173    5.590439e-27    3.335512e-28
   70  168    3.497694e-29    7.110100e-30
   70  169    1.524867e-22    1.703198e-23
   70  170    8.237449e-13   -7.561057e-18
   70  171    4.207103e-13    3.600549e-18
   70  172    1.395882e-12   -2.795815e-18
   70  173    6.939818e-13    2.093516e-18
   70  174    3.156461e-12   -2.837315e-18
   70  175    1.318602e-16    7.500258e-18
   70  176    1.591544e-15   -2.240065e-21
   70  177    4.010328e-20    2.279226e-21
   70  178    6.398206e-25    6.956041e-26
   70  179    1.719566e-30    2.697898e-31
   71  170    1.262017e-30    7.354569e-32
   71  171    3.140164e-28    1.829695e-29
   71  172    1.268090e-28    7.389170e-30
   71  173    1.893435e-26    3.873061e-27
   71  174    6.625759e-21    7.399812e-22
   71  175    4.566948e-13   -3.995163e-18
   71  176    9.227049e-16    3.982799e-18
   71  177    1.968685e-19    1.162290e-20
   71  178    9.406567e-24    1.034364e-24
   71  179    5.753432e-28    8.888709e-29
   72  174    9.434996e-28    1.973006e-28
   72  175    1.159655e-21    1.295251e-22
   72  176    1.193533e-12   -8.486325e-18
   72  177    3.951637e-13    4.282933e-18
   72  178    1.686062e-12   -9.959117e-19
   72  179    4.801507e-13    1.761212e-18
   72  180    2.773341e-12   -3.277226e-18
   72  181    1.181070e-16    6.714767e-18
   72  182    2.333499e-21    2.537135e-22
   72  183    1.881042e-26    2.926268e-27
   73  176    2.324628e-30    1.354676e-31
   73  177    1.956891e-28    1.140240e-29
   73  178    2.840652e-29    1.947376e-30
   73  179    4.060126e-20    4.533415e-21
   73  180    3.439255e-15   -6.360709e-20
   73  181    7.184497e-13   -4.944604e-18
   73  182    8.796287e-17    5.002980e-18
   73  183    6.159103e-21    6.696993e-22
   73  184    1.639600e-25    2.551037e-26
   73  185    3.082530e-30    1.555276e-30
   74  178    2.348289e-30    4.916222e-31
   74  179    1.195398e-23    1.335169e-24
   74  180    5.384548e-14   -6.078484e-19
   74  181    1.068510e-17    6.081244e-19
   74  182    1.813814e-12   -5.702006e-18
   74  183    9.293994e-13    1.003033e-19
   74  184    2.060633e-12   -1.336083e-18
   74  185    1.220172e-16    6.941345e-18
   74  186    8.067683e-14   -1.454075e-19
   74  187    2.502576e-18    1.418924e-19
   74  188    5.162808e-23    5.610079e-24
   74  189    1.924069e-28    2.928891e-29
   75  182    1.092853e-29    6.368409e-31
   75  183    7.420983e-26    1.551374e-26
   75  184    4.789069e-21    5.348470e-22
   75  185    3.076365e-13   -3.497501e-18
   75  186    6.146140e-17    3.496217e-18
   75  187    6.953991e-15   -4.676411e-20
   75  188    8.360021e-19    4.749669e-20
   75  189    1.212124e-22    1.317659e-23
   75  190    2.970114e-27    4.622813e-28
   76  184    8.983814e-28    1.878544e-28
   76  185    7.733611e-22    8.637986e-23
   76  186    1.075567e-12   -8.557636e-18
   76  187    5.077558e-13    2.616082e-18
   76  188    1.117546e-12    5.162862e-18
   76  189    3.858771e-13   -2.317503e-18
   76  190    1.474292e-12   -9.751270e-19
   76  191    7.155637e-17    4.070746e-18
   76  192    3.121045e-14   -3.935950e-20
   76  193    6.950832e-19    3.952031e-20
   76  194    9.220822e-24    1.002568e-24
   76  195    4.175897e-29    6.523630e-30
   77  187    9.384473e-30    5.468279e-31
   77  188    5.101898e-30    2.973136e-31
   77  189    1.502737e-26    3.141671e-27
   77  190    1.123131e-21    1.254360e-22
   77  191    3.293969e-13   -3.534821e-18
   77  192    6.212344e-17    3.533941e-18
   77  193    3.208267e-13   -1.972707e-18
   77  194    3.469517e-17    1.973266e-18
   77  195    1.797162e-21    1.954129e-22
   77  196    4.249982e-26    6.629281e-27
   78  190    2.998846e-28    6.256502e-29
   78  191    1.646568e-22    1.839192e-23
   78  192    1.094044e-12   -9.646152e-18
   78  193    1.695071e-16    9.644153e-18
   78  194    1.340679e-12   -4.881276e-18
   78  195    3.997209e-13    3.112163e-18
   78  196    2.342777e-12   -3.027883e-18
   78  197    8.434006e-17    4.798840e-18
   78  198    4.390695e-15   -3.062508e-21
   78  199    5.616349e-20    3.195370e-21
   78  200    3.290059e-25    3.577749e-26
   79  194    8.006203e-30    4.665221e-31
   79  195    2.073530e-27    4.324028e-28
   79  196    1.289062e-21    1.439784e-22
   79  197    7.109000e-13   -3.489471e-18
   79  198    6.131858e-17    3.489024e-18
   79  199    2.792131e-21    3.036328e-22
   79  200    2.705755e-26    4.209829e-27
   80  195    1.810073e-28    2.021962e-29
   80  196    1.377980e-17   -8.820666e-23
   80  197    1.732895e-21    1.086225e-22
   80  198    2.319048e-12   -6.644926e-18
   80  199    1.055786e-12    3.512976e-18
   80  200    3.396428e-12   -5.219678e-19
   80  201    1.493219e-12    2.615872e-18
   80  202    5.447825e-12   -1.640281e-18
   80  203    4.706724e-17    2.678355e-18
   80  204    8.827251e-14   -1.196992e-20
   80  205    2.095140e-19    1.192076e-20
   80  206    1.436833e-25    1.562480e-26
   81  199    1.413521e-29    8.236270e-31
   81  200    2.023156e-29    1.178920e-30
   81  201    4.321195e-28    8.715542e-29
   81  202    5.325415e-21    5.948152e-22
   81  203    3.296902e-12   -3.516546e-18
   81  204    6.178759e-17    3.515987e-18
   81  205    2.532766e-13   -8.690183e-20
   81  206    1.526529e-18    8.686470e-20
   81  207    2.815200e-24    3.278991e-25
   82  202    2.342579e-30    4.904095e-31
   82  203    1.601029e-22    1.788403e-23
   82  204    4.899068e-12   -3.802139e-18
   82  205    9.272206e-12   -1.027387e-18
   82  206    4.705865e-11   -7.198364e-18
   82  207    6.282868e-11    6.376661e-18
   82  208    1.298628e-10    5.260331e-18
   82  209    1.135082e-17    3.908804e-19
   82  210    2.437866e-24    2.416942e-25
   83  205    1.143238e-29    6.662123e-31
   83  206    3.657284e-30    2.131535e-31
   83  207    6.316501e-28    1.127529e-28
   83  208    6.803310e-21    7.598450e-22
   83  209    3.106577e-12   -1.129174e-19
   83  210    2.869471e-18    1.121570e-19
   83  211    2.497041e-24    2.296073e-25
   84  210    1.095528e-26    1.815567e-27
    0    1    7.760102e-16   -1.157023e-16
    1    1    4.348257e-13   -6.201816e-14
    2    4    5.636895e-09   -8.419170e-10
