2.4363e-01
8.2923e-05
2.7411e+00
4.2189e+05
    1    2    2.285124e-17    6.913738e-19
    1    3    2.704136e-17    1.220328e-18
    2    3    1.546616e-14    1.816118e-16
    3    6    4.873735e-23    2.249535e-24
    3    7    1.436685e-22    8.671452e-24
    4    7    1.009890e-20    3.221224e-22
    4    8    5.042821e-11    9.367604e-12
    4    9    1.344132e-28    2.156267e-29
    4   10    2.001806e-22    1.415596e-23
    5   10    1.544573e-17    5.649691e-19
    5   11    8.087464e-15    1.184873e-15
    5   12    2.687130e-24    4.550186e-25
    5   13    3.029422e-30    5.260529e-31
    6   11    1.994874e-11    2.193776e-12
    6   12    6.506805e-04   -3.022446e-06
    6   13    6.992905e-10    6.638502e-12
    6   14    9.983169e-09    6.424219e-10
    6   15    1.636663e-21    1.584376e-22
    6   16    1.951439e-29    2.187091e-30
    7   12    1.181649e-21    1.296031e-22
    7   13    2.996302e-11   -3.816423e-13
    7   14    4.992326e-07    5.713077e-08
    7   15    6.505309e-07    6.455898e-08
    7   16    2.615535e-17    3.234129e-18
    7   17    4.244445e-22    6.216912e-23
    8   13    5.824688e-30    6.100020e-31
    8   14    2.928748e-14   -1.075251e-15
    8   15    1.967375e-08    3.016979e-10
    8   16    4.583220e-02    6.404221e-07
    8   17    1.218676e-06    3.782680e-08
    8   18    1.168677e-09    9.306387e-11
    8   19    3.691227e-17    3.878090e-18
    8   20    5.598910e-23    8.890507e-24
    9   15    5.829312e-28   -1.426613e-29
    9   16    2.134988e-20    4.858663e-22
    9   17    2.161442e-11   -3.214215e-15
    9   18    2.155983e-08    5.875306e-10
    9   19    2.111315e-07    1.699177e-08
    9   20    1.194377e-12    1.324585e-13
    9   21    3.913672e-18    4.571281e-19
    9   22    1.503804e-26    2.202498e-27
   10   17    3.680950e-29    5.993372e-31
   10   18    6.521049e-16   -2.232337e-20
   10   19    9.090759e-11    1.273431e-12
   10   20    8.346719e-03   -2.455518e-06
   10   21    2.878889e-05    9.644960e-07
   10   22    2.721503e-06    1.124235e-07
   10   23    5.188764e-13    3.815194e-14
   10   24    6.221320e-18    4.890308e-19
   10   25    2.027378e-25    1.979525e-26
   11   19    7.486522e-27    4.290996e-29
   11   20    6.661443e-18    2.610517e-20
   11   21    7.888664e-09   -8.443900e-11
   11   22    2.750327e-07    2.972516e-09
   11   23    1.515874e-04    4.188499e-08
   11   24    1.113803e-09    3.696990e-11
   11   25    7.547452e-14    3.490686e-15
   11   26    5.289259e-20    4.012977e-21
   11   27    4.104647e-26    4.340207e-27
   12   21    2.560249e-23   -3.082209e-25
   12   22    2.807650e-14    1.302138e-16
   12   23    4.145423e-08   -1.102252e-09
   12   24    2.201275e-03    3.862167e-06
   12   25    2.822684e-04   -4.028292e-06
   12   26    2.997437e-04    9.115208e-07
   12   27    1.384945e-10    4.926300e-12
   12   28    1.089444e-15    7.421262e-17
   12   29    1.254227e-23    1.098968e-24
   12   30    9.408408e-30    1.097548e-30
   13   23    4.446130e-27    4.679496e-29
   13   24    1.302260e-15   -4.498280e-17
   13   25    1.195570e-09   -9.710524e-12
   13   26    3.932480e-10    1.024338e-11
   13   27    2.805596e-04   -3.837774e-07
   13   28    7.238576e-09    1.958595e-10
   13   29    4.255388e-13    1.949166e-14
   13   30    1.083644e-18    7.964109e-20
   13   31    4.493279e-24    4.633482e-25
   14   25    1.905989e-22   -1.487267e-23
   14   26    1.649107e-13   -6.917924e-15
   14   27    2.856477e-08   -3.482156e-10
   14   28    2.632295e-04    6.591922e-07
   14   29    7.776518e-05    3.431056e-07
   14   30    3.757844e-05    3.462298e-07
   14   31    2.107122e-09    8.485398e-11
   14   32    3.165361e-14    2.370937e-15
   14   33    8.814193e-21    8.060203e-22
   14   34    1.966215e-26    2.382174e-27
   15   27    1.187361e-22   -5.123223e-24
   15   28    1.635413e-15   -3.401657e-17
   15   29    3.406558e-10   -3.489938e-12
   15   30    1.504313e-09   -1.617431e-12
   15   31    1.959208e-06    4.019393e-08
   15   32    1.094423e-10    5.456833e-12
   15   33    2.152697e-11    1.276582e-12
   15   34    4.237512e-16    3.703824e-17
   15   35    8.598016e-21    9.973021e-22
   15   36    2.747875e-29    3.731360e-30
   16   28    4.652796e-30   -3.047928e-31
   16   29    5.487614e-21   -2.289826e-22
   16   30    3.617012e-14   -1.440889e-15
   16   31    5.757971e-10   -6.478793e-12
   16   32    3.518898e-06    7.346811e-08
   16   33    7.135486e-08    1.822038e-09
   16   34    4.056867e-09    1.492138e-10
   16   35    3.505650e-12    2.158911e-13
   16   36    2.453282e-13    1.774576e-14
   16   37    6.286200e-20    5.580740e-21
   16   38    1.169278e-24    1.370490e-25
   17   31    3.229590e-24   -1.229486e-25
   17   32    3.780710e-19   -2.012690e-20
   17   33    1.931410e-15    4.411412e-17
   17   34    6.018447e-10   -2.854219e-12
   17   35    3.602426e-09    1.002740e-10
   17   36    9.989570e-12    4.271054e-13
   17   37    6.344964e-12    3.096775e-13
   17   38    2.369497e-16    1.668007e-17
   17   39    4.452125e-20    4.426116e-21
   17   40    9.392805e-25    1.070646e-25
   17   41    1.736676e-28    2.453691e-29
   18   33    3.746261e-29   -2.283638e-30
   18   34    9.907260e-19   -9.227634e-22
   18   35    4.419482e-11   -1.865418e-12
   18   36    1.960049e-08    3.417354e-11
   18   37    2.366839e-10    4.089555e-12
   18   38    4.357953e-10    2.641185e-11
   18   39    4.724722e-13    4.686056e-14
   18   40    4.889493e-14    3.167714e-15
   18   41    5.544271e-18    4.959848e-19
   18   42    7.459523e-20    7.281303e-21
   18   43    2.561372e-24    2.863746e-25
   18   44    5.166851e-28    6.591544e-29
   19   35    3.461563e-29    6.521610e-32
   19   36    4.165243e-19   -2.174108e-20
   19   37    1.158257e-15   -6.621799e-18
   19   38    1.761720e-12   -2.428210e-14
   19   39    1.176545e-09    8.131595e-11
   19   40    5.087113e-12    3.280052e-13
   19   41    4.132120e-12    1.410719e-13
   19   42    7.131504e-15    4.498341e-16
   19   43    3.774029e-16    2.416209e-18
   19   44    2.738587e-19    9.701202e-21
   19   45    3.016304e-22    1.968883e-23
   19   46    5.726491e-26    5.278451e-27
   20   38    3.636236e-19   -1.073254e-20
   20   39    5.558842e-14   -2.682225e-15
   20   40    2.615890e-08    1.969945e-10
   20   41    1.419235e-09    3.557709e-12
   20   42    1.086671e-08   -6.130094e-10
   20   43    9.412386e-10   -3.966894e-11
   20   44    5.187171e-10    2.063814e-12
   20   45    1.457019e-12    2.427362e-14
   20   46    2.415568e-13    6.183077e-15
   20   47    1.775235e-16    9.628002e-18
   20   48    1.920749e-19    1.161974e-20
   20   49    8.312466e-25    6.046396e-26
   20   50    2.691974e-29    2.347179e-30
   21   40    7.918564e-24   -3.788958e-25
   21   41    1.166429e-16    5.153999e-19
   21   42    1.615659e-13   -2.842030e-15
   21   43    6.209075e-10   -5.113881e-11
   21   44    6.717446e-10   -2.358823e-11
   21   45    1.664024e-09   -5.327086e-11
   21   46    3.467588e-11   -1.195764e-13
   21   47    1.546340e-12   -1.776324e-14
   21   48    6.574818e-15    1.269541e-16
   21   49    1.258247e-16    8.133272e-18
   21   50    9.379354e-21    7.293448e-22
   21   51    1.877307e-24    1.860392e-25
   21   52    3.317559e-30    3.664549e-31
   22   42    6.514574e-22   -9.133671e-24
   22   43    4.783214e-16   -2.135042e-17
   22   44    7.470722e-09   -3.296681e-10
   22   45    9.254535e-10   -6.542711e-11
   22   46    2.413123e-08   -1.497859e-09
   22   47    1.020614e-08   -6.006853e-10
   22   48    1.000914e-08   -3.384195e-10
   22   49    3.061119e-10    5.378163e-12
   22   50    3.664960e-11   -3.204339e-12
   22   51    1.803531e-14   -1.516237e-15
   22   52    1.764393e-17   -1.425458e-18
   22   53    2.625587e-22   -1.825166e-23
   22   54    4.552703e-26   -2.895948e-27
   23   44    2.279783e-23   -1.216753e-24
   23   45    5.634576e-20   -4.158925e-21
   23   46    1.417388e-12   -1.515361e-13
   23   47    2.444766e-09   -2.376419e-10
   23   48    3.975556e-09   -3.653344e-10
   23   49    1.887270e-08   -2.326635e-10
   23   50    4.975461e-10    1.463418e-11
   23   51    7.262372e-10    2.486350e-11
   23   52    8.491636e-12    4.174114e-13
   23   53    2.538724e-14    1.840095e-15
   23   54    1.456703e-18    1.172499e-19
   23   55    2.108731e-21    2.145884e-22
   23   56    1.236981e-27    1.412276e-28
   24   45    5.438608e-30   -3.599593e-31
   24   46    1.572374e-23   -1.614729e-24
   24   47    1.260368e-14   -1.766879e-15
   24   48    2.311533e-10   -3.418347e-11
   24   49    6.079965e-10   -7.227861e-11
   24   50    4.069313e-08    1.123475e-09
   24   51    1.684644e-08    2.267408e-10
   24   52    2.758262e-08   -4.274843e-10
   24   53    5.015371e-10    9.083527e-12
   24   54    5.813294e-11    2.209457e-12
   24   55    2.830689e-14    1.354543e-15
   24   56    4.709682e-17    3.240750e-18
   24   57    5.639300e-22    4.501027e-23
   24   58    3.758081e-25    3.596012e-26
   25   48    7.656483e-22   -1.149992e-22
   25   49    6.340171e-17   -1.003836e-17
   25   50    3.485680e-13   -5.286048e-14
   25   51    1.414606e-09   -2.104349e-12
   25   52    3.547219e-09   -1.191132e-10
   25   53    3.674990e-08   -5.581626e-10
   25   54    1.773981e-09    2.901759e-11
   25   55    6.499558e-10    1.173381e-11
   25   56    6.776747e-12    2.238918e-13
   25   57    4.614130e-14    2.812124e-15
   25   58    1.103955e-17    7.558926e-19
   25   59    5.511679e-20    5.155857e-21
   25   60    5.581986e-25    5.750690e-26
   25   61    4.581804e-28    5.149158e-29
   26   49    4.384093e-28   -7.218611e-29
   26   50    1.819044e-21   -3.337846e-22
   26   51    1.119723e-15   -2.113752e-16
   26   52    1.242555e-11   -8.449041e-13
   26   53    1.324670e-10   -1.017502e-11
   26   54    1.032071e-07    7.704337e-10
   26   55    5.215472e-08   -8.000833e-10
   26   56    7.012352e-07   -1.895034e-08
   26   57    5.884557e-08    1.387101e-10
   26   58    8.256393e-08   -8.968457e-09
   26   59    1.663654e-10   -1.683966e-11
   26   60    1.468826e-12   -7.391096e-14
   26   61    4.430054e-17   -1.765546e-18
   26   62    1.367063e-19   -1.778196e-21
   26   63    3.039397e-25    4.516869e-28
   26   64    2.827581e-28    4.722153e-30
   27   52    2.921758e-25   -5.581626e-26
   27   53    4.545432e-19   -3.418615e-20
   27   54    3.711089e-14   -4.081679e-15
   27   55    1.693347e-09   -4.173584e-11
   27   56    2.824287e-09   -1.472495e-10
   27   57    7.489130e-07   -2.679394e-08
   27   58    1.349665e-07   -6.164478e-09
   27   59    5.269091e-07   -1.198194e-08
   27   60    1.280538e-08   -9.085707e-11
   27   61    4.210793e-10    1.085130e-11
   27   62    4.610922e-13    1.494828e-14
   27   63    1.099436e-14    7.772083e-16
   27   64    5.488371e-19    4.338157e-20
   27   65    5.294598e-21    5.520903e-22
   27   66    2.577729e-26    2.978747e-27
   28   53    1.961469e-30   -4.132712e-31
   28   54    3.745414e-24   -3.610875e-25
   28   55    2.595703e-17   -3.857023e-18
   28   56    2.764548e-11   -3.667189e-12
   28   57    3.203252e-10   -2.334581e-11
   28   58    1.666289e-06    2.800835e-08
   28   59    2.680904e-06   -7.138494e-08
   28   60    5.253753e-06    4.137240e-08
   28   61    8.248787e-07    1.838071e-08
   28   62    1.280529e-06    1.041868e-08
   28   63    1.270874e-08    1.966949e-10
   28   64    1.729154e-08   -1.550127e-09
   28   65    9.190065e-12   -7.614367e-13
   28   66    1.814136e-13   -7.618830e-15
   28   67    7.735130e-18   -2.511017e-19
   28   68    3.954950e-20   -1.518731e-22
   28   69    4.125594e-26    4.851246e-28
   29   57    1.088059e-20   -1.472660e-21
   29   58    3.653248e-16   -3.169600e-17
   29   59    7.734674e-11    4.609024e-14
   29   60    4.848888e-09   -2.456525e-10
   29   61    6.476659e-08   -1.071499e-09
   29   62    8.403766e-08   -1.137180e-09
   29   63    1.051344e-06   -1.706468e-08
   29   64    1.099981e-07   -7.958003e-10
   29   65    1.241315e-07   -1.441018e-09
   29   66    9.270505e-10   -7.155256e-12
   29   67    1.055839e-10    2.015506e-12
   29   68    3.202383e-14    8.254406e-16
   29   69    1.180941e-15    7.204457e-17
   29   70    1.230542e-20    9.043417e-22
   29   71    1.757990e-22    1.754970e-23
   29   72    4.143130e-28    4.630318e-29
   30   58    2.341567e-28   -3.437372e-29
   30   59    3.403653e-22   -3.454492e-23
   30   60    2.715538e-14   -1.005040e-15
   30   61    3.443441e-11   -2.885236e-12
   30   62    7.108777e-09   -6.099332e-10
   30   63    4.680438e-09   -2.672655e-10
   30   64    2.756434e-06    3.153941e-08
   30   65    7.625586e-07   -7.236816e-09
   30   66    2.032213e-06    3.029849e-08
   30   67    5.987022e-08    1.219467e-09
   30   68    1.562971e-07   -6.282681e-09
   30   69    2.195090e-10   -7.325317e-12
   30   70    9.691644e-11    2.251689e-12
   30   71    1.873440e-14    6.046367e-16
   30   72    7.703559e-16    5.243137e-17
   30   73    2.504851e-20    1.958956e-21
   30   74    3.160547e-22    3.894597e-23
   30   75    7.594033e-28    1.025376e-28
   31   61    7.062339e-26   -4.626184e-27
   31   62    4.117924e-17   -4.012553e-18
   31   63    1.976086e-14   -1.949948e-15
   31   64    7.766822e-13   -6.013049e-14
   31   65    2.144229e-09   -1.747633e-11
   31   66    1.128057e-08   -4.185251e-10
   31   67    2.752154e-07   -3.605797e-09
   31   68    5.283492e-08   -4.302033e-10
   31   69    3.850221e-07   -9.076315e-09
   31   70    1.400553e-08   -2.991490e-10
   31   71    9.532153e-09   -2.371669e-10
   31   72    1.894473e-11   -3.777028e-13
   31   73    5.176583e-12    4.168284e-14
   31   74    4.019831e-15    5.402268e-17
   31   75    3.659069e-16    2.345785e-17
   31   76    7.680571e-21    5.479548e-22
   31   77    3.792857e-22    4.183726e-23
   31   78    4.643376e-27    5.467564e-28
   32   63    1.579781e-24   -1.719788e-25
   32   64    3.904076e-18   -5.696930e-19
   32   65    9.462147e-16   -1.097063e-16
   32   66    6.927696e-11   -3.921552e-12
   32   67    2.674954e-10   -1.930294e-11
   32   68    2.085244e-07   -3.169005e-09
   32   69    7.306154e-08   -1.564794e-09
   32   70    1.040150e-06    2.341134e-08
   32   71    1.188290e-07    3.757171e-09
   32   72    1.848604e-07    5.198165e-09
   32   73    4.600393e-09    1.488780e-10
   32   74    2.985444e-08   -1.729306e-09
   32   75    1.349273e-10   -7.152675e-12
   32   76    2.135078e-11    3.602603e-13
   32   77    1.172402e-14    2.817192e-16
   32   78    5.928393e-16    5.348653e-17
   32   79    5.195383e-20    5.139813e-21
   32   80    6.103120e-22    9.418710e-23
   32   81    1.405617e-27    2.328216e-28
   33   65    9.554080e-29   -1.350177e-29
   33   66    1.740522e-21   -2.253362e-22
   33   67    3.367603e-17   -2.264167e-18
   33   68    6.310904e-15   -5.690065e-16
   33   69    2.455104e-11   -7.739469e-13
   33   70    1.631457e-10   -7.320277e-12
   33   71    1.630975e-08    1.855415e-11
   33   72    8.369564e-09    4.435669e-11
   33   73    1.014198e-07    3.501011e-10
   33   74    2.240025e-08    2.021877e-10
   33   75    6.389516e-08   -4.226292e-10
   33   76    2.786128e-09   -1.697253e-11
   33   77    1.185027e-09    7.991395e-11
   33   78    1.983843e-12    1.390692e-13
   33   79    7.903047e-13    1.170415e-13
   33   80    6.488010e-16    9.953085e-17
   33   81    6.836124e-17    1.497902e-17
   33   82    9.403867e-22    2.136195e-22
   33   83    1.568120e-23    4.009074e-24
   34   67    1.166170e-29   -1.614943e-30
   34   68    8.450899e-21   -8.695182e-22
   34   69    5.830022e-18   -7.040783e-19
   34   70    3.343081e-13   -2.213393e-14
   34   71    3.141447e-12   -2.415569e-13
   34   72    7.011045e-09   -2.863781e-10
   34   73    2.938146e-09   -1.061693e-10
   34   74    7.491635e-08    1.374944e-09
   34   75    6.017873e-08    1.169111e-09
   34   76    1.018898e-07    5.353015e-09
   34   77    1.446787e-08    9.331040e-10
   34   78    3.445740e-08   -1.579161e-10
   34   79    1.167597e-09   -4.164719e-12
   34   80    2.061408e-09   -2.969077e-11
   34   81    1.526439e-11   -1.587902e-13
   34   82    3.873376e-12    1.222993e-13
   34   83    7.150115e-16    2.828075e-17
   34   84    3.361932e-17    3.257964e-18
   34   85    2.421161e-23    2.707079e-24
   34   86    2.261943e-28    2.647766e-29
   35   70    2.522047e-24   -3.328071e-25
   35   71    5.312585e-20   -3.934465e-21
   35   72    2.047999e-17   -1.909910e-18
   35   73    2.642208e-13   -1.466800e-14
   35   74    2.385657e-12   -1.414963e-13
   35   75    3.155417e-10   -7.279106e-13
   35   76    1.490308e-09   -9.365137e-12
   35   77    1.811278e-08    4.516375e-10
   35   78    4.615311e-09    1.201723e-10
   35   79    2.603403e-08    3.549988e-10
   35   80    8.132906e-09    1.169577e-10
   35   81    1.144379e-08    6.064336e-10
   35   82    1.157299e-09    6.406195e-11
   35   83    7.694868e-10    8.984937e-11
   35   84    2.639865e-12    3.197745e-13
   35   85    4.670707e-13    8.628723e-14
   35   86    1.385398e-18    2.712739e-19
   35   87    8.642657e-23    1.725401e-23
   35   88    8.676787e-29    1.839813e-29
   36   72    4.191805e-24   -4.501650e-25
   36   73    2.941656e-20   -3.614579e-21
   36   74    1.216603e-15   -1.076111e-16
   36   75    1.617273e-14   -1.487304e-15
   36   76    6.837368e-11   -2.984454e-12
   36   77    6.948945e-11   -2.318169e-12
   36   78    4.039672e-09    2.301151e-11
   36   79    5.142169e-09    4.296530e-11
   36   80    1.894043e-08    1.573460e-10
   36   81    9.728989e-09    2.056817e-10
   36   82    3.889400e-08   -9.011702e-11
   36   83    8.975642e-09    3.420663e-11
   36   84    4.220927e-08   -1.940004e-10
   36   85    1.733358e-09   -4.534332e-12
   36   86    1.011873e-09    5.354351e-11
   36   87    3.328636e-14    2.087955e-15
   36   88    2.248301e-17    1.466952e-18
   36   89    6.346103e-23    4.927766e-24
   36   90    3.491986e-27    2.890129e-28
   37   74    1.807008e-26   -2.452242e-27
   37   75    3.682328e-22   -3.646328e-23
   37   76    1.549685e-19   -1.702402e-20
   37   77    1.741871e-15   -1.040420e-16
   37   78    5.898144e-15   -3.177359e-16
   37   79    5.402728e-12   -8.113445e-14
   37   80    2.284629e-11   -3.868567e-13
   37   81    6.189730e-10   -1.286937e-11
   37   82    5.339741e-10   -9.799930e-12
   37   83    7.433887e-09   -2.503808e-10
   37   84    3.473805e-09   -1.069226e-10
   37   85    1.798398e-08    5.738759e-11
   37   86    9.617810e-09    3.066833e-10
   37   87    1.115569e-08    1.336586e-09
   37   88    2.761374e-12    3.500529e-13
   37   89    7.204015e-15    9.310844e-16
   37   90    1.669482e-19    2.298409e-20
   37   91    3.745755e-23    5.300126e-24
   37   92    3.435490e-29    5.286193e-30
   38   76    2.798373e-26   -3.647124e-27
   38   77    1.322839e-22   -1.854670e-23
   38   78    6.167497e-18   -5.987494e-19
   38   79    2.449435e-17   -2.106486e-18
   38   80    2.305640e-13   -1.167593e-14
   38   81    3.595693e-13   -1.758584e-14
   38   82    6.835788e-11   -6.137186e-12
   38   83    1.058389e-10   -8.542166e-12
   38   84    1.507492e-09   -4.445395e-11
   38   85    1.684215e-09   -1.312648e-11
   38   86    8.331447e-09   -2.406322e-10
   38   87    8.764287e-09   -1.802613e-10
   38   88    4.616556e-08    8.006534e-10
   38   89    5.208883e-11    1.194914e-12
   38   90    8.512200e-13    2.030240e-14
   38   91    1.134850e-16    3.667815e-18
   38   92    1.293562e-19    4.277786e-21
   38   93    1.823834e-24    8.076175e-26
   38   94    3.525460e-28    1.646669e-29
   39   78    7.415803e-30   -1.107411e-30
   39   79    4.774121e-24   -5.238374e-25
   39   80    6.225592e-23   -6.304009e-24
   39   81    7.575754e-19   -4.882492e-20
   39   82    1.640995e-17   -1.110312e-18
   39   83    1.852186e-14   -2.040392e-15
   39   84    3.786103e-14   -3.870597e-15
   39   85    8.954924e-12   -4.617093e-13
   39   86    2.387802e-11   -8.276571e-13
   39   87    2.607390e-10   -1.909347e-11
   39   88    6.894094e-10   -5.561069e-11
   39   89    1.507371e-08    5.284385e-10
   39   90    1.032013e-10    4.032127e-12
   39   91    5.003740e-12    1.970986e-13
   39   92    4.413932e-15    1.888205e-16
   39   93    3.618279e-17    1.567126e-18
   39   94    1.528922e-20    7.720014e-22
   39   95    6.263141e-24    3.185080e-25
   39   96    8.082663e-29    5.150848e-30
   40   80    1.782354e-28   -2.606810e-29
   40   81    4.058542e-27   -5.343044e-28
   40   82    1.378935e-21   -1.354135e-22
   40   83    3.146041e-20   -3.131083e-21
   40   84    1.037497e-16   -1.438294e-17
   40   85    1.522442e-16   -2.028534e-17
   40   86    3.444529e-13   -2.538256e-14
   40   87    4.375207e-13   -3.218200e-14
   40   88    2.736111e-11   -3.038947e-12
   40   89    5.917169e-11   -3.641552e-12
   40   90    4.855835e-09    1.109991e-10
   40   91    2.019205e-10    2.572700e-12
   40   92    2.376972e-10   -1.455162e-11
   40   93    1.465141e-12   -8.541505e-14
   40   94    1.201227e-13   -7.843056e-15
   40   95    2.165165e-16   -1.299692e-17
   40   96    3.350430e-18   -2.139886e-19
   40   97    4.764095e-23   -2.530211e-24
   40   98    5.802403e-27   -2.767614e-28
   41   83    4.124019e-29   -4.317077e-30
   41   84    5.426796e-25   -6.286614e-26
   41   85    4.344363e-23   -6.512036e-24
   41   86    1.970429e-21   -2.959141e-22
   41   87    1.554158e-17   -1.410711e-18
   41   88    2.219024e-16   -2.164739e-17
   41   89    5.177829e-14   -7.270153e-15
   41   90    4.766604e-13   -4.466702e-14
   41   91    2.049464e-10    7.133364e-12
   41   92    4.644721e-11    1.956376e-12
   41   93    6.186105e-11    4.568184e-12
   41   94    1.779567e-12    1.359604e-13
   41   95    5.007956e-13    4.476693e-14
   41   96    3.027153e-15    2.795688e-16
   41   97    2.008375e-16    1.866930e-17
   41   98    1.632193e-20    1.658469e-21
   41   99    1.907774e-23    1.967448e-24
   41  100    1.826904e-28    2.086203e-29
   42   86    1.282767e-26   -2.372107e-27
   42   87    1.671233e-24   -3.075397e-25
   42   88    2.570654e-20   -3.193074e-21
   42   89    3.131610e-19   -4.087583e-20
   42   90    4.910238e-16   -8.900513e-17
   42   91    2.025463e-15   -1.893699e-16
   42   92    6.753850e-12    4.086593e-13
   42   93    3.909732e-12    2.813953e-13
   42   94    8.218000e-11    2.331283e-12
   42   95    1.135629e-11    1.724074e-13
   42   96    1.146434e-10   -2.369689e-12
   42   97    1.103531e-12   -2.369498e-14
   42   98    1.195290e-12   -1.834501e-13
   42   99    4.218540e-16   -6.040531e-17
   42  100    4.496395e-17   -6.965737e-18
   42  101    3.266113e-21   -4.641407e-22
   42  102    1.071036e-22   -1.462909e-23
   42  103    3.014275e-27   -3.756578e-28
   43   89    5.092325e-27   -6.733746e-28
   43   90    2.201843e-25   -3.178049e-26
   43   91    1.292812e-20   -2.609501e-21
   43   92    5.487383e-19   -6.470013e-20
   43   93    9.374136e-15    4.233539e-16
   43   94    2.412417e-14    1.162582e-15
   43   95    1.687320e-12    3.662727e-14
   43   96    8.620362e-13    1.985717e-14
   43   97    6.502324e-12    2.875378e-13
   43   98    2.143676e-13    9.794235e-15
   43   99    4.791493e-13    2.914708e-14
   43  100    1.214864e-15    7.900227e-17
   43  101    5.612904e-16    4.524412e-17
   43  102    9.576707e-20    8.421960e-21
   43  103    2.095921e-20    2.133478e-21
   43  104    2.377486e-24    2.598232e-25
   43  105    9.173489e-26    1.026547e-26
   44   91    7.970525e-29   -1.421690e-29
   44   92    5.995637e-24   -1.439378e-24
   44   93    2.732841e-22   -3.992016e-23
   44   94    1.013259e-16    3.655969e-18
   44   95    1.367401e-15    3.755639e-18
   44   96    4.057797e-14    1.483227e-15
   44   97    6.947557e-14    2.153892e-15
   44   98    7.191059e-12   -6.076408e-15
   44   99    1.593372e-12    3.288088e-15
   44  100    3.791079e-11   -7.993883e-14
   44  101    5.654016e-13    1.020290e-15
   44  102    6.461720e-13    4.279262e-14
   44  103    1.397773e-15    1.010642e-16
   44  104    3.952307e-16    4.883508e-17
   44  105    1.777803e-19    2.321310e-20
   44  106    1.544442e-20    2.388101e-21
   44  107    8.186002e-25    1.332160e-25
   44  108    1.432462e-26    2.369200e-27
   45   93    1.216034e-30   -3.042572e-31
   45   94    9.944485e-28   -1.598069e-28
   45   95    2.129260e-21    4.439397e-23
   45   96    9.367514e-20   -1.462400e-21
   45   97    2.330060e-17    4.309816e-19
   45   98    5.316655e-17    3.533450e-19
   45   99    5.145219e-14   -9.543655e-16
   45  100    2.956261e-14   -1.697686e-16
   45  101    2.461271e-12    8.434416e-14
   45  102    1.530827e-13    4.723515e-15
   45  103    5.645222e-12   -4.988121e-14
   45  104    5.255832e-14   -2.943151e-16
   45  105    1.155317e-13    5.587347e-15
   45  106    1.757223e-16    9.383105e-18
   45  107    9.813449e-17    7.690492e-18
   45  108    4.402955e-20    3.718412e-21
   45  109    2.655127e-21    2.253521e-22
   45  110    3.501999e-25    3.264393e-26
   45  111    1.933553e-27    1.787630e-28
   46   96    1.280798e-24   -2.280249e-26
   46   97    5.280141e-23   -1.945146e-24
   46   98    1.487939e-19   -4.972024e-21
   46   99    4.386785e-18   -2.120144e-19
   46  100    8.426872e-16    6.258214e-18
   46  101    4.363879e-15    7.388052e-17
   46  102    5.912813e-13    1.837976e-14
   46  103    3.234661e-13    8.407540e-15
   46  104    2.914014e-11    2.070331e-13
   46  105    1.582144e-12    1.639270e-14
   46  106    3.358080e-11    1.839434e-13
   46  107    2.177198e-13    8.005309e-16
   46  108    7.372603e-12   -4.749512e-13
   46  109    1.146240e-14   -6.551889e-16
   46  110    5.000774e-15   -1.444816e-16
   46  111    9.596009e-19   -1.874423e-20
   46  112    7.160810e-20   -1.099144e-21
   46  113    2.395793e-24   -9.534064e-27
   46  114    3.327834e-26   -1.248969e-28
   47   98    4.270607e-29   -2.088359e-30
   47   99    8.179731e-25   -3.789925e-26
   47  100    5.109805e-23   -3.374652e-24
   47  101    9.415074e-20   -7.267522e-22
   47  102    1.353479e-18   -1.387606e-21
   47  103    1.091656e-15    6.981417e-18
   47  104    2.160314e-15    2.320847e-17
   47  105    5.938081e-13    6.017411e-15
   47  106    1.832166e-13    2.291504e-15
   47  107    7.498201e-12    8.533885e-14
   47  108    2.767154e-13    3.226808e-15
   47  109    3.259636e-12   -5.535705e-14
   47  110    1.717864e-14   -2.192421e-16
   47  111    3.021557e-14    5.200874e-16
   47  112    4.397100e-17    9.888601e-19
   47  113    1.591468e-17    5.968479e-19
   47  114    2.226858e-21    1.017202e-22
   47  115    1.462500e-22    7.146888e-24
   47  116    2.798402e-27    1.663844e-28
   48  100    1.639240e-28   -1.297996e-29
   48  101    9.914171e-27   -8.213071e-28
   48  102    1.522308e-22   -7.405864e-24
   48  103    5.888341e-21   -1.051968e-22
   48  104    1.200370e-17   -3.598246e-19
   48  105    1.394345e-16   -2.835904e-18
   48  106    9.617765e-15    1.114846e-16
   48  107    1.438829e-14    2.809049e-16
   48  108    2.653985e-12    1.175157e-13
   48  109    4.477516e-13    1.873550e-14
   48  110    3.819030e-11    7.629355e-13
   48  111    1.082297e-12    2.169437e-14
   48  112    3.240977e-11   -5.462446e-13
   48  113    1.579140e-13   -3.033803e-15
   48  114    3.127356e-12   -3.992379e-13
   48  115    3.616258e-15   -4.297561e-16
   48  116    1.185560e-15   -1.344049e-16
   48  117    3.319723e-19   -3.410225e-20
   48  118    1.930820e-20   -1.955759e-21
   48  119    6.626469e-25   -5.910717e-26
   48  120    1.209634e-26   -1.068023e-27
   49  103    1.188080e-28   -7.055918e-30
   49  104    1.616070e-26   -5.160828e-28
   49  105    1.503198e-22   -6.639693e-24
   49  106    4.492687e-21   -1.823180e-22
   49  107    1.933991e-18   -7.386243e-21
   49  108    9.102833e-18    1.310321e-19
   49  109    6.688541e-15    1.080189e-16
   49  110    6.622330e-15    1.156392e-16
   49  111    1.146232e-12    8.604835e-15
   49  112    1.932812e-13    1.685458e-15
   49  113    4.773786e-12   -1.531817e-15
   49  114    1.677707e-13    6.377715e-16
   49  115    5.226660e-13    2.218284e-14
   49  116    3.096856e-15    1.478304e-16
   49  117    2.566057e-15    1.808877e-16
   49  118    3.556065e-18    2.754360e-19
   49  119    8.086588e-19    7.180334e-20
   49  120    2.973500e-22    2.879701e-23
   49  121    1.951575e-23    1.954817e-24
   49  122    1.834233e-27    2.009112e-28
   49  123    3.785543e-30    5.848322e-32
   50  106    7.588187e-26   -7.465841e-27
   50  107    1.049708e-24   -5.992101e-26
   50  108    3.696271e-21   -2.113660e-22
   50  109    2.848558e-20   -2.425441e-22
   50  110    4.329122e-17   -1.157444e-18
   50  111    1.595356e-16   -2.033840e-18
   50  112    3.986917e-14    1.027419e-15
   50  113    2.727632e-14    9.315389e-16
   50  114    9.526536e-12    2.754471e-13
   50  115    1.197142e-12    3.766932e-14
   50  116    8.140679e-11    1.785576e-12
   50  117    1.739192e-12    3.521682e-14
   50  118    7.566245e-11   -1.084359e-12
   50  119    4.106350e-13   -9.109229e-15
   50  120    1.026451e-11   -1.046182e-12
   50  121    1.573916e-14   -1.492868e-15
   50  122    1.506335e-14   -2.320961e-15
   50  123    8.824702e-18   -1.329235e-18
   50  124    1.784158e-17   -7.722550e-18
   50  125    4.023084e-21   -1.688653e-21
   50  126    2.604947e-22   -1.005546e-22
   50  127    2.400386e-26   -8.915123e-27
   50  128    1.073882e-27   -4.911049e-31
   51  109    6.335637e-29   -3.963874e-30
   51  110    2.756164e-26   -4.554911e-28
   51  111    2.278078e-23   -8.336497e-25
   51  112    1.351840e-21   -3.396680e-23
   51  113    6.179937e-19    9.623122e-21
   51  114    2.534830e-18    8.307301e-20
   51  115    3.674772e-15    1.350900e-16
   51  116    3.247073e-15    1.465292e-16
   51  117    5.013254e-13    1.941043e-14
   51  118    1.066132e-13    4.136811e-15
   51  119    2.275081e-12    4.189768e-14
   51  120    6.903537e-14    1.220643e-15
   51  121    1.133283e-12   -5.463536e-14
   51  122    8.066206e-15   -3.477555e-16
   51  123    1.651831e-14   -6.525310e-16
   51  124    4.946734e-17   -1.652107e-18
   51  125    1.687539e-17   -4.197074e-19
   51  126    1.353909e-20   -2.383531e-22
   51  127    1.455043e-21   -1.135289e-23
   51  128    2.568592e-25    2.430061e-28
   51  129    1.579663e-26   -4.927779e-28
   51  130    8.873927e-29    1.079565e-30
   51  131    1.288027e-29    1.496307e-32
   52  112    2.164313e-28   -9.479770e-30
   52  113    2.368883e-26   -9.605426e-28
   52  114    1.038708e-22    3.123461e-24
   52  115    5.739861e-22    3.337500e-23
   52  116    1.277477e-17    1.019495e-18
   52  117    1.877262e-17    1.594988e-18
   52  118    2.761321e-14    2.352868e-15
   52  119    1.167437e-14    9.692881e-16
   52  120    3.264095e-12    2.065606e-13
   52  121    3.603324e-13    2.152053e-14
   52  122    3.022031e-11    7.620739e-13
   52  123    7.690715e-13    1.754462e-14
   52  124    2.429028e-11   -7.101709e-13
   52  125    1.726358e-13   -5.621372e-15
   52  126    2.210802e-12   -3.038814e-13
   52  127    4.860723e-15   -6.535926e-16
   52  128    1.616067e-14   -4.691087e-15
   52  129    1.472297e-17   -4.464732e-18
   52  130    1.035343e-16   -5.580715e-17
   52  131    3.136969e-20   -1.650177e-20
   52  132    1.934688e-21   -9.367197e-22
   52  133    2.741328e-25   -1.289452e-25
   52  134    5.441798e-27   -1.867875e-27
   53  115    1.025164e-29    2.405117e-31
   53  116    8.675756e-28    4.291401e-29
   53  117    3.534258e-23    2.463399e-24
   53  118    9.368566e-22    7.344310e-23
   53  119    2.822223e-18    2.097289e-19
   53  120    5.881725e-18    4.514318e-19
   53  121    6.076700e-15    3.997750e-16
   53  122    3.280618e-15    2.143572e-16
   53  123    6.168648e-13    3.279181e-14
   53  124    5.783428e-14    2.870397e-15
   53  125    2.254555e-12    2.691097e-14
   53  126    5.787954e-14    5.628072e-16
   53  127    8.767550e-13   -5.168136e-14
   53  128    6.077926e-15   -3.351937e-16
   53  129    7.644266e-15   -8.568738e-17
   53  130    1.361649e-17   -8.002746e-20
   53  131    4.016711e-18    1.116169e-19
   53  132    2.641678e-21    8.919031e-23
   53  133    2.646769e-22    1.768469e-23
   53  134    1.088283e-25    8.290321e-27
   53  135    7.515194e-26   -2.882458e-26
   54  118    1.000015e-26    7.172485e-28
   54  119    6.292373e-25    4.903767e-26
   54  120    6.127539e-21    5.778678e-22
   54  121    6.603922e-20    6.396337e-21
   54  122    1.946673e-16    2.105318e-17
   54  123    4.344846e-16    4.568571e-17
   54  124    2.546393e-13    2.307736e-14
   54  125    9.800919e-14    8.478291e-15
   54  126    1.313732e-11    8.436716e-13
   54  127    1.252983e-12    7.234408e-14
   54  128    4.671785e-11    6.698556e-13
   54  129    1.208647e-12    8.743630e-15
   54  130    1.886903e-11   -1.256618e-12
   54  131    1.404994e-13   -1.078811e-14
   54  132    1.828090e-12   -3.324251e-13
   54  133    5.667939e-15   -1.128426e-15
   54  134    9.523589e-14   -2.691073e-14
   54  135    3.127657e-16   -9.677603e-17
   54  136    1.332040e-14   -4.509983e-15
   54  137    1.070589e-21   -3.355666e-22
   54  138    1.845783e-27   -5.536612e-28
   55  121    2.310777e-27    1.961190e-28
   55  122    2.338338e-25    2.032225e-26
   55  123    3.967272e-21    3.888970e-22
   55  124    3.630928e-20    3.506331e-21
   55  125    1.064017e-16    8.844466e-18
   55  126    2.293180e-16    1.852271e-17
   55  127    8.918835e-14    5.842984e-15
   55  128    2.825258e-14    1.732073e-15
   55  129    1.664098e-12    7.066867e-14
   55  130    1.245912e-13    4.618430e-15
   55  131    2.282094e-12   -1.973052e-14
   55  132    4.357008e-14   -5.557739e-16
   55  133    5.572887e-13   -5.400833e-14
   55  134    5.256327e-15   -4.919398e-16
   55  135    3.893393e-15   -2.613799e-16
   55  136    1.579807e-17   -1.024589e-18
   55  137    2.914030e-18   -8.741641e-20
   55  138    5.742770e-25   -7.023403e-27
   55  139    6.293375e-30   -2.470580e-32
   56  122    1.914888e-30    7.889376e-32
   56  123    2.841411e-28    4.136043e-29
   56  124    1.237866e-23    2.165196e-24
   56  125    2.988427e-22    5.190235e-23
   56  126    5.308722e-18    9.004178e-19
   56  127    2.424995e-17    3.954202e-18
   56  128    2.638817e-14    3.895440e-15
   56  129    2.646537e-14    3.711647e-15
   56  130    7.730767e-12    9.248498e-13
   56  131    1.501164e-12    1.671200e-13
   56  132    1.004076e-10    7.702707e-12
   56  133    7.053846e-12    4.699958e-13
   56  134    2.151943e-10    3.048719e-12
   56  135    5.853549e-12    1.720342e-15
   56  136    1.115574e-10   -7.294888e-12
   56  137    1.807646e-12   -1.452892e-13
   56  138    3.859596e-11   -4.891929e-12
   56  139    5.890705e-17   -6.480280e-18
   56  140    2.585341e-21   -2.671830e-22
   56  141    2.903063e-27   -2.505689e-28
   57  125    1.592804e-30    2.679234e-31
   57  126    3.784765e-28    6.238620e-29
   57  127    9.135635e-24    1.462792e-24
   57  128    1.954453e-22    2.879555e-23
   57  129    1.894783e-18    2.257014e-19
   57  130    1.278213e-17    1.390254e-18
   57  131    1.367590e-14    1.244449e-15
   57  132    7.605810e-15    6.571562e-16
   57  133    1.852333e-12    1.271603e-13
   57  134    4.741153e-13    3.002617e-14
   57  135    1.399326e-11    5.493313e-13
   57  136    1.531600e-12    5.149177e-14
   57  137    1.320077e-11   -2.055985e-13
   57  138    7.857075e-13   -1.902296e-14
   57  139    6.029688e-12   -5.290245e-13
   57  140    4.898859e-17   -3.596109e-18
   57  141    7.127009e-21   -4.959380e-22
   57  142    2.585121e-26   -1.427292e-27
   58  128    5.643271e-27    7.642092e-28
   58  129    2.011369e-25    2.579541e-26
   58  130    2.321012e-21    2.644419e-22
   58  131    2.728266e-20    3.019592e-21
   58  132    4.170849e-17    4.359005e-18
   58  133    9.726382e-17    9.845478e-18
   58  134    5.366802e-14    4.644845e-15
   58  135    3.998526e-14    3.319068e-15
   58  136    3.365534e-12    2.203344e-13
   58  137    6.423262e-13    3.902711e-14
   58  138    3.039848e-11    9.666588e-13
   58  139    3.057768e-12    6.889056e-14
   58  140    5.572347e-11   -1.300615e-12
   58  141    1.681677e-15   -2.044088e-17
   58  142    1.607394e-18   -1.663020e-20
   58  143    2.486565e-23    4.714411e-26
   58  144    4.907310e-27    2.346477e-29
   59  131    8.747459e-28    9.246042e-29
   59  132    3.937138e-26    3.935621e-27
   59  133    3.673833e-22    3.018887e-23
   59  134    7.572751e-21    4.292947e-22
   59  135    1.798304e-17    6.044597e-19
   59  136    4.904372e-17    1.381061e-18
   59  137    1.442553e-14    1.932230e-16
   59  138    1.015658e-14    1.453664e-16
   59  139    8.248281e-13    4.754004e-15
   59  140    4.087247e-13    1.903047e-15
   59  141    6.558090e-12   -7.191148e-15
   59  142    1.304826e-15    1.089036e-17
   59  143    4.355799e-18    3.568355e-20
   59  144    1.675773e-22    3.055068e-24
   59  145    1.692609e-25    3.323721e-27
   60  133    2.012641e-29    1.326250e-30
   60  134    5.499390e-25    2.421867e-26
   60  135    1.975723e-23    8.115433e-25
   60  136    9.852000e-20    2.382294e-21
   60  137    9.281307e-19    2.193210e-20
   60  138    7.754619e-16    6.765228e-18
   60  139    1.878993e-15    1.734356e-17
   60  140    4.721511e-13   -1.833528e-15
   60  141    4.569340e-13    4.761438e-16
   60  142    3.518975e-11    6.154803e-15
   60  143    2.078887e-14    1.541163e-16
   60  144    2.846994e-16    1.498613e-18
   60  145    5.797820e-20    8.150835e-22
   60  146    1.938571e-22    2.611956e-24
   60  147    5.620252e-27    1.373530e-28
   60  148    3.090245e-26   -2.398221e-36
   61  136    4.693224e-30    1.513218e-31
   61  137    7.292881e-26    1.208231e-27
   61  138    3.752689e-24    7.437447e-26
   61  139    1.079083e-20    2.197073e-22
   61  140    1.337333e-19    4.295458e-21
   61  141    2.353539e-16    5.568040e-18
   61  142    1.564200e-15    3.039256e-17
   61  143    2.629602e-13    7.635505e-16
   61  144    8.789222e-16    7.673585e-18
   61  145    2.780264e-17    1.056606e-19
   61  146    2.430789e-20    2.576297e-22
   61  147    1.999567e-22    1.059695e-24
   61  148    2.858220e-26    3.954452e-28
   61  149    4.065313e-26    4.296441e-28
   61  150    3.191792e-30    4.933675e-32
   62  138    3.935026e-27    3.532211e-28
   62  139    4.096078e-25    3.404587e-26
   62  140    4.309500e-21    2.658239e-22
   62  141    1.161881e-19    6.608688e-21
   62  142    7.698568e-16    2.685705e-17
   62  143    1.006219e-14    2.899102e-16
   62  144    1.344513e-11    1.320675e-13
   62  145    1.138457e-13    1.509545e-15
   62  146    1.884558e-14    1.140256e-16
   62  147    4.346451e-17    5.123992e-19
   62  148    1.752223e-18   -1.502305e-20
   62  149    7.299186e-22   -3.156196e-25
   62  150    1.971077e-23   -1.299091e-24
   62  151    5.091781e-27   -2.909288e-28
   62  152    1.000948e-25    2.146072e-27
   62  153    3.212825e-29    8.676175e-31
   62  154    7.128559e-28    1.384712e-32
   63  141    5.014628e-28    2.447184e-29
   63  142    5.204296e-25   -8.797713e-27
   63  143    4.823861e-20   -3.143183e-21
   63  144    8.381066e-18   -6.868547e-19
   63  145    3.111531e-14   -3.368632e-15
   63  146    1.460989e-15   -1.567305e-16
   63  147    9.467564e-16   -1.269082e-16
   63  148    8.917604e-18   -1.278455e-18
   63  149    3.991550e-17   -8.059812e-18
   63  150    3.444325e-20   -6.692620e-21
   63  151    2.039704e-20   -4.756222e-21
   63  152    1.612779e-23   -3.645756e-24
   63  153    2.883758e-23   -7.261225e-24
   63  154    2.471144e-26   -6.052533e-27
   63  155    7.093059e-26    5.463188e-27
   63  156    1.022949e-28    2.377824e-30
   63  157    1.288060e-28    1.165764e-32
   64  141    1.025001e-30   -1.262452e-39
   64  142    2.875098e-27    1.144670e-28
   64  143    1.832121e-24    5.278438e-26
   64  144    1.436883e-19    5.904073e-22
   64  145    2.918639e-17   -2.052632e-19
   64  146    8.689497e-13   -2.687325e-14
   64  147    8.433861e-14   -2.662684e-15
   64  148    1.060445e-13   -5.175352e-15
   64  149    3.324203e-15   -2.024093e-16
   64  150    7.950210e-15   -8.678994e-16
   64  151    4.848537e-17   -5.063667e-18
   64  152    1.151449e-16   -1.626616e-17
   64  153    4.920726e-19   -6.670012e-20
   64  154    1.390978e-18   -2.566565e-19
   64  155    4.430542e-21   -7.916577e-22
   64  156    1.138821e-21   -2.154559e-22
   64  157    1.420940e-24   -2.592586e-25
   64  158    3.825492e-26   -7.130973e-27
   64  159    4.182329e-29    6.355008e-30
   64  160    7.716990e-29    1.970549e-32
   65  145    7.702441e-27    7.629005e-30
   65  146    1.648608e-23   -2.872401e-25
   65  147    9.218285e-19   -5.138457e-20
   65  148    3.516431e-18   -2.382978e-19
   65  149    9.354423e-17   -7.665090e-18
   65  150    8.547707e-18   -9.495125e-19
   65  151    1.760721e-15   -2.135554e-16
   65  152    9.962522e-18   -1.399896e-18
   65  153    5.769556e-15   -1.067917e-15
   65  154    6.265832e-17   -1.149460e-17
   65  155    5.978771e-16   -1.402982e-16
   65  156    4.965729e-18   -1.148588e-18
   65  157    5.643421e-18   -1.378293e-18
   65  158    1.824165e-20   -4.374128e-21
   65  159    2.088394e-21   -5.140659e-22
   65  160    1.429622e-24   -3.421780e-25
   65  161    2.111056e-26   -5.106786e-27
   65  162    2.113350e-29    5.360527e-31
   66  146    1.906924e-27    1.007524e-28
   66  147    3.561430e-24    1.487053e-25
   66  148    1.658745e-18    3.194531e-20
   66  149    2.005026e-18    4.024097e-20
   66  150    6.600326e-17    1.991135e-19
   66  151    2.779917e-16   -6.848424e-18
   66  152    2.525405e-14   -1.399568e-15
   66  153    6.301176e-15   -4.397520e-16
   66  154    1.855822e-13   -1.765122e-14
   66  155    9.149794e-15   -8.571435e-16
   66  156    2.497286e-13   -2.930598e-14
   66  157    6.815303e-15   -7.830126e-16
   66  158    1.691596e-14   -2.052535e-15
   66  159    1.704439e-16   -2.006409e-17
   66  160    6.265562e-17   -7.769815e-18
   66  161    1.600124e-19   -1.898086e-20
   66  162    8.604315e-21   -1.061232e-21
   66  163    5.537622e-24   -6.440326e-25
   66  164    5.667882e-26   -6.722615e-27
   66  165    1.916194e-30    1.547772e-31
   67  149    2.362994e-26    8.140218e-28
   67  150    1.697690e-25    9.375026e-27
   67  151    8.848074e-22    3.951141e-23
   67  152    7.411243e-21    2.002483e-22
   67  153    1.303908e-17   -1.660003e-21
   67  154    5.518699e-17   -1.459675e-19
   67  155    7.654465e-15   -1.428797e-16
   67  156    1.586210e-16   -3.339010e-18
   67  157    1.279552e-13   -4.720746e-15
   67  158    7.002410e-15   -2.447349e-16
   67  159    1.215260e-13   -5.829994e-15
   67  160    1.200967e-15   -5.499074e-17
   67  161    5.468838e-15   -3.163662e-16
   67  162    1.208345e-17   -6.646242e-19
   67  163    9.635519e-18   -5.953647e-19
   67  164    1.552181e-20   -8.885344e-22
   67  165    9.974117e-22   -6.226701e-23
   67  166    2.315672e-25   -1.266071e-26
   67  167    1.014631e-27   -5.655881e-29
   68  150    1.397597e-26    1.776057e-27
   68  151    2.162044e-25    2.644150e-26
   68  152    1.394302e-22    1.500335e-23
   68  153    1.414102e-20    1.190954e-21
   68  154    5.087438e-17    2.624144e-18
   68  155    3.267392e-16    1.296779e-17
   68  156    3.496927e-14    6.976011e-16
   68  157    5.494891e-15    1.135090e-16
   68  158    1.114816e-12    7.838350e-15
   68  159    1.130997e-13    7.507527e-16
   68  160    2.408736e-12    1.626802e-14
   68  161    1.685554e-13    1.404501e-15
   68  162    6.160235e-13    4.246332e-15
   68  163    1.235683e-14    1.170573e-16
   68  164    8.928802e-15    4.400733e-17
   68  165    5.366098e-17    4.730368e-19
   68  166    9.481969e-18    3.874418e-20
   68  167    1.170392e-20    1.081991e-22
   68  168    1.825202e-22    1.249313e-24
   68  169    3.540455e-26    5.072417e-28
   68  170    3.405591e-29    1.800257e-30
   69  154    1.596854e-28    1.236971e-29
   69  155    7.620656e-24    3.309538e-25
   69  156    4.942332e-22    1.536986e-23
   69  157    7.778367e-19    1.402422e-20
   69  158    7.439091e-17    1.126435e-18
   69  159    8.296082e-16    9.387278e-19
   69  160    9.236813e-16    2.708178e-18
   69  161    8.084240e-14   -9.158677e-16
   69  162    9.720300e-15   -9.836554e-17
   69  163    2.828492e-13   -4.778265e-15
   69  164    6.834232e-15   -1.055214e-16
   69  165    4.422076e-14   -9.649389e-16
   69  166    4.263937e-16   -8.168998e-18
   69  167    3.897960e-16   -1.032314e-17
   69  168    1.590244e-18   -3.696383e-20
   69  169    1.216231e-19   -3.336031e-21
   69  170    1.028989e-22   -2.369252e-24
   69  171    1.327130e-24   -8.549093e-26
   69  172    1.857181e-28   -1.093120e-29
   69  173    3.772437e-28    9.095166e-30
   70  155    1.365208e-28    1.897644e-29
   70  156    4.540634e-24    4.520582e-25
   70  157    2.441844e-22    2.028547e-23
   70  158    7.730114e-19    4.038313e-20
   70  159    4.455024e-18    2.078267e-19
   70  160    1.963626e-15    5.530463e-17
   70  161    2.652500e-15    7.585852e-17
   70  162    2.833917e-13    4.862457e-15
   70  163    1.046138e-13    1.931032e-15
   70  164    3.901899e-12    5.321076e-14
   70  165    5.543508e-13    8.429602e-15
   70  166    3.710777e-12    5.451807e-14
   70  167    1.762401e-13    2.896593e-15
   70  168    2.772505e-13    3.911865e-15
   70  169    3.313996e-15    5.549021e-17
   70  170    6.091859e-16    7.161699e-18
   70  171    2.100599e-18    3.331932e-20
   70  172    7.481217e-20    9.240343e-22
   70  173    5.025888e-23    8.997068e-25
   70  174    2.977838e-25    2.907078e-27
   70  175    1.917465e-29    3.423723e-31
   70  176    1.664337e-29    6.696334e-32
   71  159    4.948075e-27    2.541198e-28
   71  160    1.271009e-25    6.047648e-27
   71  161    1.142775e-21    5.287992e-23
   71  162    2.633214e-20    1.176216e-21
   71  163    2.936432e-17    8.979318e-19
   71  164    3.211482e-17    9.418518e-19
   71  165    4.083460e-15    6.893876e-17
   71  166    8.996981e-16    1.728042e-17
   71  167    2.010815e-13    1.817177e-15
   71  168    2.075769e-14    1.888706e-16
   71  169    2.605895e-13    1.495911e-15
   71  170    3.728812e-15    2.795546e-17
   71  171    8.674823e-15   -1.205015e-16
   71  172    5.402959e-17   -6.435059e-19
   71  173    1.270667e-17   -6.488931e-19
   71  174    5.224723e-20   -6.119262e-21
   71  175    3.850732e-19   -6.645275e-20
   71  176    9.725559e-23   -1.606387e-23
   71  177    2.386226e-25   -3.901852e-26
   71  178    1.590461e-29   -2.464983e-30
   71  179    1.125163e-28    3.354275e-31
   72  160    2.674939e-27    3.062202e-28
   72  161    4.023408e-25    3.925745e-26
   72  162    2.710413e-21    1.958835e-22
   72  163    4.235200e-20    2.819256e-21
   72  164    6.041309e-17    2.922783e-18
   72  165    5.598487e-17    2.605909e-18
   72  166    4.209916e-14    1.460331e-15
   72  167    2.335184e-14    8.019803e-16
   72  168    2.196415e-12    5.884908e-14
   72  169    5.626304e-13    1.558384e-14
   72  170    8.314706e-12    1.871485e-13
   72  171    7.048663e-13    1.655587e-14
   72  172    1.198945e-12    1.990231e-14
   72  173    3.069677e-14    5.688328e-16
   72  174    8.199803e-15    9.667192e-17
   72  175    4.474405e-17    6.966589e-19
   72  176    2.627870e-18    2.499052e-20
   72  177    2.545392e-21    1.406103e-23
   72  178    1.783980e-21   -2.487832e-22
   72  179    6.311686e-25   -8.310261e-26
   72  180    2.870767e-27   -4.172792e-28
   72  181    6.104823e-29    3.185886e-30
   72  182    2.490716e-30    9.509403e-34
   73  163    3.362065e-30    2.447325e-31
   73  164    1.676150e-28    1.058772e-29
   73  165    1.077929e-24    5.475063e-26
   73  166    7.450053e-24    4.288508e-25
   73  167    1.082724e-19    3.663545e-21
   73  168    3.389343e-19    9.784237e-21
   73  169    1.194168e-16    1.049362e-18
   73  170    3.570809e-16    4.486579e-18
   73  171    5.829954e-14   -6.855474e-17
   73  172    1.352820e-15   -5.376539e-18
   73  173    2.787652e-13    1.247927e-15
   73  174    6.854004e-16    4.725255e-18
   73  175    4.675108e-13   -1.065247e-14
   73  176    2.337247e-15   -4.869849e-17
   73  177    3.302578e-15   -3.312473e-16
   73  178    2.882913e-19   -4.385431e-20
   73  179    1.927140e-14   -3.216443e-15
   73  180    1.797369e-17   -2.905602e-18
   73  181    3.096640e-19   -5.110451e-20
   73  182    4.170413e-23   -6.502258e-24
   73  183    3.492537e-26   -5.370164e-27
   74  165    7.587639e-29    1.070741e-29
   74  166    2.104728e-24    2.284310e-25
   74  167    7.710991e-23    7.714009e-24
   74  168    7.645138e-19    5.602290e-20
   74  169    3.972050e-18    2.637176e-19
   74  170    2.442757e-15    1.195929e-16
   74  171    3.620500e-15    1.659471e-16
   74  172    4.740886e-13    1.390795e-14
   74  173    2.952490e-13    8.471251e-15
   74  174    4.984519e-12    7.769248e-14
   74  175    8.818833e-13    1.405750e-14
   74  176    2.666200e-12    1.536568e-14
   74  177    9.125454e-14    6.808052e-16
   74  178    6.612450e-14   -9.438976e-17
   74  179    8.469333e-16    8.628157e-19
   74  180    1.763292e-16   -9.473891e-19
   74  181    7.421774e-19   -1.075642e-21
   74  182    3.340835e-20   -2.067089e-22
   74  183    1.479163e-23    1.344279e-26
   74  184    4.831305e-26    2.482832e-30
   74  185    1.499858e-29    6.811215e-31
   75  169    9.898501e-28    7.152685e-29
   75  170    1.592504e-26    9.248874e-28
   75  171    2.039603e-22    1.730334e-24
   75  172    1.016049e-20   -2.197757e-23
   75  173    3.823617e-17   -6.859741e-19
   75  174    1.244739e-16   -2.752284e-18
   75  175    2.721905e-14   -9.535613e-16
   75  176    7.569944e-15   -2.773354e-16
   75  177    1.899420e-13   -9.148870e-15
   75  178    1.137203e-14   -5.483303e-16
   75  179    6.221139e-14   -3.514128e-15
   75  180    2.145900e-15   -1.195311e-16
   75  181    3.514463e-15   -2.222727e-16
   75  182    2.926655e-17   -1.783193e-18
   75  183    8.680729e-18   -5.869734e-19
   75  184    8.371629e-21   -5.130336e-22
   75  185    1.410890e-22   -9.074251e-24
   75  186    4.579136e-26   -2.625256e-27
   75  187    1.102489e-27    2.817994e-29
   75  188    1.401629e-29    2.461175e-33
   76  171    3.553033e-28    5.486497e-29
   76  172    5.929022e-23    7.212733e-24
   76  173    2.873332e-21    2.995678e-22
   76  174    1.066867e-17    8.161038e-19
   76  175    1.115311e-16    7.323736e-18
   76  176    1.488156e-14    7.010638e-16
   76  177    2.424132e-14    1.023899e-15
   76  178    1.091980e-12    2.816564e-14
   76  179    3.597502e-13    8.775735e-15
   76  180    3.258997e-12    3.308289e-14
   76  181    3.206252e-13    3.515445e-15
   76  182    8.082415e-13    1.312391e-16
   76  183    3.264921e-14    6.352827e-17
   76  184    1.440612e-14   -8.141205e-17
   76  185    6.709398e-17   -9.410235e-20
   76  186    4.570264e-18   -3.058882e-20
   76  187    4.993501e-21   -3.834424e-24
   76  188    1.138959e-22   -5.096935e-25
   76  189    3.048674e-26    1.028334e-28
   76  190    7.069273e-27    5.736501e-29
   76  191    8.559639e-30    7.430420e-33
   77  174    1.622238e-30    1.689160e-31
   77  175    1.388589e-26    1.003110e-27
   77  176    4.064245e-25    7.018799e-27
   77  177    3.758135e-20   -5.378015e-22
   77  178    6.214447e-19   -1.456994e-20
   77  179    3.087658e-16   -1.211602e-17
   77  180    7.803258e-16   -3.476995e-17
   77  181    6.616634e-14   -3.916834e-15
   77  182    1.592669e-14   -9.622919e-16
   77  183    1.689548e-13   -1.252293e-14
   77  184    1.242310e-14   -9.174130e-16
   77  185    2.420847e-14   -2.038860e-15
   77  186    9.385052e-17   -7.530333e-18
   77  187    5.434372e-17   -4.753737e-18
   77  188    1.504568e-19   -1.237811e-20
   77  189    3.442709e-20   -3.054101e-21
   77  190    3.458782e-23   -2.857948e-24
   77  191    1.514928e-24   -1.324014e-25
   77  192    5.055205e-28   -4.038344e-29
   77  193    1.224370e-26    2.762789e-30
   77  194    1.416235e-30    3.445774e-34
   78  177    7.000190e-26    1.299412e-26
   78  178    8.375412e-22    1.286926e-22
   78  179    3.875404e-20    5.270452e-21
   78  180    7.682185e-17    8.218290e-18
   78  181    3.731619e-16    3.512172e-17
   78  182    4.388695e-14    3.256063e-15
   78  183    3.277533e-14    2.194914e-15
   78  184    1.084959e-12    5.326769e-14
   78  185    1.910962e-13    9.141935e-15
   78  186    1.027059e-12    3.476853e-14
   78  187    2.188308e-14    7.648525e-16
   78  188    7.365393e-14    2.013114e-15
   78  189    1.028047e-15    2.978635e-17
   78  190    4.395145e-16    8.779165e-18
   78  191    2.424048e-18    5.993131e-20
   78  192    3.812092e-19    6.660289e-21
   78  193    8.561779e-22    1.962048e-23
   78  194    3.749379e-23    6.482719e-25
   78  195    2.972816e-26    7.150394e-28
   78  196    5.437871e-26    1.168724e-28
   78  197    9.702423e-30    3.542599e-32
   78  198    6.513651e-27    1.217910e-34
   78  199    1.518470e-29    4.460368e-38
   79  180    3.482462e-28    2.183866e-29
   79  181    9.797973e-24    3.456413e-25
   79  182    2.119483e-21    5.105211e-23
   79  183    1.985177e-18    1.239498e-20
   79  184    8.723825e-18    1.080161e-20
   79  185    1.643825e-15   -2.765635e-17
   79  186    9.655016e-16   -2.042809e-17
   79  187    3.103569e-14   -1.205211e-15
   79  188    2.696394e-15   -1.070405e-16
   79  189    3.412560e-14   -2.102400e-15
   79  190    2.488984e-15   -1.512197e-16
   79  191    5.961465e-15   -4.336024e-16
   79  192    6.238971e-17   -4.332574e-18
   79  193    9.439025e-17   -7.033420e-18
   79  194    4.451460e-19   -3.218002e-20
   79  195    1.672926e-19   -1.288252e-20
   79  196    4.042416e-22   -2.950676e-23
   79  197    1.952170e-23   -1.508568e-24
   79  198    2.197595e-26   -1.586289e-27
   79  199    2.338702e-27    3.772774e-29
   79  200    1.183127e-28    7.841344e-33
   79  201    5.031524e-26   -5.418851e-33
   79  202    2.308203e-28   -4.860070e-34
   80  182    2.917604e-26    5.916026e-27
   80  183    1.069780e-23    1.922318e-24
   80  184    9.598639e-20    1.408488e-20
   80  185    1.243636e-18    1.609196e-19
   80  186    2.517129e-15    2.528490e-16
   80  187    4.323083e-15    3.865243e-16
   80  188    6.582471e-13    4.512581e-14
   80  189    4.545340e-13    2.982645e-14
   80  190    9.031118e-12    4.386377e-13
   80  191    2.224729e-12    1.107291e-13
   80  192    1.062307e-11    3.945304e-13
   80  193    7.467281e-13    2.854147e-14
   80  194    1.655477e-12    4.628330e-14
   80  195    4.305827e-14    1.328995e-15
   80  196    2.746384e-14    4.596625e-16
   80  197    3.247847e-16    6.409828e-18
   80  198    4.950006e-17    1.210967e-19
   80  199    2.143089e-19    1.034538e-21
   80  200    1.019141e-20   -1.228696e-21
   80  201    1.087093e-23   -1.403619e-24
   80  202    6.376775e-25   -4.335112e-25
   80  203    2.511812e-28   -1.708002e-28
   80  204    6.774953e-26    3.517900e-28
   80  205    1.345152e-29    1.572190e-31
   80  206    6.878492e-30    3.976783e-35
   81  185    2.593767e-29    4.046297e-30
   81  186    9.857140e-26    7.652915e-27
   81  187    2.406432e-21    1.183445e-22
   81  188    6.107475e-20    2.576327e-21
   81  189    1.294449e-16    1.848722e-18
   81  190    8.713956e-16    1.255117e-17
   81  191    7.179639e-14   -4.220016e-17
   81  192    6.465038e-14    5.235077e-17
   81  193    3.657393e-13   -3.353626e-15
   81  194    2.231251e-13   -1.285626e-15
   81  195    1.448222e-12   -1.806839e-14
   81  196    1.274540e-13   -1.613339e-15
   81  197    1.362909e-13   -2.878862e-15
   81  198    4.889380e-15   -9.502581e-17
   81  199    2.550737e-15   -6.550254e-17
   81  200    3.563843e-17   -8.408375e-19
   81  201    4.706685e-18   -1.266565e-19
   81  202    2.595645e-20   -6.400309e-22
   81  203    8.119134e-22   -2.301847e-23
   81  204    1.911791e-24   -6.126277e-26
   81  205    1.953271e-26   -2.684092e-27
   81  206    9.453348e-27    2.560133e-28
   81  207    1.029652e-26    4.989074e-31
   82  187    2.073111e-26    3.596865e-27
   82  188    7.862950e-23    1.114293e-23
   82  189    8.207866e-22    1.109770e-22
   82  190    9.198763e-18    9.288500e-19
   82  191    7.072938e-17    6.190027e-18
   82  192    4.187248e-14    2.610631e-15
   82  193    3.435046e-14    1.888496e-15
   82  194    6.468996e-12    2.299854e-13
   82  195    3.204716e-12    1.052610e-13
   82  196    7.146575e-11    1.000552e-12
   82  197    1.570339e-11    1.539692e-13
   82  198    1.037859e-10   -1.182044e-12
   82  199    7.088365e-12   -1.098756e-13
   82  200    2.365597e-11   -1.746191e-12
   82  201    1.032806e-12   -8.246178e-14
   82  202    6.821585e-13   -1.339863e-13
   82  203    1.516941e-14   -3.683971e-15
   82  204    1.303295e-14   -7.669416e-15
   82  205    2.180837e-16   -1.427615e-16
   82  206    6.347178e-16   -4.743499e-16
   82  207    2.159767e-18   -1.709345e-18
   82  208    4.838610e-18   -4.357636e-18
   82  209    3.346198e-25   -2.890896e-25
   83  191    4.263409e-27    3.715165e-28
   83  192    1.375170e-24    3.309838e-26
   83  193    8.937169e-21   -2.665672e-24
   83  194    4.176916e-19   -4.311922e-21
   83  195    9.390609e-17   -3.117920e-18
   83  196    6.581595e-16   -2.633113e-17
   83  197    1.508093e-14   -9.097540e-16
   83  198    1.492374e-14   -8.625487e-16
   83  199    2.222902e-13   -1.604861e-14
   83  200    7.677919e-14   -5.444357e-15
   83  201    2.731195e-13   -2.200693e-14
   83  202    1.555369e-14   -1.265574e-15
   83  203    3.354395e-14   -2.773918e-15
   83  204    1.089174e-15   -8.921209e-17
   83  205    3.578400e-16   -2.936660e-17
   83  206    4.284938e-18   -3.414315e-19
   83  207    3.598838e-19   -2.739122e-20
   83  208    1.213083e-21   -8.812107e-23
   83  209    1.064334e-23   -7.423857e-25
   83  210    2.694743e-30   -1.380304e-31
   84  194    3.377062e-30    8.504682e-32
   84  195    5.937447e-29    6.400852e-31
   84  196    1.470940e-25   -1.404655e-27
   84  197    4.029727e-25   -5.412436e-27
   84  198    7.174459e-23   -2.635371e-24
   84  199    6.855730e-23   -2.758412e-24
   84  200    1.090780e-21   -3.882286e-23
   84  201    9.316509e-22   -4.456796e-23
   84  202    1.111323e-20   -5.996747e-22
   84  203    2.656242e-21   -1.330907e-22
   84  204    4.507899e-21   -2.389561e-22
   84  205    3.030107e-22   -1.568821e-23
   84  206    1.498995e-22   -7.780509e-24
   84  207    2.200816e-24   -1.116563e-25
   84  208    4.586772e-25   -2.316980e-26
   84  209    2.310465e-27   -1.090301e-28
   84  210    6.347806e-29   -1.919300e-29
    0    1    8.085938e-11    3.197763e-12
    1    1    1.168241e-06    1.903859e-09
    2    4    7.528436e-08    1.158387e-09
