5.2143e-01
6.3256e-03
2.3677e+00
2.9824e+05
    1    2    7.156869e-24   -2.511944e-24
    1    3    7.063649e-21   -1.012563e-21
    2    3    5.436751e-19   -7.002612e-20
    3    6    5.967215e-27   -1.608139e-27
    3    7    6.080411e-28   -1.596515e-28
    4    7    2.518094e-26   -7.463472e-27
    4    8    6.345412e-08    1.836353e-14
    4   10    6.438013e-25   -1.650700e-25
    5   10    7.267348e-21   -1.350393e-21
    5   11    2.470116e-14    1.849282e-16
    5   12    6.087119e-26   -6.450971e-27
    6   11    1.240971e-12   -7.994506e-14
    6   12    2.133370e-05   -3.095464e-08
    6   13    3.159079e-12   -2.716845e-13
    6   14    9.249205e-09   -1.076679e-10
    6   15    1.682626e-24   -3.418023e-25
    7   12    1.332190e-26   -3.142640e-27
    7   13    4.364147e-16   -5.134719e-17
    7   14    5.362972e-06   -7.643650e-10
    7   15    2.103663e-05    2.164734e-10
    7   16    2.216206e-18   -3.182441e-19
    7   17    8.067287e-25   -1.067200e-25
    8   14    1.136331e-21   -1.732823e-22
    8   15    6.726221e-09   -1.421599e-11
    8   16    4.666953e-02    2.564068e-08
    8   17    2.521763e-09   -3.676748e-10
    8   18    1.065157e-10   -6.199023e-12
    8   19    4.920540e-20   -7.871374e-21
    8   20    1.667439e-24   -2.227481e-25
    9   16    5.323092e-25   -1.122216e-25
    9   17    3.933858e-15   -6.354119e-16
    9   18    3.714126e-12   -2.435750e-13
    9   19    3.963720e-09   -5.214389e-12
    9   20    5.838815e-14   -8.624986e-16
    9   21    7.416643e-19   -2.324096e-20
    9   22    1.056286e-26   -6.571229e-28
   10   18    1.124748e-22   -2.564683e-23
   10   19    2.764820e-15   -1.532045e-16
   10   20    6.929065e-03   -5.763759e-08
   10   21    1.758073e-06   -1.071601e-08
   10   22    2.402831e-08   -9.715311e-11
   10   23    3.141146e-15   -1.715572e-16
   10   24    6.150649e-19   -5.222292e-20
   10   25    2.000888e-28   -3.616828e-29
   11   20    1.148098e-25   -1.901106e-26
   11   21    3.826673e-12   -3.922933e-13
   11   22    1.960901e-09    3.912078e-12
   11   23    1.245907e-06    8.683086e-10
   11   24    7.096235e-11   -8.268968e-13
   11   25    5.215536e-15   -2.942348e-16
   11   26    9.281579e-22   -9.510872e-23
   11   27    5.168448e-27   -5.160585e-28
   12   22    2.118509e-18   -8.425245e-20
   12   23    2.645818e-09    8.908935e-11
   12   24    2.765142e-03    5.764586e-09
   12   25    1.326741e-05    5.654672e-10
   12   26    9.024860e-05   -2.113997e-08
   12   27    2.918154e-10   -3.040709e-12
   12   28    1.252694e-14   -3.390246e-16
   12   29    8.560637e-25   -1.158739e-25
   13   24    3.580619e-20   -2.854674e-21
   13   25    8.243120e-13   -8.700149e-14
   13   26    9.337613e-09   -1.614166e-10
   13   27    6.445951e-05   -4.979403e-10
   13   28    1.431640e-08   -1.066298e-10
   13   29    4.391554e-12   -7.941490e-14
   13   30    1.862562e-18   -1.102497e-19
   13   31    6.270056e-23   -3.249311e-24
   14   25    2.944794e-28   -2.578363e-29
   14   26    6.955448e-16    4.482369e-18
   14   27    2.401863e-08    5.484228e-10
   14   28    6.129257e-04    1.009918e-08
   14   29    1.707435e-04    8.412515e-09
   14   30    4.503195e-04    2.508775e-08
   14   31    3.373689e-08   -3.902383e-10
   14   32    1.889732e-11   -3.645711e-13
   14   33    6.103563e-20   -6.020846e-21
   14   34    1.606960e-24   -1.028720e-25
   15   27    1.005856e-28   -1.489513e-29
   15   28    6.453444e-19   -5.664298e-20
   15   29    6.060590e-13   -5.442857e-14
   15   30    1.127684e-08    7.168369e-11
   15   31    6.429492e-05   -4.256048e-09
   15   32    2.068569e-08   -1.788030e-10
   15   33    6.675063e-09   -8.490706e-11
   15   34    5.588036e-14   -1.961443e-15
   15   35    1.293703e-17   -3.436351e-19
   15   36    2.026087e-28   -2.897844e-29
   16   29    2.938626e-27   -4.855187e-28
   16   30    9.811963e-17   -4.223851e-18
   16   31    2.677142e-09    1.035514e-11
   16   32    1.013824e-04    1.533022e-08
   16   33    3.259481e-06    1.555010e-10
   16   34    1.411949e-05   -2.754037e-09
   16   35    7.713909e-09   -4.168737e-11
   16   36    2.018607e-09   -5.406381e-12
   16   37    4.810952e-18   -4.213176e-19
   16   38    1.097020e-21   -3.658557e-23
   16   39    1.914434e-30   -2.272614e-31
   17   31    1.257118e-30   -2.809484e-31
   17   32    1.135478e-20   -1.285248e-21
   17   33    1.417510e-15   -3.638412e-17
   17   34    2.366107e-10   -3.734689e-12
   17   35    1.115747e-06    5.658842e-09
   17   36    6.291741e-09   -1.797801e-11
   17   37    3.100628e-09   -5.685510e-12
   17   38    8.727069e-15   -2.756380e-16
   17   39    2.069244e-17   -2.689317e-19
   17   40    1.607652e-23   -8.050908e-25
   17   41    3.131180e-26   -6.339848e-28
   18   34    2.067737e-21   -1.182399e-22
   18   35    4.256877e-13   -9.045135e-16
   18   36    6.056038e-07    2.523293e-10
   18   37    9.103721e-09    4.728585e-12
   18   38    1.218292e-07   -7.509326e-12
   18   39    2.200445e-11   -2.143612e-13
   18   40    8.426827e-12   -2.000406e-14
   18   41    1.780184e-16   -4.955482e-18
   18   42    7.511901e-18   -6.119583e-20
   18   43    7.754068e-24   -3.941510e-25
   18   44    3.232960e-26   -4.342828e-28
   19   36    1.567286e-24   -2.034792e-25
   19   37    1.492995e-17   -1.768830e-18
   19   38    1.028586e-12   -9.485342e-15
   19   39    1.002708e-08    3.842167e-11
   19   40    1.038594e-10    9.943436e-14
   19   41    1.621551e-11   -2.846202e-14
   19   42    8.162376e-14   -5.684175e-17
   19   43    1.695712e-15   -4.150021e-18
   19   44    1.722714e-18   -2.166741e-21
   19   45    2.388066e-20   -6.267003e-23
   19   46    2.653900e-24   -2.092444e-26
   19   47    5.085878e-27   -2.341525e-29
   20   38    1.224486e-23   -1.905612e-24
   20   39    6.279548e-16   -2.051212e-18
   20   40    1.317389e-08    1.868884e-13
   20   41    4.033597e-10    1.446644e-13
   20   42    1.026184e-09    5.000006e-14
   20   43    6.049731e-11   -1.003594e-14
   20   44    7.201058e-11   -5.198519e-14
   20   45    5.735809e-13   -5.526430e-16
   20   46    7.456777e-13   -5.819934e-16
   20   47    2.336046e-15   -1.947274e-18
   20   48    1.493389e-17   -4.236243e-20
   20   49    1.076612e-24   -6.492352e-26
   20   50    1.962149e-30   -1.558787e-31
   21   40    1.497677e-29   -2.528664e-30
   21   41    1.472052e-20   -2.129150e-21
   21   42    8.119180e-17   -4.122392e-18
   21   43    2.307660e-13   -5.231621e-15
   21   44    3.989820e-12    1.923148e-14
   21   45    4.689814e-11    2.556271e-14
   21   46    8.526796e-12    5.906345e-16
   21   47    9.639510e-13    5.995911e-17
   21   48    3.572812e-14    6.837019e-18
   21   49    7.114532e-16   -5.304676e-19
   21   50    1.951157e-21   -6.105737e-23
   21   51    5.461688e-26   -1.743478e-27
   22   42    1.219343e-28   -2.574888e-29
   22   43    8.616953e-22   -6.668730e-23
   22   44    1.796548e-12    2.991985e-15
   22   45    5.291878e-13   -5.504486e-17
   22   46    2.098002e-10    5.411867e-14
   22   47    5.316458e-11   -1.094166e-14
   22   48    1.119577e-10   -3.544600e-14
   22   49    1.333064e-11    3.690564e-15
   22   50    1.062737e-11   -4.181168e-15
   22   51    3.147458e-16   -5.789750e-18
   22   52    6.219363e-19   -1.631280e-21
   22   53    1.840611e-25   -9.468811e-27
   22   54    3.133182e-30   -1.620156e-31
   23   45    9.376972e-25    8.492378e-27
   23   46    6.517467e-18   -8.401039e-20
   23   47    1.737764e-13   -1.951932e-15
   23   48    1.924960e-12    7.277975e-15
   23   49    6.119054e-11    3.031370e-14
   23   50    1.374704e-11    6.288045e-15
   23   51    2.862124e-11   -1.909481e-15
   23   52    6.169570e-14    1.942019e-16
   23   53    1.550835e-15    8.017476e-19
   23   54    2.762138e-21   -7.973303e-23
   23   55    2.037511e-24   -2.331357e-26
   24   47    2.840449e-22   -9.692457e-24
   24   48    4.200250e-15   -7.075241e-18
   24   49    3.336964e-14    3.488081e-17
   24   50    5.808992e-11    1.959251e-14
   24   51    4.038047e-11    4.073550e-15
   24   52    1.919096e-10    3.149634e-15
   24   53    6.467554e-12    2.895086e-15
   24   54    6.461691e-12    8.622660e-16
   24   55    1.277942e-16   -3.024343e-18
   24   56    1.239570e-18   -1.420737e-21
   24   57    2.598196e-25   -1.424489e-26
   24   58    5.467792e-29   -1.440274e-30
   25   49    5.702757e-25   -6.449076e-26
   25   50    8.117630e-20   -2.797519e-21
   25   51    4.356102e-14   -1.847198e-16
   25   52    7.184558e-13    2.693543e-15
   25   53    3.587140e-11    1.846927e-14
   25   54    1.228324e-11    2.690997e-15
   25   55    1.811390e-11   -5.240311e-15
   25   56    2.358994e-14    3.135958e-17
   25   57    1.539550e-15    3.126810e-19
   25   58    1.433633e-20   -2.821637e-22
   25   59    5.439614e-23   -1.593845e-25
   25   60    1.116940e-29   -5.557747e-31
   26   51    2.122604e-24   -1.024815e-25
   26   52    6.981115e-17   -1.917629e-19
   26   53    2.567598e-15    1.581617e-17
   26   54    5.989987e-11   -2.731138e-15
   26   55    6.734824e-11   -1.878847e-14
   26   56    4.916098e-08   -2.953650e-12
   26   57    1.364824e-09    6.366898e-13
   26   58    4.870265e-09   -9.447726e-13
   26   59    5.083406e-13   -7.185534e-15
   26   60    5.248683e-14   -2.566512e-17
   26   61    3.415668e-20   -1.522386e-21
   26   62    2.234262e-22   -1.173253e-24
   26   63    6.306219e-30   -4.641888e-31
   27   53    9.611617e-28   -1.229944e-28
   27   54    2.579306e-21   -9.168606e-23
   27   55    1.748248e-14   -1.405280e-16
   27   56    1.953171e-13    9.842078e-17
   27   57    1.312643e-09    9.757673e-13
   27   58    4.484556e-10   -4.440353e-14
   27   59    1.339611e-08   -1.452201e-12
   27   60    6.191778e-11    1.509631e-13
   27   61    3.879559e-11   -8.343222e-15
   27   62    1.826025e-15   -2.723987e-17
   27   63    1.455844e-16    3.652357e-20
   27   64    1.819116e-22   -6.509264e-24
   27   65    3.866673e-25   -4.780938e-27
   28   55    1.352646e-26   -7.591388e-28
   28   56    5.817862e-17   -1.865846e-19
   28   57    1.112824e-14   -1.456423e-16
   28   58    1.898955e-09   -5.530400e-13
   28   59    3.262208e-09   -1.744148e-12
   28   60    3.143032e-06   -3.130576e-10
   28   61    1.831657e-07    1.370656e-10
   28   62    6.645542e-06    1.162092e-11
   28   63    3.821009e-09   -2.895916e-11
   28   64    1.149478e-08   -7.818747e-13
   28   65    1.853960e-13   -5.355377e-15
   28   66    3.977160e-14   -2.035713e-17
   28   67    4.023097e-20   -1.581287e-21
   28   68    1.709270e-22   -9.426126e-25
   28   69    1.949976e-30   -1.579464e-31
   29   57    4.637826e-30   -7.500477e-31
   29   58    9.884213e-24   -1.016107e-24
   29   59    1.034171e-16   -7.204376e-18
   29   60    1.537723e-14   -5.792979e-16
   29   61    1.508323e-10   -3.568357e-12
   29   62    4.260867e-10    1.919994e-13
   29   63    1.648937e-07    1.860620e-10
   29   64    4.617336e-09    1.965947e-11
   29   65    4.938323e-08   -3.313641e-12
   29   66    2.066050e-11   -1.056138e-13
   29   67    2.758986e-11   -4.872344e-16
   29   68    2.679617e-16   -6.691725e-18
   29   69    9.028990e-18    2.143572e-21
   29   70    1.367922e-24   -8.290347e-26
   29   71    5.086950e-27   -8.398442e-29
   30   60    1.196262e-21   -5.570343e-23
   30   61    1.488568e-18   -4.971177e-20
   30   62    1.135123e-12   -2.753843e-15
   30   63    3.820465e-12   -3.403309e-14
   30   64    1.057112e-07   -9.445332e-12
   30   65    1.386209e-08    1.610686e-12
   30   66    6.685795e-06    7.546767e-11
   30   67    1.384337e-08   -3.845022e-11
   30   68    3.075484e-07   -1.208149e-11
   30   69    1.461691e-11   -3.347569e-13
   30   70    2.200838e-11    2.434394e-15
   30   71    9.963110e-17   -3.993235e-18
   30   72    2.308662e-17   -1.191783e-20
   30   73    1.439790e-23   -7.100342e-25
   30   74    2.342073e-25   -8.714687e-28
   31   62    1.344299e-27   -1.697113e-28
   31   63    2.167045e-21   -2.112343e-22
   31   64    9.997864e-19   -6.526270e-20
   31   65    1.380939e-13   -7.491081e-15
   31   66    9.316415e-13   -1.709839e-14
   31   67    4.557446e-09   -3.714561e-11
   31   68    4.706761e-10   -1.655746e-14
   31   69    7.032023e-08    1.960927e-11
   31   70    2.280038e-10    2.152686e-12
   31   71    9.892767e-10    3.353790e-13
   31   72    7.592160e-14   -1.278157e-15
   31   73    9.256213e-14    2.227531e-17
   31   74    2.702191e-18   -4.899940e-20
   31   75    2.158807e-19    1.854328e-22
   31   76    1.245720e-25   -3.956607e-27
   31   77    1.193631e-27   -8.700596e-30
   32   64    1.510152e-26   -9.589167e-28
   32   65    1.190639e-23   -8.170837e-25
   32   66    2.161040e-16   -2.992420e-18
   32   67    2.494525e-15   -3.378107e-17
   32   68    8.074381e-10   -8.553284e-13
   32   69    2.588050e-10   -7.957383e-13
   32   70    1.391188e-06   -4.392569e-11
   32   71    1.626124e-08    6.056523e-12
   32   72    1.405232e-06    5.661878e-11
   32   73    1.892694e-09   -1.305892e-11
   32   74    1.838815e-08   -5.611721e-14
   32   75    3.246011e-12   -5.493148e-14
   32   76    3.334611e-12    4.025176e-16
   32   77    5.686991e-17   -1.548996e-18
   32   78    3.429124e-18    9.814013e-22
   32   79    6.860595e-24   -2.816440e-25
   32   80    3.700934e-26   -1.490552e-28
   33   67    5.841592e-26   -7.037137e-27
   33   68    7.151914e-23   -5.857940e-24
   33   69    1.060746e-16   -7.750565e-18
   33   70    1.456622e-15   -5.939320e-17
   33   71    6.098735e-11   -1.838035e-12
   33   72    1.847548e-11   -3.984811e-14
   33   73    1.299157e-08   -1.184810e-11
   33   74    5.558079e-10    3.106226e-12
   33   75    1.788481e-08    1.388112e-12
   33   76    5.353594e-11    3.563563e-13
   33   77    2.398109e-10    5.479710e-14
   33   78    2.227014e-14   -6.791641e-18
   33   79    2.737508e-14    2.895143e-17
   33   80    8.688666e-19   -1.368519e-20
   33   81    6.841385e-20    1.715893e-22
   33   82    1.932474e-26   -8.280547e-28
   33   83    1.763331e-28   -7.998027e-32
   34   69    2.940525e-28   -3.058919e-29
   34   70    7.625292e-20   -1.829092e-21
   34   71    2.649467e-18   -6.028732e-20
   34   72    3.752013e-12   -9.656980e-15
   34   73    4.712956e-12   -3.889529e-14
   34   74    1.118424e-08   -1.041374e-11
   34   75    2.713116e-09    3.190744e-12
   34   76    9.242997e-07   -3.944480e-11
   34   77    1.363253e-08    3.054679e-11
   34   78    3.480198e-07    1.640416e-11
   34   79    6.826372e-10   -2.090439e-12
   34   80    3.039041e-09    6.157374e-13
   34   81    9.916629e-13   -1.109743e-14
   34   82    6.505148e-13    2.808488e-16
   34   83    3.120544e-18   -1.078554e-19
   34   84    1.501329e-19   -1.138050e-23
   34   85    1.063537e-27   -8.486562e-29
   35   71    4.952561e-30   -7.285345e-31
   35   72    1.749814e-26   -1.759748e-27
   35   73    1.237446e-19   -1.072353e-20
   35   74    8.703823e-18   -4.425497e-19
   35   75    1.059138e-13   -4.809357e-15
   35   76    9.361695e-13   -5.337134e-15
   35   77    2.029136e-09   -8.395987e-12
   35   78    1.920736e-10    7.382296e-13
   35   79    5.224231e-08   -2.014035e-11
   35   80    1.900817e-09    2.050286e-11
   35   81    3.017998e-08    2.872050e-12
   35   82    2.934072e-10    3.157305e-12
   35   83    6.892416e-10    7.465472e-13
   35   84    1.076292e-13   -9.461627e-16
   35   85    3.974141e-14    6.396217e-17
   35   86    1.643921e-21   -1.009635e-22
   35   87    4.106523e-27   -3.213554e-28
   36   74    3.783700e-23   -1.555144e-24
   36   75    6.090416e-21   -1.635688e-22
   36   76    4.054442e-15   -2.600853e-17
   36   77    5.384470e-14   -8.540708e-16
   36   78    4.989408e-10   -1.056616e-12
   36   79    4.150728e-10   -3.394648e-13
   36   80    2.553437e-08   -1.719691e-11
   36   81    3.218772e-09    8.468944e-12
   36   82    3.101930e-07   -3.777817e-11
   36   83    8.246846e-09    2.591242e-11
   36   84    1.918043e-07    1.210743e-11
   36   85    5.111824e-10    5.591466e-13
   36   86    2.327545e-09    4.480463e-13
   36   87    1.547273e-15   -7.127625e-17
   36   88    5.742374e-20   -2.620754e-21
   36   89    2.289029e-27   -2.562194e-28
   37   76    6.710891e-29   -6.661249e-30
   37   77    1.031595e-22   -8.808874e-24
   37   78    7.763554e-21   -5.440711e-22
   37   79    1.322080e-15   -7.047622e-17
   37   80    8.816988e-15   -1.992223e-16
   37   81    6.021962e-12   -8.271299e-14
   37   82    4.928317e-12   -7.266764e-15
   37   83    4.026607e-09   -7.952421e-12
   37   84    8.488286e-10    2.905906e-12
   37   85    6.229233e-08   -9.988107e-11
   37   86    1.438371e-08    4.938281e-11
   37   87    3.023429e-07    5.916759e-11
   37   88    2.070198e-12   -6.528704e-14
   37   89    3.435901e-16   -8.874996e-18
   37   90    1.731015e-22   -1.212621e-23
   37   91    1.593435e-27   -1.359777e-28
   38   78    1.047886e-26   -4.815458e-28
   38   79    2.962171e-24   -1.273031e-25
   38   80    5.918225e-18   -5.473057e-20
   38   81    1.643981e-17   -2.320577e-19
   38   82    2.043356e-13   -1.106479e-15
   38   83    1.230445e-12   -8.576082e-15
   38   84    1.720691e-10   -3.680307e-13
   38   85    2.333834e-10   -4.293364e-13
   38   86    5.778330e-09   -7.326985e-12
   38   87    4.642334e-09    1.973325e-13
   38   88    8.395634e-07    1.132226e-11
   38   89    3.408340e-11   -6.681350e-13
   38   90    5.159889e-14   -6.440389e-17
   38   91    1.676746e-19   -6.612119e-21
   38   92    1.274492e-23   -3.890987e-25
   38   93    3.098277e-30   -2.674034e-31
   39   81    1.521328e-26   -1.513506e-27
   39   82    1.040279e-24   -7.953319e-26
   39   83    7.726132e-20   -5.472325e-21
   39   84    7.799407e-19   -4.508102e-20
   39   85    5.641773e-15   -1.620511e-16
   39   86    9.091688e-14   -5.147494e-16
   39   87    9.205172e-12   -4.091293e-14
   39   88    6.057470e-11   -4.563360e-13
   39   89    5.418530e-07    3.895799e-12
   39   90    1.696557e-10   -1.470307e-12
   39   91    8.378626e-13    7.978402e-15
   39   92    3.254261e-17   -8.725317e-20
   39   93    1.878543e-20    1.443964e-22
   39   94    2.245266e-25   -5.110339e-27
   39   95    5.840472e-30   -1.086002e-31
   40   83    5.678581e-29   -3.109261e-30
   40   84    8.846764e-23   -2.537937e-24
   40   85    3.204471e-22   -9.663676e-24
   40   86    5.025761e-17   -2.765264e-19
   40   87    1.298912e-16   -1.106523e-18
   40   88    1.119857e-12   -5.882528e-15
   40   89    3.731422e-11   -2.536234e-13
   40   90    7.974154e-07    4.646439e-12
   40   91    1.919506e-09    3.442528e-12
   40   92    1.168753e-10    8.951971e-13
   40   93    3.346367e-14   -2.409462e-17
   40   94    2.844607e-16    4.861331e-18
   40   95    1.943738e-20   -1.105051e-24
   40   96    2.988381e-23    6.017027e-25
   40   97    8.839610e-30   -2.101942e-31
   41   86    4.080260e-30   -4.491963e-31
   41   87    2.428216e-24   -1.975906e-25
   41   88    1.591266e-22   -9.204219e-24
   41   89    1.485727e-17   -5.335202e-19
   41   90    5.995686e-15   -8.483773e-17
   41   91    7.567566e-10   -1.765166e-12
   41   92    1.937641e-11    1.262920e-13
   41   93    6.616424e-12    4.467967e-14
   41   94    1.196397e-14    1.158612e-16
   41   95    5.202799e-16    1.142221e-17
   41   96    1.529235e-19    2.356540e-21
   41   97    1.222826e-21    4.484018e-23
   41   98    2.263200e-27   -3.586403e-30
   41   99    1.540996e-29   -4.611652e-33
   42   88    4.745736e-28   -1.186730e-29
   42   89    2.176338e-26   -7.682421e-28
   42   90    2.223029e-19   -3.285897e-21
   42   91    2.155811e-16   -6.725682e-18
   42   92    3.336577e-09   -2.111402e-12
   42   93    4.171222e-10    7.214967e-13
   42   94    1.530722e-09    1.176290e-12
   42   95    1.064035e-11    5.081842e-14
   42   96    4.195541e-12    2.150706e-14
   42   97    1.840924e-15   -5.616729e-18
   42   98    1.064972e-16    1.395554e-18
   42   99    8.843356e-22   -2.279070e-23
   42  100    1.751501e-23    1.144124e-24
   42  101    2.309961e-29    3.892113e-31
   43   91    6.727451e-27   -6.372331e-28
   43   92    1.350062e-22   -1.172587e-23
   43   93    1.235144e-14   -4.634144e-16
   43   94    1.486858e-14   -2.256635e-16
   43   95    4.881733e-13   -2.152833e-15
   43   96    2.956906e-14    1.477022e-16
   43   97    7.510882e-14    1.478775e-16
   43   98    1.610684e-16    1.035124e-18
   43   99    7.950480e-17    7.329977e-19
   43  100    8.191589e-21   -4.403288e-23
   43  101    6.568977e-22    9.160095e-24
   43  102    3.022337e-27   -5.501130e-29
   43  103    2.933978e-27   -2.640904e-31
   43  104    3.138143e-30   -2.892457e-35
   44   93    3.149573e-25   -2.289581e-26
   44   94    2.053514e-15   -7.966083e-18
   44   95    1.448130e-14   -1.152156e-16
   44   96    9.319080e-12   -1.306597e-14
   44   97    2.022435e-12    8.225449e-16
   44   98    4.854761e-11    5.154068e-15
   44   99    7.634841e-13    3.501661e-15
   44  100    1.823359e-12    3.071074e-15
   44  101    1.249413e-15   -9.843841e-18
   44  102    5.545232e-16    2.333316e-18
   44  103    3.899813e-20   -8.080645e-22
   44  104    4.246458e-21    7.514546e-23
   44  105    5.129588e-26   -7.862983e-28
   44  106    8.481206e-28    3.112212e-32
   44  107    2.094837e-30   -4.406641e-35
   45   95    4.348023e-23   -3.638998e-24
   45   96    1.425678e-21   -1.056499e-22
   45   97    1.053759e-17   -5.256650e-19
   45   98    5.872409e-18   -2.018156e-19
   45   99    1.016057e-14   -1.255546e-16
   45  100    1.063423e-15   -5.554748e-18
   45  101    1.161473e-13   -1.528131e-17
   45  102    4.632432e-16    3.167067e-18
   45  103    1.426110e-15    4.443132e-18
   45  104    6.583112e-19   -1.832144e-21
   45  105    3.189604e-19    2.693651e-21
   45  106    1.798407e-23   -1.823860e-25
   45  107    1.795251e-24    2.599862e-26
   45  108    2.537989e-29   -2.825338e-31
   45  109    1.031444e-27   -5.878681e-32
   45  110    1.828847e-30   -2.677518e-33
   46   96    4.483155e-27   -2.352288e-28
   46   97    2.443711e-23   -1.065955e-24
   46   98    2.292530e-17   -1.562221e-19
   46   99    3.394851e-16   -4.164878e-18
   46  100    1.139170e-12   -3.048970e-15
   46  101    5.954323e-13   -1.720472e-15
   46  102    6.503822e-11   -2.221870e-14
   46  103    2.304399e-12    1.159256e-14
   46  104    1.497877e-11    1.535920e-14
   46  105    4.162010e-14   -6.136638e-17
   46  106    6.780160e-14    2.252896e-16
   46  107    1.515605e-17   -2.081143e-19
   46  108    6.756142e-18    4.099791e-20
   46  109    3.180438e-22   -7.018680e-24
   46  110    3.303953e-23    1.594148e-24
   46  111    1.465645e-28    1.401910e-30
   46  112    8.617146e-28   -1.347216e-33
   47   99    9.089403e-26   -9.185710e-27
   47  100    4.764661e-24   -4.019146e-25
   47  101    1.780490e-19   -1.174958e-20
   47  102    8.127908e-19   -2.992291e-20
   47  103    8.075292e-16   -1.821942e-17
   47  104    5.084013e-16   -8.114404e-18
   47  105    1.107535e-13   -2.371793e-16
   47  106    3.067132e-15    3.112382e-17
   47  107    2.066896e-14    5.512557e-17
   47  108    4.332213e-17    1.665958e-19
   47  109    5.111507e-17    3.990823e-19
   47  110    1.156476e-20   -4.630717e-23
   47  111    3.299047e-21    4.338119e-23
   47  112    1.742904e-25   -1.119815e-27
   47  113    9.309349e-27    1.720977e-28
   47  114    1.003366e-29   -9.574404e-33
   47  115    7.154652e-28   -3.722628e-33
   48  101    6.180685e-27   -4.152032e-28
   48  102    3.967368e-20   -5.650470e-22
   48  103    1.709929e-18   -3.669617e-20
   48  104    3.592030e-14   -1.783716e-16
   48  105    3.772686e-14   -2.906997e-16
   48  106    1.723407e-11   -3.024260e-14
   48  107    2.121637e-12    5.448915e-15
   48  108    6.584004e-11    1.745254e-14
   48  109    5.880492e-13    2.050100e-15
   48  110    3.185576e-12    6.054902e-15
   48  111    3.620856e-15   -2.909574e-17
   48  112    4.167332e-15    1.949176e-17
   48  113    6.422557e-19   -1.127693e-20
   48  114    1.878904e-19    2.344295e-21
   48  115    5.869780e-24   -1.187101e-25
   48  116    4.149109e-24    4.731004e-25
   48  117    2.561190e-29    1.956064e-30
   48  118    5.927626e-28    2.149551e-38
   48  119    1.207558e-30    1.050974e-44
   49  103    1.747150e-29   -2.113707e-30
   49  104    3.956547e-27   -4.344257e-28
   49  105    4.277904e-22   -3.640907e-23
   49  106    2.185693e-21   -1.458748e-22
   49  107    9.156680e-18   -4.090199e-19
   49  108    1.953643e-17   -5.892918e-19
   49  109    1.737207e-14   -1.885792e-16
   49  110    1.871635e-15   -1.064341e-17
   49  111    2.362397e-13   -6.024938e-17
   49  112    2.584158e-15    1.353696e-17
   49  113    1.024552e-14    4.585821e-17
   49  114    1.715758e-17   -4.434673e-20
   49  115    1.221279e-17    1.383198e-19
   49  116    2.641185e-21   -2.029871e-23
   49  117    4.634416e-22    8.710228e-24
   49  118    1.826328e-26   -2.041229e-28
   49  119    7.029840e-27   -1.329512e-31
   49  120    4.925519e-29   -7.014905e-32
   49  121    1.242088e-27   -2.365089e-31
   49  122    3.823460e-30   -1.117913e-32
   50  106    1.430689e-24   -5.517042e-26
   50  107    9.960893e-22   -3.364656e-23
   50  108    1.577543e-16   -1.234519e-18
   50  109    2.110264e-16   -3.708870e-18
   50  110    1.838267e-12   -7.219955e-15
   50  111    5.815511e-13   -2.294320e-15
   50  112    1.607838e-10   -1.276896e-13
   50  113    7.431809e-12    3.238118e-14
   50  114    2.373859e-10    1.086129e-13
   50  115    1.675094e-12    8.785845e-15
   50  116    7.518113e-12    1.640941e-14
   50  117    5.990510e-15   -3.899166e-17
   50  118    6.492439e-15    2.775680e-17
   50  119    1.091890e-18   -1.522645e-20
   50  120    2.633819e-19    1.951992e-21
   50  121    1.236458e-23   -2.386509e-25
   50  122    6.805706e-25    6.142125e-27
   50  123    1.031778e-29   -2.517762e-31
   50  124    1.498720e-27    1.050360e-34
   51  109    8.611915e-28   -1.214287e-28
   51  110    8.784755e-26   -1.212730e-26
   51  111    5.405237e-22   -5.900520e-23
   51  112    3.761323e-21   -3.601687e-22
   51  113    2.130185e-18   -1.731604e-19
   51  114    6.800363e-19   -4.041128e-20
   51  115    1.337971e-16   -6.654930e-18
   51  116    2.151040e-17   -1.246926e-18
   51  117    1.685998e-14   -1.523650e-16
   51  118    2.115251e-16   -1.760173e-18
   51  119    3.860987e-15    8.004168e-18
   51  120    5.185343e-18   -3.378062e-20
   51  121    8.616495e-18    5.365821e-20
   51  122    2.393926e-21   -2.290702e-23
   51  123    8.221024e-22    9.071129e-24
   51  124    8.536436e-26   -8.505613e-28
   51  125    7.556567e-27    1.591970e-29
   51  126    1.860595e-27   -4.240386e-34
   51  127    3.778560e-27   -1.489500e-33
   52  112    2.104401e-30   -5.107521e-31
   52  113    1.574823e-28   -4.298187e-29
   52  114    1.264634e-21   -1.594060e-22
   52  115    1.038205e-20   -1.437397e-21
   52  116    3.371223e-15   -1.530587e-16
   52  117    7.830079e-16   -3.817863e-17
   52  118    2.718448e-12   -1.836224e-14
   52  119    7.227222e-14   -2.495069e-16
   52  120    1.011436e-11    2.977824e-15
   52  121    5.207390e-14   -1.042265e-16
   52  122    6.032277e-13    1.420604e-15
   52  123    6.189810e-16   -4.450782e-18
   52  124    7.932016e-16    4.728920e-18
   52  125    2.016121e-19   -2.169593e-21
   52  126    4.779190e-20    5.113616e-22
   52  127    3.362341e-24   -4.469790e-26
   52  128    3.545854e-25    2.342318e-26
   52  129    8.219134e-30    3.018329e-31
   52  130    1.314519e-27    1.154857e-32
   53  116    9.381040e-30   -2.390464e-30
   53  117    1.210891e-23   -2.027477e-24
   53  118    3.327168e-21   -4.037399e-22
   53  119    3.299276e-17   -2.694905e-18
   53  120    5.556730e-17   -3.176674e-18
   53  121    1.370548e-13   -2.049459e-15
   53  122    7.061760e-15   -5.783136e-17
   53  123    1.437192e-12   -3.759688e-16
   53  124    8.758689e-15    6.765097e-17
   53  125    3.219249e-14    1.619208e-16
   53  126    4.219712e-17    1.171570e-19
   53  127    3.437249e-17    3.620035e-19
   53  128    1.084988e-20    1.006422e-23
   53  129    1.802805e-21    2.633881e-23
   53  130    1.196025e-25   -4.307385e-28
   53  131    5.183906e-27    9.082090e-29
   53  132    7.905060e-29   -3.891761e-35
   53  133    2.523742e-27   -6.441002e-34
   54  117    1.963072e-26   -1.381361e-27
   54  118    8.381136e-21   -8.574032e-22
   54  119    6.231044e-19   -3.469268e-20
   54  120    1.625515e-14   -3.763758e-16
   54  121    1.786096e-14   -3.705830e-16
   54  122    2.284713e-11   -1.300581e-13
   54  123    3.829788e-12    9.548109e-15
   54  124    2.442346e-10   -6.476422e-14
   54  125    6.044280e-12    4.857347e-14
   54  126    6.337109e-11    1.423902e-13
   54  127    3.085256e-13    1.081581e-15
   54  128    5.870210e-13    3.320711e-15
   54  129    6.488932e-16   -6.235262e-19
   54  130    2.592351e-16    2.784277e-18
   54  131    6.731508e-20   -2.612825e-22
   54  132    7.022558e-21    1.050787e-22
   54  133    5.669827e-25   -2.980099e-27
   54  134    1.518420e-26    2.515006e-28
   54  135    1.846319e-29    7.558844e-35
   55  120    7.301198e-30   -1.121855e-30
   55  121    3.585830e-24   -4.611820e-25
   55  122    5.287745e-23   -5.777016e-24
   55  123    4.638189e-19   -4.253907e-20
   55  124    7.039766e-19   -5.244445e-20
   55  125    2.678241e-15   -1.234065e-16
   55  126    1.300572e-15   -4.517640e-17
   55  127    6.009339e-13   -3.738758e-15
   55  128    1.536766e-14    1.108078e-16
   55  129    1.882580e-13    4.765584e-16
   55  130    8.865557e-16    8.478803e-18
   55  131    1.367492e-15    1.281212e-17
   55  132    1.350847e-18    1.110499e-20
   55  133    6.013891e-19    8.648602e-21
   55  134    2.732514e-22    2.019083e-24
   55  135    2.095776e-23    4.370770e-25
   55  136    3.925215e-27    4.888528e-29
   55  137    9.406122e-27    2.463003e-32
   56  121    1.158719e-28   -9.143163e-30
   56  122    6.506664e-23   -3.971963e-24
   56  123    2.560646e-21   -1.629834e-22
   56  124    1.056613e-16   -3.285335e-18
   56  125    1.879985e-16   -7.904931e-18
   56  126    1.404615e-12   -1.840214e-14
   56  127    5.129413e-13   -2.892550e-15
   56  128    7.820871e-11   -2.102311e-13
   56  129    5.430144e-12    3.760276e-14
   56  130    1.329597e-10    1.310276e-13
   56  131    1.627953e-12    1.764243e-14
   56  132    6.446307e-12    3.173057e-14
   56  133    2.184399e-14    1.380752e-16
   56  134    2.325710e-14    2.060199e-16
   56  135    2.452288e-17    8.720047e-20
   56  136    6.900464e-18    9.271910e-20
   56  137    3.383748e-21    2.157477e-23
   56  138    1.560438e-22    2.227218e-24
   56  139    2.833296e-30   -1.576984e-31
   57  125    6.274938e-27   -9.274672e-28
   57  126    1.610911e-25   -2.277645e-26
   57  127    1.559498e-21   -1.744707e-22
   57  128    3.716477e-21   -3.276358e-22
   57  129    1.035143e-17   -7.614755e-19
   57  130    1.909677e-17   -9.813316e-19
   57  131    1.337246e-14   -3.048281e-16
   57  132    7.242280e-16   -9.136836e-18
   57  133    1.645938e-13   -4.365832e-16
   57  134    3.443359e-15    4.432780e-17
   57  135    1.391194e-14    8.197958e-17
   57  136    9.410906e-17    1.161716e-18
   57  137    5.862007e-17    8.219066e-19
   57  138    2.107445e-19    4.593034e-21
   57  139    3.300963e-20    5.741170e-22
   57  140    3.911902e-27   -1.667204e-28
   57  141    1.386911e-29    9.358791e-37
   58  126    6.299473e-27   -5.489497e-28
   58  127    2.425240e-25   -2.567825e-26
   58  128    8.948422e-20   -4.630451e-21
   58  129    5.911633e-19   -3.522487e-20
   58  130    4.650332e-15   -1.278032e-16
   58  131    4.450227e-15   -1.301888e-16
   58  132    2.682539e-12   -2.612070e-14
   58  133    5.327631e-13    6.682293e-17
   58  134    3.867060e-11   -6.634464e-14
   58  135    2.264929e-12    2.398742e-14
   58  136    1.813292e-11    6.072586e-14
   58  137    2.169548e-13    2.416313e-15
   58  138    7.086990e-13    3.939604e-15
   58  139    4.490015e-15    6.487874e-17
   58  140    2.484407e-15    1.935944e-17
   58  141    1.416669e-21   -5.831760e-23
   58  142    7.581891e-26   -3.070791e-27
   59  130    4.882973e-29   -8.630589e-30
   59  131    9.192501e-25   -1.270500e-25
   59  132    5.107437e-24   -6.366197e-25
   59  133    2.706147e-20   -2.999420e-21
   59  134    2.031226e-19   -2.003914e-20
   59  135    4.977824e-16   -2.643670e-17
   59  136    3.155140e-16   -1.246281e-17
   59  137    9.905027e-14   -9.175018e-16
   59  138    5.860729e-15    6.900907e-18
   59  139    1.642352e-13   -5.673454e-17
   59  140    7.336852e-15    1.038811e-16
   59  141    1.590201e-14    8.226863e-17
   59  142    7.182262e-20   -2.517798e-21
   59  143    1.665980e-23   -4.205728e-25
   59  144    1.327776e-29   -9.486144e-31
   59  145    8.312428e-29   -1.931643e-35
   60  131    3.772538e-29   -5.564096e-30
   60  132    1.109430e-23   -1.025846e-24
   60  133    4.274251e-22   -3.787367e-23
   60  134    8.985516e-18   -4.494148e-19
   60  135    3.184682e-17   -1.809233e-18
   60  136    6.758740e-14   -1.662234e-15
   60  137    5.228288e-14   -1.143494e-15
   60  138    1.017884e-11   -8.875673e-14
   60  139    2.136778e-12    4.731598e-15
   60  140    6.778190e-11   -5.773780e-14
   60  141    6.023904e-12    6.086840e-14
   60  142    3.805324e-11    8.375619e-14
   60  143    6.639572e-16   -1.734102e-17
   60  144    7.983815e-19   -5.275695e-21
   60  145    3.906167e-24   -1.770040e-25
   60  146    9.634299e-28   -3.121582e-29
   61  135    2.684831e-28   -4.907912e-29
   61  136    3.843069e-27   -6.612250e-28
   61  137    2.441864e-23   -3.385620e-24
   61  138    1.688481e-22   -1.982211e-23
   61  139    2.254234e-19   -2.577076e-20
   61  140    3.088759e-18   -2.525842e-19
   61  141    1.022324e-14   -2.575546e-16
   61  142    1.137836e-14   -1.828356e-16
   61  143    8.453889e-13   -8.013663e-16
   61  144    9.773338e-17   -2.172314e-18
   61  145    3.138175e-19    4.723212e-22
   61  146    8.120074e-24   -2.260528e-25
   61  147    6.092160e-27   -3.290623e-29
   61  148    7.960660e-30    1.896344e-35
   62  136    2.059707e-29   -3.877468e-30
   62  137    1.103525e-26   -1.407268e-27
   62  138    1.008693e-21   -7.266107e-23
   62  139    1.144943e-20   -9.132346e-22
   62  140    6.207664e-17   -2.727332e-18
   62  141    1.379457e-16   -6.261387e-18
   62  142    3.721038e-13   -6.341384e-15
   62  143    4.515675e-13   -5.393826e-15
   62  144    1.226567e-10    1.097358e-14
   62  145    4.732919e-14   -4.221506e-16
   62  146    7.204742e-16   -2.516659e-18
   62  147    5.614033e-20   -1.469080e-21
   62  148    2.287211e-22    8.304385e-25
   62  149    2.372791e-27   -7.837167e-29
   63  141    2.793025e-27   -4.731956e-28
   63  142    1.055161e-25   -1.571085e-26
   63  143    8.957837e-22   -9.882402e-23
   63  144    1.092303e-20   -7.365598e-22
   63  145    1.044466e-17   -2.886622e-19
   63  146    2.448025e-20   -7.308402e-22
   63  147    4.056603e-22   -2.740140e-23
   63  148    1.065873e-25   -9.247018e-27
   63  149    2.362158e-27   -1.054331e-28
   63  151    2.146618e-30   -6.169216e-43
   64  143    1.348254e-28   -1.172239e-29
   64  144    8.093789e-24   -3.285000e-25
   64  145    2.288111e-22   -8.126877e-24
   64  146    3.405109e-18   -1.683736e-21
   64  147    2.259894e-20    1.305958e-22
   64  148    2.408344e-22   -1.770824e-23
   64  149    2.662015e-25   -2.239262e-26
   64  150    1.129869e-26   -7.552533e-28
   65  147    4.330762e-28   -5.090752e-29
   65  148    1.868502e-29   -1.819041e-30
    0    1    4.725091e-14   -1.042425e-14
    1    1    1.609725e-10   -2.772457e-11
    2    4    1.717751e-09   -1.995301e-10
