5.3620e-01
5.8119e-04
1.8425e+00
1.6595e+05
    1    2    7.120701e-27    9.272198e-28
    4    7    3.109481e-28    8.365293e-29
    4    8    2.218859e-19    1.181761e-20
    4   10    2.229175e-28    6.245360e-29
    5   10    3.945614e-26    1.036666e-26
    5   11    4.163767e-19    1.363907e-20
    5   12    1.839173e-30    8.137314e-32
    6   11    7.793780e-16   -6.366209e-19
    6   12    7.736246e-04   -4.673302e-09
    6   13    4.218403e-11    1.614371e-12
    6   14    7.569025e-17    1.086023e-17
    7   13    5.316836e-16    1.347950e-17
    7   14    3.616245e-14    5.182259e-18
    7   15    4.178394e-16    5.615749e-17
    7   16    3.237496e-29    5.144221e-30
    8   14    1.975158e-21   -8.316305e-23
    8   15    2.604470e-19    9.897348e-22
    8   16    4.583193e-02   -5.807317e-11
    8   17    5.435796e-12    6.165739e-13
    8   18    1.379177e-12    1.554490e-13
    8   19    2.072568e-21    2.301440e-22
    8   20    1.964749e-30    2.595638e-31
    9   17    1.967646e-17    1.371555e-18
    9   18    1.111367e-15    1.357457e-17
    9   19    9.409056e-18    1.102396e-18
    9   20    7.100472e-23    1.355501e-23
    9   21    6.691463e-25    1.913164e-25
   10   18    5.789227e-23   -1.330544e-24
   10   19    1.197668e-23    9.914905e-25
   10   20    8.353547e-03    1.036357e-09
   10   21    3.014568e-05   -3.393349e-10
   10   22    3.691224e-06   -5.290101e-11
   10   23    6.385552e-14    3.502305e-15
   10   24    2.447040e-22    4.024304e-23
   11   21    2.814238e-13    2.950693e-15
   11   22    8.357705e-13    4.797103e-14
   11   23    1.457174e-04    8.123082e-10
   11   24    1.003481e-10    4.566791e-12
   11   25    5.496519e-17    8.370053e-18
   11   26    2.006752e-24    3.879830e-25
   12   22    6.092589e-26   -8.928242e-30
   12   23    6.440112e-10    9.527253e-11
   12   24    2.013360e-03    3.547717e-10
   12   25    4.441877e-04   -1.006357e-10
   12   26    2.598704e-04    9.007248e-10
   12   27    6.502859e-12    2.943686e-13
   12   28    1.497179e-18    1.299423e-19
   12   29    2.666470e-28    2.376938e-29
   13   24    2.736837e-22    4.688288e-23
   13   25    3.138805e-14    4.654672e-16
   13   26    1.406619e-04   -2.686083e-09
   13   27    2.011968e-04    5.098334e-12
   13   28    3.969000e-10    3.049389e-11
   13   29    8.266340e-16    1.367441e-16
   13   30    3.440764e-23    7.860397e-24
   13   31    1.839217e-30    4.763793e-31
   14   26    5.607425e-21    1.677173e-21
   14   27    2.513902e-08    1.915466e-09
   14   28    2.358218e-04    2.382258e-10
   14   29    6.520174e-05    1.050094e-10
   14   30    2.844673e-05    4.863738e-11
   14   31    5.328149e-11    2.411326e-12
   14   32    1.241654e-17    1.061005e-18
   14   33    2.416467e-25    1.699563e-26
   15   28    2.567671e-20    2.488316e-21
   15   29    1.990071e-13    1.360179e-15
   15   30    2.306246e-07   -1.207738e-11
   15   31    2.104175e-06    6.893165e-13
   15   32    1.145980e-12    5.913691e-14
   15   33    2.806429e-14    2.371218e-15
   15   34    6.190925e-21    7.499093e-22
   15   35    1.184586e-27    1.722375e-28
   16   29    2.089701e-28   -7.582912e-30
   16   30    5.303421e-20    1.288680e-20
   16   31    3.048671e-10   -3.388351e-14
   16   32    1.166170e-06    3.666984e-12
   16   33    2.101411e-08    2.702961e-13
   16   34    2.736493e-07    2.924433e-13
   16   35    2.684349e-13    1.316977e-14
   16   36    9.405730e-19    8.690595e-20
   16   37    1.202536e-26    7.612734e-28
   17   32    2.383523e-23   -2.825926e-26
   17   33    6.702545e-20    1.457778e-20
   17   34    4.392436e-15    1.713342e-16
   17   35    1.020510e-08    3.869969e-14
   17   36    3.039620e-14    1.387267e-15
   17   37    8.502895e-18    1.572373e-18
   17   38    8.815165e-25    2.454632e-25
   18   34    5.040555e-27    1.383905e-27
   18   35    6.532819e-21    5.902053e-22
   18   36    8.448062e-10    2.529206e-16
   18   37    2.111900e-15    1.006855e-16
   18   38    2.659038e-10    1.936117e-16
   18   39    2.915011e-16    1.361152e-17
   18   40    2.861013e-17    2.688798e-18
   18   41    6.767415e-24    8.932166e-25
   18   42    2.658639e-30    4.748702e-31
   19   37    6.202442e-22    1.754008e-23
   19   38    1.423033e-22    1.604219e-23
   19   39    3.745564e-12    2.276717e-17
   19   40    1.310033e-17    5.940324e-19
   19   41    3.719653e-21    5.087450e-22
   19   42    6.652316e-23    1.621163e-23
   19   43    4.388544e-20    8.295064e-21
   19   44    1.980959e-26    5.636123e-27
   20   38    5.296001e-27   -3.352757e-29
   20   39    2.016166e-29    3.129407e-30
   20   40    2.851247e-14    2.100799e-20
   20   41    5.693968e-20    2.630022e-21
   20   42    4.763899e-08   -1.246556e-14
   20   43    1.463409e-08   -1.443121e-15
   20   44    7.048438e-08   -4.960222e-15
   20   45    1.840310e-13    8.361909e-15
   20   46    2.020416e-10   -3.823918e-17
   20   47    3.225539e-16    1.459710e-17
   20   48    2.292632e-09   -6.593240e-16
   20   49    5.808388e-16    2.284041e-17
   20   50    7.416808e-23    6.177753e-24
   21   41    3.218527e-28    1.737514e-29
   21   42    7.409070e-28    8.282812e-29
   21   43    3.565019e-14    2.541776e-15
   21   44    1.757164e-14    1.378188e-15
   21   45    6.669392e-09   -1.889055e-15
   21   46    1.773000e-13    8.024069e-15
   21   47    3.073019e-16    2.896309e-17
   21   48    5.822867e-15    6.036019e-16
   21   49    5.812939e-16    3.278326e-17
   21   50    1.505156e-22    1.444186e-23
   21   51    3.381909e-29    4.386432e-30
   22   44    5.340196e-21    8.913234e-22
   22   45    7.217167e-18    1.339140e-18
   22   46    2.020406e-08   -7.172533e-15
   22   47    7.854399e-09    1.171288e-16
   22   48    1.436027e-08    3.779132e-16
   22   49    1.733389e-08   -3.999385e-16
   22   50    5.602378e-08    2.126883e-17
   22   51    6.616473e-14    2.994540e-15
   22   52    3.803767e-20    3.283493e-21
   22   53    8.877019e-27    1.120219e-27
   23   46    5.047349e-26    1.412861e-26
   23   47    5.408314e-15    4.556393e-16
   23   48    3.024276e-15    2.760430e-16
   23   49    1.012838e-14    1.139833e-15
   23   50    7.955651e-15    5.273066e-16
   23   51    4.903999e-09   -8.324493e-16
   23   52    6.079301e-14    2.752595e-15
   23   53    9.524287e-20    7.641530e-21
   23   54    4.569227e-26    5.224527e-27
   24   48    6.139447e-23    9.124369e-24
   24   49    4.080227e-21    8.456871e-22
   24   50    9.383834e-13   -6.335047e-19
   24   51    6.900766e-16    9.530529e-17
   24   52    5.579272e-08   -7.779389e-15
   24   53    1.074038e-08   -1.302502e-15
   24   54    1.369098e-07   -7.374491e-15
   24   55    2.705341e-13    1.223930e-14
   24   56    3.028277e-19    2.445644e-20
   24   57    1.054890e-25    1.243086e-26
   25   50    1.557177e-29    4.597494e-30
   25   51    7.390449e-20    6.906202e-21
   25   52    5.773446e-23    1.426623e-23
   25   53    6.907469e-15    7.279147e-16
   25   54    3.755195e-15    5.337194e-16
   25   55    3.455972e-08   -1.610614e-14
   25   56    4.039006e-13    1.827816e-14
   25   57    1.485868e-18    1.141344e-19
   25   58    1.429009e-24    1.631825e-25
   25   59    2.716457e-30    4.266487e-31
   26   52    3.193790e-28    5.331742e-29
   26   53    6.043135e-27    1.383041e-27
   26   54    4.446291e-09   -1.741043e-15
   26   55    4.385632e-14    2.441950e-15
   26   56    1.766814e-06   -3.089756e-13
   26   57    9.986654e-07   -1.787066e-13
   26   58    5.174597e-06   -4.939306e-13
   26   59    1.984221e-11    8.977682e-13
   26   60    4.484833e-17    3.649220e-18
   26   61    2.353831e-23    2.847535e-24
   26   62    1.539311e-29    2.469436e-30
   27   55    9.607512e-17    9.556333e-18
   27   56    4.394891e-21    9.489967e-22
   27   57    1.216615e-13    1.491255e-14
   27   58    6.399188e-14    6.753428e-15
   27   59    2.034739e-06   -9.860802e-13
   27   60    2.280429e-11    1.031998e-12
   27   61    1.997125e-16    1.680912e-17
   27   62    4.575826e-22    5.667498e-23
   27   63    2.555242e-26    5.603670e-27
   28   56    7.828640e-26    1.390031e-26
   28   57    8.564966e-25    2.119161e-25
   28   58    6.192211e-10   -3.141407e-16
   28   59    3.087837e-14    4.129243e-15
   28   60    2.667774e-06   -1.075656e-12
   28   61    1.015184e-06   -3.345148e-14
   28   62    2.259023e-06    4.702300e-14
   28   63    2.366397e-11    1.072449e-12
   28   64    1.389647e-06   -2.012928e-13
   28   65    4.257759e-12    1.923000e-13
   28   66    8.546258e-18    7.099051e-19
   28   67    3.475506e-24    4.334098e-25
   28   68    3.175728e-30    5.794851e-31
   29   59    4.003807e-18    2.943456e-19
   29   60    2.500742e-22    5.653613e-23
   29   61    4.851266e-14    5.533153e-15
   29   62    3.871207e-14    4.532794e-15
   29   63    8.717742e-07   -1.088918e-12
   29   64    2.390579e-11    1.082625e-12
   29   65    1.075824e-06   -7.576135e-13
   29   66    1.679747e-11    7.603532e-13
   29   67    3.227260e-16    3.144274e-17
   29   68    8.697402e-22    1.205616e-22
   29   69    4.981119e-24    7.799492e-25
   29   70    3.778587e-30    7.519161e-31
   30   60    2.237446e-27    3.861128e-28
   30   61    1.187844e-30    3.705835e-31
   30   62    4.274020e-22    9.366201e-23
   30   63    3.661374e-19    8.266792e-20
   30   64    8.425300e-07   -6.645526e-13
   30   65    1.466084e-11    6.645931e-13
   30   66    1.302055e-06   -3.709053e-13
   30   67    2.837019e-07   -2.104081e-13
   30   68    1.322625e-06    2.340014e-13
   30   69    7.480199e-12    3.382150e-13
   30   70    1.327706e-10   -2.346402e-17
   30   71    6.981587e-16    3.185290e-17
   30   72    3.453902e-21    2.990214e-22
   30   73    3.273270e-27    4.067550e-28
   31   64    1.528826e-27    5.060462e-28
   31   65    1.130670e-14    1.318129e-15
   31   66    3.436597e-19    5.424505e-20
   31   67    3.936138e-14    4.940913e-15
   31   68    7.879700e-15    9.345360e-16
   31   69    1.594811e-07   -3.044675e-13
   31   70    6.857456e-12    3.103710e-13
   31   71    1.407587e-07   -2.343680e-13
   31   72    5.178978e-12    2.336822e-13
   31   73    1.338378e-16    1.078283e-17
   31   74    5.671138e-22    6.621921e-23
   31   75    3.282561e-27    4.994147e-28
   32   66    5.183006e-23    1.159538e-23
   32   67    3.012802e-27    7.971196e-28
   32   68    2.196912e-21    4.216196e-22
   32   69    3.093279e-17    5.934334e-18
   32   70    2.286625e-07   -2.640980e-13
   32   71    5.844323e-12    2.648973e-13
   32   72    2.362075e-07   -6.307759e-14
   32   73    4.522682e-08   -2.328586e-15
   32   74    1.757490e-07   -6.313397e-14
   32   75    2.814674e-12    1.273025e-13
   32   76    1.249211e-11   -8.923436e-19
   32   77    5.880057e-17    2.653648e-18
   32   78    3.008988e-22    2.440075e-23
   32   79    2.453672e-28    3.040794e-29
   33   69    7.413464e-30    2.112136e-30
   33   70    2.074644e-25    6.371784e-26
   33   71    3.349352e-15    4.204058e-16
   33   72    1.809581e-19    3.174797e-20
   33   73    5.591871e-15    7.217905e-16
   33   74    2.661951e-16    2.978547e-17
   33   75    2.000509e-08   -1.530001e-13
   33   76    3.392783e-12    1.535071e-13
   33   77    1.202077e-16    9.221477e-18
   33   78    1.092446e-21    1.210640e-22
   33   79    2.908490e-26    4.396466e-27
   34   72    2.089015e-23    4.976642e-24
   34   73    7.711713e-26    2.319331e-26
   34   74    1.329989e-22    2.780875e-23
   34   75    1.913801e-16    2.833649e-17
   34   76    4.988773e-08   -8.314461e-14
   34   77    1.819024e-08    3.925703e-14
   34   78    7.041397e-08   -3.274582e-14
   34   79    1.628102e-12    7.647229e-14
   34   80    4.239242e-09   -2.485832e-15
   34   81    5.488818e-14    2.483510e-15
   34   82    3.172060e-12   -7.464351e-19
   34   83    1.765891e-17    7.861884e-19
   34   84    5.649181e-23    4.842068e-24
   34   85    3.158448e-30    1.221100e-31
   35   75    2.100986e-28    6.906808e-29
   35   76    1.192126e-23    3.210977e-24
   35   77    4.908902e-16    6.554297e-17
   35   78    1.282950e-16    1.594163e-17
   35   79    8.343749e-09   -7.059856e-14
   35   80    1.561649e-12    7.066903e-14
   35   81    7.274010e-09   -3.069922e-14
   35   82    6.785734e-13    3.070579e-14
   35   83    3.440323e-17    2.826789e-18
   35   84    2.869403e-22    3.509405e-23
   35   85    3.199074e-27    5.009865e-28
   36   77    5.122649e-28    1.605120e-28
   36   78    2.858928e-24    5.693153e-25
   36   79    6.585219e-18    1.135395e-18
   36   80    2.125759e-08   -6.789357e-14
   36   81    1.424349e-12    6.788703e-14
   36   82    5.111732e-08   -9.107625e-14
   36   83    1.567011e-08    4.419412e-14
   36   84    5.823893e-08   -8.802818e-15
   36   85    1.137611e-12    5.562287e-14
   36   86    4.641492e-10   -4.758878e-17
   36   87    1.099806e-15    4.900119e-17
   36   88    2.272076e-21    2.035368e-22
   36   89    1.015720e-27    7.274550e-29
   37   80    2.983099e-26    8.711268e-27
   37   81    7.559597e-17    1.033399e-17
   37   82    9.589043e-21    1.820077e-21
   37   83    2.349124e-16    3.263767e-17
   37   84    3.026450e-17    3.821913e-18
   37   85    8.461442e-09   -4.165275e-14
   37   86    9.688816e-13    4.167698e-14
   37   87    5.852992e-11   -2.510549e-17
   37   88    7.092117e-16    3.103175e-17
   37   89    6.837864e-21    5.502069e-22
   37   90    3.464248e-26    3.521274e-27
   38   82    1.147685e-25    2.958468e-26
   38   83    4.754926e-27    1.400829e-27
   38   84    3.212414e-24    1.446571e-25
   38   85    6.643456e-18    1.070306e-18
   38   86    1.977455e-08   -6.231714e-14
   38   87    1.264917e-08    8.990202e-15
   38   88    3.410636e-08    4.535067e-14
   38   89    1.627030e-13    7.963731e-15
   38   90    8.757932e-19    8.057244e-20
   38   91    2.010464e-24    2.752757e-25
   38   92    7.309993e-30    1.406015e-30
   39   86    2.564382e-25    7.143240e-26
   39   87    3.172542e-17    4.439099e-18
   39   88    2.196480e-17    3.060593e-18
   39   89    5.046955e-09   -6.356268e-15
   39   90    1.285194e-13    6.361920e-15
   39   91    3.678917e-18    3.272345e-19
   39   92    3.455189e-23    4.673769e-24
   39   93    8.396038e-28    1.538537e-28
   40   87    1.369201e-30    4.585288e-31
   40   88    2.268495e-26    5.969043e-27
   40   89    4.028396e-21    8.505041e-22
   40   90    2.223133e-09   -1.188796e-15
   40   91    5.705824e-10    2.284351e-16
   40   92    6.513861e-10    3.781414e-15
   40   93    1.936203e-10   -3.135126e-15
   40   94    4.140044e-10   -1.443387e-16
   40   95    8.882248e-15    4.594165e-16
   40   96    7.701121e-13   -7.915131e-19
   40   97    3.512173e-18    1.238640e-19
   40   98    9.265836e-24    8.839388e-25
   41   90    1.309056e-28    3.939270e-29
   41   91    1.280684e-18    1.816937e-19
   41   92    2.567764e-19    3.577347e-20
   41   93    7.195845e-14   -2.923407e-19
   41   94    8.074140e-18    3.702328e-19
   41   95    6.295226e-20    7.945121e-21
   41   96    1.442635e-21    3.940565e-23
   41   97    2.113835e-23    1.709097e-24
   41   98    1.241351e-26   -1.455943e-28
   42   92    3.794941e-17   -7.161283e-23
   42   93    1.488155e-21    7.702827e-23
   42   94    1.278035e-13    2.268444e-17
   42   95    3.569571e-11   -1.710472e-16
   42   96    8.222492e-11    5.764190e-16
   42   97    2.578267e-11   -5.305124e-16
   42   98    7.544051e-11    5.121510e-18
   42   99    2.071326e-15    9.730332e-17
   42  100    1.701060e-15    3.715706e-21
   42  101    2.659361e-20    7.826173e-22
   42  102    3.448248e-25    2.560810e-26
   42  103    1.027245e-30    1.304485e-31
   43   93    8.301180e-27    1.171449e-27
   43   94    2.120971e-28    5.317853e-29
   43   95    1.035223e-21    1.840464e-22
   43   96    6.575925e-21    9.305617e-22
   43   97    2.221597e-20    3.308739e-21
   43   98    5.319774e-21    1.272862e-21
   43   99    2.728052e-13   -1.511007e-18
   43  100    3.707372e-17    1.509488e-18
   43  101    3.976648e-21    2.903426e-22
   43  102    9.443809e-26    1.019252e-26
   44   96    3.534459e-26    7.886246e-31
   44   97    8.170694e-29    3.884814e-29
   44   98    1.420550e-17    3.441424e-18
   44   99    8.072870e-12   -5.382058e-17
   44  100    3.391426e-11    1.074178e-16
   44  101    7.023254e-12   -9.124845e-17
   44  102    1.530208e-14    3.417471e-17
   44  103    6.214382e-19    3.002001e-20
   44  104    4.784482e-18    1.439912e-20
   44  105    8.056512e-23    6.072709e-24
   44  106    1.279594e-27    1.691407e-28
   45   99    6.407401e-23    1.205001e-23
   45  100    3.476305e-22    5.335550e-23
   45  101    2.314714e-21    3.680444e-22
   45  102    7.632415e-21    2.221128e-21
   45  103    7.467664e-12   -6.412824e-17
   45  104    1.512366e-15    6.407668e-17
   45  105    2.604587e-19    2.046158e-20
   45  106    1.481592e-23    1.708317e-24
   45  107    3.401043e-27    4.692557e-28
   46  102    6.467742e-28    2.919637e-28
   46  103    1.296832e-21    3.634624e-22
   46  104    2.116095e-11   -6.855543e-17
   46  105    4.945623e-12    1.908682e-17
   46  106    2.265075e-11   -2.720318e-17
   46  107    1.565091e-15    7.671445e-17
   46  108    2.500940e-11   -5.785331e-17
   46  109    1.207794e-15    5.782360e-17
   46  110    1.001315e-14    1.928559e-20
   46  111    3.158954e-19    1.333270e-20
   46  112    1.378855e-23    1.101908e-24
   46  113    8.482466e-29    8.319175e-30
   47  104    2.854518e-26    7.132862e-27
   47  105    5.825053e-22    9.569163e-23
   47  106    2.242597e-21    6.590165e-22
   47  107    4.290159e-12   -6.336672e-17
   47  108    1.377123e-15    6.333700e-17
   47  109    6.597401e-12   -7.404916e-17
   47  110    1.708286e-15    7.398696e-17
   47  111    3.488201e-19    2.773355e-20
   47  112    2.384534e-23    2.786821e-24
   47  113    1.624332e-27    2.445310e-28
   48  106    2.678823e-29    7.896967e-30
   48  107    3.123650e-23    5.876385e-24
   48  108    3.602950e-13   -2.191508e-18
   48  109    4.409619e-17    2.195360e-18
   48  110    1.909754e-11    9.721102e-18
   48  111    4.587875e-12   -5.948570e-17
   48  112    2.054399e-11   -2.976930e-17
   48  113    1.559961e-15    7.965581e-17
   48  114    3.413563e-11   -8.265394e-17
   48  115    1.652183e-15    8.256640e-17
   48  116    2.673566e-15    4.939999e-21
   48  117    8.170400e-20    3.767683e-21
   48  118    2.872313e-24    2.432135e-25
   48  119    1.636362e-29    1.776677e-30
   49  108    3.523598e-30    9.669042e-31
   49  109    3.544732e-24    5.894142e-25
   49  110    4.546434e-26    1.101289e-26
   49  111    2.591032e-22    4.348625e-23
   49  112    4.839418e-21    1.440489e-21
   49  113    6.097171e-12   -1.349292e-16
   49  114    2.749743e-15    1.348342e-16
   49  115    7.346712e-19    6.294516e-20
   49  116    9.300392e-23    1.204949e-23
   49  117    1.143308e-24    8.405793e-27
   49  118    2.192208e-28    1.481823e-29
   49  119    2.463235e-29    4.218854e-30
   50  112    1.521517e-24    9.497607e-28
   50  113    2.443377e-23    4.329244e-24
   50  114    1.053315e-13    6.432589e-18
   50  115    5.383861e-12   -5.794070e-17
   50  116    3.958524e-11    8.703880e-17
   50  117    8.542437e-12   -9.347891e-17
   50  118    4.909253e-11    9.281729e-16
   50  119    1.176576e-11   -9.273368e-16
   50  120    6.577774e-11   -1.184722e-17
   50  121    1.331395e-15    6.897713e-17
   50  122    5.075861e-13   -3.100227e-19
   50  123    6.129582e-18    3.104088e-19
   50  124    5.881487e-14   -2.084687e-20
   50  125    3.794917e-19    1.848470e-20
   50  126    2.299319e-24    2.063028e-25
   50  127    2.229239e-30    3.010910e-31
   51  115    5.953759e-25    1.089515e-25
   51  116    2.256839e-23    3.803522e-24
   51  117    1.898336e-22    3.244811e-23
   51  118    3.496083e-23    5.841148e-24
   51  119    3.001913e-22    5.161637e-23
   51  120    1.474465e-20    4.293779e-21
   51  121    3.463517e-12   -3.620151e-17
   51  122    7.616077e-16    3.618559e-17
   51  123    8.945567e-14   -5.970406e-19
   51  124    1.330874e-17    6.086217e-19
   51  125    1.054265e-21    8.552526e-23
   51  126    2.926082e-26    3.609017e-27
   52  120    2.364976e-26    1.107671e-26
   52  121    1.513355e-21    4.663458e-22
   52  122    9.019493e-12    4.031145e-17
   52  123    3.001141e-12   -8.049338e-17
   52  124    1.533178e-11    6.344216e-16
   52  125    5.671621e-12   -6.375349e-16
   52  126    2.620144e-11   -1.257075e-17
   52  127    1.081035e-15    5.586963e-17
   52  128    5.697628e-13   -5.116635e-19
   52  129    1.048716e-17    6.066750e-19
   52  130    1.846922e-12   -7.975649e-19
   52  131    1.427833e-17    6.978437e-19
   52  132    8.575692e-23    7.818202e-24
   52  133    7.822871e-29    1.050078e-29
   53  122    4.038444e-27    1.017581e-27
   53  123    4.555374e-23    7.929838e-24
   53  124    5.717554e-24    9.717118e-25
   53  125    8.732511e-23    1.568839e-23
   53  126    2.560863e-20    7.372132e-21
   53  127    3.614995e-12   -3.171051e-17
   53  128    7.105080e-16    3.169695e-17
   53  129    7.214263e-20    5.850560e-21
   53  130    1.049621e-23    1.647178e-24
   53  131    1.162558e-21    3.857650e-24
   53  132    2.888995e-26    2.107151e-27
   54  126    1.113840e-25    5.115975e-26
   54  127    7.436032e-21    2.240251e-21
   54  128    9.378384e-12    7.022087e-17
   54  129    4.877594e-12   -1.177662e-16
   54  130    1.462423e-11    5.540704e-16
   54  131    6.633978e-12   -5.418796e-16
   54  132    4.009255e-11   -1.634437e-17
   54  133    1.016602e-15    5.169726e-17
   54  134    1.269181e-13   -7.131774e-20
   54  135    3.247473e-18    5.455586e-19
   54  136    8.091664e-12   -4.744731e-19
   54  137    2.140860e-20   -2.380732e-22
   54  138    1.001924e-24   -4.690994e-26
   55  128    1.474522e-26    3.563927e-27
   55  129    3.335687e-23    5.859005e-24
   55  130    5.036747e-24    8.751001e-25
   55  131    5.785585e-23    1.168952e-23
   55  132    5.960100e-20    1.694609e-20
   55  133    4.580140e-12   -3.302138e-17
   55  134    7.488562e-16    3.299945e-17
   55  135    6.343064e-20    4.993020e-21
   55  136    2.058985e-23    3.441428e-24
   55  137    2.207115e-21    6.775581e-26
   55  138    2.642534e-29   -5.948322e-31
   56  132    3.950168e-25    1.824128e-25
   56  133    2.004382e-20    5.959533e-21
   56  134    1.045164e-11    5.016284e-17
   56  135    5.105548e-12   -9.211135e-17
   56  136    3.450280e-11    7.361478e-16
   56  137    4.227724e-11   -7.612301e-16
   56  138    3.979961e-10    8.634611e-17
   56  139    1.209060e-16   -1.924225e-17
   56  140    1.976877e-21    3.824726e-23
   56  141    2.254559e-28   -3.042731e-30
   57  134    2.258068e-26    5.364251e-27
   57  135    1.058926e-23    1.926421e-24
   57  136    2.248467e-24    4.542148e-25
   57  137    7.198307e-23    1.542034e-23
   57  138    7.275559e-19    2.015957e-19
   57  139    3.735381e-11    2.410037e-17
   57  140    1.550987e-16   -2.430212e-17
   57  141    8.313690e-21    2.091824e-22
   57  142    7.440123e-27   -2.723581e-28
   58  138    2.046909e-23    5.128033e-24
   58  139    2.000316e-19    5.686471e-20
   58  140    9.289614e-11    2.881161e-17
   58  141    7.665603e-16    3.432486e-17
   58  142    9.154782e-14   -9.356833e-18
   58  143    7.391029e-19   -3.401028e-20
   58  144    4.220805e-23    5.997759e-24
   58  145    1.140509e-29    1.128397e-30
   59  139    1.152570e-26    5.446421e-27
   59  140    8.356579e-21    2.454203e-21
   59  141    7.804216e-12   -1.820626e-17
   59  142    5.107257e-16    1.820098e-17
   59  143    3.475334e-20    2.747649e-21
   59  144    7.857976e-25    4.257110e-26
   59  145    5.716690e-29    8.962319e-30
   60  140    4.759555e-28    2.311123e-28
   60  141    1.962892e-21    5.988740e-22
   60  142    1.833675e-11    4.096965e-15
   60  143    3.261791e-12   -4.059043e-15
   60  144    7.028494e-12    1.709254e-14
   60  145    1.499422e-12   -1.697581e-14
   60  146    4.720460e-12   -1.824511e-16
   60  147    1.059315e-16   -5.969276e-18
   60  148    1.554059e-15   -1.532754e-19
   60  149    7.093095e-21   -1.313799e-21
   60  150    2.528555e-21   -8.310769e-26
   60  151    4.556045e-26   -2.544181e-27
   61  142    7.449529e-29    1.990917e-29
   61  143    1.887438e-24    3.558946e-25
   61  144    4.556668e-25    9.091596e-26
   61  145    6.005461e-24    2.684625e-24
   61  146    2.534292e-22    9.150210e-23
   61  147    1.011107e-18    1.604642e-19
   61  148    1.046145e-22    1.441264e-23
   61  149    5.816399e-23    1.193952e-23
   61  150    3.942355e-27    2.486328e-28
   61  151    2.282329e-28    2.400583e-29
   62  144    3.535919e-20    5.326706e-26
   62  145    3.509612e-21    1.491184e-21
   62  146    3.257979e-15    6.984906e-16
   62  147    7.450088e-13   -7.152783e-16
   62  148    2.727691e-12    5.984083e-15
   62  149    4.657178e-13   -5.981737e-15
   62  150    1.600615e-12   -8.926273e-18
   62  151    1.597530e-16    5.469033e-18
   62  152    2.625815e-13   -1.427561e-18
   62  153    2.873979e-17    1.149312e-18
   62  154    1.429056e-15   -8.386602e-21
   62  155    1.016568e-19    2.906855e-21
   62  156    2.966218e-24    2.446973e-25
   62  157    1.546131e-29    3.230466e-31
   63  147    8.888648e-26    1.665119e-26
   63  148    1.087883e-25    5.114506e-26
   63  149    3.341764e-20    1.364509e-20
   63  150    1.211098e-18    3.039397e-19
   63  151    1.721669e-13   -3.550637e-18
   63  152    8.944321e-17    3.118079e-18
   63  153    2.281143e-13   -3.329323e-18
   63  154    8.686568e-17    3.281312e-18
   63  155    3.064384e-20    2.397702e-21
   63  156    2.702973e-24    3.068530e-25
   63  157    3.153869e-28    4.544512e-29
   64  149    3.771127e-28    2.209904e-28
   64  150    1.037992e-21    4.448946e-22
   64  151    5.919056e-19    1.599604e-19
   64  152    5.980960e-13   -1.093388e-17
   64  153    1.719421e-16    9.033506e-18
   64  154    7.804860e-13    2.388924e-16
   64  155    2.564666e-13   -2.441241e-16
   64  156    1.095558e-12    1.158856e-15
   64  157    4.719641e-13   -1.147470e-15
   64  158    2.906068e-12   -1.790421e-17
   64  159    3.110030e-16    1.171198e-17
   64  160    8.753861e-17   -1.623521e-21
   64  161    3.619451e-21   -1.950157e-22
   64  162    1.788879e-25    9.800172e-27
   65  152    7.188066e-29    1.720864e-29
   65  153    2.137986e-26    4.179279e-27
   65  154    5.837215e-28    1.344742e-28
   65  155    5.521468e-26    1.015400e-26
   65  156    1.684391e-26    3.816166e-27
   65  157    6.198526e-21    2.631844e-21
   65  158    2.790687e-18    7.220773e-19
   65  159    3.704620e-13   -6.017579e-18
   65  160    1.325579e-16    5.289978e-18
   65  161    3.571591e-20    2.894492e-21
   65  162    2.699753e-24    3.056142e-25
   65  163    2.365141e-28    3.615016e-29
   66  156    1.050023e-24    4.725928e-25
   66  157    5.679248e-21    1.620751e-21
   66  158    8.860368e-14   -2.119257e-18
   66  159    4.201728e-17    2.265383e-18
   66  160    8.769124e-13    3.774992e-16
   66  161    3.270598e-13   -3.806546e-16
   66  162    1.364417e-12    1.236844e-15
   66  163    2.391583e-13   -1.227715e-15
   66  164    6.032917e-13   -6.384677e-18
   66  165    3.594463e-17    2.648307e-19
   66  166    1.614587e-21    1.159935e-22
   66  167    7.778512e-27   -3.007498e-29
   67  159    1.345087e-27    2.625701e-28
   67  160    2.311123e-28    5.196071e-29
   67  161    2.385063e-26    4.432123e-27
   67  162    3.155444e-26    1.404036e-26
   67  163    3.862541e-20    1.622912e-20
   67  164    6.448722e-18    1.656393e-18
   67  165    4.842962e-13   -4.964306e-18
   67  166    1.450846e-16    3.288380e-18
   67  167    4.953820e-20    3.512065e-21
   67  168    2.028082e-24    9.351816e-26
   67  169    2.020550e-28    2.352647e-29
   68  162    4.397665e-23    1.956153e-23
   68  163    1.536777e-19    4.293117e-20
   68  164    6.707479e-13   -1.379388e-17
   68  165    2.695824e-16    1.415056e-17
   68  166    1.028254e-12    8.419331e-16
   68  167    4.029778e-13   -8.295034e-16
   68  168    1.667251e-12   -1.980844e-17
   68  169    1.813084e-16    7.289592e-18
   68  170    3.288201e-15   -3.040382e-19
   68  171    1.506424e-19   -2.375552e-21
   68  172    6.140612e-24    4.168148e-25
   68  173    1.491269e-29   -2.205642e-32
   69  164    1.049986e-29    2.581610e-30
   69  165    4.427355e-28    8.888117e-29
   69  166    2.011395e-27    9.670297e-28
   69  167    1.092717e-20    4.638036e-21
   69  168    7.284191e-18    1.865386e-18
   69  169    5.320151e-13   -8.679015e-18
   69  170    1.558454e-16    6.806150e-18
   69  171    3.293438e-20    3.059290e-21
   69  172    4.139487e-24    5.465503e-25
   69  173    1.119855e-26    8.311278e-28
   70  167    2.400720e-29    1.432652e-29
   70  168    6.042246e-22    2.638623e-22
   70  169    1.399593e-18    3.770147e-19
   70  170    8.249473e-13    2.772894e-16
   70  171    4.194596e-13   -2.797549e-16
   70  172    1.407224e-12    2.427028e-15
   70  173    6.831248e-13   -2.306926e-15
   70  174    3.155959e-12   -1.211283e-16
   70  175    2.029399e-16    4.742932e-18
   70  176    1.584639e-15   -1.556778e-18
   70  177    4.787135e-20   -1.055621e-21
   70  178    1.885557e-24    1.227012e-25
   71  170    5.388092e-29    1.251811e-29
   71  171    2.994740e-27    5.628039e-28
   71  172    2.126090e-25    1.199553e-25
   71  173    1.157425e-19    4.799516e-20
   71  174    2.800764e-17    6.959581e-18
   71  175    4.566674e-13    1.145945e-18
   71  176    9.217329e-16   -8.170646e-18
   71  177    3.997052e-19    1.679580e-20
   71  178    3.004961e-23    1.491415e-24
   71  179    3.845186e-27    4.178324e-28
   72  173    5.554734e-27    3.240297e-27
   72  174    1.053670e-20    4.505727e-21
   72  175    8.237774e-18    2.167701e-18
   72  176    1.200459e-12    1.490155e-15
   72  177    3.883550e-13   -1.450503e-15
   72  178    1.711961e-12    5.247733e-15
   72  179    4.552519e-13   -5.009972e-15
   72  180    2.772182e-12   -2.783238e-16
   72  181    1.513265e-16   -1.333426e-18
   72  182    6.790350e-21    4.913760e-22
   72  183    1.791468e-26   -1.663763e-28
   73  176    8.074157e-29    1.838808e-29
   73  177    5.722159e-25    3.127192e-25
   73  178    1.363499e-23    5.578525e-24
   73  179    5.466431e-17    1.194044e-17
   73  180    3.442627e-15    2.641592e-18
   73  181    7.183393e-13   -1.607300e-17
   73  182    1.403193e-16    1.490926e-18
   73  183    2.147183e-20    1.526367e-21
   73  184    1.436777e-25   -4.669800e-27
   73  185    3.999646e-29    1.756100e-30
   74  177    8.181286e-30    4.863073e-30
   74  178    4.470490e-23    1.956883e-23
   74  179    1.078707e-19    2.900647e-20
   74  180    5.383699e-14   -1.054302e-18
   74  181    4.500912e-17    7.807440e-18
   74  182    1.854491e-12    8.352263e-15
   74  183    8.891806e-13   -8.227931e-15
   74  184    2.060105e-12   -1.291523e-16
   74  185    2.578188e-16    1.973848e-17
   74  186    8.058606e-14   -2.143161e-17
   74  187    1.680251e-18   -1.832698e-19
   74  188    1.324675e-22    5.689482e-24
   74  189    3.358569e-29    1.494755e-31
   75  181    1.111669e-28    1.096227e-28
   75  182    3.457234e-25    1.961084e-25
   75  183    3.642094e-19    1.489870e-19
   75  184    2.186879e-17    5.446680e-18
   75  185    3.075698e-13   -8.723871e-18
   75  186    1.103069e-16    4.178115e-18
   75  187    6.949542e-15   -1.002975e-18
   75  188    9.307522e-19   -4.851909e-20
   75  189    3.931671e-22    2.027516e-23
   75  190    5.204464e-27   -2.419072e-28
   76  183    3.353036e-27    1.963762e-27
   76  184    1.043374e-20    4.473091e-21
   76  185    6.210537e-18    1.654088e-18
   76  186    1.084465e-12    1.896643e-15
   76  187    4.987922e-13   -1.899868e-15
   76  188    1.149004e-12    6.177024e-15
   76  189    3.545458e-13   -6.149910e-15
   76  190    1.474179e-12   -2.902894e-17
   76  191    1.222174e-16    4.973178e-18
   76  192    3.120370e-14   -1.573334e-18
   76  193    9.584735e-19   -4.959295e-21
   76  194    2.941281e-23    2.157414e-24
   76  195    1.685430e-28    1.230771e-29
   77  186    3.605767e-30    8.813222e-31
   77  187    1.269798e-28    2.533089e-29
   77  188    1.303791e-25    7.396958e-26
   77  189    9.292448e-20    3.850695e-20
   77  190    6.485538e-18    1.656944e-18
   77  191    3.293456e-13   -4.820431e-18
   77  192    1.198993e-16    6.415142e-18
   77  193    3.207938e-13   -3.590048e-18
   77  194    5.460336e-17    2.993328e-19
   77  195    6.279936e-21    4.815846e-22
   77  196    1.608221e-25    8.103343e-27
   77  197    1.121989e-29    2.191741e-30
   78  189    9.759096e-28    5.781384e-28
   78  190    4.238072e-21    1.833576e-21
   78  191    1.873216e-18    5.134534e-19
   78  192    1.093908e-12   -1.649093e-17
   78  193    3.129791e-16    1.833779e-17
   78  194    1.349003e-12    1.708121e-15
   78  195    3.914102e-13   -1.700076e-15
   78  196    2.342690e-12   -1.696419e-17
   78  197    1.495210e-16    6.655528e-18
   78  198    4.390246e-15   -1.043431e-19
   78  199    9.865338e-20    3.764454e-21
   78  200    1.120873e-24    9.828876e-26
   78  201    1.766236e-30    1.721753e-31
   79  192    9.597346e-30    2.226969e-30
   79  193    6.657053e-30    1.433749e-30
   79  194    1.540113e-26    8.826135e-27
   79  195    1.880403e-20    7.954935e-21
   79  196    8.136885e-18    2.109800e-18
   79  197    7.108381e-13   -7.534965e-18
   79  198    1.150069e-16    5.416364e-18
   79  199    9.784597e-21    8.465657e-22
   79  200    1.772860e-25    2.248436e-26
   79  201    3.991073e-29    9.196568e-30
   80  194    5.655789e-28    2.533653e-28
   80  195    2.772809e-24    7.812639e-25
   80  196    1.377908e-17    7.419693e-23
   80  197    1.982227e-18    5.413124e-19
   80  198    2.319788e-12    1.740851e-16
   80  199    1.055005e-12   -1.769480e-16
   80  200    3.399856e-12    7.294206e-16
   80  201    1.489872e-12   -7.138830e-16
   80  202    5.447741e-12   -1.740720e-17
   80  203    9.170768e-17    4.650320e-18
   80  204    8.827043e-14   -4.737841e-19
   80  205    3.932209e-19    1.459451e-20
   80  206    5.381096e-25    4.350674e-26
   81  198    2.222481e-29    5.139582e-30
   81  199    1.709997e-28    3.356353e-29
   81  200    3.573736e-27    1.919431e-27
   81  201    3.854529e-21    1.632414e-21
   81  202    2.745681e-17    6.994062e-18
   81  203    3.296816e-12   -1.237985e-17
   81  204    1.235960e-16    6.099953e-18
   81  205    2.532721e-13   -8.442063e-19
   81  206    3.062000e-18    1.288790e-19
   81  207    1.497367e-23    8.112125e-25
   82  201    1.891468e-30    1.121963e-30
   82  202    4.021032e-23    1.753893e-23
   82  203    1.394620e-18    3.739662e-19
   82  204    4.899739e-12    1.571216e-16
   82  205    9.271477e-12   -1.569955e-16
   82  206    4.706497e-11    1.423755e-15
   82  207    6.282268e-11   -1.346303e-15
   82  208    1.298626e-10   -7.794996e-17
   82  209    2.430232e-19   -1.973396e-21
   82  210    1.767592e-25   -1.085853e-25
   83  204    1.462047e-30    3.791165e-31
   83  205    2.690187e-28    5.790388e-29
   83  206    1.763996e-27    9.379574e-28
   83  207    3.053603e-21    1.265430e-21
   83  208    2.265889e-17    5.515451e-18
   83  209    3.106557e-12   -5.516118e-18
   83  210    4.690604e-20   -1.071533e-21
   83  211    1.033411e-26   -5.234549e-27
   84  209    4.172242e-30    1.043284e-30
   84  210    1.834856e-24   -6.482446e-28
    0    1    9.470454e-16    1.100161e-16
    1    1    4.411945e-13    3.730390e-14
    2    4    8.862642e-10    4.900933e-11
