2.0000e+01
1.3795e-01
5.1724e-01
4.5511e+03
    1    3    1.207574e-22   -5.365432e-29
    2    3    1.703812e-21   -1.477432e-29
    3    6    2.308762e-26   -2.076708e-36
    3    7    2.202010e-26    5.363049e-29
    4    7    3.556371e-27    1.479780e-29
    4    8    3.959375e-17    0.000000e+00
    4   10    2.921893e-29   -3.256393e-40
    5   10    3.209740e-24   -3.530169e-32
    5   11    1.840988e-19    3.569546e-24
    6   11    4.566755e-20   -3.570985e-24
    6   12    6.798155e-04   -2.168404e-19
    6   13    5.038805e-11   -3.421152e-20
    6   14    1.696111e-10   -8.961985e-23
    7   13    3.330337e-22    8.865969e-24
    7   14    9.978825e-12    4.853305e-17
    7   15    2.161136e-09    3.533212e-17
    7   16    2.141695e-23   -2.869118e-25
    7   17    2.385698e-28   -5.470626e-30
    8   14    3.582786e-14   -4.841934e-17
    8   15    4.500709e-14   -3.533406e-17
    8   16    4.582835e-02    0.000000e+00
    8   17    7.648668e-10   -2.174244e-21
    8   18    1.691614e-09    6.042549e-17
    8   19    9.663444e-19   -3.409728e-21
    8   20    3.439345e-25   -2.436138e-27
    9   17    9.993587e-21    3.619560e-23
    9   18    4.159435e-12   -6.042728e-17
    9   19    1.966592e-11    1.747838e-19
    9   20    4.390949e-16   -3.760934e-18
    9   21    2.545494e-20   -5.851099e-22
    9   22    2.035894e-27   -4.602295e-29
   10   18    4.634743e-28   -2.653736e-29
   10   19    3.086193e-17   -1.713760e-19
   10   20    8.378656e-03    3.469447e-18
   10   21    1.815632e-05    1.644386e-15
   10   22    2.454385e-06    1.425133e-18
   10   23    7.694589e-13   -1.977886e-15
   10   24    1.215912e-15   -5.733168e-19
   11   21    3.866380e-13   -1.644616e-15
   11   22    1.257000e-09   -1.464855e-18
   11   23    1.597743e-04    3.555384e-09
   11   24    4.965826e-08   -8.816652e-14
   11   25    7.916346e-12   -1.270099e-14
   11   26    1.323515e-22   -1.182773e-23
   12   22    3.915309e-22   -9.699243e-24
   12   23    4.201535e-07   -3.555382e-09
   12   24    2.043008e-03    8.816732e-14
   12   25    4.246104e-04    1.281142e-14
   12   26    2.762869e-04    6.119423e-10
   12   27    4.426030e-09   -7.456426e-13
   12   28    1.144872e-12   -1.454941e-18
   12   29    4.365331e-27   -3.829565e-28
   13   24    2.114479e-21   -9.768172e-23
   13   25    8.285181e-15   -1.103409e-16
   13   26    6.719968e-05   -6.119423e-10
   13   27    2.545165e-04    3.679448e-08
   13   28    9.839562e-07   -6.981886e-10
   13   29    4.337386e-10   -1.047348e-13
   13   30    3.043338e-17   -8.083591e-19
   13   31    1.134080e-27   -1.683908e-28
   14   26    1.016536e-15   -4.398326e-17
   14   27    1.600694e-06   -3.679373e-08
   14   28    2.434145e-04    6.981886e-10
   14   29    6.894112e-05    1.048752e-13
   14   30    3.018392e-05    6.318170e-11
   14   31    1.311271e-08   -1.329369e-13
   14   32    6.877442e-12   -2.061837e-22
   14   33    1.447278e-20   -2.239356e-22
   14   34    2.719908e-26   -9.389309e-28
   15   28    2.665873e-26    2.319427e-27
   15   29    6.020933e-15   -1.404229e-16
   15   30    9.911173e-08   -6.318170e-11
   15   31    2.147846e-06    5.436400e-13
   15   32    2.745147e-09   -2.124616e-16
   15   33    1.308960e-10   -5.725545e-18
   15   34    1.907691e-15   -1.471108e-17
   15   35    1.075193e-18   -2.169027e-21
   15   36    4.288448e-30   -7.643444e-32
   16   30    1.801760e-17   -1.460070e-18
   16   31    1.108124e-11   -4.107030e-13
   16   32    1.321434e-06    2.124619e-16
   16   33    3.173914e-08    6.723218e-18
   16   34    2.855240e-07    3.074725e-16
   16   35    2.932489e-10   -3.706941e-18
   16   36    1.206618e-12    5.674750e-26
   16   37    1.109586e-20   -3.536681e-24
   16   38    7.127762e-25   -6.689945e-30
   17   33    2.618147e-17   -9.974175e-19
   17   34    6.335798e-15   -2.927615e-16
   17   35    1.078502e-08    3.753987e-18
   17   36    3.249511e-11    6.139231e-25
   17   37    7.421636e-13    8.777541e-20
   17   38    1.230598e-17   -5.274885e-22
   17   39    8.160011e-21   -2.322258e-25
   17   40    3.906142e-26   -4.611291e-29
   18   34    1.395888e-26   -1.581492e-27
   18   35    8.350265e-19   -4.485795e-20
   18   36    8.576933e-10    3.101927e-25
   18   37    2.775730e-12   -8.777179e-20
   18   38    2.800670e-10    9.844623e-20
   18   39    1.968928e-13   -1.977731e-24
   18   40    1.502648e-13    1.767048e-28
   18   41    1.312996e-17   -1.905750e-22
   18   42    7.721752e-21   -7.087753e-31
   18   43    4.532547e-26   -1.345155e-29
   18   44    1.210903e-28   -1.625800e-32
   19   37    3.766024e-25   -2.063893e-26
   19   38    1.182287e-16   -9.791877e-20
   19   39    4.468330e-12    2.224663e-24
   19   40    1.810007e-14    5.017155e-28
   19   41    1.664309e-14    1.905758e-22
   19   42    7.903329e-17   -1.698371e-22
   19   43    2.729047e-15   -3.265212e-21
   19   44    3.685623e-18   -2.645851e-22
   19   45    5.260867e-21   -4.710242e-25
   19   46    8.099337e-25   -6.734545e-28
   19   47    8.859297e-29   -4.840853e-31
   20   39    2.827425e-26   -3.143773e-27
   20   40    4.011694e-14    6.310887e-30
   20   41    8.296946e-15   -2.571687e-28
   20   42    4.745049e-08    1.654361e-22
   20   43    1.451498e-08    7.072961e-17
   20   44    7.022100e-08    3.555686e-16
   20   45    1.949574e-10   -1.323724e-18
   20   46    2.012507e-10    2.481631e-18
   20   47    3.361039e-13   -8.193236e-20
   20   48    2.254233e-09    0.000000e+00
   20   49    1.051241e-15   -1.921288e-19
   20   50    2.151012e-21   -1.479747e-23
   20   51    1.155498e-29   -1.104911e-31
   21   42    1.006406e-28   -1.458556e-29
   21   43    1.035797e-11   -7.072634e-17
   21   44    5.338910e-11   -3.555684e-16
   21   45    6.767457e-09    6.161535e-18
   21   46    1.878875e-10   -4.962512e-18
   21   47    2.516341e-12   -7.494050e-19
   21   48    3.704885e-11   -2.253369e-17
   21   49    1.104531e-12   -3.058225e-17
   21   50    1.423763e-17   -1.333252e-20
   21   51    4.268035e-22   -3.291276e-24
   21   52    7.009042e-29   -8.377786e-31
   22   44    8.279879e-14   -5.307658e-24
   22   45    5.609738e-13   -4.837810e-18
   22   46    2.004798e-08    2.480883e-18
   22   47    7.850233e-09    4.124077e-16
   22   48    1.441119e-08    2.339788e-17
   22   49    1.720630e-08    3.108448e-17
   22   50    5.601343e-08    1.334739e-20
   22   51    8.503949e-12   -2.336670e-15
   22   52    8.694624e-15   -8.150932e-18
   22   53    1.461395e-20   -4.273437e-23
   23   46    4.941929e-29   -1.111769e-29
   23   47    8.418998e-12   -4.115764e-16
   23   48    1.247047e-11   -8.636487e-19
   23   49    9.246052e-11   -7.081902e-20
   23   50    2.644629e-11    4.846761e-26
   23   51    4.967405e-09    2.337100e-15
   23   52    4.089697e-11   -1.737258e-14
   23   53    5.951339e-14   -5.927918e-17
   23   54    7.621448e-19   -1.463411e-21
   23   55    7.439436e-23   -1.094423e-24
   24   48    4.392165e-16   -5.401060e-22
   24   49    6.306080e-15   -2.392858e-19
   24   50    1.013144e-12   -4.038968e-28
   24   51    1.076092e-11   -4.226789e-19
   24   52    5.564979e-08    1.738073e-14
   24   53    1.064436e-08    5.927922e-17
   24   54    1.368033e-07    3.627948e-19
   24   55    1.407848e-11   -6.410545e-15
   24   56    2.959072e-14   -7.993009e-18
   24   57    2.783173e-20   -1.261287e-22
   24   58    5.133633e-24   -3.773172e-26
   25   51    2.105458e-16   -7.262901e-21
   25   52    4.359590e-15   -1.111198e-21
   25   53    5.156895e-11    1.899543e-22
   25   54    1.019258e-10   -3.613247e-19
   25   55    3.443662e-08    6.410668e-15
   25   56    2.287678e-10   -2.347231e-15
   25   57    7.123828e-13   -7.568867e-16
   25   58    7.677079e-19   -2.446982e-20
   25   59    5.335535e-21   -1.109119e-22
   25   60    2.271330e-28   -1.206609e-29
   26   52    4.351154e-21   -1.397562e-26
   26   53    1.014719e-18   -1.900299e-22
   26   54    4.404660e-09    0.000000e+00
   26   55    1.100478e-10    3.753352e-19
   26   56    1.773717e-06    2.355224e-15
   26   57    9.790806e-07    7.627845e-16
   26   58    5.177833e-06    9.818806e-18
   26   59    3.030915e-09   -7.437968e-17
   26   60    1.153594e-11    2.294134e-25
   26   61    6.041841e-17   -1.604809e-20
   26   62    3.280299e-20   -4.612766e-23
   26   63    3.637353e-27   -2.348479e-29
   27   55    3.294663e-13   -4.989209e-19
   27   56    2.203458e-14   -3.094112e-22
   27   57    1.445784e-09   -5.897767e-18
   27   58    6.264111e-10   -9.910820e-18
   27   59    2.017029e-06    7.437966e-17
   27   60    2.026145e-08   -1.306714e-13
   27   61    1.589709e-10   -2.559090e-15
   27   62    4.450077e-14   -2.320290e-17
   27   63    1.071632e-16   -3.726238e-19
   27   65    5.259260e-25   -5.857207e-27
   28   56    1.151897e-18   -2.090011e-25
   28   57    5.947152e-17   -4.388051e-23
   28   58    6.120139e-10    1.157734e-19
   28   59    7.367974e-10    2.264438e-20
   28   60    2.657503e-06    1.306716e-13
   28   61    1.000024e-06    3.185210e-15
   28   62    2.296134e-06    4.355831e-14
   28   63    7.567220e-09    1.439013e-19
   28   64    1.388732e-06    1.994886e-14
   28   65    1.312306e-10   -1.383220e-15
   28   66    5.296207e-13   -2.576584e-19
   28   67    2.021956e-18   -1.074138e-20
   28   68    2.429033e-21   -3.045763e-24
   28   69    9.837097e-29   -4.787000e-31
   29   58    3.210498e-28   -9.593610e-30
   29   59    1.944449e-17   -2.267472e-20
   29   60    3.004613e-15   -2.081941e-19
   29   61    8.014396e-11   -6.261042e-16
   29   62    2.660679e-10   -4.353508e-14
   29   63    8.298954e-07    7.005810e-18
   29   64    2.326381e-08   -3.941102e-14
   29   65    1.073422e-06    1.452322e-15
   29   66    2.726721e-09   -8.520722e-13
   29   67    7.411414e-11   -3.179280e-17
   29   68    4.499825e-15   -1.448568e-17
   29   69    2.436177e-17   -1.294181e-20
   29   70    5.832976e-24   -9.426989e-26
   29   71    8.939127e-27   -1.126342e-28
   30   60    2.451362e-23   -1.627802e-26
   30   61    4.597608e-20   -4.884830e-23
   30   62    9.459035e-15   -2.751804e-20
   30   63    1.620148e-13   -6.777016e-18
   30   64    8.269493e-07    1.946216e-14
   30   65    1.523466e-08    1.525527e-17
   30   66    1.436135e-06    8.520743e-13
   30   67    1.399196e-07    1.399030e-16
   30   68    1.332088e-06    1.229346e-15
   30   69    3.728442e-10   -1.076587e-14
   30   70    1.750859e-10    2.346115e-13
   30   71    4.627767e-15   -2.237176e-18
   30   72    7.709900e-17   -4.403850e-23
   30   73    2.512182e-22   -1.022217e-24
   30   74    4.905013e-25   -4.937132e-28
   31   63    2.299321e-24   -7.002121e-27
   31   64    3.767577e-20   -2.291758e-23
   31   65    7.939828e-13   -8.435800e-17
   31   66    6.508650e-13   -1.838893e-18
   31   67    3.186441e-10   -1.080961e-16
   31   68    5.206452e-11   -1.214860e-15
   31   69    1.564175e-07    1.076792e-14
   31   70    3.112039e-09   -4.691105e-13
   31   71    1.406970e-07    5.106403e-16
   31   72    1.017174e-10   -1.916121e-16
   31   73    3.230684e-12   -1.765762e-17
   31   74    7.697495e-16   -1.467193e-19
   31   75    5.369893e-18   -4.075261e-21
   31   76    2.890082e-23   -1.019760e-25
   31   77    4.453744e-26   -3.275980e-28
   32   64    3.266081e-30   -4.879829e-33
   32   65    7.242554e-26   -2.234254e-28
   32   66    2.478773e-17   -2.862631e-22
   32   67    3.633231e-17   -3.096416e-21
   32   68    5.983915e-14   -2.299558e-22
   32   69    2.993064e-12   -2.038412e-18
   32   70    2.234856e-07    2.344990e-13
   32   71    5.145112e-09   -5.059956e-16
   32   72    2.746793e-07    1.925279e-16
   32   73    6.229190e-09    1.857930e-17
   32   74    1.761547e-07    3.854794e-19
   32   75    1.872063e-10   -2.626072e-15
   32   76    1.513511e-11    4.639520e-16
   32   77    1.677722e-15   -1.276695e-20
   32   78    1.293192e-17   -2.342007e-22
   32   79    9.276939e-23   -4.668856e-25
   32   80    1.483100e-25   -4.807382e-28
   33   67    3.459325e-28   -7.783228e-31
   33   68    8.184938e-25   -5.155854e-28
   33   69    3.965260e-21   -4.185074e-25
   33   70    1.435419e-17   -4.316287e-22
   33   71    5.801031e-12   -2.407550e-18
   33   72    8.963856e-13   -9.156832e-19
   33   73    6.686140e-11   -9.208633e-19
   33   74    3.835083e-12   -3.152794e-19
   33   75    1.958096e-08    2.626112e-15
   33   76    4.518312e-10   -9.185355e-16
   33   77    2.089926e-11   -1.429476e-17
   33   78    1.851792e-14   -3.276760e-19
   33   79    4.510282e-16   -8.765894e-20
   33   80    5.042146e-20   -3.171969e-22
   33   81    5.729084e-22   -1.611267e-24
   33   82    1.389539e-27   -9.490761e-30
   34   70    3.034490e-24   -1.176654e-28
   34   71    9.966878e-22   -3.351124e-25
   34   72    5.159988e-16   -6.718686e-23
   34   73    1.596578e-16   -6.803291e-22
   34   74    4.292472e-14    7.643330e-20
   34   75    3.847475e-12   -3.548194e-20
   34   76    5.343845e-08    4.545839e-16
   34   77    1.381625e-08    1.748674e-17
   34   78    7.045385e-08    2.982600e-16
   34   79    7.588855e-10    8.766987e-20
   34   80    4.250400e-09    5.375988e-15
   34   81    8.019384e-12   -4.243574e-16
   34   82    3.332329e-12    2.826488e-16
   34   83    1.331995e-16   -9.772186e-21
   34   84    5.618763e-19   -2.888595e-22
   34   85    2.136058e-26   -6.189541e-29
   35   72    3.480946e-30   -4.267388e-33
   35   73    4.848387e-24   -2.341479e-27
   35   74    2.529834e-22   -1.489047e-26
   35   75    2.618007e-19   -4.346168e-24
   35   76    2.305595e-16   -3.827452e-22
   35   77    6.822708e-12   -3.179173e-18
   35   78    1.207658e-12   -2.979619e-16
   35   79    7.208379e-09    2.120039e-19
   35   80    1.041612e-09   -9.186725e-14
   35   81    6.959375e-09    4.243574e-16
   35   82    3.756407e-10   -8.217017e-16
   35   83    2.085780e-11   -2.308315e-16
   35   84    2.286753e-14   -1.225257e-18
   35   85    2.259312e-16   -1.254588e-19
   35   86    1.155635e-22   -2.046367e-25
   35   87    7.923167e-28   -1.360199e-30
   36   74    7.106028e-29   -9.847823e-33
   36   75    3.250053e-27   -1.151030e-30
   36   76    2.705576e-21   -4.922343e-27
   36   77    1.139677e-18   -2.441274e-23
   36   78    1.519160e-15    2.983886e-20
   36   79    2.785669e-13   -2.120094e-19
   36   80    1.967053e-08    8.649127e-14
   36   81    1.497984e-09    4.673547e-18
   36   82    5.180426e-08    5.396235e-16
   36   83    1.406610e-08    2.308906e-16
   36   84    5.846919e-08    1.245363e-18
   36   85    7.668641e-10   -9.164830e-20
   36   86    4.803872e-10    4.867684e-17
   36   87    3.041946e-15   -6.378891e-20
   36   88    3.511498e-19   -3.285503e-24
   36   89    1.537393e-25   -7.704851e-29
   37   77    2.343767e-29   -9.577652e-33
   37   78    1.438191e-25   -3.820065e-29
   37   79    2.242801e-21   -1.554070e-25
   37   80    1.920114e-18   -6.120181e-21
   37   81    8.058517e-13   -4.673538e-18
   37   82    1.353550e-13   -5.706483e-19
   37   83    3.836103e-12   -4.924736e-20
   37   84    5.872481e-13   -1.982273e-20
   37   85    7.587549e-09    2.205015e-19
   37   86    8.194478e-10   -9.692713e-17
   37   87    1.172532e-10    6.379243e-20
   37   88    8.534846e-15   -7.641518e-19
   37   89    4.899521e-18   -5.137107e-22
   37   90    4.952531e-23   -3.095244e-26
   37   91    2.021541e-27   -3.332826e-30
   38   80    5.272665e-24   -7.780601e-29
   38   81    3.697294e-21   -2.654230e-25
   38   82    2.167813e-17   -9.408949e-25
   38   83    7.805230e-18   -6.396700e-24
   38   84    4.236729e-16    8.105202e-24
   38   85    1.989610e-13   -3.392812e-21
   38   86    1.828208e-08    4.825029e-17
   38   87    1.283978e-08    1.577665e-19
   38   88    3.539778e-08    7.682986e-19
   38   89    9.056397e-12   -1.979640e-19
   38   90    6.381654e-14   -6.679254e-24
   38   91    2.001374e-18   -5.595721e-24
   38   92    5.759966e-22   -5.645556e-27
   38   93    1.740408e-27   -3.748229e-31
   39   82    4.223051e-29   -4.250728e-31
   39   83    3.246714e-24   -1.815537e-27
   39   84    2.068213e-25   -4.299274e-27
   39   85    7.240219e-21   -7.122716e-26
   39   86    4.366076e-18   -7.867439e-24
   39   87    4.769741e-13   -1.577693e-19
   39   88    3.961604e-13   -4.113079e-21
   39   89    5.036532e-09    1.988253e-19
   39   90    1.094359e-11   -4.534096e-18
   39   91    2.997462e-13   -5.665641e-21
   39   92    1.342933e-16   -1.007959e-21
   39   93    4.112397e-19   -1.070895e-24
   39   94    6.562346e-23   -5.592750e-27
   39   95    1.699515e-26   -2.629639e-30
   40   84    1.342268e-29   -4.278334e-33
   40   85    1.525692e-29   -3.077856e-33
   40   86    8.082646e-24   -1.301095e-29
   40   87    7.657931e-21   -1.271298e-25
   40   88    6.415379e-18   -8.513349e-26
   40   89    1.021530e-15   -3.461000e-22
   40   90    2.578630e-09    4.534105e-18
   40   91    2.440416e-10    5.672184e-21
   40   92    9.752933e-10    1.007713e-21
   40   93    9.035761e-12    1.607509e-24
   40   94    2.463328e-10   -1.033976e-25
   40   95    1.481434e-13   -2.561508e-21
   40   96    7.317262e-14   -2.906526e-23
   40   97    3.757085e-19   -5.904994e-25
   40   98    5.125873e-24   -1.581121e-26
   41   88    4.748279e-27   -5.291831e-31
   41   89    1.509138e-23   -3.644134e-28
   41   90    1.012515e-20   -1.842102e-26
   41   91    2.553676e-14   -1.134256e-25
   41   92    5.036748e-15   -8.904136e-22
   41   93    8.076895e-14    2.429692e-26
   41   94    1.427786e-15    7.040584e-29
   41   95    5.526936e-16    2.544168e-21
   41   96    1.857791e-18    2.695651e-23
   41   97    5.312996e-20   -5.855126e-25
   41   98    5.514316e-25   -2.371292e-27
   41   99    3.437036e-28   -2.191054e-30
   42   90    2.029155e-28   -9.455451e-34
   42   91    4.336911e-24   -4.459183e-28
   42   92    1.316470e-16    8.904136e-22
   42   93    7.292272e-15   -3.743934e-27
   42   94    2.115941e-11    2.714186e-25
   42   95    1.356864e-11    1.781669e-22
   42   96    1.167409e-10    2.202368e-23
   42   97    6.358554e-13    1.327710e-24
   42   98    6.715072e-11   -3.877409e-26
   42   99    6.443825e-15   -2.592114e-21
   42  100    1.442133e-15    4.231771e-19
   42  101    1.970313e-20   -2.150746e-24
   42  102    1.484026e-22   -2.150102e-26
   42  103    1.012697e-27   -1.613931e-30
   43   92    1.208003e-30   -4.375454e-34
   43   93    2.634140e-22   -2.591390e-27
   43   94    5.507267e-20   -2.985463e-25
   43   95    1.210094e-16   -1.607160e-22
   43   96    7.776367e-17   -2.199815e-23
   43   97    8.230962e-15    8.078937e-23
   43   98    6.363960e-16    5.285368e-29
   43   99    2.644500e-13    2.592161e-21
   43  100    6.992290e-17   -8.463542e-19
   43  101    2.756067e-17   -3.069414e-21
   43  102    2.617225e-22   -4.700458e-24
   43  103    3.749155e-23   -7.169863e-26
   43  104    2.994010e-27   -2.636222e-31
   44   94    8.774227e-27   -2.699515e-31
   44   95    1.449528e-23   -2.333442e-28
   44   96    3.189499e-18    1.983867e-24
   44   97    2.117007e-16   -8.078936e-23
   44   98    3.595306e-12    1.235924e-25
   44   99    3.747253e-12    6.640063e-25
   44  100    4.137298e-11    4.231920e-19
   44  101    1.938255e-13    3.100008e-21
   44  102    1.161177e-13    8.953079e-24
   44  103    7.144255e-17   -1.935001e-24
   44  104    8.687536e-15    4.462442e-17
   44  105    1.829558e-20   -1.094713e-25
   44  106    6.857070e-23   -2.067225e-31
   44  107    1.264860e-27   -4.799559e-31
   45   97    2.355257e-24   -8.530837e-29
   45   98    2.894756e-22   -1.318108e-25
   45   99    9.777268e-18   -6.763314e-25
   45  100    1.171623e-17   -1.496098e-23
   45  101    3.089741e-14   -2.827809e-23
   45  102    4.048382e-15   -4.285853e-24
   45  103    7.390167e-12    6.302664e-22
   45  104    1.974028e-14   -8.924884e-17
   45  105    6.853576e-15   -5.143958e-21
   45  106    4.099818e-18   -1.315550e-20
   45  107    2.929909e-19   -2.151799e-23
   45  108    4.030395e-23   -2.294021e-25
   45  109    7.661161e-25   -9.157211e-28
   45  110    1.049746e-30   -3.345952e-32
   46   98    3.456446e-29   -3.060299e-33
   46   99    4.937364e-26   -3.676950e-30
   46  100    1.406734e-22   -4.207754e-29
   46  101    2.909858e-20   -9.125525e-26
   46  102    2.490517e-15    5.584307e-26
   46  103    9.628350e-15   -6.278539e-22
   46  104    2.539053e-11    4.462443e-17
   46  105    4.791100e-13    5.299315e-21
   46  106    2.336939e-11    4.029564e-19
   46  107    4.668546e-14    2.156293e-23
   46  108    2.447731e-11    4.640083e-17
   46  109    1.126953e-14   -2.185819e-20
   46  110    1.636424e-14    2.728640e-17
   46  111    6.021088e-19   -4.112494e-23
   46  112    1.257994e-20   -1.588978e-26
   46  113    1.068708e-25   -1.098843e-28
   47  101    8.403914e-30   -1.206606e-33
   47  102    4.290504e-26   -5.300635e-30
   47  103    1.895367e-20   -4.597632e-25
   47  104    5.049981e-19   -1.163029e-23
   47  105    5.789682e-15   -1.551790e-22
   47  106    5.860318e-15   -3.936923e-19
   47  107    4.287637e-12    1.618665e-22
   47  108    6.900299e-14   -9.122718e-17
   47  109    6.483586e-12    2.192405e-20
   47  110    7.019772e-15   -5.449107e-17
   47  111    3.428297e-15   -4.678973e-22
   47  112    3.233019e-18   -2.734236e-23
   47  113    1.167088e-19   -5.781105e-25
   47  114    6.384221e-25   -1.327114e-26
   47  115    6.875873e-26   -5.479043e-30
   48  103    3.817978e-30   -8.335247e-34
   48  104    3.926842e-25   -1.084620e-29
   48  105    1.528548e-22   -4.389274e-27
   48  106    3.844477e-18    3.891428e-21
   48  107    3.961997e-17   -1.619044e-22
   48  108    3.628621e-13    4.482635e-17
   48  109    2.753581e-14   -5.710147e-23
   48  110    2.349444e-11    2.720469e-17
   48  111    1.896897e-13    1.081916e-20
   48  112    2.189609e-11    5.030026e-19
   48  113    3.315178e-14    6.207894e-25
   48  114    3.274300e-11    8.875511e-17
   48  115    1.054458e-14   -5.251306e-21
   48  116    2.866788e-15    1.073500e-19
   48  117    2.095361e-19   -2.236187e-24
   48  118    4.083380e-21   -1.292914e-25
   48  119    3.695347e-26   -2.194759e-29
   49  106    2.996141e-30   -7.701510e-34
   49  107    6.390500e-25   -3.143372e-29
   49  108    3.743110e-23   -1.028517e-27
   49  109    1.387740e-18   -8.776340e-24
   49  110    4.533289e-18   -2.457470e-23
   49  111    2.612911e-14   -1.031003e-20
   49  112    4.724575e-15   -7.243354e-19
   49  113    5.938882e-12    3.190785e-24
   49  114    6.673656e-14   -1.770666e-16
   49  115    3.311807e-14    5.251348e-21
   49  116    1.582935e-17   -2.146784e-19
   49  117    8.096736e-18   -2.966918e-22
   49  118    4.286247e-22   -8.067947e-24
   49  119    1.192315e-22   -7.915252e-26
   49  120    3.819379e-28   -1.185772e-29
   49  121    5.763715e-29   -2.385869e-31
   50  109    2.517999e-28   -2.229409e-32
   50  110    1.047785e-23   -6.771492e-29
   50  111    8.577922e-22   -3.872708e-26
   50  112    9.980547e-17    2.213601e-19
   50  113    3.385450e-16   -3.255396e-24
   50  114    4.263780e-12    8.831153e-17
   50  115    7.115610e-13    2.195098e-23
   50  116    4.859028e-11    1.073493e-19
   50  117    2.764006e-13    2.359745e-21
   50  118    6.251801e-11    2.496412e-20
   50  119    9.362558e-14    4.709695e-20
   50  120    6.383677e-11    1.348283e-19
   50  121    2.408510e-14   -2.366897e-20
   50  122    4.745683e-13    4.520910e-21
   50  123    6.955010e-17   -5.936600e-25
   50  124    4.659889e-14    2.104340e-24
   50  125    1.960282e-18   -2.250175e-25
   50  126    1.669505e-20    6.740755e-34
   50  127    2.203515e-25   -2.787099e-30
   50  128    3.549973e-28    0.000000e+00
   51  113    2.355012e-25   -5.626965e-29
   51  114    9.418363e-24   -4.300882e-27
   51  115    4.419935e-19   -2.194421e-23
   51  116    2.086292e-19   -2.104378e-23
   51  117    2.172331e-16   -2.060747e-21
   51  118    5.637272e-17   -2.495571e-20
   51  119    6.771674e-14   -4.709420e-20
   51  120    1.344308e-15   -1.355471e-19
   51  121    3.387377e-12    2.383260e-20
   51  122    1.112662e-14   -8.939004e-21
   51  123    8.564001e-14    5.936399e-25
   51  124    1.144612e-16   -4.208727e-24
   51  125    7.453998e-18    2.168438e-25
   51  126    2.595844e-21   -2.319602e-28
   51  127    3.757813e-23   -8.003676e-30
   51  128    2.628244e-27   -7.756948e-33
   51  129    5.370754e-27   -3.250328e-32
   51  130    3.061387e-29   -1.235174e-33
   52  116    1.706671e-24   -1.820575e-29
   52  117    1.263046e-23   -3.246647e-28
   52  118    1.443590e-18   -2.662834e-25
   52  119    1.578427e-18   -2.615363e-24
   52  120    2.045453e-14    7.187457e-22
   52  121    2.480627e-15   -1.632632e-22
   52  122    1.204280e-11    4.434485e-21
   52  123    9.817690e-14    5.409769e-22
   52  124    2.195597e-11    1.217830e-23
   52  125    5.312219e-14    1.774829e-21
   52  126    2.513969e-11    1.888621e-22
   52  127    1.646014e-14   -4.670335e-20
   52  128    9.429324e-13    8.108684e-19
   52  129    6.451718e-16   -1.475905e-20
   52  130    1.370191e-12    2.603115e-24
   52  131    8.625779e-17   -5.498793e-21
   52  132    7.191836e-19   -2.482631e-25
   52  133    1.669854e-23   -2.128994e-27
   53  119    8.046016e-26   -6.713564e-30
   53  120    6.078899e-25   -1.196037e-29
   53  121    2.837874e-20   -3.555597e-25
   53  122    3.736885e-20   -1.640619e-23
   53  123    2.702473e-16   -5.409331e-22
   53  124    3.815595e-17   -1.023064e-23
   53  125    9.526921e-14   -1.747271e-21
   53  126    2.237422e-15   -2.792423e-22
   53  127    3.503581e-12    4.698421e-20
   53  128    1.271474e-14   -1.565481e-18
   53  129    1.384936e-15    1.475905e-20
   53  130    1.211460e-18   -5.206434e-24
   53  131    8.090044e-19    5.498682e-21
   53  132    4.670216e-23    2.477225e-25
   53  133    5.250758e-25    2.128324e-27
   53  134    3.168435e-29   -9.618190e-34
   53  135    1.201430e-26   -4.847609e-32
   54  121    1.951145e-28   -7.754503e-33
   54  122    6.489149e-23   -8.575458e-29
   54  123    6.191054e-22   -7.906007e-27
   54  124    1.767258e-17    1.183454e-25
   54  125    1.750434e-17   -2.751148e-23
   54  126    7.645942e-14    9.043894e-23
   54  127    9.222982e-15   -2.757308e-22
   54  128    1.451350e-11    7.550492e-19
   54  129    1.368149e-13    1.303725e-21
   54  130    2.352271e-11    1.116034e-20
   54  131    7.041559e-14    2.101701e-20
   54  132    3.738967e-11    6.306283e-22
   54  133    2.574410e-14   -5.434007e-21
   54  134    1.620065e-12   -4.038968e-28
   54  135    9.186442e-15   -2.670106e-20
   54  136    6.452630e-12    0.000000e+00
   54  137    1.893416e-20   -7.906177e-24
   55  124    3.186714e-29   -9.861483e-32
   55  125    1.266232e-23   -4.324271e-28
   55  126    8.601597e-23   -8.358799e-26
   55  127    1.205003e-18   -5.121007e-24
   55  128    1.004460e-18   -4.365821e-22
   55  129    1.567876e-15   -1.303434e-21
   55  130    2.075203e-16   -1.133919e-20
   55  131    1.839662e-13   -2.100888e-20
   55  132    3.763793e-15   -6.426670e-22
   55  133    4.369386e-12    5.438496e-21
   55  134    2.010743e-14   -2.946448e-23
   55  135    1.881918e-15    2.670106e-20
   55  136    3.525599e-18   -2.983488e-25
   55  137    6.193182e-20    7.906261e-24
   55  138    1.265593e-27   -6.050964e-32
   56  126    6.664678e-28   -1.062147e-32
   56  127    1.007068e-25   -1.263752e-29
   56  128    5.582019e-21   -2.541675e-27
   56  129    2.104078e-20   -2.505570e-25
   56  130    1.836378e-16    1.814176e-22
   56  131    8.307922e-17   -7.939333e-24
   56  132    1.803205e-13    1.203534e-23
   56  133    1.563479e-14    1.528105e-22
   56  134    1.774847e-11    3.947800e-21
   56  135    2.276322e-13    2.120978e-20
   56  136    9.296867e-11    5.180230e-19
   56  137    1.081521e-12    1.540866e-25
   56  138    3.781111e-10    0.000000e+00
   56  139    7.628371e-17   -1.464720e-21
   56  140    6.860504e-22   -5.962273e-29
   56  141    8.891527e-29   -7.729328e-33
   57  129    4.184444e-29   -5.748947e-33
   57  130    6.454764e-26   -1.182413e-29
   57  131    1.957610e-21   -5.287897e-26
   57  132    3.171108e-21   -1.752515e-26
   57  133    2.319456e-17   -1.572992e-22
   57  134    1.585833e-17   -3.918324e-21
   57  135    1.557066e-14   -2.120948e-20
   57  136    3.207087e-15   -5.181574e-19
   57  137    1.384782e-12    8.607059e-22
   57  138    1.781608e-13    7.446847e-27
   57  139    3.577206e-11    3.282867e-21
   57  140    8.357966e-17   -5.509584e-23
   57  141    3.452606e-21   -2.341449e-26
   57  142    5.083749e-27   -8.887008e-32
   58  131    1.455044e-30   -2.251372e-34
   58  132    2.694089e-25   -2.044550e-30
   58  133    2.861445e-24   -4.701315e-29
   58  134    6.959283e-20   -2.437684e-26
   58  135    1.767053e-19   -2.586591e-25
   58  136    5.496491e-16    1.347804e-22
   58  137    2.916549e-16   -7.390888e-22
   58  138    5.914332e-13    7.342030e-21
   58  139    2.262736e-13    1.158651e-19
   58  140    9.256326e-11    9.609159e-18
   58  141    7.539860e-16   -2.561556e-23
   58  142    1.975457e-19    1.899145e-25
   58  143    8.172197e-25   -6.566033e-31
   58  144    5.635525e-26   -2.190510e-34
   59  134    1.260003e-27   -1.537168e-40
   59  135    9.958473e-23   -6.612864e-27
   59  136    8.372815e-22   -1.018569e-25
   59  137    5.867032e-18   -1.216955e-22
   59  138    6.679997e-18   -7.341387e-21
   59  139    1.956855e-14   -1.176446e-19
   59  140    2.039959e-14   -9.607146e-18
   59  141    7.765128e-12    2.765073e-19
   59  142    6.832373e-16   -9.495571e-22
   59  143    7.666889e-19   -6.265715e-26
   59  144    2.128803e-23   -1.957310e-27
   59  145    8.584252e-25   -3.817961e-30
   59  146    1.329369e-30   -8.766708e-35
   60  136    1.250849e-25   -3.934487e-30
   60  137    3.994860e-24   -1.653658e-28
   60  138    1.219351e-19   -6.441702e-25
   60  139    7.187925e-19   -3.861361e-23
   60  140    5.958979e-15   -1.957963e-21
   60  141    2.590698e-14   -2.762930e-19
   60  142    3.726827e-11    1.025625e-19
   60  143    8.396269e-15    1.000069e-21
   60  144    5.492384e-16    1.402467e-24
   60  145    5.419024e-20    5.027585e-25
   60  146    1.555805e-18    8.170502e-28
   60  147    1.905496e-23   -1.918462e-30
   60  148    1.464390e-21    0.000000e+00
   60  149    5.091856e-27   -7.827851e-32
   60  150    8.055862e-26    0.000000e+00
   61  139    5.016778e-25   -1.926557e-28
   61  140    1.276432e-23   -1.326555e-25
   61  141    2.465831e-18   -1.886297e-22
   61  142    4.303728e-17   -1.015652e-19
   61  143    2.394884e-13    1.975194e-20
   61  144    4.598674e-16   -4.191548e-23
   61  145    2.939151e-15    6.859113e-23
   61  146    2.265552e-18   -1.210430e-27
   61  147    5.417588e-17   -6.256703e-26
   61  148    6.427094e-21   -1.323902e-27
   61  149    1.705393e-20   -8.538139e-27
   61  150    6.555637e-25   -6.495814e-30
   61  151    9.598769e-26   -8.998950e-32
   61  153    3.176473e-30   -9.642546e-34
   62  140    1.182032e-25   -1.271411e-29
   62  141    7.365231e-24   -1.150780e-27
   62  142    2.180058e-18   -4.792251e-23
   62  143    1.139355e-16   -2.075181e-20
   62  144    3.533440e-12    9.274896e-22
   62  145    2.124302e-14    6.482473e-21
   62  146    3.028593e-13    2.356647e-22
   62  147    5.645124e-16    1.074412e-22
   62  148    2.788938e-14    1.360425e-24
   62  149    6.817305e-18    2.731612e-22
   62  150    2.045312e-15    2.167395e-27
   62  151    3.894245e-19   -8.273314e-30
   62  152    5.331935e-15    3.125467e-27
   62  153    8.874827e-19   -5.081288e-25
   62  154    1.125424e-19    4.564093e-30
   62  155    8.030625e-24   -5.730627e-28
   62  156    2.607428e-27   -7.376778e-33
   63  143    1.875261e-22   -1.156879e-25
   63  144    9.461400e-20   -8.869794e-22
   63  145    3.508005e-14   -6.551437e-21
   63  146    9.808685e-16   -1.815644e-22
   63  147    2.335732e-15    1.468130e-22
   63  148    6.694644e-17   -1.365517e-24
   63  149    2.296802e-14   -1.425793e-22
   63  150    2.627297e-17   -2.275505e-23
   63  151    1.915587e-14    1.033044e-23
   63  152    1.944806e-17   -3.976454e-27
   63  153    6.931808e-14    9.903006e-24
   63  154    6.458183e-17   -2.150254e-26
   63  155    1.870853e-18   -6.176149e-28
   63  156    7.704124e-22   -5.620630e-29
   63  157    1.526782e-24   -2.673861e-30
   63  158    5.847788e-29   -2.033371e-33
   64  144    1.438073e-24   -5.131032e-28
   64  145    1.770180e-21   -1.226584e-25
   64  146    2.359156e-15   -5.409992e-23
   64  147    3.642068e-16   -2.541932e-22
   64  148    6.437588e-16    6.752255e-27
   64  149    1.095171e-15   -1.305744e-22
   64  150    1.759746e-13    2.275398e-23
   64  151    1.156041e-15   -3.793709e-24
   64  152    7.594694e-13    5.097177e-25
   64  153    2.043926e-15    4.355365e-21
   64  154    3.247031e-12    1.458342e-22
   64  155    7.377271e-15    3.177800e-20
   64  156    9.816345e-13    2.906235e-22
   64  157    9.273564e-16    8.623298e-24
   64  158    1.538046e-16    1.038720e-26
   64  159    2.198037e-20   -3.160496e-26
   64  160    2.080264e-23    1.060472e-34
   64  161    4.563706e-28   -1.983598e-31
   65  147    4.194219e-25   -6.797658e-30
   65  148    1.308051e-23   -3.474410e-28
   65  149    2.238884e-26   -1.204983e-31
   65  150    2.197235e-22   -1.680831e-27
   65  151    4.333849e-18   -6.536037e-24
   65  152    3.377819e-19   -4.356102e-25
   65  153    9.220147e-15   -4.364175e-21
   65  154    1.181641e-16   -1.459765e-22
   65  155    1.528723e-13   -3.148213e-20
   65  156    1.404126e-15   -3.396693e-22
   65  157    2.018818e-13    1.921600e-20
   65  158    7.391596e-16   -8.824198e-27
   65  159    9.698614e-16    1.245008e-22
   65  160    7.822607e-19   -1.195669e-26
   65  161    3.929240e-21   -6.312710e-28
   65  162    9.393785e-25   -1.969843e-28
   65  163    6.511710e-28   -5.321926e-32
   66  149    3.591691e-27   -1.434930e-42
   66  152    6.915275e-21   -7.708170e-26
   66  153    1.400082e-19   -5.820019e-25
   66  154    2.369536e-15    1.462647e-25
   66  155    1.101432e-16   -2.840062e-22
   66  156    2.326299e-13    4.959651e-23
   66  157    5.890973e-15    3.721200e-20
   66  158    1.949701e-12    3.459216e-21
   66  159    1.627175e-14    1.556600e-18
   66  160    1.281084e-12    2.955925e-20
   66  161    2.892933e-15    3.276854e-18
   66  162    8.127982e-15    1.394730e-19
   66  163    4.264731e-18    9.510627e-26
   66  164    1.420827e-18    1.006316e-20
   66  165    1.282426e-24   -1.459597e-29
   66  166    1.267631e-28   -4.122698e-35
   67  153    6.660299e-28   -5.260798e-31
   67  154    2.288423e-24   -2.958625e-28
   67  155    3.567354e-19   -1.184435e-23
   67  156    1.946702e-20    2.078025e-24
   67  157    4.461927e-16   -5.643485e-20
   67  158    2.452740e-17    3.112632e-22
   67  159    3.223443e-14   -1.554753e-18
   67  160    4.760528e-16    1.643723e-20
   67  161    3.060215e-13   -3.247014e-18
   67  162    1.312728e-15   -1.426488e-19
   67  163    1.431726e-13    3.778954e-19
   67  164    3.051927e-16   -1.677197e-20
   67  165    4.900209e-17    2.685077e-20
   67  166    1.297565e-20   -1.284440e-26
   67  167    2.484355e-23   -2.199630e-28
   67  168    1.160784e-27   -6.200930e-31
   67  169    2.811595e-29   -9.500016e-33
   68  154    3.300718e-26   -1.402402e-29
   68  155    7.545828e-26   -2.268575e-29
   68  156    3.220461e-20   -2.632037e-24
   68  157    2.068987e-20   -1.766395e-24
   68  158    3.249136e-16   -3.770455e-21
   68  159    4.453783e-17   -1.967910e-21
   68  160    4.954556e-14   -4.599237e-20
   68  161    3.619929e-15   -2.669081e-20
   68  162    1.034693e-12    3.781248e-21
   68  163    1.778393e-14   -2.192493e-19
   68  164    2.271161e-12    2.626431e-19
   68  165    1.047428e-14    1.591662e-19
   68  166    3.971203e-13    7.644067e-21
   68  167    4.199013e-16    3.704543e-20
   68  168    2.457399e-18    1.596091e-23
   68  169    3.578809e-22   -4.218213e-29
   68  170    1.734859e-25    1.261804e-30
   68  171    4.741122e-30   -1.672903e-35
   69  156    3.319135e-30   -3.785098e-33
   69  157    8.788309e-26   -3.854844e-29
   69  158    1.088146e-22   -4.353582e-26
   69  159    2.148812e-20   -3.749503e-24
   69  160    2.424803e-20   -3.714294e-24
   69  161    5.961393e-17   -3.146422e-21
   69  162    8.230305e-18    1.498885e-21
   69  163    1.081729e-14   -1.565958e-19
   69  164    3.211835e-16    1.008251e-19
   69  165    2.100959e-13    2.317683e-19
   69  166    2.214341e-15    3.770476e-19
   69  167    3.095352e-13    3.196357e-18
   69  168    1.342204e-15   -1.595827e-23
   69  169    1.096738e-16    1.682736e-21
   69  170    1.126757e-19   -9.696970e-28
   69  171    8.992304e-22   -1.417531e-30
   69  172    1.652273e-25   -6.898781e-32
   69  173    1.602782e-28   -5.160412e-34
   69  174    1.100280e-30   -3.247255e-34
   70  159    1.567459e-27   -1.498842e-30
   70  160    1.195012e-21   -3.967711e-25
   70  161    7.798442e-21   -2.959149e-24
   70  162    2.486699e-17   -2.104271e-21
   70  163    1.421708e-17   -2.050316e-21
   70  164    1.697584e-14   -3.567591e-19
   70  165    2.595248e-15   -4.175569e-19
   70  166    8.207097e-13   -3.844750e-19
   70  167    3.550514e-14   -3.173783e-18
   70  168    4.944992e-12    8.093478e-20
   70  169    4.874728e-14    8.081431e-20
   70  170    7.743438e-13    1.070293e-21
   70  171    2.004150e-15    4.491917e-20
   70  172    1.103219e-15    3.908601e-22
   70  173    6.720885e-19    2.787317e-23
   70  174    1.616639e-21    2.558421e-26
   70  175    8.119669e-26   -2.144829e-32
   70  176    1.292774e-28    0.000000e+00
   71  162    8.180002e-28   -9.515668e-31
   71  163    4.019899e-22   -1.615088e-25
   71  164    7.597480e-22   -3.840339e-25
   71  165    1.537701e-18   -2.283059e-22
   71  166    3.604219e-19    8.908671e-23
   71  167    1.926604e-15   -5.832922e-20
   71  168    2.793136e-16    1.877399e-19
   71  169    1.061113e-13    6.176657e-19
   71  170    1.947531e-15    1.165022e-18
   71  171    3.344848e-13    8.390655e-20
   71  172    2.366760e-15    6.733094e-21
   71  173    1.259293e-14    1.060384e-19
   71  174    2.782535e-17   -1.326332e-25
   71  175    9.325024e-17    9.568073e-23
   71  176    3.352267e-20    8.907426e-31
   71  177    4.040365e-23   -6.730322e-30
   71  178    3.589616e-27   -2.019091e-31
   71  179    1.688603e-28   -9.786210e-34
   72  163    2.527821e-28   -6.042907e-31
   72  164    2.782891e-24   -2.397360e-27
   72  165    1.216488e-23   -1.530562e-26
   72  166    1.298577e-18   -3.058426e-22
   72  167    1.660284e-18   -1.290729e-21
   72  168    4.383197e-15   -2.686747e-19
   72  169    1.420500e-15   -7.001620e-19
   72  170    7.024260e-13   -1.166090e-18
   72  171    5.873795e-14   -1.271259e-19
   72  172    4.395730e-12   -6.819569e-21
   72  173    9.428214e-14   -8.920844e-20
   72  174    1.432318e-12    1.325336e-20
   72  175    6.053799e-15    1.829446e-19
   72  176    1.062649e-14    9.785053e-21
   72  177    1.392171e-17    3.984596e-20
   72  178    7.447212e-19    6.582319e-21
   72  179    1.333558e-19    9.619400e-22
   72  180    2.866664e-19    2.061186e-21
   72  181    1.098989e-25   -2.387681e-33
   72  182    6.883351e-30   -2.802597e-45
   73  167    3.267751e-27   -3.905868e-30
   73  168    3.506942e-26   -2.794499e-29
   73  169    2.340741e-21   -7.612882e-25
   73  170    9.189116e-21   -9.620484e-25
   73  171    2.488663e-17   -1.686269e-21
   73  172    7.035853e-18    3.834889e-20
   73  173    1.992146e-15    2.689352e-20
   73  174    5.682622e-16    3.948662e-18
   73  175    7.235858e-14    6.656506e-19
   73  176    2.977801e-15    1.780202e-17
   73  177    8.500824e-14    6.060431e-19
   73  178    3.845236e-17    1.261240e-19
   73  179    5.774486e-13    1.281881e-18
   73  180    7.369105e-16   -2.396718e-21
   73  181    4.805357e-18    1.285742e-23
   73  182    7.024805e-22   -6.742161e-30
   73  183    2.932989e-25   -6.358918e-32
   73  184    3.842682e-30   -1.173933e-35
   74  168    4.577287e-30   -2.751823e-37
   74  169    2.267418e-26   -2.929934e-29
   74  170    1.822980e-21   -1.202185e-24
   74  171    2.022813e-20   -1.352624e-23
   74  172    1.600751e-16   -3.865332e-20
   74  173    2.086413e-16   -4.375115e-20
   74  174    8.245150e-14   -3.961912e-18
   74  175    1.872727e-14   -8.450192e-19
   74  176    1.676449e-12   -1.780884e-17
   74  177    5.349645e-14   -1.702038e-19
   74  178    2.595320e-12   -8.630943e-20
   74  179    2.978310e-14    5.327545e-18
   74  180    4.040020e-13    3.168421e-18
   74  181    1.411836e-15    3.417845e-19
   74  182    1.680100e-16    1.238950e-21
   74  183    1.590066e-19    7.160586e-22
   74  184    3.299831e-22    1.500118e-24
   74  185    8.032371e-27   -1.183456e-34
   74  186    6.590289e-26    8.610519e-29
   74  187    1.267932e-30   -1.403206e-36
   75  172    1.690809e-27   -1.130007e-40
   75  173    2.360016e-22   -1.896380e-25
   75  174    3.924323e-21   -2.605907e-24
   75  175    1.355455e-17   -3.671715e-21
   75  176    9.854065e-18   -2.962912e-21
   75  177    4.178713e-15   -4.756686e-19
   75  178    3.842851e-16    5.591739e-20
   75  179    8.088222e-14   -6.514280e-18
   75  180    4.837171e-15    1.009966e-17
   75  181    2.559406e-13   -2.467571e-20
   75  182    2.979900e-15    3.379508e-18
   75  183    4.530562e-14    1.985763e-19
   75  184    4.800344e-17   -1.461460e-24
   75  185    9.827432e-18    9.228544e-23
   75  186    3.869562e-21   -1.152544e-27
   75  187    8.268949e-24    5.491469e-35
   75  188    5.917945e-28   -9.246650e-34
   75  189    2.023299e-26   -2.211128e-32
   76  175    1.569865e-26   -1.787070e-29
   76  176    4.701885e-22   -2.081506e-25
   76  177    3.142581e-20   -1.669448e-23
   76  178    3.209942e-16   -1.023143e-19
   76  179    3.919792e-16   -9.610741e-20
   76  180    1.789896e-13   -1.326774e-17
   76  181    2.089341e-14   -2.625788e-19
   76  182    2.778811e-12   -3.364327e-18
   76  183    9.753388e-14    1.134159e-18
   76  184    2.224946e-12    3.741691e-20
   76  185    7.807290e-15    5.793169e-19
   76  186    2.106711e-14    2.830569e-21
   76  187    7.230118e-17    3.821538e-19
   76  188    1.056349e-17    3.691993e-22
   76  189    4.681936e-19    3.365571e-21
   76  190    9.183699e-22    4.220625e-24
   76  191    2.756546e-26   -1.981859e-33
   76  192    5.460847e-26    7.990400e-31
   76  194    3.791039e-29   -1.917973e-38
   77  179    3.408568e-24   -4.125758e-27
   77  180    5.920083e-21   -6.289913e-24
   77  181    1.676969e-16   -5.454281e-20
   77  182    1.545265e-16   -1.641791e-20
   77  183    4.769205e-14   -1.333450e-18
   77  184    4.343411e-15   -2.226668e-20
   77  185    3.138870e-13   -5.748510e-19
   77  186    1.773049e-15    7.784509e-19
   77  187    1.510711e-13   -3.624051e-19
   77  188    5.752842e-16    1.638496e-19
   77  189    4.012597e-14    4.816068e-20
   77  190    4.502014e-17   -8.999380e-24
   77  191    3.376052e-18    3.315896e-21
   77  192    1.119998e-21   -1.675508e-29
   77  193    2.703858e-21    4.134199e-26
   77  194    3.345402e-25   -4.609052e-31
   77  195    1.846354e-28   -1.961699e-33
   77  197    4.884214e-29   -1.342058e-32
   78  181    2.012519e-30   -3.700772e-33
   78  182    2.069295e-23   -1.236191e-26
   78  183    5.287134e-21   -1.296328e-24
   78  184    1.647780e-16   -1.515039e-20
   78  185    2.025922e-16   -4.558177e-21
   78  186    6.119729e-14   -7.812825e-19
   78  187    1.747230e-15   -1.946600e-20
   78  188    1.512964e-12   -1.641375e-19
   78  189    2.106931e-14    2.423233e-19
   78  190    2.152748e-12    2.250609e-20
   78  191    8.495648e-15    1.174227e-18
   78  192    4.069473e-13    9.902384e-21
   78  193    6.831053e-16    6.678030e-19
   78  194    4.058205e-15    2.002362e-21
   78  195    1.856306e-18    6.370352e-22
   78  196    2.279749e-18    4.141291e-23
   78  197    2.671625e-22   -3.567668e-28
   78  198    2.714908e-25    5.481202e-37
   78  199    8.101800e-30   -4.187651e-34
   78  200    2.364622e-28    0.000000e+00
   79  185    2.799653e-25   -1.047110e-28
   79  186    2.517214e-23   -3.749243e-27
   79  187    1.472097e-18   -2.826608e-22
   79  188    4.505998e-19   -1.066964e-23
   79  189    5.285588e-15   -2.935680e-19
   79  190    6.047573e-16    1.414551e-19
   79  191    1.403855e-13   -1.157387e-18
   79  192    1.843382e-15    7.038024e-19
   79  193    4.434653e-13   -5.900629e-19
   79  194    2.868976e-15   -1.990861e-21
   79  195    1.072536e-13    9.907622e-20
   79  196    2.482217e-16   -4.452938e-23
   79  197    1.062051e-16    2.879143e-20
   79  198    8.883626e-20   -3.645778e-26
   79  199    3.645518e-22   -1.286294e-28
   79  200    5.026105e-26   -1.657264e-30
   79  201    4.513964e-26   -2.766903e-30
   79  202    7.988104e-29   -2.689578e-31
   80  186    1.245261e-30   -1.437813e-33
   80  187    6.130015e-27   -4.070589e-30
   80  188    1.440274e-19   -7.062693e-23
   80  189    1.342982e-18   -2.816184e-22
   80  190    2.057555e-15   -1.639564e-19
   80  191    6.197158e-16   -2.015595e-20
   80  192    1.306205e-13   -7.131314e-19
   80  193    1.113796e-14   -4.068825e-20
   80  194    1.682961e-12    1.896684e-20
   80  195    3.952074e-14    1.456014e-18
   80  196    6.311219e-12    1.360881e-19
   80  197    6.955399e-14    5.919611e-18
   80  198    4.602852e-12    1.483677e-19
   80  199    2.055835e-14    6.847526e-18
   80  200    9.077507e-13    3.515472e-20
   80  201    6.775197e-16    3.024942e-19
   80  202    2.244558e-14    3.883419e-22
   80  203    2.915675e-18   -6.917095e-26
   80  204    5.504389e-17    3.781232e-27
   80  205    3.803014e-22   -1.180691e-25
   80  206    1.489502e-26   -2.854292e-30
   81  188    1.898120e-29   -7.034518e-43
   81  189    1.636056e-25   -1.133643e-28
   81  190    1.084869e-22   -6.042041e-36
   81  191    1.761202e-18   -4.891862e-32
   81  192    3.453758e-18   -5.733606e-22
   81  193    5.037262e-16   -3.705190e-20
   81  194    3.929765e-16   -1.897254e-20
   81  195    6.800649e-14   -1.555720e-18
   81  196    9.421275e-15   -1.360850e-19
   81  197    6.345170e-13   -5.937047e-18
   81  198    2.963688e-14   -3.769318e-21
   81  199    1.911932e-12   -6.802381e-18
   81  200    3.455964e-14    9.713814e-19
   81  201    8.319637e-13    1.205634e-19
   81  202    4.304921e-15   -3.876649e-22
   81  203    2.237427e-14    7.810887e-19
   81  204    1.611479e-16   -1.294624e-25
   81  205    2.176250e-15    1.188222e-25
   81  206    2.947742e-19   -1.118532e-22
   81  207    8.926806e-23   -2.984628e-26
   82  192    4.589168e-26   -2.089439e-29
   82  193    4.618798e-25   -1.313248e-38
   82  194    3.900733e-20   -5.809924e-24
   82  195    7.055941e-20   -7.496683e-24
   82  196    7.614604e-17    1.186716e-26
   82  197    5.771731e-17   -1.126710e-20
   82  198    1.306527e-14   -1.444879e-19
   82  199    2.549460e-15   -2.036419e-20
   82  200    8.147627e-13   -9.961157e-19
   82  201    1.486558e-13   -2.668059e-20
   82  202    1.172633e-11    5.117231e-20
   82  203    1.527544e-12   -3.792321e-20
   82  204    6.236090e-11    5.949689e-20
   82  205    4.304605e-12    7.868253e-20
   82  206    1.246825e-10    6.792109e-21
   82  207    2.757059e-12    1.362093e-22
   82  208    4.558293e-11    0.000000e+00
   82  209    7.340362e-20   -5.997295e-25
   82  210    2.760280e-27   -3.765363e-37
   83  195    3.288420e-26   -1.717766e-29
   83  196    3.822630e-23   -1.186785e-26
   83  197    5.211416e-19   -8.898683e-23
   83  198    7.142437e-19   -1.105141e-22
   83  199    4.198295e-16   -2.478095e-20
   83  200    2.375642e-16   -1.042039e-20
   83  201    2.561776e-14   -3.963770e-19
   83  202    3.296601e-15   -5.117300e-20
   83  203    3.287663e-13   -7.431654e-19
   83  204    2.513719e-14   -5.949680e-20
   83  205    1.086208e-12   -7.868250e-20
   83  206    3.765575e-14   -6.680285e-21
   83  207    1.418156e-12   -1.361498e-22
   83  208    1.176442e-14    2.107836e-27
   83  209    1.672713e-13    5.999129e-25
   83  210    3.932783e-21   -8.565094e-28
   83  211    9.489127e-29    0.000000e+00
   84  202    8.603595e-29   -3.010814e-33
   84  203    1.095670e-28   -4.757029e-33
   84  204    9.605237e-27   -7.183642e-32
   84  205    1.067839e-26   -1.630481e-31
   84  206    1.262288e-25   -1.501680e-32
   84  207    5.373421e-27   -2.458013e-32
   84  208    1.770299e-25   -7.369799e-39
   84  209    4.030900e-28   -5.762139e-41
   84  210    1.215379e-25    8.685062e-28
    0    1    9.846691e-26    8.110662e-27
    1    1    7.715251e-20    4.523847e-21
    2    4    1.615240e-11   -6.016698e-19
