1.8648e+00
2.8745e-02
1.1991e+00
4.8277e+04
    1    3    1.207791e-22   -4.194588e-29
    2    3    1.703816e-21    1.228802e-29
    3    6    2.308955e-26   -2.793121e-31
    3    7    2.134039e-28    3.361516e-29
    4    8    3.959375e-17    3.125368e-28
    4   10    2.962438e-29   -3.494798e-32
    5   10    3.212887e-24   -3.287084e-28
    5   11    1.837164e-19   -8.179539e-24
    6   11    4.609101e-20   -1.153941e-24
    6   12    6.798155e-04   -2.631356e-12
    6   13    5.039079e-11   -2.788724e-17
    6   14    1.696112e-10   -4.380661e-18
    6   15    2.685347e-30   -1.852946e-31
    7   13    3.265112e-16    1.043402e-17
    7   14    9.972275e-12    6.602664e-19
    7   15    2.161130e-09    3.854601e-16
    7   16    9.221971e-24    4.684700e-25
    7   17    1.486281e-26   -1.385523e-28
    8   14    7.336602e-18    1.988894e-18
    8   15    4.989433e-14   -8.111930e-18
    8   16    4.582835e-02   -1.339207e-15
    8   17    7.648700e-10   -4.380243e-16
    8   18    1.691614e-09   -1.124786e-15
    8   19    1.530462e-18   -6.637156e-22
    8   20    8.649742e-25   -1.277368e-27
    9   17    1.444337e-19   -1.416811e-20
    9   18    4.167389e-12   -1.300809e-17
    9   19    1.966589e-11    2.102671e-19
    9   20    1.336383e-15   -2.384999e-18
    9   21    4.774828e-19   -2.287108e-21
    9   22    4.187295e-26   -2.189450e-28
   10   18    5.129234e-25   -6.119607e-27
   10   19    6.368960e-17   -7.368261e-20
   10   20    8.378656e-03    6.568635e-13
   10   21    1.815633e-05   -5.462757e-13
   10   22    2.454386e-06   -6.008360e-14
   10   23    1.077514e-12   -5.765128e-16
   10   24    1.293614e-15   -1.273033e-19
   10   25    6.403987e-25   -2.088714e-26
   11   20    1.089401e-28   -4.661644e-30
   11   21    5.978621e-13    7.703033e-15
   11   22    1.257000e-09    6.298046e-17
   11   23    1.589325e-04    2.225224e-09
   11   24    4.966985e-08   -1.935313e-14
   11   25    9.770614e-12   -3.266676e-15
   11   26    5.128399e-18   -9.546958e-20
   11   27    1.464619e-23   -9.611862e-25
   12   22    9.158383e-21   -4.727470e-23
   12   23    1.261910e-06   -2.225093e-09
   12   24    2.043008e-03    3.508023e-13
   12   25    4.246104e-04   -8.197631e-14
   12   26    2.759959e-04    3.451640e-09
   12   27    4.525121e-09   -1.588318e-13
   12   28    1.145064e-12   -3.226176e-19
   12   29    1.312921e-22   -1.133741e-24
   12   30    6.199122e-29   -3.800321e-30
   13   24    2.886388e-19    5.632161e-21
   13   25    4.369428e-14    1.717810e-16
   13   26    6.749062e-05   -3.452886e-09
   13   27    2.260914e-04    1.438124e-07
   13   28    1.080058e-06   -1.597074e-10
   13   29    4.477229e-10   -2.250933e-14
   13   30    8.871120e-16   -4.907804e-18
   13   31    1.790681e-20   -5.540180e-22
   13   32    4.811071e-30   -4.170160e-31
   14   25    4.535038e-29   -5.577621e-30
   14   26    2.213105e-13   -1.995279e-15
   14   27    3.002571e-05   -1.438109e-07
   14   28    2.433184e-04    1.603367e-10
   14   29    6.894111e-05    1.137721e-13
   14   30    3.017526e-05    1.434144e-11
   14   31    1.313019e-08   -2.671721e-14
   14   32    6.877441e-12    8.621908e-20
   14   33    1.060502e-19   -3.283434e-22
   14   34    2.086804e-24   -1.501036e-26
   15   27    3.408260e-30   -2.837755e-31
   15   28    2.138554e-17   -3.417552e-19
   15   29    1.176348e-13   -5.507313e-16
   15   30    1.077673e-07   -1.431174e-11
   15   31    2.146686e-06    8.938646e-12
   15   32    2.745175e-09   -3.414528e-17
   15   33    1.308968e-10   -1.328426e-18
   15   34    5.202295e-15   -8.357670e-18
   15   35    1.400690e-18   -5.887200e-22
   15   36    3.399748e-29    7.919063e-31
   16   29    2.471780e-27   -3.719786e-28
   16   30    2.836979e-13   -4.790371e-15
   16   31    1.153731e-09   -8.910023e-12
   16   32    1.321434e-06    2.803126e-15
   16   33    3.173914e-08    3.408666e-16
   16   34    2.855226e-07    7.269730e-15
   16   35    2.932494e-10    3.643829e-18
   16   36    1.206618e-12    3.692486e-20
   16   37    1.155631e-20    1.497850e-24
   16   38    7.136558e-25   -1.343615e-30
   17   32    1.307214e-23   -8.842883e-25
   17   33    3.084492e-15   -2.448518e-17
   17   34    1.419706e-12   -7.165424e-15
   17   35    1.078502e-08    1.659044e-16
   17   36    3.249511e-11    6.790676e-19
   17   37    7.421520e-13    2.769195e-20
   17   38    1.237546e-17   -1.009874e-22
   17   39    8.190591e-21   -4.796696e-26
   17   40    4.560689e-26   -1.110553e-29
   18   34    6.649320e-21   -1.568514e-22
   18   35    6.155082e-16   -6.889440e-18
   18   36    8.576933e-10    7.014264e-19
   18   37    2.775742e-12    2.733061e-20
   18   38    2.800670e-10    1.067483e-19
   18   39    1.968927e-13    5.949358e-21
   18   40    1.502648e-13    2.222621e-22
   18   41    1.315502e-17   -3.769893e-23
   18   42    7.721750e-21    3.288643e-28
   18   43    4.712740e-26   -2.818311e-30
   18   44    1.232462e-28   -3.448076e-33
   19   36    1.051372e-29   -2.978392e-31
   19   37    3.274375e-22    7.757939e-24
   19   38    1.364772e-16   -1.117911e-19
   19   39    4.468330e-12    6.914634e-20
   19   40    1.810006e-14    3.685125e-22
   19   41    1.664306e-14    5.864456e-22
   19   42    7.905560e-17   -3.325562e-23
   19   43    2.729476e-15   -6.816904e-22
   19   44    3.720565e-18   -5.548295e-23
   19   45    5.323143e-21   -9.892035e-26
   19   46    9.033718e-25   -1.564312e-28
   19   47    1.807374e-28   -2.057688e-31
   20   38    4.745685e-28   -2.153153e-29
   20   39    1.084650e-20   -2.512867e-22
   20   40    4.011694e-14    5.140258e-22
   20   41    8.296946e-15    5.827085e-23
   20   42    4.745050e-08   -9.257329e-18
   20   43    1.451497e-08    1.275000e-17
   20   44    7.022095e-08    5.456457e-17
   20   45    1.949576e-10    3.383694e-18
   20   46    2.012503e-10    5.113890e-19
   20   47    3.361146e-13   -1.063191e-20
   20   48    2.254233e-09   -5.020424e-19
   20   49    1.076723e-15   -2.901208e-20
   20   50    5.269201e-21   -7.547488e-24
   20   51    4.020981e-29   -6.968588e-32
   21   41    1.787310e-29   -8.926756e-31
   21   42    1.009781e-21   -2.752132e-23
   21   43    1.036724e-11   -1.001839e-17
   21   44    5.343514e-11   -6.075554e-17
   21   45    6.767456e-09    6.156328e-18
   21   46    1.878881e-10    2.533162e-18
   21   47    2.516439e-12   -8.686803e-20
   21   48    3.705181e-11   -4.307290e-18
   21   49    1.108558e-12   -6.296239e-18
   21   50    1.609903e-17   -3.123742e-21
   21   51    1.163899e-21   -1.869962e-24
   21   52    3.291226e-28   -8.087725e-31
   22   43    4.489216e-27   -1.788585e-28
   22   44    8.279879e-14    1.080276e-21
   22   45    5.616101e-13   -1.009934e-18
   22   46    2.004798e-08   -2.651795e-18
   22   47    7.850179e-09    8.647515e-17
   22   48    1.441119e-08    4.891370e-18
   22   49    1.720629e-08    6.201383e-18
   22   50    5.601343e-08   -9.436940e-19
   22   51    8.816612e-12   -5.034552e-16
   22   52    9.833400e-15   -1.920653e-18
   22   53    2.143058e-20   -1.292532e-23
   22   54    5.668257e-27   -7.317119e-28
   23   45    6.014865e-28   -2.994683e-29
   23   46    9.367751e-19   -4.419548e-20
   23   47    8.473272e-12   -8.585078e-17
   23   48    1.247058e-11   -2.007387e-20
   23   49    9.246053e-11    5.385709e-19
   23   50    2.644629e-11    5.997808e-19
   23   51    4.967093e-09    5.054283e-16
   23   52    4.324426e-11   -3.826329e-15
   23   53    6.782723e-14   -1.407452e-17
   23   54    9.803181e-19   -3.901708e-22
   23   55    4.955287e-22   -1.518893e-24
   23   56    1.236491e-30   -1.935820e-31
   24   47    3.852325e-23   -1.668609e-24
   24   48    4.392873e-16   -8.270109e-23
   24   49    6.337612e-15   -4.999744e-20
   24   50    1.013144e-12    1.670983e-21
   24   51    1.076098e-11   -8.418003e-20
   24   52    5.564744e-08    3.825874e-15
   24   53    1.064435e-08    1.352451e-17
   24   54    1.368033e-07   -3.790234e-18
   24   55    1.494634e-11   -1.412636e-15
   24   56    3.065994e-14   -1.724945e-18
   24   57    5.030890e-20   -4.689075e-23
   24   58    1.336244e-23   -2.046321e-26
   25   49    1.945478e-27    5.018025e-30
   25   50    4.404552e-21   -1.445218e-22
   25   51    2.115027e-16   -1.517474e-21
   25   52    4.359764e-15   -7.286518e-22
   25   53    5.156895e-11    4.543960e-19
   25   54    1.019259e-10    4.726562e-23
   25   55    3.443576e-08    1.411777e-15
   25   56    2.290765e-10   -4.815926e-16
   25   57    8.189991e-13   -1.812766e-16
   25   58    4.277943e-17   -2.840753e-19
   25   59    7.617179e-20   -3.299297e-22
   25   60    1.562559e-25   -1.726462e-27
   25   61    1.297258e-30   -1.519280e-32
   26   51    5.829077e-27   -4.740404e-28
   26   52    4.352991e-21   -2.697853e-27
   26   53    1.040003e-18   -4.059001e-23
   26   54    4.404660e-09   -7.724535e-19
   26   55    1.100477e-10    9.975633e-19
   26   56    1.773717e-06    3.482188e-16
   26   57    9.790805e-07    1.120730e-16
   26   58    5.177833e-06   -2.251270e-16
   26   59    3.030923e-09    3.860109e-16
   26   60    1.153594e-11    3.010851e-19
   26   61    6.256239e-17   -3.118973e-21
   26   62    3.944948e-20   -1.155597e-23
   26   63    8.433086e-27   -1.073195e-29
   27   54    2.470143e-25   -8.490030e-27
   27   55    3.295318e-13   -1.012743e-19
   27   56    2.203462e-14    6.628959e-24
   27   57    1.445785e-09    3.185407e-18
   27   58    6.264124e-10    1.963354e-18
   27   59    2.017029e-06   -4.166661e-16
   27   60    2.027942e-08   -3.468219e-14
   27   61    1.593077e-10   -5.267812e-16
   27   62    4.761213e-14   -4.455782e-18
   27   63    1.688973e-16   -1.223584e-19
   27   64    2.503415e-22   -1.661502e-23
   27   65    2.224828e-24   -5.162885e-27
   27   66    1.945430e-30   -1.108014e-32
   28   56    1.151924e-18    2.134554e-26
   28   57    5.947729e-17   -9.770852e-24
   28   58    6.120139e-10   -1.113033e-19
   28   59    7.367974e-10   -2.737429e-19
   28   60    2.657485e-06    3.465051e-14
   28   61    1.000024e-06    6.584874e-16
   28   62    2.296128e-06    9.281936e-15
   28   63    7.567217e-09    4.855377e-16
   28   64    1.388729e-06    4.081109e-15
   28   65    1.314120e-10   -2.024773e-16
   28   66    5.296545e-13   -4.234677e-20
   28   67    4.044574e-18   -4.465047e-21
   28   68    2.863503e-21   -7.480015e-25
   28   69    1.856081e-28   -1.705104e-31
   29   58    1.401719e-26   -8.178299e-29
   29   59    2.265900e-17   -5.185805e-21
   29   60    3.032102e-15   -4.321970e-20
   29   61    8.022630e-11   -1.288401e-16
   29   62    2.718516e-10   -9.269705e-15
   29   63    8.298954e-07   -4.559067e-16
   29   64    2.326899e-08   -7.785403e-15
   29   65    1.073421e-06   -9.517262e-18
   29   66    2.841013e-09   -1.846510e-13
   29   67    7.411831e-11   -4.774864e-18
   29   68    6.858821e-15   -4.556637e-18
   29   69    2.612255e-17   -2.889467e-21
   29   70    4.356269e-23   -9.933614e-26
   29   71    4.556155e-26   -1.196091e-28
   30   60    2.674755e-23   -3.699351e-27
   30   61    5.285695e-20   -1.170123e-23
   30   62    9.462653e-15   -5.709965e-21
   30   63    1.629081e-13   -1.422026e-18
   30   64    8.269467e-07    3.765335e-15
   30   65    1.523466e-08    2.710420e-16
   30   66    1.436020e-06    1.847026e-13
   30   67    1.399195e-07    2.007459e-16
   30   68    1.332088e-06    2.320902e-16
   30   69    3.742393e-10   -1.709470e-15
   30   70    1.439430e-10    4.986440e-14
   30   71    4.914558e-15   -2.305937e-19
   30   72    7.710478e-17   -8.148217e-24
   30   73    4.276099e-22   -3.583381e-25
   30   74    5.597915e-25   -1.173651e-28
   31   63    3.416495e-24   -2.069295e-28
   31   64    4.080916e-20   -5.087806e-24
   31   65    8.051467e-13   -1.733724e-17
   31   66    6.511068e-13   -3.755097e-19
   31   67    3.186583e-10   -2.147061e-17
   31   68    5.222446e-11   -2.536188e-16
   31   69    1.564161e-07    1.727934e-15
   31   70    3.174309e-09   -9.957427e-14
   31   71    1.406969e-07    7.006815e-18
   31   72    1.017420e-10    6.478503e-17
   31   73    3.233005e-12   -3.566072e-18
   31   74    7.894657e-16   -3.487597e-20
   31   75    5.932638e-18   -9.377870e-22
   31   76    4.585327e-23   -3.339497e-26
   31   77    1.160119e-25   -1.777898e-28
   32   64    3.973315e-30   -1.236907e-33
   32   65    1.084609e-25   -6.971294e-29
   32   66    2.482539e-17   -5.975362e-23
   32   67    3.674160e-17   -6.527624e-22
   32   68    5.983918e-14    1.055500e-22
   32   69    2.993332e-12   -4.423506e-19
   32   70    2.234545e-07    4.972489e-14
   32   71    5.145178e-09    2.311480e-18
   32   72    2.746792e-07   -5.446729e-17
   32   73    6.229187e-09    1.012566e-16
   32   74    1.761547e-07   -5.234592e-17
   32   75    1.875348e-10   -2.382039e-16
   32   76    1.507411e-11    9.676714e-17
   32   77    1.679980e-15   -1.258993e-20
   32   78    1.296275e-17   -4.853759e-23
   32   79    1.789633e-22   -1.871086e-25
   32   80    2.266797e-25   -1.530886e-28
   33   67    4.617520e-28    2.842550e-31
   33   68    8.890525e-25   -1.059569e-28
   33   69    4.020586e-21   -7.146293e-26
   33   70    1.441104e-17   -8.913128e-23
   33   71    5.801347e-12   -4.202899e-19
   33   72    8.965059e-13   -1.855702e-19
   33   73    6.686152e-11   -1.243919e-19
   33   74    3.835124e-12    3.604257e-20
   33   75    1.958063e-08    2.281811e-16
   33   76    4.519515e-10   -1.249957e-16
   33   77    2.090113e-11   -2.226323e-18
   33   78    1.856097e-14   -5.675915e-20
   33   79    4.626968e-16   -1.870218e-20
   33   80    1.144768e-19   -1.499411e-22
   33   81    8.280103e-22   -4.851320e-25
   33   82    3.381935e-27   -4.745938e-30
   34   69    1.107076e-30   -8.053154e-34
   34   70    3.049997e-24   -2.468083e-29
   34   71    1.041708e-21   -7.300034e-26
   34   72    5.160077e-16   -1.297079e-23
   34   73    1.597477e-16   -1.492883e-22
   34   74    4.291467e-14    1.590113e-20
   34   75    3.847480e-12   -1.565117e-20
   34   76    5.343839e-08    5.522315e-17
   34   77    1.381625e-08    2.455620e-17
   34   78    7.045381e-08    5.043147e-17
   34   79    7.588853e-10    3.168723e-17
   34   80    4.249690e-09    1.132889e-15
   34   81    8.072368e-12   -4.244137e-17
   34   82    3.295167e-12    5.891576e-17
   34   83    1.345113e-16   -2.086810e-21
   34   84    6.011332e-19   -6.437735e-23
   34   85    3.115771e-26   -9.303605e-30
   35   72    4.088047e-30   -9.107762e-34
   35   73    5.165679e-24   -4.479183e-28
   35   74    2.549179e-22   -2.622082e-27
   35   75    2.623726e-19   -9.020594e-25
   35   76    2.306099e-16   -8.287871e-23
   35   77    6.823126e-12   -6.720666e-19
   35   78    1.247456e-12   -6.411779e-17
   35   79    7.208379e-09   -2.723900e-17
   35   80    1.053758e-09   -1.934237e-14
   35   81    6.959322e-09    3.442779e-17
   35   82    3.757516e-10   -2.036957e-16
   35   83    2.088816e-11   -4.735124e-17
   35   84    2.303577e-14   -3.630160e-19
   35   85    2.430270e-16   -2.809834e-20
   35   86    1.456744e-22   -3.834715e-26
   35   87    9.945014e-28   -3.557911e-31
   36   74    7.236648e-29   -2.091042e-33
   36   75    3.404867e-27   -2.513491e-31
   36   76    2.706224e-21   -1.039535e-27
   36   77    1.142891e-18   -5.119085e-24
   36   78    1.515174e-15    6.420275e-21
   36   79    2.785948e-13   -4.542540e-20
   36   80    1.965910e-08    1.820638e-14
   36   81    1.497983e-09    2.283999e-17
   36   82    5.180418e-08    1.232835e-16
   36   83    1.406607e-08    6.580336e-17
   36   84    5.846919e-08   -1.423492e-18
   36   85    7.668640e-10    2.171526e-17
   36   86    4.803808e-10    1.059486e-17
   36   87    3.050203e-15    9.440541e-21
   36   88    3.515805e-19   -4.351538e-25
   36   89    1.641070e-25   -1.846178e-30
   36   90    1.137115e-30   -6.955272e-34
   37   77    2.472990e-29   -1.967669e-33
   37   78    1.489274e-25   -8.157587e-30
   37   79    2.263322e-21   -3.259613e-26
   37   80    2.914146e-18   -1.935508e-21
   37   81    8.064664e-13   -9.787254e-19
   37   82    1.354300e-13   -1.159397e-19
   37   83    3.836110e-12   -1.823039e-20
   37   84    5.872506e-13    5.714121e-21
   37   85    7.587549e-09   -1.795353e-17
   37   86    8.194604e-10   -4.533319e-18
   37   87    1.172531e-10    2.329194e-18
   37   88    8.635699e-15   -1.320272e-19
   37   89    4.967487e-18   -1.048942e-22
   37   90    5.375187e-23   -5.336939e-27
   37   91    2.509394e-27   -8.385587e-31
   38   80    5.282903e-24   -1.628037e-29
   38   81    3.732348e-21   -5.589701e-26
   38   82    2.167825e-17   -2.355789e-25
   38   83    7.806071e-18   -1.304007e-24
   38   84    4.236718e-16    1.072644e-24
   38   85    1.989614e-13   -1.608780e-21
   38   86    1.828207e-08   -1.301756e-17
   38   87    1.283978e-08   -2.820338e-19
   38   88    3.539778e-08    2.026501e-17
   38   89    9.056403e-12    3.239844e-18
   38   90    6.381653e-14    1.949489e-21
   38   91    2.002061e-18    6.648358e-24
   38   92    5.767370e-22   -8.144151e-28
   38   93    1.790048e-27   -2.727075e-32
   39   82    1.557902e-28   -3.266652e-31
   39   83    3.494175e-24   -4.067164e-28
   39   84    2.952646e-24   -1.278914e-26
   39   85    7.249589e-21   -1.494095e-26
   39   86    4.367111e-18   -1.707402e-24
   39   87    4.769949e-13   -3.504904e-20
   39   88    3.961610e-13   -4.493879e-22
   39   89    5.036532e-09   -2.431685e-18
   39   90    1.094417e-11    1.518473e-18
   39   91    2.997469e-13    1.194054e-20
   39   92    1.344250e-16   -6.607626e-23
   39   93    4.113791e-19    4.497676e-27
   39   94    6.636078e-23   -8.604792e-28
   39   95    1.734389e-26   -4.943529e-31
   40   84    1.399680e-29   -9.297372e-34
   40   85    1.566683e-29   -6.589797e-34
   40   86    8.084357e-24   -2.751389e-30
   40   87    7.674662e-21   -2.664242e-26
   40   88    6.415391e-18   -2.572195e-26
   40   89    1.021576e-15   -7.660934e-23
   40   90    2.578629e-09    1.891977e-19
   40   91    2.440416e-10    5.785459e-19
   40   92    9.752933e-10   -2.080444e-19
   40   93    9.035759e-12    3.787736e-19
   40   94    2.463328e-10   -9.158978e-20
   40   95    1.481431e-13    9.875417e-20
   40   96    7.317263e-14    7.553834e-23
   40   97    3.757447e-19    6.728554e-24
   40   98    7.675741e-24   -4.899452e-27
   41   88    4.818347e-27   -1.119936e-31
   41   89    1.513936e-23   -7.638936e-29
   41   90    1.012758e-20   -3.938215e-27
   41   91    2.553676e-14   -2.073425e-23
   41   92    5.036865e-15   -1.522983e-22
   41   93    8.076895e-14   -1.598579e-22
   41   94    1.427785e-15    1.782945e-22
   41   95    5.523592e-16    5.341359e-22
   41   96    1.854237e-18    7.254999e-24
   41   97    5.320700e-20   -1.166495e-25
   41   98    2.219495e-24   -1.025972e-26
   41   99    7.888312e-28   -1.043371e-30
   42   90    2.030398e-28   -1.983116e-34
   42   91    4.395921e-24   -9.425593e-29
   42   92    1.315300e-16    1.854415e-22
   42   93    7.292272e-15   -1.366385e-23
   42   94    2.115941e-11   -1.769810e-20
   42   95    1.356864e-11   -1.052544e-20
   42   96    1.167409e-10   -7.288219e-20
   42   97    6.358548e-13    9.990638e-20
   42   98    6.715072e-11   -3.481367e-20
   42   99    6.443944e-15    3.551946e-20
   42  100    1.309796e-15    4.219484e-19
   42  101    1.998506e-20   -2.787666e-27
   42  102    1.512555e-22   -4.555309e-27
   42  103    1.247966e-27   -3.842247e-31
   43   92    1.266884e-30   -9.563742e-35
   43   93    2.637549e-22   -5.413630e-28
   43   94    5.511194e-20   -6.257009e-26
   43   95    1.210305e-16   -3.397080e-23
   43   96    7.776656e-17   -4.398715e-24
   43   97    8.230952e-15   -1.737182e-23
   43   98    6.363958e-16    3.046221e-23
   43   99    2.644496e-13   -2.357292e-22
   43  100    3.345916e-16   -8.431068e-19
   43  101    2.796707e-17   -6.474176e-22
   43  102    2.640260e-21   -9.882240e-24
   43  103    4.817586e-23   -1.918760e-26
   43  104    3.028540e-27   -5.107063e-33
   44   94    8.809785e-27   -5.649022e-32
   44   95    1.452599e-23   -4.879143e-29
   44   96    3.189238e-18    4.083126e-25
   44   97    2.117113e-16   -1.768520e-23
   44   98    3.595306e-12   -5.220817e-21
   44   99    3.747253e-12   -7.098715e-21
   44  100    4.137285e-11    3.850383e-19
   44  101    1.938248e-13    4.935254e-20
   44  102    1.161177e-13    4.448309e-22
   44  103    7.144221e-17    9.547353e-23
   44  104    7.396636e-16    1.678580e-17
   44  105    1.830687e-20    3.887940e-25
   44  106    6.857059e-23    2.044213e-29
   44  107    1.329382e-27   -8.289507e-32
   45   97    2.366497e-24   -1.787543e-29
   45   98    3.073209e-22   -2.916564e-26
   45   99    9.777358e-18   -2.024285e-25
   45  100    1.171820e-17   -3.188436e-24
   45  101    3.089741e-14   -1.609973e-22
   45  102    4.048382e-15    1.178533e-22
   45  103    7.390167e-12   -3.133483e-20
   45  104    3.563583e-14   -3.354035e-17
   45  105    6.854250e-15   -8.294561e-22
   45  106    6.239494e-18   -4.148322e-21
   45  107    2.958328e-19   -4.485950e-24
   45  108    8.467874e-23   -9.969390e-26
   45  109    8.962347e-25   -2.226824e-28
   45  110    5.848107e-29   -3.861401e-31
   46   98    3.496906e-29   -6.451408e-34
   46   99    4.985934e-26   -7.741080e-31
   46  100    1.406789e-22   -9.059283e-30
   46  101    2.911058e-20   -1.917767e-26
   46  102    2.490517e-15   -5.459757e-24
   46  103    9.628433e-15   -1.735786e-22
   46  104    2.538259e-11    1.673925e-17
   46  105    4.791091e-13    4.522984e-20
   46  106    2.336933e-11    5.725726e-20
   46  107    4.668527e-14    3.113766e-20
   46  108    2.447066e-11    1.147719e-17
   46  109    1.127226e-14    1.858035e-20
   46  110    1.023030e-14    1.560702e-17
   46  111    6.074980e-19   -2.107165e-24
   46  112    1.258202e-20   -2.130094e-27
   46  113    1.222844e-25   -2.130907e-29
   47  101    8.564007e-30   -2.562484e-34
   47  102    4.360743e-26   -1.123400e-30
   47  103    1.901420e-20   -9.624887e-26
   47  104    5.065293e-19   -2.437725e-24
   47  105    5.789703e-15   -7.407071e-23
   47  106    5.912297e-15   -8.280004e-20
   47  107    4.287638e-12   -2.756132e-20
   47  108    8.207484e-14   -2.258334e-17
   47  109    6.483583e-12   -2.966490e-20
   47  110    1.926906e-14   -3.113227e-17
   47  111    3.428358e-15    5.980240e-23
   47  112    3.236528e-18    8.195932e-24
   47  113    1.167847e-19   -1.020786e-25
   47  114    9.112652e-24   -3.921826e-26
   47  115    6.948248e-26   -1.117361e-30
   48  103    3.929106e-30   -1.787840e-34
   48  104    3.941125e-25   -2.269467e-30
   48  105    1.534329e-22   -9.192504e-28
   48  106    3.330697e-18    8.180401e-22
   48  107    3.964126e-17   -3.404056e-23
   48  108    3.564389e-13    1.110909e-17
   48  109    2.753582e-14    6.417808e-22
   48  110    2.348832e-11    1.551468e-17
   48  111    1.896880e-13    4.706355e-20
   48  112    2.189602e-11    7.640730e-20
   48  113    3.315159e-14    3.136671e-20
   48  114    3.272910e-11    2.614909e-17
   48  115    1.054508e-14    2.910419e-20
   48  116    2.829119e-15    1.288442e-19
   48  117    2.098200e-19    1.220824e-24
   48  118    4.100409e-21   -2.672734e-26
   48  119    3.994314e-26   -3.531977e-30
   49  106    3.099078e-30   -1.660506e-34
   49  107    6.431954e-25   -6.599604e-30
   49  108    3.756655e-23   -2.157357e-28
   49  109    1.388895e-18   -1.844743e-24
   49  110    4.536521e-18   -5.186626e-24
   49  111    2.613047e-14   -2.403517e-21
   49  112    4.820739e-15   -1.538177e-19
   49  113    5.938882e-12   -5.203753e-20
   49  114    9.446935e-14   -5.217655e-17
   49  115    3.311737e-14    1.983267e-21
   49  116    9.115899e-17   -2.573856e-19
   49  117    8.135827e-18   -6.129688e-23
   49  118    4.900664e-21   -1.946595e-23
   49  119    1.300938e-22   -1.796346e-26
   49  120    1.924762e-26   -1.241926e-28
   49  121    9.901525e-29   -8.540474e-32
   50  109    2.547474e-28   -4.702802e-33
   50  110    1.048676e-23   -1.415353e-29
   50  111    8.628981e-22   -8.125090e-27
   50  112    7.041678e-17    4.706353e-20
   50  113    3.385455e-16   -2.926207e-24
   50  114    4.249948e-12    2.604133e-17
   50  115    7.115610e-13    4.495256e-21
   50  116    4.859024e-11    8.109626e-20
   50  117    2.764000e-13    4.999984e-20
   50  118    6.251801e-11   -3.300069e-20
   50  119    9.361916e-14    4.888820e-20
   50  120    6.383675e-11    4.381576e-21
   50  121    2.408807e-14    1.931079e-20
   50  122    4.745677e-13    8.610393e-22
   50  123    6.954951e-17    1.089871e-22
   50  124    4.659889e-14   -5.344400e-24
   50  125    1.960276e-18    5.776612e-24
   50  126    1.669504e-20    4.962556e-28
   50  127    2.207127e-25    3.032421e-31
   50  128    3.549971e-28    2.413317e-35
   51  112    1.025375e-30   -3.974972e-34
   51  113    2.430133e-25   -1.210169e-29
   51  114    1.000069e-23   -9.517533e-28
   51  115    4.448875e-19   -4.608077e-24
   51  116    2.114136e-19   -4.441428e-24
   51  117    2.175042e-16   -4.320632e-22
   51  118    5.974859e-17   -5.510035e-21
   51  119    6.772294e-14   -1.029102e-20
   51  120    1.362240e-15   -2.816200e-20
   51  121    3.387374e-12   -9.678297e-21
   51  122    1.112771e-14    1.269347e-20
   51  123    8.564001e-14   -1.476653e-22
   51  124    1.144602e-16    2.542159e-22
   51  125    7.453967e-18    4.397266e-25
   51  126    2.595805e-21    1.107384e-26
   51  127    3.757915e-23    3.236661e-30
   51  128    2.629126e-27    2.064448e-32
   51  129    5.375029e-27   -6.778107e-33
   51  130    3.077666e-29   -2.587422e-34
   52  116    1.709066e-24   -3.811206e-30
   52  117    1.267321e-23   -6.806329e-29
   52  118    1.443625e-18   -6.330274e-26
   52  119    1.578771e-18   -5.565148e-25
   52  120    2.045444e-14    7.233255e-23
   52  121    2.480648e-15    2.462262e-23
   52  122    1.204280e-11   -2.830526e-20
   52  123    9.817665e-14    2.880771e-20
   52  124    2.195597e-11   -3.043177e-20
   52  125    5.312177e-14    3.118275e-20
   52  126    2.513969e-11   -1.927581e-20
   52  127    1.646617e-14    9.727553e-21
   52  128    9.428249e-13    1.714255e-19
   52  129    6.471129e-16   -2.765104e-21
   52  130    1.370191e-12   -2.040911e-22
   52  131    8.698237e-17   -9.503167e-22
   52  132    7.192161e-19   -3.040003e-26
   52  133    1.698050e-23   -4.143771e-28
   52  134    2.046228e-26    9.915534e-34
   53  119    8.134748e-26   -1.415893e-30
   53  120    6.094643e-25   -2.517058e-30
   53  121    2.842552e-20   -7.462323e-26
   53  122    3.958766e-20   -3.621841e-24
   53  123    2.703184e-16   -1.158818e-22
   53  124    3.815728e-17    4.136376e-25
   53  125    9.526944e-14   -1.068790e-21
   53  126    2.237455e-15    6.224913e-22
   53  127    3.503575e-12   -4.197246e-21
   53  128    1.292209e-14   -3.175607e-19
   53  129    1.382993e-15    3.138857e-21
   53  130    1.212128e-18    1.570655e-24
   53  131    8.317485e-20    1.155410e-21
   53  132    1.411137e-23    5.177113e-26
   53  133    2.429572e-25    4.510593e-28
   53  134    3.181058e-29   -1.300428e-34
   53  135    1.202067e-26   -1.010634e-32
   54  121    1.961366e-28   -1.628408e-33
   54  122    6.490276e-23   -1.848265e-29
   54  123    6.201456e-22   -1.659564e-27
   54  124    1.767257e-17   -8.728453e-26
   54  125    1.750796e-17   -5.847351e-24
   54  126    7.645941e-14   -2.884600e-22
   54  127    9.223017e-15    1.812182e-22
   54  128    1.451340e-11    1.261528e-19
   54  129    1.368145e-13    3.350457e-20
   54  130    2.352271e-11   -2.446756e-20
   54  131    7.041266e-14    3.159435e-20
   54  132    3.738967e-11   -1.769692e-20
   54  133    2.574470e-14    1.684886e-20
   54  134    1.620065e-12   -3.263694e-22
   54  135    9.189951e-15   -5.216930e-21
   54  136    6.452630e-12   -6.059260e-23
   54  137    1.959698e-20    6.086619e-23
   54  138    5.022649e-27    5.667435e-31
   55  124    4.778284e-29   -3.081261e-32
   55  125    1.271929e-23   -9.074679e-29
   55  126    9.772047e-23   -1.978955e-26
   55  127    1.205676e-18   -1.084557e-24
   55  128    1.063487e-18   -9.633289e-23
   55  129    1.568047e-15   -2.865924e-22
   55  130    2.090161e-16   -2.367825e-21
   55  131    1.839689e-13   -5.513507e-21
   55  132    3.763871e-15    9.719720e-22
   55  133    4.369385e-12   -1.346287e-20
   55  134    2.010734e-14    1.454679e-20
   55  135    1.878407e-15    5.639189e-21
   55  136    3.525620e-18    2.736822e-24
   55  137    6.086429e-20    1.709305e-24
   55  138    1.253682e-27    3.078301e-30
   56  126    6.678656e-28   -2.226236e-33
   56  127    1.023816e-25   -2.679402e-30
   56  128    5.582353e-21   -5.732388e-28
   56  129    2.107375e-20   -5.265652e-26
   56  130    1.836139e-16    3.699521e-23
   56  131    8.308026e-17   -1.536470e-24
   56  132    1.803205e-13   -6.553803e-22
   56  133    1.563477e-14    5.928574e-22
   56  134    1.774847e-11   -3.050224e-20
   56  135    2.276293e-13    3.510883e-20
   56  136    9.296861e-11    4.433437e-20
   56  137    1.081520e-12    6.594895e-20
   56  138    3.781111e-10   -1.474217e-20
   56  139    7.638203e-17    1.517154e-20
   56  140    6.859904e-22    1.098707e-26
   56  141    8.964053e-29    4.671270e-32
   57  129    4.260691e-29   -1.219764e-33
   57  130    6.612052e-26   -2.527083e-30
   57  131    1.964573e-21   -1.109882e-26
   57  132    3.173413e-21   -3.710428e-27
   57  133    2.321525e-17   -3.319565e-23
   57  134    1.638170e-17   -8.433352e-22
   57  135    1.557345e-14   -4.569143e-21
   57  136    3.275916e-15   -1.101699e-19
   57  137    1.384782e-12   -5.679389e-21
   57  138    1.781608e-13    5.267241e-21
   57  139    3.577206e-11   -1.111757e-20
   57  140    8.350893e-17    1.241533e-20
   57  141    3.455273e-21    5.926811e-26
   57  142    5.082421e-27    2.053591e-30
   58  131    1.484937e-30   -4.793624e-35
   58  132    2.696778e-25   -4.300758e-31
   58  133    2.867632e-24   -9.887932e-30
   58  134    6.959604e-20   -5.762557e-27
   58  135    1.767393e-19   -5.578798e-26
   58  136    5.496313e-16    2.600637e-23
   58  137    2.917521e-16   -1.541542e-22
   58  138    5.914322e-13    4.991251e-22
   58  139    2.262584e-13    2.492808e-20
   58  140    9.256196e-11    2.115721e-18
   58  141    7.538997e-16    1.483479e-20
   58  142    1.975174e-19    5.852945e-25
   58  143    8.169716e-25    5.541581e-29
   58  144    5.635528e-26    3.833227e-34
   59  134    1.260004e-27   -7.703605e-35
   59  135    1.004578e-22   -1.393187e-27
   59  136    8.507770e-22   -2.159231e-26
   59  137    5.883052e-18   -2.555148e-23
   59  138    7.716612e-18   -1.767199e-21
   59  139    1.958402e-14   -2.475901e-20
   59  140    2.170158e-14   -2.129597e-18
   59  141    7.765092e-12    4.716445e-20
   59  142    6.832957e-16    1.052842e-20
   59  143    7.666845e-19    1.956234e-24
   59  144    2.153689e-23    1.185691e-27
   59  145    8.589267e-25   -7.050941e-31
   59  146    1.332155e-30    1.368884e-33
   60  136    1.256032e-25   -8.257329e-31
   60  137    4.016657e-24   -3.476562e-29
   60  138    1.220198e-19   -1.362427e-25
   60  139    7.238862e-19   -8.116256e-24
   60  140    5.959236e-15   -4.347558e-22
   60  141    2.594332e-14   -5.778846e-20
   60  142    3.726826e-11    9.632344e-21
   60  143    8.396000e-15    2.303773e-20
   60  144    5.492381e-16    2.466287e-23
   60  145    5.412115e-20    6.079914e-25
   60  146    1.555804e-18    6.611877e-28
   60  147    1.904743e-23    1.290834e-27
   60  148    1.464390e-21   -9.166597e-31
   60  149    5.096240e-27    9.511918e-31
   60  150    8.055862e-26    2.460319e-36
   61  139    5.276403e-25   -4.224517e-29
   61  140    4.910310e-23   -1.063438e-25
   61  141    2.490750e-18   -3.976029e-23
   61  142    5.863436e-17   -2.883752e-20
   61  143    2.394857e-13    3.651722e-21
   61  144    4.598660e-16    1.117579e-21
   61  145    2.939142e-15    2.329097e-23
   61  146    2.265433e-18    1.940808e-23
   61  147    5.417589e-17    1.386697e-25
   61  148    6.425231e-21    3.249513e-25
   61  149    1.705505e-20   -1.791120e-27
   61  150    6.559197e-25    7.621559e-29
   61  151    9.599943e-26   -4.112503e-33
   61  153    3.305740e-30   -2.090983e-34
   62  140    1.198862e-25   -2.690852e-30
   62  141    7.518044e-24   -2.450669e-28
   62  142    2.186367e-18   -1.004077e-23
   62  143    1.166958e-16   -4.430449e-21
   62  144    3.533440e-12   -4.789081e-21
   62  145    2.124213e-14    7.715814e-21
   62  146    3.028593e-13   -5.668744e-22
   62  147    5.644939e-16    7.684386e-22
   62  148    2.788938e-14    3.038177e-23
   62  149    6.780992e-18    1.247597e-22
   62  150    2.045312e-15   -4.219152e-24
   62  151    3.893989e-19    4.254824e-24
   62  152    5.331935e-15   -1.180330e-23
   62  153    8.874778e-19    1.169629e-23
   62  154    1.125424e-19    3.617211e-27
   62  155    8.105254e-24    5.226119e-29
   62  156    2.608341e-27    7.654903e-33
   63  142    4.252738e-30   -3.621195e-32
   63  143    2.033540e-22   -2.614797e-26
   63  144    3.194809e-19   -6.240891e-22
   63  145    3.508092e-14   -1.787663e-21
   63  146    9.808900e-16    3.610073e-22
   63  147    2.335715e-15   -5.349255e-22
   63  148    6.694641e-17    3.248305e-23
   63  149    2.296804e-14   -3.683767e-22
   63  150    2.627392e-17    3.237703e-22
   63  151    1.915587e-14   -2.154799e-22
   63  152    1.944669e-17    2.173294e-22
   63  153    6.931808e-14   -5.644847e-22
   63  154    6.457822e-17    5.659835e-22
   63  155    1.870848e-18    9.334830e-25
   63  156    7.703574e-22    9.865454e-27
   63  157    1.527102e-24    4.548493e-30
   63  158    5.871786e-29    4.010186e-33
   64  144    1.507098e-24   -1.120878e-28
   64  145    1.786376e-21   -2.583435e-26
   64  146    2.359163e-15   -2.049025e-23
   64  147    3.642402e-16   -4.911294e-23
   64  148    6.437614e-16   -8.098412e-22
   64  149    1.095189e-15   -3.258709e-22
   64  150    1.759746e-13   -4.247530e-21
   64  151    1.156036e-15    1.029738e-21
   64  152    7.594694e-13   -4.123313e-21
   64  153    2.043329e-15    4.925566e-21
   64  154    3.247031e-12   -1.738037e-20
   64  155    7.372990e-15    2.398367e-20
   64  156    9.816345e-13   -4.061449e-21
   64  157    9.273300e-16    4.194644e-21
   64  158    1.538045e-16    4.835915e-24
   64  159    2.198250e-20    3.283549e-25
   64  160    2.080229e-23    5.564738e-29
   64  161    4.830056e-28   -1.346317e-32
   65  147    4.203165e-25   -1.431485e-30
   65  148    1.312627e-23   -7.321879e-29
   65  149    2.243172e-26   -7.116826e-30
   65  150    2.199471e-22   -1.234890e-27
   65  151    4.334732e-18   -8.488931e-24
   65  152    3.378391e-19   -1.763892e-25
   65  153    9.220722e-15   -1.159559e-21
   65  154    1.181819e-16    1.928712e-22
   65  155    1.528765e-13   -9.146244e-21
   65  156    1.404155e-15    2.479192e-21
   65  157    2.018793e-13    1.572562e-21
   65  158    7.391444e-16    2.455147e-21
   65  159    9.698451e-16    3.333816e-23
   65  160    7.822173e-19    7.231549e-24
   65  161    3.929267e-21    8.686295e-27
   65  162    9.655150e-25   -2.431566e-29
   65  163    6.581687e-28   -5.526788e-33
   66  149    3.591691e-27   -5.394177e-36
   66  152    6.925638e-21   -7.956237e-26
   66  153    1.400865e-19   -6.195673e-25
   66  154    2.369536e-15   -6.283874e-23
   66  155    1.101804e-16   -3.302217e-23
   66  156    2.326299e-13   -2.481333e-21
   66  157    5.886005e-15    1.033306e-20
   66  158    1.949700e-12   -1.642395e-20
   66  159    1.606638e-14    3.434710e-19
   66  160    1.281080e-12   -7.509633e-22
   66  161    2.461825e-15    6.908171e-19
   66  162    8.109518e-15    2.946729e-20
   66  163    4.264538e-18    3.002262e-23
   66  164    9.324879e-20    2.112009e-21
   66  165    1.283349e-24    1.324412e-28
   66  166    1.267548e-28    2.152834e-33
   67  153    7.388229e-28   -1.216394e-31
   67  154    2.328033e-24   -1.645500e-28
   67  155    3.582959e-19   -2.502963e-24
   67  156    1.919144e-20    4.522661e-25
   67  157    4.536723e-16   -1.197071e-20
   67  158    2.448566e-17    8.055118e-23
   67  159    3.243945e-14   -3.268027e-19
   67  160    4.738782e-16    4.216087e-21
   67  161    3.064487e-13   -6.826964e-19
   67  162    1.331580e-15   -2.500309e-20
   67  163    1.431229e-13    7.710595e-20
   67  164    3.073942e-16   -1.723866e-21
   67  165    4.547575e-17    5.588552e-21
   67  166    1.297542e-20    3.073181e-25
   67  167    2.487127e-23    1.412120e-28
   67  168    1.244610e-27   -4.911482e-32
   67  169    2.939235e-29   -2.069387e-33
   68  154    3.490208e-26   -3.089948e-30
   68  155    7.849898e-26   -4.920666e-30
   68  156    3.255248e-20   -5.639961e-25
   68  157    2.092337e-20   -3.743563e-25
   68  158    3.254097e-16   -7.955425e-22
   68  159    4.479722e-17   -4.050952e-22
   68  160    4.955161e-14   -1.029419e-20
   68  161    3.623435e-15   -4.930395e-21
   68  162    1.034692e-12   -9.916753e-21
   68  163    1.781271e-14   -3.523379e-20
   68  164    2.271128e-12    3.558515e-20
   68  165    1.045325e-14    5.015819e-20
   68  166    3.971193e-13   -6.421757e-24
   68  167    4.150246e-16    9.381159e-21
   68  168    2.455284e-18    6.066019e-24
   68  169    3.578541e-22    5.339786e-27
   68  170    1.733153e-25    1.024049e-30
   68  171    4.741985e-30    2.173769e-34
   69  156    3.855049e-30   -9.160607e-34
   69  157    9.309638e-26   -8.514374e-30
   69  158    1.146876e-22   -9.565983e-27
   69  159    2.198660e-20   -8.005525e-25
   69  160    2.474053e-20   -7.874804e-25
   69  161    6.002896e-17   -6.618064e-22
   69  162    8.030803e-18    3.217052e-22
   69  163    1.083790e-14   -3.291915e-20
   69  164    3.071591e-16    2.376577e-20
   69  165    2.100649e-13    4.692214e-20
   69  166    2.164742e-15    8.180583e-20
   69  167    3.091126e-13    6.708124e-19
   69  168    1.342187e-15    3.211271e-21
   69  169    1.094525e-16    3.720556e-22
   69  170    1.126718e-19    6.502067e-25
   69  171    8.992250e-22    8.998625e-28
   69  172    1.652167e-25    3.184443e-30
   69  173    1.603391e-28    1.010213e-33
   69  174    1.143789e-30   -7.033872e-35
   70  159    1.777122e-27   -3.541864e-31
   70  160    1.248302e-21   -8.655013e-26
   70  161    8.197102e-21   -6.484083e-25
   70  162    2.514513e-17   -4.439722e-22
   70  163    1.448912e-17   -4.352433e-22
   70  164    1.702280e-14   -7.485952e-20
   70  165    2.650710e-15   -8.861158e-20
   70  166    8.207603e-13   -9.058274e-20
   70  167    3.592474e-14   -6.593040e-19
   70  168    4.944982e-12   -2.773829e-20
   70  169    4.873640e-14    6.001460e-20
   70  170    7.743437e-13   -3.548764e-21
   70  171    1.998219e-15    1.369773e-20
   70  172    1.103167e-15    9.021939e-23
   70  173    6.684044e-19    9.453140e-24
   70  174    1.613256e-21    8.419291e-27
   70  175    8.118591e-26    2.260856e-30
   70  176    1.292774e-28    1.078334e-36
   71  162    9.529323e-28   -2.313103e-31
   71  163    4.237801e-22   -3.549680e-26
   71  164    8.119026e-22   -8.551487e-26
   71  165    1.568002e-18   -4.856300e-23
   71  166    3.476142e-19    2.221100e-23
   71  167    1.934279e-15   -1.224228e-20
   71  168    2.540259e-16    4.115928e-20
   71  169    1.060272e-13    1.365302e-19
   71  170    1.794346e-15    2.447431e-19
   71  171    3.344738e-13    1.290252e-20
   71  172    2.365846e-15    5.993961e-21
   71  173    1.257899e-14    2.201063e-20
   71  174    2.782458e-17    1.275212e-22
   71  175    9.323769e-17    1.970134e-23
   71  176    3.351903e-20    5.820946e-25
   71  177    4.040260e-23    3.070142e-28
   71  178    3.615287e-27    1.117149e-31
   71  179    1.689890e-28   -2.040555e-34
   72  163    3.457660e-28   -1.722515e-31
   72  164    3.116170e-24   -5.603738e-28
   72  165    1.434881e-23   -3.764486e-27
   72  166    1.339399e-18   -6.578148e-23
   72  167    1.838735e-18   -2.978839e-22
   72  168    4.418657e-15   -5.652767e-20
   72  169    1.515523e-15   -1.555970e-19
   72  170    7.025794e-13   -2.539725e-19
   72  171    5.875460e-14   -1.620742e-20
   72  172    4.395731e-12   -4.956939e-20
   72  173    9.429358e-14    3.029756e-20
   72  174    1.432317e-12   -9.187644e-21
   72  175    6.029700e-15    4.878582e-20
   72  176    1.062570e-14    4.455510e-22
   72  177    8.685727e-18    8.342874e-21
   72  178    6.339201e-20    7.735882e-22
   72  179    6.918343e-21    2.003821e-22
   72  180    1.564891e-20    4.296553e-22
   72  181    1.097295e-25    2.253842e-29
   72  182    6.882377e-30    1.578912e-34
   73  167    3.822772e-27   -9.539002e-31
   73  168    3.893799e-26   -6.498002e-30
   73  169    2.442942e-21   -1.655162e-25
   73  170    9.310558e-21   -1.837027e-25
   73  171    2.510921e-17   -3.538454e-22
   73  172    1.900575e-18    8.297643e-21
   73  173    1.988530e-15    5.852404e-21
   73  174    4.678059e-17    8.306065e-19
   73  175    7.227075e-14    1.387787e-19
   73  176    6.354668e-16    3.717281e-18
   73  177    8.492855e-14    1.260267e-19
   73  178    2.168616e-17    2.721534e-20
   73  179    5.772821e-13    2.556668e-19
   73  180    7.371941e-16    4.585796e-21
   73  181    4.803638e-18    1.151140e-23
   73  182    7.023394e-22    2.288516e-26
   73  183    2.932816e-25    4.025921e-30
   73  184    3.838898e-30    8.518520e-34
   74  168    4.577520e-30   -5.731365e-35
   74  169    2.686438e-26   -7.275666e-30
   74  170    1.987918e-21   -2.742473e-25
   74  171    2.208500e-20   -3.082103e-24
   74  172    1.652362e-16   -8.323836e-21
   74  173    2.144711e-16   -9.376522e-21
   74  174    8.297396e-14   -8.327350e-19
   74  175    1.883866e-14   -1.759067e-19
   74  176    1.678792e-12   -3.739164e-18
   74  177    5.351824e-14   -1.093357e-20
   74  178    2.595332e-12   -4.143488e-20
   74  179    2.907613e-14    1.155726e-18
   74  180    4.036433e-13    4.678368e-19
   74  181    1.366890e-15    7.379822e-20
   74  182    1.678589e-16    2.346559e-22
   74  183    6.489759e-20    1.496861e-22
   74  184    1.327776e-22    3.128278e-25
   74  185    8.030757e-27    2.655388e-31
   74  186    5.458341e-26    1.794038e-29
   74  187    1.268117e-30   -2.924273e-37
   75  172    1.690810e-27   -7.881715e-35
   75  173    2.622656e-22   -4.410813e-26
   75  174    4.281950e-21   -5.929605e-25
   75  175    1.404574e-17   -7.945699e-22
   75  176    1.025120e-17   -6.423242e-22
   75  177    4.241705e-15   -1.007123e-19
   75  178    3.765950e-16    1.288596e-20
   75  179    8.174291e-14   -1.373269e-18
   75  180    3.443357e-15    2.323832e-18
   75  181    2.559438e-13   -8.620792e-21
   75  182    2.535564e-15    7.082098e-19
   75  183    4.527954e-14    4.137617e-20
   75  184    4.800098e-17    4.360040e-22
   75  185    9.815355e-18    1.956360e-23
   75  186    3.869264e-21    7.313633e-26
   75  187    8.268704e-24    3.952668e-29
   75  188    5.916745e-28    3.877796e-32
   75  189    2.023590e-26   -4.607979e-33
   76  175    1.822894e-26   -4.443187e-30
   76  176    4.983563e-22   -4.896486e-26
   76  177    3.369742e-20   -3.804323e-24
   76  178    3.347244e-16   -2.236433e-20
   76  179    4.048150e-16   -2.074660e-20
   76  180    1.807421e-13   -2.796193e-18
   76  181    2.092779e-14   -5.197972e-20
   76  182    2.779253e-12   -7.242277e-19
   76  183    9.738428e-14    2.669323e-19
   76  184    2.224941e-12    8.745322e-21
   76  185    7.731031e-15    1.364358e-19
   76  186    2.106675e-14    5.407888e-22
   76  187    2.205532e-17    7.976469e-20
   76  188    1.051584e-17    7.418142e-23
   76  189    2.579395e-20    7.012044e-22
   76  190    3.635241e-22    8.795764e-25
   76  191    2.756200e-26    6.028945e-31
   76  192    5.450343e-26    1.664819e-31
   76  194    3.791039e-29   -3.994782e-39
   77  179    3.995743e-24   -1.106059e-27
   77  180    6.806244e-21   -1.550973e-24
   77  181    1.750195e-16   -1.194371e-20
   77  182    1.566996e-16   -3.479440e-21
   77  183    4.786766e-14   -2.803851e-19
   77  184    4.346322e-15   -3.594953e-21
   77  185    3.139626e-13   -1.250798e-19
   77  186    1.670587e-15    1.679727e-19
   77  187    1.511188e-13   -7.797002e-20
   77  188    5.537313e-16    3.618790e-20
   77  189    4.011965e-14    9.648563e-21
   77  190    4.501901e-17    3.780424e-22
   77  191    2.944023e-18    6.791088e-22
   77  192    1.119874e-21    2.061862e-26
   77  193    2.698766e-21    7.509340e-27
   77  194    3.345286e-25    1.150940e-29
   77  195    1.848857e-28    8.484809e-34
   77  197    5.063795e-29   -2.899269e-33
   78  181    2.562234e-30   -1.250472e-33
   78  182    2.238424e-23   -3.411894e-27
   78  183    5.460371e-21   -3.128980e-25
   78  184    1.667821e-16   -3.377684e-21
   78  185    2.031925e-16   -1.008185e-21
   78  186    6.130011e-14   -1.712292e-19
   78  187    1.749788e-15   -3.942138e-21
   78  188    1.512986e-12   -7.039413e-20
   78  189    2.103719e-14    7.178264e-20
   78  190    2.152745e-12   -1.337553e-20
   78  191    8.341092e-15    2.631363e-19
   78  192    4.069461e-13   -5.531417e-24
   78  193    5.952969e-16    1.412535e-19
   78  194    4.057942e-15    4.113904e-22
   78  195    1.772503e-18    1.434100e-22
   78  196    2.274305e-18    8.631804e-24
   78  197    2.671922e-22    2.767451e-27
   78  198    2.714889e-25    3.151021e-31
   78  199    8.156266e-30    3.771927e-35
   78  200    2.364622e-28    3.874310e-41
   79  185    2.941056e-25   -3.436569e-29
   79  186    2.567361e-23   -1.845510e-27
   79  187    1.509732e-18   -6.503249e-23
   79  188    4.517347e-19   -6.284867e-24
   79  189    5.324320e-15   -6.208143e-20
   79  190    5.860054e-16    3.009777e-20
   79  191    1.405378e-13   -2.438422e-19
   79  192    1.750781e-15    1.492637e-19
   79  193    4.435429e-13   -1.283571e-19
   79  194    2.869205e-15    4.960946e-21
   79  195    1.072406e-13    1.986615e-20
   79  196    2.482232e-16    7.195444e-22
   79  197    1.024409e-16    5.934524e-21
   79  198    8.883906e-20    3.180451e-25
   79  199    3.645667e-22    2.960003e-28
   79  200    5.047708e-26    2.359747e-32
   79  201    4.550481e-26   -5.812039e-31
   79  202    1.241049e-28   -8.706933e-32
   80  186    1.449415e-30   -4.641527e-34
   80  187    6.689579e-27   -1.211756e-30
   80  188    1.536113e-19   -1.579986e-23
   80  189    1.380508e-18   -6.065424e-23
   80  190    2.079220e-15   -3.456077e-20
   80  191    6.223709e-16   -4.203568e-21
   80  192    1.307143e-13   -1.501988e-19
   80  193    1.114328e-14   -7.123886e-21
   80  194    1.682959e-12   -8.771081e-21
   80  195    3.932893e-14    3.170047e-19
   80  196    6.311201e-12    5.784632e-21
   80  197    6.877518e-14    1.257747e-18
   80  198    4.602832e-12    2.328725e-20
   80  199    1.965792e-14    1.435464e-18
   80  200    9.077461e-13    6.652911e-21
   80  201    6.377504e-16    6.371271e-20
   80  202    2.244553e-14    7.388960e-23
   80  203    2.915639e-18    7.325290e-24
   80  204    5.504389e-17   -3.678742e-27
   80  205    3.961042e-22   -2.041057e-26
   80  206    1.527477e-26   -5.876462e-31
   81  188    1.898120e-29   -5.652083e-37
   81  189    1.791962e-25   -2.699297e-29
   81  190    1.084876e-22   -1.864773e-28
   81  191    1.761202e-18   -6.645083e-26
   81  192    3.529943e-18   -1.221843e-22
   81  193    5.086202e-16   -7.806501e-21
   81  194    3.954784e-16   -3.976782e-21
   81  195    6.821131e-14   -3.260838e-19
   81  196    9.439176e-15   -2.763837e-20
   81  197    6.352979e-13   -1.243974e-18
   81  198    2.963733e-14    4.462049e-21
   81  199    1.912827e-12   -1.425454e-18
   81  200    3.443188e-14    2.100294e-19
   81  201    8.319479e-13    2.408160e-20
   81  202    4.304964e-15    1.152912e-21
   81  203    2.227159e-14    1.627513e-19
   81  204    1.611478e-16    1.646037e-23
   81  205    2.176250e-15   -4.087940e-25
   81  206    3.098397e-19   -2.394745e-23
   81  207    9.327694e-23   -6.451604e-27
   82  192    4.872049e-26   -4.627086e-30
   82  193    4.618820e-25   -7.009945e-31
   82  194    3.977848e-20   -1.238134e-24
   82  195    7.155169e-20   -1.585610e-24
   82  196    7.614604e-17   -5.936951e-25
   82  197    5.921725e-17   -2.409095e-21
   82  198    1.308428e-14   -3.020249e-20
   82  199    2.552127e-15   -4.182372e-21
   82  200    8.148937e-13   -2.094166e-19
   82  201    1.486592e-13   -4.019078e-21
   82  202    1.172633e-11   -5.450070e-22
   82  203    1.527549e-12    1.938436e-21
   82  204    6.236089e-11   -1.751793e-20
   82  205    4.304595e-12    4.655781e-20
   82  206    1.246825e-10   -1.963006e-20
   82  207    2.757059e-12    2.256582e-20
   82  208    4.558293e-11    3.197570e-23
   82  209    7.251895e-20    1.508222e-22
   82  210    2.753180e-27    1.115446e-30
   83  195    3.522000e-26   -3.850210e-30
   83  196    3.981804e-23   -2.582527e-27
   83  197    5.329693e-19   -1.897892e-23
   83  198    7.289174e-19   -2.351212e-23
   83  199    4.230996e-16   -5.212944e-21
   83  200    2.389379e-16   -2.181270e-21
   83  201    2.566992e-14   -8.308820e-20
   83  202    3.303334e-15   -1.040205e-20
   83  203    3.288641e-13   -1.570926e-19
   83  204    2.514499e-14   -1.030655e-20
   83  205    1.086218e-12   -1.920507e-20
   83  206    3.765661e-14    1.491864e-21
   83  207    1.418156e-12   -1.356422e-21
   83  208    1.176441e-14    1.398139e-21
   83  209    1.672713e-13   -2.160217e-24
   83  210    3.888874e-21    6.872989e-24
   83  211    9.317848e-29    2.507135e-31
   84  202    8.643267e-29   -6.452580e-34
   84  203    1.101941e-28   -1.000283e-33
   84  204    9.614686e-27   -1.532536e-32
   84  205    1.069984e-26   -3.427635e-32
   84  206    1.262308e-25   -4.497346e-33
   84  207    5.376652e-27   -4.832936e-33
   84  208    1.770299e-25   -4.627944e-34
   84  209    4.030894e-28    8.984703e-35
   84  210    7.379625e-27    1.789503e-28
    0    1    2.943527e-20   -5.376000e-21
    1    1    7.811726e-16   -1.144236e-16
    2    4    2.338175e-11   -9.272368e-13
