3.0812e+00
5.8808e-02
9.1968e-01
2.2860e+04
    1    3    1.207718e-22   -4.059831e-28
    2    3    1.703816e-21   -5.558540e-30
    3    6    2.308767e-26   -6.687862e-33
    3    7    7.563899e-27    4.065613e-28
    4    7    3.163079e-29    5.038790e-30
    4    8    3.959375e-17    5.509700e-30
    4   10    2.926256e-29   -3.835951e-33
    5   10    3.209956e-24   -2.290317e-29
    5   11    1.836662e-19    8.222283e-25
    6   11    4.609263e-20    6.226258e-25
    6   12    6.798155e-04   -4.231316e-15
    6   13    5.038841e-11   -3.759691e-17
    6   14    1.696111e-10   -6.812091e-21
    6   15    1.236268e-30   -4.549526e-33
    7   13    5.908469e-17   -2.852160e-17
    7   14    9.972407e-12    1.831686e-17
    7   15    2.161132e-09    1.438253e-17
    7   16    7.732754e-23    3.322939e-24
    7   17    1.005992e-26   -1.918562e-28
    8   14    3.171275e-14    1.705944e-15
    8   15    4.955053e-14   -1.658194e-17
    8   16    4.582835e-02    8.326673e-17
    8   17    7.648669e-10   -1.379720e-17
    8   18    1.691607e-09    1.086358e-18
    8   19    1.486279e-18   -2.229021e-21
    8   20    8.126862e-25   -2.453884e-27
    9   17    2.476163e-20   -9.178589e-22
    9   18    4.166853e-12   -2.581367e-17
    9   19    1.966589e-11    1.394498e-19
    9   20    1.239365e-15   -4.525209e-18
    9   21    3.903164e-19   -3.824591e-21
    9   22    3.360616e-26   -3.594710e-28
   10   18    3.117283e-25   -7.606875e-27
   10   19    6.065027e-17   -1.435695e-19
   10   20    8.378656e-03   -5.533768e-16
   10   21    1.815632e-05   -7.740458e-15
   10   22    2.454385e-06   -9.472450e-16
   10   23    1.053385e-12   -1.154255e-15
   10   24    1.288246e-15   -2.589388e-19
   10   25    1.666247e-25   -1.127829e-26
   11   20    1.424102e-29   -1.545934e-30
   11   21    6.480912e-13   -9.516061e-16
   11   22    1.257000e-09   -2.332066e-19
   11   23    1.590231e-04    4.225422e-09
   11   24    4.966907e-08   -3.757844e-14
   11   25    9.633416e-12   -6.588636e-15
   11   26    2.370873e-18   -9.031978e-20
   11   27    1.101702e-24   -1.479180e-25
   12   22    7.370803e-21   -7.783756e-23
   12   23    1.171358e-06   -4.225426e-09
   12   24    2.043008e-03    4.149068e-14
   12   25    4.246104e-04    6.690991e-15
   12   26    2.761101e-04    4.253013e-09
   12   27    4.518405e-09   -3.244905e-13
   12   28    1.145051e-12   -6.199600e-19
   12   29    6.625940e-23   -2.450423e-24
   12   30    5.470521e-30   -6.861411e-31
   13   24    4.159944e-19   -5.252244e-21
   13   25    4.111502e-14   -2.271303e-16
   13   26    6.737648e-05   -4.253016e-09
   13   27    2.315727e-04    2.405037e-07
   13   28    1.073323e-06   -3.246609e-10
   13   29    4.467708e-10   -4.598817e-14
   13   30    7.029328e-16   -7.959180e-18
   13   31    5.055011e-21   -3.199625e-22
   14   26    1.517086e-13   -2.798191e-15
   14   27    2.454444e-05   -2.405034e-07
   14   28    2.433251e-04    3.246709e-10
   14   29    6.894111e-05    4.779848e-14
   14   30    3.017587e-05    2.912187e-11
   14   31    1.312903e-08   -5.672036e-14
   14   32    6.877442e-12    2.377309e-21
   14   33    9.264662e-20   -6.108432e-22
   14   34    1.543023e-24   -2.270672e-26
   15   28    2.427828e-18   -3.467332e-19
   15   29    9.596512e-14   -9.539974e-16
   15   30    1.071635e-07   -2.911679e-11
   15   31    2.147006e-06    1.324133e-11
   15   32    2.745173e-09   -9.023560e-17
   15   33    1.308967e-10   -2.436464e-18
   15   34    4.860941e-15   -1.597933e-17
   15   35    1.376007e-18   -1.183318e-21
   15   36    3.596863e-29   -2.446553e-31
   16   29    9.545814e-30   -3.014555e-30
   16   30    1.407395e-13   -4.861781e-15
   16   31    8.344962e-10   -1.318458e-11
   16   32    1.321434e-06    1.102903e-16
   16   33    3.173914e-08    4.154269e-17
   16   34    2.855229e-07    1.445382e-14
   16   35    2.932494e-10   -1.490068e-18
   16   36    1.206618e-12    6.314415e-22
   16   37    1.153775e-20   -1.528296e-24
   16   38    7.135971e-25   -2.854116e-30
   17   32    9.180675e-25   -1.273028e-25
   17   33    2.211140e-15   -3.590887e-17
   17   34    1.114021e-12   -1.443743e-14
   17   35    1.078502e-08    1.165056e-17
   17   36    3.249511e-11    1.172999e-20
   17   37    7.421529e-13    3.757091e-20
   17   38    1.237084e-17   -2.258782e-22
   17   39    8.188539e-21   -9.932933e-26
   17   40    4.513545e-26   -2.271192e-29
   18   34    2.513822e-21   -1.214090e-22
   18   35    3.855903e-16   -8.830142e-18
   18   36    8.576933e-10    5.730707e-21
   18   37    2.775741e-12   -3.674578e-20
   18   38    2.800670e-10    1.368452e-19
   18   39    1.968928e-13    1.053584e-22
   18   40    1.502648e-13    2.562776e-24
   18   41    1.315335e-17   -8.134752e-23
   18   42    7.721752e-21    6.229357e-30
   18   43    4.700483e-26   -5.944987e-30
   18   44    1.231003e-28   -7.045623e-33
   19   36    2.393545e-30   -2.344679e-31
   19   37    1.135243e-21    2.214135e-23
   19   38    1.329044e-16   -1.368324e-19
   19   39    4.468330e-12    6.487115e-22
   19   40    1.810007e-14    6.097952e-24
   19   41    1.664307e-14    8.926142e-23
   19   42    7.905412e-17   -7.238027e-23
   19   43    2.729447e-15   -1.392130e-21
   19   44    3.718212e-18   -1.137834e-22
   19   45    5.318945e-21   -2.030006e-25
   19   46    8.967746e-25   -3.178649e-28
   19   47    1.722468e-28   -4.012141e-31
   20   38    7.636388e-29   -7.090415e-30
   20   39    4.173135e-21   -1.977994e-22
   20   40    4.011694e-14    2.224165e-24
   20   41    8.296946e-15   -2.451622e-26
   20   42    4.745049e-08   -1.019881e-19
   20   43    1.451497e-08    3.016912e-17
   20   44    7.022095e-08    1.375350e-16
   20   45    1.949576e-10   -4.993859e-19
   20   46    2.012504e-10    1.058114e-18
   20   47    3.361139e-13   -3.481336e-20
   20   48    2.254233e-09   -1.573298e-21
   20   49    1.075063e-15   -8.354641e-20
   20   50    4.959611e-21   -1.454426e-23
   20   51    3.698692e-29   -1.527575e-31
   21   41    5.192884e-30   -3.347581e-31
   21   42    3.142764e-22   -1.877900e-23
   21   43    1.036664e-11   -3.015275e-17
   21   44    5.343239e-11   -1.375502e-16
   21   45    6.767456e-09    2.599913e-18
   21   46    1.878881e-10   -2.052360e-18
   21   47    2.516433e-12   -3.185007e-19
   21   48    3.705162e-11   -9.605800e-18
   21   49    1.108288e-12   -1.307898e-17
   21   50    1.596692e-17   -6.366077e-21
   21   51    1.087527e-21   -3.575021e-24
   21   52    2.963280e-28   -1.511013e-30
   22   43    8.941703e-28   -7.289700e-29
   22   44    8.279879e-14   -8.370004e-25
   22   45    5.615674e-13   -2.064552e-18
   22   46    2.004798e-08    1.014871e-18
   22   47    7.850183e-09    1.768631e-16
   22   48    1.441119e-08    9.982010e-18
   22   49    1.720629e-08    1.330047e-17
   22   50    5.601343e-08    1.702007e-20
   22   51    8.795286e-12   -1.030195e-15
   22   52    9.752470e-15   -3.897385e-18
   22   53    2.088625e-20   -2.603356e-23
   22   54    4.714984e-29   -1.245167e-29
   23   45    8.175669e-29   -8.331049e-30
   23   46    1.407122e-19   -1.358222e-20
   23   47    8.469622e-12   -1.765048e-16
   23   48    1.247058e-11   -3.694345e-19
   23   49    9.246053e-11   -2.865491e-20
   23   50    2.644629e-11    2.300205e-21
   23   51    4.967114e-09    1.030385e-15
   23   52    4.308262e-11   -7.801237e-15
   23   53    6.723428e-14   -2.854827e-17
   23   54    9.638807e-19   -7.889186e-22
   23   55    4.354447e-22   -2.730741e-24
   24   47    6.711317e-24   -5.947173e-25
   24   48    4.392827e-16   -2.301390e-22
   24   49    6.335493e-15   -1.024818e-19
   24   50    1.013144e-12    8.054489e-23
   24   51    1.076097e-11   -1.802814e-19
   24   52    5.564760e-08    7.805099e-15
   24   53    1.064435e-08    2.854050e-17
   24   54    1.368033e-07    1.184258e-19
   24   55    1.488649e-11   -2.889480e-15
   24   56    3.058702e-14   -3.522026e-18
   24   57    4.834400e-20   -9.338287e-23
   24   58    1.252536e-23   -3.924409e-26
   25   49    4.675901e-28   -4.726886e-29
   25   50    9.563824e-22   -8.094996e-23
   25   51    2.114384e-16   -3.109265e-21
   25   52    4.359738e-15   -1.018226e-21
   25   53    5.156895e-11    1.001315e-21
   25   54    1.019259e-10   -1.544406e-19
   25   55    3.443582e-08    2.889491e-15
   25   56    2.290558e-10   -1.001602e-15
   25   57    8.113645e-13   -3.674811e-16
   25   58    3.236722e-17   -4.397870e-19
   25   59    6.347260e-20   -5.624567e-22
   25   60    9.840419e-26   -2.228398e-27
   26   51    2.482064e-28   -4.129583e-29
   26   52    4.352868e-21   -5.959490e-27
   26   53    1.038288e-18   -8.288934e-23
   26   54    4.404660e-09   -1.352192e-20
   26   55    1.100477e-10    1.730131e-19
   26   56    1.773717e-06    1.002811e-15
   26   57    9.790805e-07    3.688269e-16
   26   58    5.177833e-06    1.086743e-18
   26   59    3.030924e-09   -2.462576e-17
   26   60    1.153594e-11    5.841604e-21
   26   61    6.241815e-17   -7.061343e-21
   26   62    3.896355e-20   -2.335651e-23
   26   63    7.970692e-27   -2.192721e-29
   27   54    4.735641e-26   -4.464451e-27
   27   55    3.295275e-13   -2.127863e-19
   27   56    2.203462e-14   -1.352123e-22
   27   57    1.445785e-09   -2.516822e-18
   27   58    6.264123e-10   -4.220680e-18
   27   59    2.017029e-06    2.369744e-17
   27   60    2.027783e-08   -7.944009e-14
   27   61    1.592851e-10   -1.092917e-15
   27   62    4.741999e-14   -9.409587e-18
   27   63    1.638018e-16   -2.427985e-19
   27   64    1.830245e-23   -2.486639e-24
   27   65    2.017263e-24   -9.577035e-27
   27   66    1.528298e-30   -1.797217e-32
   28   56    1.151923e-18   -8.888963e-26
   28   57    5.947690e-17   -1.871868e-23
   28   58    6.120139e-10    4.692213e-20
   28   59    7.367974e-10    4.744605e-21
   28   60    2.657486e-06    7.943955e-14
   28   61    1.000024e-06    1.360138e-15
   28   62    2.296128e-06    1.894419e-14
   28   63    7.567220e-09    8.703952e-18
   28   64    1.388729e-06    8.504459e-15
   28   65    1.314004e-10   -5.888927e-16
   28   66    5.296523e-13   -1.096237e-19
   28   67    3.859790e-18   -8.740658e-21
   28   68    2.832029e-21   -1.513777e-24
   28   69    1.779259e-28   -3.687830e-31
   29   58    1.081179e-26   -1.377024e-28
   29   59    2.242859e-17   -1.114867e-20
   29   60    3.030252e-15   -8.950795e-20
   29   61    8.022078e-11   -2.671644e-16
   29   62    2.714597e-10   -1.893459e-14
   29   63    8.298954e-07   -5.111420e-18
   29   64    2.326865e-08   -1.679643e-14
   29   65    1.073421e-06    6.143657e-16
   29   66    2.833199e-09   -3.774058e-13
   29   67    7.411804e-11   -1.351541e-17
   29   68    6.666789e-15   -9.201691e-18
   29   69    2.600050e-17   -5.888001e-21
   29   70    3.918683e-23   -2.128857e-25
   29   71    4.078440e-26   -2.190641e-28
   30   60    2.659143e-23   -7.527289e-27
   30   61    5.236421e-20   -2.371674e-23
   30   62    9.462411e-15   -1.173520e-20
   30   63    1.628480e-13   -2.903856e-18
   30   64    8.269469e-07    8.293065e-15
   30   65    1.523466e-08    1.167441e-17
   30   66    1.436028e-06    3.774076e-13
   30   67    1.399195e-07    6.267117e-17
   30   68    1.332088e-06    5.281314e-16
   30   69    3.741566e-10   -4.193001e-15
   30   70    1.460516e-10    1.018777e-13
   30   71    4.902640e-15   -6.415810e-19
   30   72    7.710440e-17   -1.875451e-23
   30   73    4.125794e-22   -7.155773e-25
   30   74    5.548467e-25   -2.380722e-28
   31   63    3.334909e-24   -4.324284e-27
   31   64    4.059122e-20   -1.052535e-23
   31   65    8.043946e-13   -3.643177e-17
   31   66    6.510906e-13   -7.842946e-19
   31   67    3.186574e-10   -4.608834e-17
   31   68    5.221372e-11   -5.193613e-16
   31   69    1.564162e-07    4.194166e-15
   31   70    3.170094e-09   -2.037042e-13
   31   71    1.406969e-07    2.156234e-16
   31   72    1.017409e-10   -7.985407e-17
   31   73    3.232850e-12   -7.530007e-18
   31   74    7.880349e-16   -6.726753e-20
   31   75    5.893081e-18   -1.906484e-21
   31   76    4.445176e-23   -6.685570e-26
   31   77    1.087390e-25   -3.409601e-28
   32   64    3.921332e-30   -2.497549e-33
   32   65    1.055526e-25   -1.388073e-28
   32   66    2.482286e-17   -1.222079e-22
   32   67    3.671400e-17   -1.333841e-21
   32   68    5.983918e-14   -9.886991e-23
   32   69    2.993314e-12   -8.693318e-19
   32   70    2.234566e-07    1.018268e-13
   32   71    5.145174e-09   -2.138092e-16
   32   72    2.746792e-07    8.049444e-17
   32   73    6.229187e-09    9.569062e-18
   32   74    1.761547e-07   -7.439067e-19
   32   75    1.875210e-10   -7.471671e-16
   32   76    1.507820e-11    1.978276e-16
   32   77    1.679546e-15   -1.674289e-20
   32   78    1.296068e-17   -1.000514e-22
   32   79    1.712077e-22   -3.672994e-25
   32   80    2.202976e-25   -3.044039e-28
   33   67    4.554401e-28   -4.348988e-31
   33   68    8.841699e-25   -2.374089e-28
   33   69    4.016912e-21   -1.807049e-25
   33   70    1.440722e-17   -1.846806e-22
   33   71    5.801326e-12   -1.026748e-18
   33   72    8.964979e-13   -3.903439e-19
   33   73    6.686151e-11   -3.944660e-19
   33   74    3.835122e-12   -1.325279e-19
   33   75    1.958064e-08    7.470050e-16
   33   76    4.519438e-10   -3.904886e-16
   33   77    2.090101e-11   -6.067073e-18
   33   78    1.855815e-14   -1.397549e-19
   33   79    4.619048e-16   -3.826822e-20
   33   80    1.083095e-19   -2.904552e-22
   33   81    8.077436e-22   -9.684059e-25
   33   82    3.184984e-27   -9.272148e-30
   34   69    1.073540e-30   -1.597878e-33
   34   70    3.048954e-24   -5.039899e-29
   34   71    1.038625e-21   -1.488654e-25
   34   72    5.160071e-16   -2.865687e-23
   34   73    1.597414e-16   -3.008594e-22
   34   74    4.291535e-14    3.258195e-20
   34   75    3.847479e-12   -1.531749e-20
   34   76    5.343839e-08    1.931516e-16
   34   77    1.381625e-08    7.767405e-18
   34   78    7.045382e-08    1.308522e-16
   34   79    7.588855e-10    5.855121e-19
   34   80    4.249737e-09    2.316632e-15
   34   81    8.070262e-12   -1.126420e-16
   34   82    3.297660e-12    1.205225e-16
   34   83    1.344140e-16   -4.663690e-21
   34   84    5.984148e-19   -1.311444e-22
   34   85    3.042908e-26   -3.742332e-29
   35   72    4.044613e-30   -2.113540e-33
   35   73    5.144009e-24   -1.058911e-27
   35   74    2.548019e-22   -5.748200e-27
   35   75    2.623342e-19   -1.856543e-24
   35   76    2.306065e-16   -1.632632e-22
   35   77    6.823098e-12   -1.355755e-18
   35   78    1.244745e-12   -1.309179e-16
   35   79    7.208379e-09   -3.910579e-19
   35   80    1.052939e-09   -3.958730e-14
   35   81    6.959324e-09    1.125096e-16
   35   82    3.757428e-10   -4.130601e-16
   35   83    2.088613e-11   -9.851832e-17
   35   84    2.302134e-14   -6.585731e-19
   35   85    2.418403e-16   -5.724705e-20
   35   86    1.435123e-22   -1.080499e-25
   35   87    9.792873e-28   -7.323655e-31
   36   74    7.227810e-29   -4.269979e-33
   36   75    3.394251e-27   -5.124417e-31
   36   76    2.706180e-21   -2.099042e-27
   36   77    1.142675e-18   -1.043453e-23
   36   78    1.515446e-15    1.311051e-20
   36   79    2.785929e-13   -9.040922e-20
   36   80    1.965987e-08    3.727062e-14
   36   81    1.497984e-09    2.365074e-18
   36   82    5.180419e-08    2.924224e-16
   36   83    1.406607e-08    9.883047e-17
   36   84    5.846919e-08    6.680708e-19
   36   85    7.668642e-10    3.347903e-19
   36   86    4.803813e-10    2.075866e-17
   36   87    3.049777e-15   -2.686864e-20
   36   88    3.515530e-19   -1.397665e-24
   36   89    1.634762e-25   -3.466149e-29
   36   90    1.107872e-30   -1.398026e-33
   37   77    2.464148e-29   -4.292378e-33
   37   78    1.485794e-25   -1.682347e-29
   37   79    2.261940e-21   -6.681406e-26
   37   80    2.833445e-18   -3.849947e-21
   37   81    8.064251e-13   -1.993788e-18
   37   82    1.354250e-13   -2.433325e-19
   37   83    3.836109e-12   -2.121876e-20
   37   84    5.872505e-13   -8.284154e-21
   37   85    7.587549e-09   -2.359797e-19
   37   86    8.194597e-10   -4.103104e-17
   37   87    1.172531e-10    6.840747e-20
   37   88    8.629064e-15   -3.288158e-19
   37   89    4.962920e-18   -2.217509e-22
   37   90    5.346673e-23   -1.421456e-26
   37   91    2.473339e-27   -1.737809e-30
   38   80    5.282216e-24   -3.322842e-29
   38   81    3.729986e-21   -1.141481e-25
   38   82    2.167824e-17   -4.024286e-25
   38   83    7.806014e-18   -2.726670e-24
   38   84    4.236719e-16    3.459639e-24
   38   85    1.989614e-13   -1.462724e-21
   38   86    1.828207e-08    2.017232e-17
   38   87    1.283978e-08    5.244160e-20
   38   88    3.539778e-08    6.858849e-19
   38   89    9.056421e-12   -2.788942e-20
   38   90    6.381654e-14    3.245625e-23
   38   91    2.002059e-18   -2.255172e-24
   38   92    5.766894e-22   -2.402738e-27
   38   93    1.786970e-27   -1.631912e-31
   39   82    1.425900e-28   -6.118270e-31
   39   83    3.476992e-24   -8.288347e-28
   39   84    2.460386e-24   -2.180249e-26
   39   85    7.248959e-21   -3.040146e-26
   39   86    4.367041e-18   -3.355817e-24
   39   87    4.769935e-13   -6.730154e-20
   39   88    3.961609e-13   -1.756948e-21
   39   89    5.036532e-09    4.242858e-20
   39   90    1.094415e-11   -1.890792e-18
   39   91    2.997469e-13   -2.176203e-21
   39   92    1.344170e-16   -4.277104e-22
   39   93    4.113710e-19   -4.525669e-25
   39   94    6.631285e-23   -2.403896e-27
   39   95    1.732065e-26   -1.141237e-30
   40   84    1.395752e-29   -1.896474e-33
   40   85    1.563898e-29   -1.344915e-33
   40   86    8.084242e-24   -5.548192e-30
   40   87    7.673538e-21   -5.430592e-26
   40   88    6.415390e-18   -3.658649e-26
   40   89    1.021572e-15   -1.476224e-22
   40   90    2.578630e-09    1.919919e-18
   40   91    2.440416e-10    1.223850e-20
   40   92    9.752933e-10   -2.917880e-21
   40   93    9.035761e-12    6.397607e-21
   40   94    2.463328e-10   -1.479826e-21
   40   95    1.481437e-13    5.280910e-22
   40   96    7.317263e-14   -1.094172e-23
   40   97    3.757803e-19   -1.425440e-25
   40   98    7.470137e-24   -9.822097e-27
   41   88    4.813613e-27   -2.286911e-31
   41   89    1.513614e-23   -1.558103e-28
   41   90    1.012741e-20   -7.856305e-27
   41   91    2.553676e-14   -8.571983e-25
   41   92    5.036857e-15   -3.790105e-22
   41   93    8.076895e-14   -2.988382e-24
   41   94    1.427786e-15    3.173017e-24
   41   95    5.523816e-16    1.084614e-21
   41   96    1.854485e-18    1.152160e-23
   41   97    5.320186e-20   -2.501214e-25
   41   98    1.840857e-24   -1.605164e-26
   41   99    7.458037e-28   -2.026663e-30
   42   90    2.030315e-28   -4.033262e-34
   42   91    4.391937e-24   -1.925025e-28
   42   92    1.315378e-16    3.795787e-22
   42   93    7.292272e-15   -2.449524e-25
   42   94    2.115941e-11   -3.039921e-22
   42   95    1.356864e-11   -1.569688e-22
   42   96    1.167409e-10   -1.186099e-21
   42   97    6.358554e-13    1.710196e-21
   42   98    6.715072e-11   -5.837310e-22
   42   99    6.444139e-15   -4.983398e-22
   42  100    1.326685e-15    7.760862e-19
   42  101    1.996859e-20   -9.212576e-25
   42  102    1.510625e-22   -9.329672e-27
   42  103    1.230741e-27   -8.355985e-31
   43   92    1.262844e-30   -1.949885e-34
   43   93    2.637320e-22   -1.106031e-27
   43   94    5.510930e-20   -1.273575e-25
   43   95    1.210291e-16   -6.853232e-23
   43   96    7.776637e-17   -9.375694e-24
   43   97    8.230953e-15    3.379593e-23
   43   98    6.363960e-16    5.689098e-25
   43   99    2.644497e-13    1.090135e-21
   43  100    3.008185e-16   -1.552157e-18
   43  101    2.793963e-17   -1.326415e-21
   43  102    2.253878e-21   -1.732455e-23
   43  103    4.737073e-23   -3.861790e-26
   43  104    3.026506e-27   -1.126165e-31
   44   94    8.807396e-27   -1.155122e-31
   44   95    1.452392e-23   -9.966949e-29
   44   96    3.189256e-18    8.456385e-25
   44   97    2.117106e-16   -3.445723e-23
   44   98    3.595306e-12   -9.087274e-23
   44   99    3.747253e-12   -1.481057e-22
   44  100    4.137287e-11    7.754779e-19
   44  101    1.938251e-13    2.182818e-21
   44  102    1.161177e-13    2.801441e-23
   44  103    7.144277e-17    8.545623e-25
   44  104    1.435267e-15    3.300021e-17
   44  105    1.830891e-20   -3.254210e-26
   44  106    6.857072e-23    3.208505e-31
   44  107    1.325077e-27   -2.139519e-31
   45   97    2.365742e-24   -3.652812e-29
   45   98    3.060896e-22   -5.941434e-26
   45   99    9.777351e-18   -2.894704e-25
   45  100    1.171806e-17   -6.379809e-24
   45  101    3.089741e-14   -1.484670e-23
   45  102    4.048383e-15    2.925412e-25
   45  103    7.390167e-12   -3.134191e-22
   45  104    3.424481e-14   -6.599984e-17
   45  105    6.854206e-15   -2.188539e-21
   45  106    6.065707e-18   -8.296666e-21
   45  107    2.956415e-19   -9.255066e-24
   45  108    8.054374e-23   -1.954129e-25
   45  109    8.868446e-25   -4.518651e-28
   45  110    4.425802e-29   -6.013116e-31
   46   98    3.494177e-29   -1.318808e-33
   46   99    4.982661e-26   -1.581825e-30
   46  100    1.406785e-22   -1.794289e-29
   46  101    2.910978e-20   -3.891890e-26
   46  102    2.490517e-15   -7.097382e-26
   46  103    9.628427e-15   -2.684800e-22
   46  104    2.538328e-11    3.299943e-17
   46  105    4.791094e-13    3.003925e-21
   46  106    2.336934e-11    1.753542e-19
   46  107    4.668546e-14    5.367521e-22
   46  108    2.447115e-11    2.325428e-17
   46  109    1.127221e-14   -8.925216e-21
   46  110    1.086750e-14    2.982092e-17
   46  111    6.071724e-19   -1.755998e-23
   46  112    1.258189e-20   -6.751554e-27
   46  113    1.212104e-25   -5.304427e-29
   47  101    8.553172e-30   -5.234972e-34
   47  102    4.355995e-26   -2.294100e-30
   47  103    1.901014e-20   -1.965777e-25
   47  104    5.064264e-19   -4.971997e-24
   47  105    5.789701e-15   -6.688986e-23
   47  106    5.908796e-15   -1.692151e-19
   47  107    4.287637e-12   -4.030963e-22
   47  108    8.112408e-14   -4.571981e-17
   47  109    6.483583e-12    8.735861e-21
   47  110    1.799679e-14   -5.955188e-17
   47  111    3.428354e-15   -1.965635e-22
   47  112    3.236373e-18   -1.141387e-23
   47  113    1.167798e-19   -2.462278e-25
   47  114    7.594767e-24   -6.729551e-26
   47  115    6.943390e-26   -2.357964e-30
   48  103    3.921550e-30   -3.649609e-34
   48  104    3.940166e-25   -4.639307e-30
   48  105    1.533940e-22   -1.877716e-27
   48  106    3.365303e-18    1.672589e-21
   48  107    3.963983e-17   -6.905764e-23
   48  108    3.569061e-13    2.246558e-17
   48  109    2.753582e-14   -1.348106e-23
   48  110    2.348896e-11    2.973085e-17
   48  111    1.896883e-13    5.350393e-21
   48  112    2.189603e-11    2.179918e-19
   48  113    3.315178e-14    5.155313e-22
   48  114    3.273019e-11    5.231987e-17
   48  115    1.054522e-14   -1.742842e-21
   48  116    2.834241e-15    2.339282e-19
   48  117    2.098104e-19   -9.268354e-25
   48  118    4.099267e-21   -5.532366e-26
   48  119    3.974297e-26   -1.003902e-29
   49  106    3.092062e-30   -3.388175e-34
   49  107    6.429164e-25   -1.348100e-29
   49  108    3.755744e-23   -4.399348e-28
   49  109    1.388817e-18   -3.744384e-24
   49  110    4.536304e-18   -1.048393e-23
   49  111    2.613037e-14   -4.399403e-21
   49  112    4.814228e-15   -3.146315e-19
   49  113    5.938882e-12   -8.418405e-22
   49  114    9.228660e-14   -1.043784e-16
   49  115    3.311742e-14    2.254487e-21
   49  116    8.091710e-17   -4.678047e-19
   49  117    8.133203e-18   -1.270353e-22
   49  118    4.144613e-21   -3.373320e-23
   49  119    1.293348e-22   -3.660046e-26
   49  120    1.466941e-26   -1.941384e-28
   49  121    9.546985e-29   -1.684663e-31
   50  109    2.545486e-28   -9.607488e-33
   50  110    1.048616e-23   -2.888945e-29
   50  111    8.625546e-22   -1.660066e-26
   50  112    7.240693e-17    9.615368e-20
   50  113    3.385454e-16   -1.425312e-24
   50  114    4.251037e-12    5.205876e-17
   50  115    7.115610e-13    8.579212e-23
   50  116    4.859024e-11    2.330974e-19
   50  117    2.764003e-13    1.828951e-21
   50  118    6.251801e-11    1.062895e-20
   50  119    9.361980e-14    2.072392e-20
   50  120    6.383675e-11    5.779252e-20
   50  121    2.408801e-14   -9.690264e-21
   50  122    4.745678e-13    1.926062e-21
   50  123    6.955017e-17    1.580377e-24
   50  124    4.659889e-14    7.989646e-25
   50  125    1.960309e-18    2.911901e-27
   50  126    1.669505e-20    9.169304e-30
   50  127    2.206934e-25   -1.174654e-30
   50  128    3.549973e-28    4.592560e-37
   51  112    1.008699e-30   -7.999477e-34
   51  113    2.425018e-25   -2.470016e-29
   51  114    9.960508e-24   -1.938951e-27
   51  115    4.446928e-19   -9.411762e-24
   51  116    2.112257e-19   -9.082320e-24
   51  117    2.174860e-16   -8.795271e-22
   51  118    5.951585e-17   -1.123144e-20
   51  119    6.772252e-14   -2.008527e-20
   51  120    1.361032e-15   -5.849338e-20
   51  121    3.387374e-12    9.914350e-21
   51  122    1.112771e-14   -3.566334e-21
   51  123    8.564001e-14   -2.014208e-24
   51  124    1.144617e-16    2.631523e-24
   51  125    7.453972e-18    1.001727e-25
   51  126    2.595871e-21    9.404428e-29
   51  127    3.757911e-23   -3.315713e-30
   51  128    2.629194e-27   -2.919567e-33
   51  129    5.374742e-27   -1.386603e-32
   51  130    3.076572e-29   -5.291510e-34
   52  116    1.708905e-24   -7.771229e-30
   52  117    1.267034e-23   -1.388405e-28
   52  118    1.443622e-18   -1.136391e-25
   52  119    1.578748e-18   -1.115320e-24
   52  120    2.045444e-14    3.089178e-22
   52  121    2.480647e-15   -6.866006e-23
   52  122    1.204280e-11    1.424122e-21
   52  123    9.817683e-14    6.886046e-22
   52  124    2.195597e-11   -4.831187e-22
   52  125    5.312197e-14    1.251142e-21
   52  126    2.513969e-11   -2.322439e-22
   52  127    1.646587e-14   -1.960076e-20
   52  128    9.428322e-13    3.509164e-19
   52  129    6.469843e-16   -6.303982e-21
   52  130    1.370191e-12   -2.327253e-24
   52  131    8.693473e-17   -2.359017e-21
   52  132    7.192140e-19   -1.054579e-25
   52  133    1.696164e-23   -9.212215e-28
   52  134    2.046229e-26    1.866133e-35
   53  119    8.128765e-26   -2.891368e-30
   53  120    6.093584e-25   -5.111242e-30
   53  121    2.842238e-20   -1.518109e-25
   53  122    3.943472e-20   -7.380397e-24
   53  123    2.703136e-16   -2.307037e-22
   53  124    3.815721e-17   -4.318018e-24
   53  125    9.526942e-14   -7.571455e-22
   53  126    2.237456e-15   -1.071724e-22
   53  127    3.503576e-12    1.978742e-20
   53  128    1.290815e-14   -6.772488e-19
   53  129    1.383124e-15    6.310330e-21
   53  130    1.212099e-18   -2.172859e-24
   53  131    1.320535e-19    2.362455e-21
   53  132    1.629946e-23    1.057576e-25
   53  133    2.620326e-25    9.217208e-28
   53  134    3.180251e-29   -4.101283e-34
   53  135    1.202024e-26   -2.067498e-32
   54  121    1.960678e-28   -3.321871e-33
   54  122    6.490200e-23   -3.657165e-29
   54  123    6.200758e-22   -3.375675e-27
   54  124    1.767257e-17    4.869051e-26
   54  125    1.750771e-17   -1.173206e-23
   54  126    7.645941e-14    3.364768e-23
   54  127    9.223016e-15   -1.138012e-22
   54  128    1.451341e-11    3.262347e-19
   54  129    1.368147e-13    1.083915e-21
   54  130    2.352271e-11    4.359568e-21
   54  131    7.041301e-14    9.396101e-21
   54  132    3.738967e-11   -2.433074e-23
   54  133    2.574476e-14   -2.020592e-21
   54  134    1.620065e-12   -5.485928e-24
   54  135    9.189717e-15   -1.138051e-20
   54  136    6.452630e-12   -1.100215e-24
   54  137    1.992179e-20   -2.411136e-24
   54  138    5.026157e-27    1.027061e-32
   55  124    4.649759e-29   -6.133840e-32
   55  125    1.271546e-23   -1.851157e-28
   55  126    9.688690e-23   -4.013588e-26
   55  127    1.205631e-18   -2.184449e-24
   55  128    1.059420e-18   -1.962931e-22
   55  129    1.568036e-15   -5.559600e-22
   55  130    2.089155e-16   -4.866042e-21
   55  131    1.839687e-13   -8.976275e-21
   55  132    3.763872e-15   -2.541996e-22
   55  133    4.369385e-12    2.054629e-21
   55  134    2.010743e-14    2.503350e-22
   55  135    1.878643e-15    1.138785e-20
   55  136    3.525635e-18   -7.683888e-26
   55  137    6.093756e-20    3.546221e-24
   55  138    1.272687e-27    3.238233e-32
   56  126    6.677717e-28   -4.536788e-33
   56  127    1.022684e-25   -5.470792e-30
   56  128    5.582330e-21   -1.084225e-27
   56  129    2.107153e-20   -1.069720e-25
   56  130    1.836155e-16    7.783922e-23
   56  131    8.308019e-17   -3.383541e-24
   56  132    1.803205e-13   -5.175205e-24
   56  133    1.563478e-14    7.390963e-23
   56  134    1.774847e-11    1.242264e-21
   56  135    2.276296e-13    9.523987e-21
   56  136    9.296861e-11    2.241847e-19
   56  137    1.081521e-12    1.060335e-21
   56  138    3.781111e-10   -2.405028e-22
   56  139    7.646208e-17   -3.728513e-22
   56  140    6.860566e-22    1.640742e-28
   56  141    8.986356e-29   -2.538431e-33
   57  129    4.255532e-29   -2.492339e-33
   57  130    6.601379e-26   -5.155033e-30
   57  131    1.964105e-21   -2.261715e-26
   57  132    3.173258e-21   -7.476852e-27
   57  133    2.321386e-17   -6.711731e-23
   57  134    1.634605e-17   -1.721703e-21
   57  135    1.557326e-14   -9.045419e-21
   57  136    3.271253e-15   -2.253014e-19
   57  137    1.384782e-12    2.673684e-22
   57  138    1.781608e-13    8.837378e-23
   57  139    3.577206e-11    1.186171e-21
   57  140    8.358506e-17    2.031060e-22
   57  141    3.455471e-21   -8.711984e-27
   57  142    5.094435e-27   -2.570474e-34
   58  131    1.482913e-30   -9.781243e-35
   58  132    2.696597e-25   -8.724338e-31
   58  133    2.867217e-24   -2.008275e-29
   58  134    6.959582e-20   -1.040244e-26
   58  135    1.767370e-19   -1.102918e-25
   58  136    5.496325e-16    5.856398e-23
   58  137    2.917456e-16   -3.150517e-22
   58  138    5.914322e-13    3.560627e-21
   58  139    2.262594e-13    4.944082e-20
   58  140    9.256205e-11    4.339420e-18
   58  141    7.539878e-16    2.260077e-22
   58  142    1.975224e-19    9.005067e-26
   58  143    8.172952e-25    5.894675e-31
   58  144    5.635528e-26   -8.610594e-35
   59  134    1.260003e-27   -1.481624e-36
   59  135    1.003990e-22   -2.842084e-27
   59  136    8.498647e-22   -4.407336e-26
   59  137    5.881975e-18   -5.201154e-23
   59  138    7.642214e-18   -3.580375e-21
   59  139    1.958298e-14   -5.019109e-20
   59  140    2.161166e-14   -4.338791e-18
   59  141    7.765094e-12    1.178425e-19
   59  142    6.833526e-16   -2.181669e-22
   59  143    7.666963e-19    1.186141e-26
   59  144    2.152924e-23   -8.152399e-28
   59  145    8.588935e-25   -1.626748e-30
   59  146    1.340008e-30   -1.184646e-35
   60  136    1.255683e-25   -1.683744e-30
   60  137    4.015191e-24   -7.085412e-29
   60  138    1.220142e-19   -2.748091e-25
   60  139    7.235433e-19   -1.656952e-23
   60  140    5.959219e-15   -8.349582e-22
   60  141    2.594088e-14   -1.179360e-19
   60  142    3.726826e-11    5.784747e-20
   60  143    8.396144e-15    7.858597e-22
   60  144    5.492382e-16    9.728741e-25
   60  145    5.412854e-20    2.219489e-25
   60  146    1.555804e-18    3.304432e-28
   60  147    1.905508e-23    1.938561e-29
   60  148    1.464390e-21   -1.533804e-32
   60  149    5.101372e-27   -1.751027e-32
   60  150    8.055862e-26    3.850203e-38
   61  139    5.258567e-25   -8.608532e-29
   61  140    4.481336e-23   -1.985488e-25
   61  141    2.489071e-18   -8.116933e-23
   61  142    5.742739e-17   -5.777937e-20
   61  143    2.394859e-13    8.601013e-21
   61  144    4.598724e-16    8.895339e-25
   61  145    2.939142e-15    2.899699e-23
   61  146    2.265550e-18    3.274356e-25
   61  147    5.417589e-17   -3.156949e-26
   61  148    6.427221e-21    5.295922e-27
   61  149    1.705497e-20   -3.640197e-27
   61  150    6.563515e-25   -1.239253e-30
   61  151    9.599873e-26   -3.804507e-32
   61  153    3.296905e-30   -4.266341e-34
   62  140    1.197726e-25   -5.491886e-30
   62  141    7.507692e-24   -5.000567e-28
   62  142    2.185943e-18   -2.048432e-23
   62  143    1.165085e-16   -9.046032e-21
   62  144    3.533440e-12    1.097398e-21
   62  145    2.124223e-14    2.856758e-21
   62  146    3.028593e-13    9.192075e-23
   62  147    5.644991e-16    5.675288e-23
   62  148    2.788938e-14   -3.497651e-25
   62  149    6.783798e-18    1.174550e-22
   62  150    2.045312e-15   -6.501318e-26
   62  151    3.894242e-19    6.657622e-26
   62  152    5.331935e-15   -1.894363e-25
   62  153    8.875439e-19   -2.588533e-26
   62  154    1.125424e-19    6.810238e-29
   62  155    8.101191e-24   -2.436184e-28
   62  156    2.608332e-27   -2.975966e-33
   63  142    2.976447e-30   -5.184960e-32
   63  143    2.022510e-22   -5.318883e-26
   63  144    2.941887e-19   -1.175674e-21
   63  145    3.508086e-14   -2.799776e-21
   63  146    9.808908e-16   -7.091386e-23
   63  147    2.335714e-15    6.234658e-23
   63  148    6.694660e-17   -6.785325e-27
   63  149    2.296804e-14   -6.644263e-23
   63  150    2.627573e-17   -4.000260e-24
   63  151    1.915587e-14    3.681141e-25
   63  152    1.944804e-17    4.035527e-24
   63  153    6.931808e-14   -6.870095e-24
   63  154    6.458177e-17    1.107093e-23
   63  155    1.870853e-18    1.773233e-26
   63  156    7.704182e-22    1.612374e-28
   63  157    1.527110e-24   -1.046022e-30
   63  158    5.872728e-29   -7.887398e-34
   64  144    1.502364e-24   -2.285087e-28
   64  145    1.785285e-21   -5.273458e-26
   64  146    2.359163e-15   -2.320206e-23
   64  147    3.642380e-16   -1.083144e-22
   64  148    6.437588e-16   -6.628197e-26
   64  149    1.095187e-15   -5.597867e-23
   64  150    1.759746e-13   -5.897499e-24
   64  151    1.156042e-15    1.378083e-23
   64  152    7.594694e-13   -6.109525e-23
   64  153    2.043392e-15    1.917850e-21
   64  154    3.247031e-12   -2.081838e-22
   64  155    7.373373e-15    1.381638e-20
   64  156    9.816345e-13    5.961113e-23
   64  157    9.273550e-16    6.925919e-23
   64  158    1.538046e-16    9.273622e-26
   64  159    2.198421e-20   -8.154624e-27
   64  160    2.080263e-23    1.019287e-30
   64  161    4.813387e-28   -8.869501e-32
   65  147    4.202564e-25   -2.903693e-30
   65  148    1.312319e-23   -1.486031e-28
   65  149    2.240357e-26   -4.513219e-32
   65  150    2.199298e-22   -7.173624e-28
   65  151    4.334651e-18   -2.789420e-24
   65  152    3.378353e-19   -1.839889e-25
   65  153    9.220682e-15   -1.864557e-21
   65  154    1.181820e-16   -5.830964e-23
   65  155    1.528762e-13   -1.346601e-20
   65  156    1.404167e-15   -1.001808e-22
   65  157    2.018795e-13    8.143264e-21
   65  158    7.391593e-16    4.234708e-23
   65  159    9.698462e-16    5.259490e-23
   65  160    7.822614e-19    1.227959e-25
   65  161    3.929316e-21   -1.023308e-28
   65  162    9.638408e-25   -8.584251e-29
   65  163    6.577293e-28   -2.281542e-32
   66  149    3.591691e-27   -1.675998e-38
   66  152    6.924735e-21   -3.291775e-26
   66  153    1.400796e-19   -2.483765e-25
   66  154    2.369536e-15   -3.746648e-25
   66  155    1.101781e-16   -1.207018e-22
   66  156    2.326299e-13   -1.701350e-23
   66  157    5.886355e-15    1.628163e-20
   66  158    1.949700e-12    1.198339e-21
   66  159    1.608030e-14    6.677689e-19
   66  160    1.281080e-12    1.244129e-20
   66  161    2.490800e-15    1.398810e-18
   66  162    8.110765e-15    6.025295e-20
   66  163    4.264716e-18    5.093272e-25
   66  164    1.826003e-19    4.318803e-21
   66  165    1.284187e-24   -1.929496e-30
   66  166    1.267679e-28    2.422496e-35
   67  153    7.336958e-28   -2.470459e-31
   67  154    2.324959e-24   -1.279779e-28
   67  155    3.581909e-19   -5.069918e-24
   67  156    1.921014e-20    9.004586e-25
   67  157    4.531666e-16   -2.443372e-20
   67  158    2.448858e-17    1.375301e-22
   67  159    3.242565e-14   -6.667172e-19
   67  160    4.740290e-16    7.075882e-21
   67  161    3.064200e-13   -1.386059e-18
   67  162    1.330336e-15   -6.153501e-20
   67  163    1.431263e-13    1.613053e-19
   67  164    3.072562e-16   -7.166990e-21
   67  165    4.571208e-17    1.142490e-20
   67  166    1.297720e-20   -9.396174e-29
   67  167    2.487052e-23   -9.006462e-29
   67  168    1.239307e-27   -2.806410e-31
   67  169    2.930492e-29   -4.220994e-33
   68  154    3.477158e-26   -6.297833e-30
   68  155    7.829116e-26   -1.003376e-29
   68  156    3.252899e-20   -1.133313e-24
   68  157    2.090761e-20   -7.609291e-25
   68  158    3.253763e-16   -1.609717e-21
   68  159    4.477981e-17   -8.433181e-22
   68  160    4.955120e-14   -1.961886e-20
   68  161    3.623203e-15   -1.137137e-20
   68  162    1.034692e-12    1.462998e-21
   68  163    1.781083e-14   -9.342901e-20
   68  164    2.271130e-12    1.072874e-19
   68  165    1.045476e-14    6.813089e-20
   68  166    3.971194e-13    3.166792e-21
   68  167    4.153607e-16    1.579752e-20
   68  168    2.455441e-18    6.853182e-24
   68  169    3.578856e-22    6.669833e-29
   68  170    1.733311e-25    5.513422e-31
   68  171    4.743154e-30   -3.607693e-36
   69  156    3.816490e-30   -1.855321e-33
   69  157    9.273701e-26   -1.734042e-29
   69  158    1.142838e-22   -1.949164e-26
   69  159    2.195280e-20   -1.632949e-24
   69  160    2.470722e-20   -1.609517e-24
   69  161    6.000102e-17   -1.349965e-21
   69  162    8.044353e-18    6.541671e-22
   69  163    1.083651e-14   -6.686338e-20
   69  164    3.081527e-16    4.780309e-20
   69  165    2.100670e-13    1.023041e-19
   69  166    2.168088e-15    1.608625e-19
   69  167    3.091410e-13    1.377728e-18
   69  168    1.342206e-15    4.569057e-23
   69  169    1.094675e-16    7.175568e-22
   69  170    1.126757e-19    1.073720e-26
   69  171    8.992305e-22    1.541928e-29
   69  172    1.652354e-25    2.407418e-32
   69  173    1.603414e-28   -1.998082e-34
   69  174    1.140817e-30   -1.435263e-34
   70  159    1.762204e-27   -7.183226e-31
   70  160    1.244652e-21   -1.761650e-25
   70  161    8.169723e-21   -1.321510e-24
   70  162    2.512638e-17   -9.063901e-22
   70  163    1.447071e-17   -8.896127e-22
   70  164    1.701965e-14   -1.524792e-19
   70  165    2.646954e-15   -1.815421e-19
   70  166    8.207568e-13   -1.640670e-19
   70  167    3.589649e-14   -1.367894e-18
   70  168    4.944982e-12    3.094093e-20
   70  169    4.873737e-14    3.507643e-20
   70  170    7.743436e-13    3.641309e-22
   70  171    1.998641e-15    1.921655e-20
   70  172    1.103171e-15    1.667166e-22
   70  173    6.686715e-19    1.192598e-23
   70  174    1.613501e-21    1.096039e-26
   70  175    8.119912e-26    2.603087e-32
   70  176    1.292774e-28    3.187880e-38
   71  162    9.432094e-28   -4.677324e-31
   71  163    4.222815e-22   -7.232471e-26
   71  164    8.082933e-22   -1.741214e-25
   71  165    1.565950e-18   -9.911179e-23
   71  166    3.485470e-19    4.484095e-23
   71  167    1.933763e-15   -2.490562e-20
   71  168    2.557624e-16    8.380545e-20
   71  169    1.060330e-13    2.818814e-19
   71  170    1.804633e-15    4.968014e-19
   71  171    3.344745e-13    3.570437e-20
   71  172    2.365934e-15    2.949372e-21
   71  173    1.257993e-14    4.520659e-20
   71  174    2.782536e-17    2.172092e-24
   71  175    9.323853e-17    4.063195e-23
   71  176    3.352261e-20    1.035291e-26
   71  177    4.040444e-23    2.654943e-30
   71  178    3.614445e-27   -8.385206e-32
   71  179    1.689804e-28   -4.174702e-34
   72  163    3.385580e-28   -3.450131e-31
   72  164    3.092591e-24   -1.135698e-27
   72  165    1.419055e-23   -7.611063e-27
   72  166    1.336620e-18   -1.341969e-22
   72  167    1.826176e-18   -6.051988e-22
   72  168    4.416269e-15   -1.153982e-19
   72  169    1.508952e-15   -3.170547e-19
   72  170    7.025690e-13   -4.973574e-19
   72  171    5.875354e-14   -5.405297e-20
   72  172    4.395731e-12   -3.727454e-21
   72  173    9.429308e-14   -3.731507e-20
   72  174    1.432317e-12    6.728000e-22
   72  175    6.031374e-15    7.806032e-20
   72  176    1.062572e-14    1.110701e-21
   72  177    9.037033e-18    1.697172e-20
   72  178    9.703234e-20    1.665575e-21
   72  179    1.539785e-20    4.099526e-22
   72  180    3.383070e-20    8.790080e-22
   72  181    1.098940e-25    7.573190e-31
   72  182    6.883335e-30    2.684594e-36
   73  167    3.782700e-27   -1.927406e-30
   73  168    3.866531e-26   -1.313410e-29
   73  169    2.435947e-21   -3.377270e-25
   73  170    9.302754e-21   -3.783951e-25
   73  171    2.509422e-17   -7.244013e-22
   73  172    2.251202e-18    1.693100e-20
   73  173    1.988778e-15    1.196126e-20
   73  174    8.191502e-17    1.698083e-18
   73  175    7.227665e-14    2.858360e-19
   73  176    7.927190e-16    7.601755e-18
   73  177    8.493390e-14    2.584634e-19
   73  178    2.282471e-17    5.491161e-20
   73  179    5.772931e-13    5.342617e-19
   73  180    7.372039e-16   -9.341420e-22
   73  181    4.803802e-18    5.470206e-24
   73  182    7.024789e-22    3.970002e-28
   73  183    2.933063e-25    4.966684e-32
   73  184    3.844032e-30    1.019054e-35
   74  168    4.577320e-30   -1.253534e-37
   74  169    2.655998e-26   -1.463044e-29
   74  170    1.976391e-21   -5.556039e-25
   74  171    2.195517e-20   -6.258378e-24
   74  172    1.648848e-16   -1.697257e-20
   74  173    2.140749e-16   -1.913635e-20
   74  174    8.293880e-14   -1.698919e-18
   74  175    1.883118e-14   -3.621586e-19
   74  176    1.678635e-12   -7.601895e-18
   74  177    5.351694e-14   -6.947363e-20
   74  178    2.595331e-12   -3.750424e-20
   74  179    2.912410e-14    2.311494e-18
   74  180    4.036635e-13    9.888199e-19
   74  181    1.369919e-15    1.457386e-19
   74  182    1.678683e-16    4.549354e-22
   74  183    7.121123e-20    3.050915e-22
   74  184    1.460064e-22    6.394885e-25
   74  185    8.032358e-27    4.473581e-33
   74  186    5.534266e-26    3.670684e-29
   74  187    1.268104e-30   -5.982504e-37
   75  172    1.690809e-27   -1.286465e-36
   75  173    2.604136e-22   -8.920259e-26
   75  174    4.256954e-21   -1.205027e-24
   75  175    1.401223e-17   -1.618063e-21
   75  176    1.022406e-17   -1.310476e-21
   75  177    4.237449e-15   -2.056235e-19
   75  178    3.771339e-16    2.594478e-20
   75  179    8.168489e-14   -2.803706e-18
   75  180    3.541279e-15    4.718846e-18
   75  181    2.559436e-13   -1.037450e-20
   75  182    2.565392e-15    1.440992e-18
   75  183    4.528128e-14    8.452334e-20
   75  184    4.800358e-17    6.482880e-24
   75  185    9.816164e-18    3.899035e-23
   75  186    3.869696e-21    7.275191e-28
   75  187    8.268945e-24    6.805070e-31
   75  188    5.919039e-28    2.817552e-34
   75  189    2.023571e-26   -9.427025e-33
   76  175    1.804654e-26   -8.757432e-30
   76  176    4.964047e-22   -9.368002e-26
   76  177    3.353973e-20   -7.595382e-24
   76  178    3.337846e-16   -4.535332e-20
   76  179    4.039406e-16   -4.221964e-20
   76  180    1.806240e-13   -5.707559e-18
   76  181    2.092551e-14   -1.111615e-19
   76  182    2.779224e-12   -1.434735e-18
   76  183    9.739449e-14    4.859725e-19
   76  184    2.224942e-12    1.575236e-20
   76  185    7.736233e-15    2.472467e-19
   76  186    2.106678e-14    1.141144e-21
   76  187    2.542662e-17    1.629570e-19
   76  188    1.051898e-17    1.518898e-22
   76  189    5.546539e-20    1.434490e-21
   76  190    4.007410e-22    1.799248e-24
   76  191    2.756564e-26    9.607588e-33
   76  192    5.451047e-26    3.406208e-31
   76  194    3.791039e-29   -8.176055e-39
   77  179    3.953011e-24   -2.039694e-27
   77  180    6.742644e-21   -3.053875e-24
   77  181    1.745180e-16   -2.419673e-20
   77  182    1.565529e-16   -7.090553e-21
   77  183    4.785586e-14   -5.704036e-19
   77  184    4.346133e-15   -9.412981e-21
   77  185    3.139575e-13   -2.451884e-19
   77  186    1.677496e-15    3.325189e-19
   77  187    1.511156e-13   -1.545575e-19
   77  188    5.551884e-16    6.988648e-20
   77  189    4.012007e-14    2.049334e-20
   77  190    4.502121e-17    2.374276e-24
   77  191    2.972752e-18    1.389565e-21
   77  192    1.119998e-21    3.370871e-28
   77  193    2.699085e-21    1.551048e-26
   77  194    3.345955e-25    6.764717e-33
   77  195    1.848760e-28   -8.156168e-34
   77  197    5.051542e-29   -5.917023e-33
   78  181    2.520125e-30   -1.975530e-33
   78  182    2.226453e-23   -5.670029e-27
   78  183    5.448473e-21   -5.694757e-25
   78  184    1.666464e-16   -6.531708e-21
   78  185    2.031520e-16   -1.948502e-21
   78  186    6.129318e-14   -3.335852e-19
   78  187    1.749619e-15   -8.295063e-21
   78  188    1.512984e-12   -7.028231e-20
   78  189    2.103947e-14    1.044920e-19
   78  190    2.152745e-12    9.056118e-21
   78  191    8.351563e-15    5.013554e-19
   78  192    4.069462e-13    3.993652e-21
   78  193    6.011984e-16    2.847542e-19
   78  194    4.057960e-15    8.535704e-22
   78  195    1.778183e-18    2.716945e-22
   78  196    2.274670e-18    1.765424e-23
   78  197    2.672060e-22   -1.067194e-28
   78  198    2.714908e-25    5.636861e-33
   78  199    8.153305e-30   -1.775722e-34
   78  200    2.364622e-28    4.035740e-43
   79  185    2.930989e-25   -4.673214e-29
   79  186    2.563608e-23   -1.627904e-27
   79  187    1.507164e-18   -1.233660e-22
   79  188    4.516615e-19   -2.765291e-24
   79  189    5.321711e-15   -1.259994e-19
   79  190    5.872740e-16    6.126598e-20
   79  191    1.405275e-13   -4.938904e-19
   79  192    1.757010e-15    3.004605e-19
   79  193    4.435377e-13   -2.516536e-19
   79  194    2.869219e-15   -7.634294e-22
   79  195    1.072415e-13    4.203164e-20
   79  196    2.482271e-16   -7.185567e-24
   79  197    1.026920e-16    1.214529e-20
   79  198    8.884070e-20   -1.007843e-26
   79  199    3.645675e-22   -4.879214e-29
   79  200    5.046466e-26   -7.028364e-31
   79  201    4.548022e-26   -1.188396e-30
   79  202    1.204775e-28   -1.729215e-31
   80  186    1.434352e-30   -7.060037e-34
   80  187    6.649606e-27   -1.882345e-30
   80  188    1.529484e-19   -3.197226e-23
   80  189    1.377957e-18   -1.231774e-22
   80  190    2.077760e-15   -7.057938e-20
   80  191    6.221926e-16   -8.626390e-21
   80  192    1.307080e-13   -3.042193e-19
   80  193    1.114293e-14   -1.719823e-20
   80  194    1.682959e-12    7.949621e-21
   80  195    3.934188e-14    6.229165e-19
   80  196    6.311202e-12    5.777436e-20
   80  197    6.882757e-14    2.526838e-18
   80  198    4.602834e-12    6.312698e-20
   80  199    1.971838e-14    2.920416e-18
   80  200    9.077464e-13    1.492362e-20
   80  201    6.404216e-16    1.289586e-19
   80  202    2.244553e-14    1.654265e-22
   80  203    2.915683e-18    9.682745e-26
   80  204    5.504389e-17    1.532467e-27
   80  205    3.950534e-22   -5.219007e-26
   80  206    1.524912e-26   -1.245246e-30
   81  188    1.898120e-29   -9.348362e-39
   81  189    1.781014e-25   -5.260769e-29
   81  190    1.084869e-22   -9.212359e-32
   81  191    1.761202e-18   -7.200948e-28
   81  192    3.524779e-18   -2.494439e-22
   81  193    5.082903e-16   -1.593803e-20
   81  194    3.953101e-16   -8.135742e-21
   81  195    6.819755e-14   -6.650612e-19
   81  196    9.437979e-15   -5.810282e-20
   81  197    6.352455e-13   -2.533763e-18
   81  198    2.963733e-14   -1.447004e-21
   81  199    1.912767e-12   -2.901138e-18
   81  200    3.444049e-14    4.143196e-19
   81  201    8.319489e-13    5.138399e-20
   81  202    4.304968e-15   -1.450455e-22
   81  203    2.227847e-14    3.329692e-19
   81  204    1.611479e-16    2.381017e-25
   81  205    2.176250e-15    4.454343e-26
   81  206    3.088082e-19   -4.994135e-23
   81  207    9.300267e-23   -1.325443e-26
   82  192    4.852530e-26   -9.418184e-30
   82  193    4.618798e-25   -2.296044e-34
   82  194    3.972626e-20   -2.522352e-24
   82  195    7.148468e-20   -3.237665e-24
   82  196    7.614604e-17   -2.753889e-27
   82  197    5.911541e-17   -4.919490e-21
   82  198    1.308300e-14   -6.167690e-20
   82  199    2.551949e-15   -8.622609e-21
   82  200    8.148849e-13   -4.246998e-19
   82  201    1.486590e-13   -1.103674e-20
   82  202    1.172633e-11    2.167812e-20
   82  203    1.527549e-12   -1.592904e-20
   82  204    6.236089e-11    2.487494e-20
   82  205    4.304596e-12    3.404037e-20
   82  206    1.246825e-10    2.531819e-21
   82  207    2.757059e-12    4.524924e-22
   82  208    4.558293e-11    8.853417e-25
   82  209    7.346211e-20    2.363538e-24
   82  210    2.760152e-27    2.117041e-32
   83  195    3.505813e-26   -7.806729e-30
   83  196    3.970917e-23   -5.255385e-27
   83  197    5.321674e-19   -3.873677e-23
   83  198    7.279235e-19   -4.801327e-23
   83  199    4.228794e-16   -1.064069e-20
   83  200    2.388455e-16   -4.466011e-21
   83  201    2.566642e-14   -1.692966e-19
   83  202    3.302883e-15   -2.185158e-20
   83  203    3.288575e-13   -3.169255e-19
   83  204    2.514448e-14   -2.533641e-20
   83  205    1.086217e-12   -3.358949e-20
   83  206    3.765657e-14   -2.798733e-21
   83  207    1.418156e-12   -8.174851e-23
   83  208    1.176442e-14    2.500639e-23
   83  209    1.672713e-13    2.152265e-25
   83  210    3.932115e-21    1.290293e-25
   83  211    9.485954e-29    5.295875e-33
   84  202    8.640598e-29   -1.288992e-33
   84  203    1.101519e-28   -2.038688e-33
   84  204    9.614051e-27   -3.065107e-32
   84  205    1.069840e-26   -6.963722e-32
   84  206    1.262307e-25   -6.405158e-33
   84  207    5.376437e-27   -1.047941e-32
   84  208    1.770299e-25   -9.422781e-37
   84  209    4.030900e-28    1.421479e-36
   84  210    1.502232e-26    3.701705e-28
    0    1    5.358876e-22   -7.922920e-23
    1    1    3.261965e-17   -3.291070e-18
    2    4    1.628149e-11   -2.373201e-14
