4.4761e-04
5.8384e-05
9.2960e-01
4.5248e+04
    1    2    3.871005e-24   -2.831743e-26
    4    8    7.742840e-30    2.033427e-30
    5   11    2.476435e-28    6.503617e-29
    6   11    1.891145e-21    2.754213e-22
    6   12    7.736613e-04   -3.926872e-15
    6   13    1.467891e-15    1.511544e-16
    6   14    3.146656e-26    6.194283e-27
    7   13    8.919328e-19    3.693781e-20
    7   14    1.758455e-18    2.561010e-19
    7   15    1.170126e-24    3.115227e-26
    8   14    4.447058e-13    3.636892e-15
    8   15    5.452145e-25    7.940359e-26
    8   16    4.583193e-02    9.020562e-17
    8   17    8.613055e-17    8.869027e-18
    8   18    5.236991e-18    5.392806e-19
    9   17    3.995015e-17   -1.233716e-18
    9   18    5.349137e-23    7.787435e-24
    9   19    9.795860e-26    1.333987e-26
   10   18    1.034731e-26    7.909032e-29
   10   20    8.353541e-03   -1.163826e-14
   10   21    3.015564e-05   -3.826897e-14
   10   22    3.692474e-06   -4.139290e-15
   10   23    1.524179e-18    1.569520e-19
   11   21    5.213521e-14    4.263148e-16
   11   22    2.847519e-16    2.328931e-18
   11   23    1.457139e-04   -1.079177e-14
   11   24    3.120370e-15    3.213211e-16
   11   25    2.634270e-26    5.175647e-27
   12   23    2.164543e-25    3.406101e-27
   12   24    2.013354e-03    1.752808e-14
   12   25    4.441883e-04    4.063102e-15
   12   26    2.597256e-04    9.129412e-12
   12   27    2.026475e-16    2.086768e-17
   12   28    1.620822e-27    3.190035e-28
   13   25    1.476744e-15    1.207014e-17
   13   26    1.408289e-04   -9.158813e-12
   13   27    2.011964e-04   -6.112461e-16
   13   28    7.184865e-15    7.422920e-16
   13   29    2.950243e-25    4.855927e-26
   14   26    8.942311e-29    1.404647e-30
   14   27    4.836205e-12    3.950997e-14
   14   28    2.358143e-04    2.859049e-14
   14   29    6.520005e-05    2.665525e-15
   14   30    2.844539e-05    6.384501e-14
   14   31    1.660455e-15    1.709858e-16
   14   32    1.406467e-26    2.768151e-27
   15   28    5.458971e-25    8.509508e-27
   15   29    1.296694e-17    4.039140e-19
   15   30    2.314310e-07   -6.309922e-14
   15   31    2.104118e-06    5.533570e-15
   15   32    3.390488e-17    3.491367e-18
   15   33    3.070910e-19    3.162279e-20
   15   34    3.166310e-30    6.231771e-31
   16   31    3.517199e-10   -5.516530e-15
   16   32    1.166119e-06    5.246183e-17
   16   33    2.100891e-08    1.083809e-17
   16   34    2.736454e-07    2.026579e-18
   16   35    7.940608e-18    8.176865e-19
   16   36    8.416292e-28    1.656463e-28
   17   32    1.315503e-25    1.058538e-27
   17   33    2.686191e-29    2.200410e-31
   17   34    2.415585e-18    1.973010e-20
   17   35    1.020433e-08    2.135243e-18
   17   36    9.433679e-19    9.714360e-20
   17   37    5.521321e-28    8.345456e-29
   18   35    2.247686e-26    2.851180e-27
   18   36    8.448026e-10    5.580884e-21
   18   37    6.295176e-20    6.496273e-21
   18   38    2.659022e-10   -7.336058e-22
   18   39    8.877719e-21    9.141857e-22
   18   40    2.551355e-22    2.627265e-23
   19   37    2.664623e-20    2.153001e-22
   19   39    3.745178e-12    7.853216e-22
   19   40    4.079453e-22    4.200826e-23
   19   41    1.865757e-29    2.712591e-30
   19   43    3.135909e-29    3.229211e-30
   20   40    2.851209e-14    1.007142e-24
   20   41    1.762854e-24    1.815304e-25
   20   42    4.763924e-08   -7.522447e-19
   20   43    1.463411e-08   -2.032879e-20
   20   44    7.048443e-08    4.783089e-20
   20   45    5.720304e-18    5.890500e-19
   20   46    2.020422e-10   -1.227226e-21
   20   47    1.005210e-20    1.035118e-21
   20   48    2.292639e-09   -4.676466e-21
   20   49    1.879078e-20    1.934985e-21
   21   41    5.969787e-30    4.842256e-32
   21   43    5.677864e-18    4.643815e-20
   21   44    2.136627e-18    1.747506e-20
   21   45    6.669494e-09   -5.009000e-19
   21   46    5.525352e-18    5.689748e-19
   21   47    2.352303e-20    1.956645e-22
   21   48    1.974030e-19    1.614522e-21
   21   49    1.377979e-19    1.127022e-21
   21   50    1.951301e-30    2.841622e-31
   22   44    5.608711e-29    9.692703e-31
   22   45    6.330360e-27    5.240214e-29
   22   46    2.020422e-08   -5.085672e-19
   22   47    7.854394e-09    2.631096e-20
   22   48    1.436025e-08    5.733189e-20
   22   49    1.733388e-08    5.235061e-20
   22   50    5.602375e-08    1.392509e-19
   22   51    2.062832e-18    2.124207e-19
   22   52    1.261680e-28    1.919543e-29
   23   47    5.255297e-19    4.298197e-21
   23   48    2.245770e-19    1.836774e-21
   23   49    3.855713e-19    3.153516e-21
   23   50    1.999308e-15    3.763702e-21
   23   51    4.904040e-09   -1.842073e-19
   23   52    1.895653e-18    1.952053e-19
   23   53    1.230213e-28    2.421253e-29
   24   48    1.227032e-30    1.929490e-32
   24   49    1.545880e-30    2.457908e-32
   24   50    9.383978e-13   -4.655637e-23
   24   51    1.535774e-21    5.538752e-23
   24   52    5.579288e-08   -5.201047e-19
   24   53    1.074040e-08   -7.262811e-20
   24   54    1.369099e-07   -2.889176e-19
   24   55    8.437846e-18    8.688889e-19
   24   56    3.744517e-28    7.369802e-29
   25   51    4.816668e-24    3.939454e-26
   25   53    3.065017e-19    2.506820e-21
   25   54    7.039176e-20    5.758748e-22
   25   55    3.456011e-08   -1.287338e-18
   25   56    1.258751e-17    1.296203e-18
   25   57    2.077981e-27    4.089793e-28
   26   54    4.446329e-09   -1.226072e-19
   26   55    1.252668e-18    1.230794e-19
   26   56    1.766820e-06   -2.193731e-17
   26   57    9.986690e-07   -1.119735e-17
   26   58    5.174607e-06   -3.070410e-17
   26   59    6.183938e-16    6.367928e-17
   26   60    5.431405e-26    1.068987e-26
   27   55    4.678330e-21    3.826316e-23
   27   56    1.947818e-30    2.152658e-31
   27   57    2.583581e-18    2.113062e-20
   27   58    2.435375e-18    1.991878e-20
   27   59    2.034761e-06   -7.308158e-17
   27   60    7.106921e-16    7.318372e-17
   27   61    2.534293e-25    4.807857e-26
   28   58    6.192280e-10   -2.216027e-20
   28   59    2.188077e-19    2.218797e-20
   28   60    2.667798e-06   -7.724517e-17
   28   61    1.015184e-06   -1.769664e-18
   28   62    2.259022e-06    3.164939e-18
   28   63    7.368989e-16    7.588239e-17
   28   64    1.389652e-06   -1.357370e-17
   28   65    1.327559e-16    1.367058e-17
   28   66    1.009975e-26    1.987791e-27
   29   59    1.747883e-22    1.429478e-24
   29   61    1.142017e-18    9.340336e-21
   29   62    7.519440e-19    6.149957e-21
   29   63    8.717982e-07   -7.669354e-17
   29   64    7.448357e-16    7.669967e-17
   29   65    1.075841e-06   -5.392445e-17
   29   66    5.237227e-16    5.393046e-17
   29   67    1.146280e-23    1.207418e-24
   30   64    8.425447e-07   -4.705861e-17
   30   65    4.566117e-16    4.701968e-17
   30   66    1.302067e-06   -4.309492e-17
   30   67    2.837024e-07    1.941664e-18
   30   68    1.322620e-06    1.702875e-17
   30   69    2.331719e-16    2.401094e-17
   30   70    1.327706e-10   -2.173520e-21
   30   71    2.124863e-20    2.188082e-21
   30   72    3.932102e-30    7.739002e-31
   31   65    2.002525e-19    1.637818e-21
   31   66    1.169892e-28    1.049973e-29
   31   67    5.089824e-19    4.162870e-21
   31   68    1.267983e-19    1.037058e-21
   31   69    1.594879e-07   -2.200761e-17
   31   70    2.137637e-16    2.201237e-17
   31   71    1.407639e-07   -1.663229e-17
   31   72    1.615134e-16    1.663189e-17
   31   73    1.646037e-25    3.239654e-26
   32   68    2.626797e-29    3.419086e-30
   32   69    8.647181e-27    7.072374e-29
   32   70    2.286684e-07   -1.874082e-17
   32   71    1.820182e-16    1.874111e-17
   32   72    2.362112e-07   -1.345562e-17
   32   73    4.522465e-08    7.332420e-18
   32   74    1.757502e-07   -2.911411e-18
   32   75    8.773042e-17    9.034066e-18
   32   76    1.249214e-11   -1.888088e-22
   32   77    1.833826e-21    1.888388e-22
   33   71    3.649827e-20    2.985124e-22
   33   72    1.036162e-28    1.382682e-29
   33   73    5.075964e-20    4.151535e-22
   33   74    6.595812e-21    5.394591e-23
   33   75    2.000848e-08   -1.088915e-17
   33   76    1.057483e-16    1.088946e-17
   33   77    2.807164e-24    5.938392e-26
   34   74    1.487118e-24    1.230198e-31
   34   75    1.256106e-22    1.027346e-24
   34   76    4.988957e-08   -5.715216e-18
   34   77    1.818953e-08    1.378235e-18
   34   78    7.041447e-08   -7.062005e-19
   34   79    4.897329e-17    5.043039e-18
   34   80    4.239297e-09   -1.761622e-19
   34   81    1.710699e-18    1.761598e-19
   34   82    3.172076e-12   -5.690502e-23
   34   83    5.526622e-22    5.691055e-23
   35   77    3.436382e-21    2.810551e-23
   35   78    1.291414e-21    1.056209e-23
   35   79    8.345310e-09   -5.012986e-18
   35   80    4.868177e-17    5.013018e-18
   35   81    7.274689e-09   -2.177853e-18
   35   82    2.114928e-17    2.177853e-18
   35   83    7.129264e-26    8.158165e-27
   36   79    6.782391e-26    5.547189e-28
   36   80    2.125901e-08   -4.348283e-18
   36   81    4.222660e-17    4.348286e-18
   36   82    5.111923e-08   -5.774872e-18
   36   83    1.566929e-08    1.984340e-18
   36   84    5.823898e-08    3.975232e-19
   36   85    3.294958e-17    3.392993e-18
   36   86    4.641503e-10   -3.422098e-21
   36   87    3.323164e-20    3.422038e-21
   36   88    2.243147e-30    4.414871e-31
   37   81    3.621897e-22    2.962280e-24
   37   82    2.558961e-30    3.422529e-31
   37   83    1.006641e-21    8.233123e-24
   37   84    2.720014e-22    2.224648e-24
   37   85    8.462411e-09   -3.304931e-18
   37   86    3.209448e-17    3.304938e-18
   37   87    5.853056e-11   -2.369007e-21
   37   88    2.300614e-20    2.369064e-21
   37   89    8.633056e-30    1.699123e-30
   38   84    2.620158e-24   -8.967824e-34
   38   85    8.795758e-25    7.193885e-27
   38   86    1.977583e-08   -3.858463e-18
   38   87    1.264904e-08    2.159951e-19
   38   88    3.410537e-08    3.152491e-18
   38   89    4.758243e-18    4.899814e-19
   38   90    2.024262e-26    2.164179e-27
   39   87    1.178015e-22    9.634757e-25
   39   88    7.915507e-23    6.473944e-25
   39   89    5.047083e-09   -3.820003e-19
   39   90    3.709644e-18    3.820017e-19
   39   91    3.733625e-27    7.346287e-28
   40   90    2.223165e-09   -1.009057e-19
   40   91    5.705716e-10    3.389941e-20
   40   92    6.513631e-10    2.769845e-20
   40   93    1.936305e-10    1.202961e-20
   40   94    4.140053e-10    2.715479e-21
   40   95    2.384999e-19    2.455960e-20
   40   96    7.701181e-13   -1.049798e-23
   40   97    1.006896e-22    1.036854e-23
   41   91    3.998072e-24    3.269947e-26
   41   92    9.156687e-25    7.489081e-27
   41   93    7.196599e-14   -2.610529e-23
   41   94    2.536572e-22    2.611509e-23
   41   95    4.133222e-25    3.382299e-27
   41   96    9.930062e-25    1.294670e-25
   41   97    1.477569e-28    1.273287e-30
   42   92    3.795087e-17   -4.422299e-27
   42   93    4.295893e-26    4.422410e-27
   42   94    1.277137e-13   -1.652410e-23
   42   95    3.569934e-11   -1.265460e-20
   42   96    8.222236e-11    1.691339e-21
   42   97    2.578413e-11    2.578836e-21
   42   98    7.544014e-11    2.262934e-21
   42   99    5.959634e-20    6.136951e-21
   42  100    1.700721e-15   -8.798442e-26
   42  101    8.880350e-25    9.144565e-26
   43   95    6.704063e-29    5.483126e-31
   43   96    1.602852e-26    1.310942e-28
   43   97    3.274672e-26    2.678292e-28
   43   98    2.521526e-27    2.062308e-29
   43   99    2.728429e-13   -1.387740e-22
   43  100    1.347612e-21    1.387673e-22
   43  101    6.416616e-30    1.252046e-30
   44   96    3.532748e-26    0.000000e+00
   44   98    6.625258e-24   -1.506899e-33
   44   99    8.074130e-12   -4.619389e-21
   44  100    3.391438e-11   -1.675370e-21
   44  101    7.022779e-12    2.873478e-21
   44  102    1.441791e-14    3.419053e-21
   44  103    1.814335e-23    1.868319e-24
   44  104    2.382782e-25    4.911483e-26
   45  100    4.899210e-28    4.006971e-30
   45  101    2.002842e-27    1.638087e-29
   45  102    1.786671e-28    1.461284e-30
   45  103    7.469186e-12   -5.286505e-21
   45  104    5.133713e-20    5.286407e-21
   45  105    3.355010e-28    6.602916e-29
   46  103    1.191600e-28    9.745872e-31
   46  104    2.116282e-11   -5.936481e-21
   46  105    4.944953e-12    1.635433e-21
   46  106    2.265111e-11   -3.327463e-22
   46  107    4.499944e-20    4.633830e-21
   46  108    2.501060e-11   -3.636813e-21
   46  109    3.531745e-20    3.636825e-21
   46  110    1.000424e-14   -8.899945e-25
   46  111    9.535773e-24    9.819491e-25
   47  105    3.232955e-28    2.644173e-30
   47  106    7.138884e-29    5.838737e-31
   47  107    4.291539e-12   -4.267153e-21
   47  108    4.143856e-20    4.267142e-21
   47  109    6.599128e-12   -5.755089e-21
   47  110    5.588760e-20    5.754997e-21
   47  111    4.257677e-28    8.377065e-29
   48  108    3.603379e-13   -1.288725e-22
   48  109    1.251489e-21    1.288724e-22
   48  110    1.909901e-11   -5.530998e-21
   48  111    4.587530e-12    1.846329e-21
   48  112    2.054442e-11   -6.904664e-22
   48  113    4.248724e-20    4.375136e-21
   48  114    3.413728e-11   -4.665131e-21
   48  115    4.530378e-20    4.665170e-21
   48  116    2.673547e-15   -2.352762e-25
   48  117    2.284979e-24    2.352963e-25
   49  109    1.636891e-30    1.338781e-32
   49  111    9.189432e-29    7.515863e-31
   49  112    2.123820e-29    1.737023e-31
   49  113    6.099931e-12   -7.822652e-21
   49  114    7.596609e-20    7.822609e-21
   49  115    9.485690e-28    1.457857e-28
   50  112    1.518501e-24   -5.642292e-34
   50  113    1.139414e-30    9.838468e-33
   50  114    1.053078e-13   -2.622020e-23
   50  115    5.384892e-12   -2.783552e-21
   50  116    3.958575e-11   -3.305045e-21
   50  117    8.542083e-12    2.761740e-21
   50  118    4.908861e-11   -1.232751e-21
   50  119    1.176970e-11    1.094628e-21
   50  120    6.577789e-11   -2.323473e-22
   50  121    3.615974e-20    3.723559e-21
   50  122    5.075922e-13   -1.765897e-23
   50  123    1.714909e-22    1.765932e-23
   50  124    5.881526e-14   -1.122719e-24
   50  125    1.090278e-23    1.122717e-24
   51  116    7.492957e-30    6.128317e-32
   51  117    5.273779e-29    4.313322e-31
   51  118    1.274123e-29    1.042059e-31
   51  119    7.746696e-29    6.335876e-31
   51  120    1.321943e-29    1.081187e-31
   51  121    3.464279e-12   -2.272772e-21
   51  122    2.207105e-20    2.272773e-21
   51  123    8.946882e-14   -4.165865e-23
   51  124    4.045503e-22    4.165868e-23
   51  125    1.325244e-30    2.513460e-31
   52  120    1.000424e-30   -5.254869e-46
   52  122    9.020217e-12   -3.156348e-21
   52  123    3.001272e-12    6.138649e-22
   52  124    1.532908e-11   -5.902741e-22
   52  125    5.674406e-12    2.613406e-22
   52  126    2.620158e-11   -9.534226e-23
   52  127    2.881027e-20    2.966746e-21
   52  128    5.697728e-13   -2.885994e-23
   52  129    2.802669e-22    2.886057e-23
   52  130    1.846937e-12   -4.182755e-23
   52  131    4.061886e-22    4.182739e-23
   53  123    6.609489e-30    5.405776e-32
   53  124    2.131715e-30    1.743489e-32
   53  125    1.762045e-29    1.441143e-31
   53  126    1.460452e-30    1.194476e-32
   53  127    3.615706e-12   -2.307124e-21
   53  128    2.240463e-20    2.307123e-21
   53  129    8.756032e-29    1.715822e-29
   53  130    2.282786e-30    1.932306e-32
   54  126    1.587975e-27    0.000000e+00
   54  128    9.378976e-12   -3.137394e-21
   54  129    4.878037e-12   -6.560657e-23
   54  130    1.462158e-11    7.367239e-22
   54  131    6.636401e-12   -2.262169e-22
   54  132    4.009275e-11   -1.706771e-22
   54  133    2.780443e-20    2.863170e-21
   54  134    1.269195e-13   -4.168013e-24
   54  135    4.047599e-23    4.168027e-24
   54  136    8.091666e-12   -1.282292e-23
   54  137    1.245274e-22    1.282325e-23
   55  129    3.275131e-30    2.678668e-32
   55  130    1.465139e-30    1.198309e-32
   55  131    8.391416e-30    6.863180e-32
   55  133    4.580889e-12   -2.489505e-21
   55  134    2.417575e-20    2.489505e-21
   55  135    8.280562e-29    1.629000e-29
   55  136    3.991736e-30    3.608634e-32
   56  132    1.667374e-27    0.000000e+00
   56  134    1.045219e-11   -2.624124e-21
   56  135    5.105868e-12    7.653925e-23
   56  136    3.449992e-11   -1.042396e-21
   56  137    4.228070e-11   -8.173708e-22
   56  138    3.979948e-10    2.006585e-21
   56  139    2.331400e-20    2.400766e-21
   56  140    2.640513e-30    5.196950e-31
   57  137    6.391950e-30    5.227855e-32
   57  138    4.102541e-29    4.004740e-30
   57  139    3.735397e-11   -2.123993e-21
   57  140    2.062625e-20    2.123994e-21
   57  141    1.433219e-29    2.820803e-30
   58  138    2.102341e-25   -6.437237e-35
   58  139    5.982238e-28    6.142742e-29
   58  140    9.289652e-11   -2.144492e-21
   58  141    2.082753e-20    2.144721e-21
   58  142    9.158812e-14   -3.633771e-24
   58  143    3.534082e-23    3.639231e-24
   59  141    7.804727e-12   -1.687478e-21
   59  142    1.638721e-20    1.687478e-21
   59  143    4.210838e-29    8.287520e-30
   60  142    1.831762e-11   -1.596423e-21
   60  143    3.281111e-12    2.493352e-22
   60  144    6.940442e-12    4.755238e-22
   60  145    1.586880e-12    2.616779e-22
   60  146    4.721180e-12    5.612388e-23
   60  147    5.376159e-21    5.536116e-22
   60  148    1.554713e-15   -1.523724e-25
   60  149    1.479713e-24    1.523739e-25
   60  150    2.527738e-21   -2.594551e-31
   60  151    2.523962e-30    2.599057e-31
   61  147    1.039160e-30    1.267986e-31
   61  148    1.149578e-27    1.183782e-28
   62  144    3.536221e-20   -8.649881e-30
   62  145    8.399946e-29    8.649869e-30
   62  147    7.486167e-13   -9.345841e-22
   62  148    2.697089e-12    5.056990e-23
   62  149    4.961835e-13    4.403370e-22
   62  150    1.600679e-12   -2.727555e-23
   62  151    4.572636e-21    4.708686e-22
   62  152    2.626113e-13   -8.476440e-23
   62  153    8.231534e-22    8.476446e-23
   62  154    1.429177e-15   -3.225954e-25
   62  155    3.132765e-24    3.225974e-25
   63  151    1.722585e-13   -3.264429e-22
   63  152    3.170107e-21    3.264427e-22
   63  153    2.282013e-13   -3.269673e-22
   63  154    3.175201e-21    3.269673e-22
   63  155    4.068281e-29    8.007023e-30
   64  152    5.982799e-13   -4.387490e-22
   64  153    4.260717e-21    4.387485e-22
   64  154    7.795513e-13   -5.874174e-22
   64  155    2.575285e-13    1.500536e-22
   64  156    1.090206e-12   -2.213031e-22
   64  157    4.772724e-13    2.259918e-22
   64  158    2.906295e-12   -4.748106e-22
   64  159    8.812656e-21    9.074858e-22
   64  160    8.753711e-17   -1.857115e-26
   64  161    1.803830e-25    1.857500e-26
   65  159    3.705974e-13   -4.398596e-22
   65  160    4.271506e-21    4.398596e-22
   65  161    4.156308e-29    8.180276e-30
   66  156    1.026076e-30   -3.503246e-46
   66  158    8.864517e-14   -1.132018e-22
   66  159    1.099311e-21    1.132018e-22
   66  160    8.753711e-13   -6.753364e-22
   66  161    3.287108e-13    2.868049e-22
   66  162    1.358601e-12   -3.211933e-22
   66  163    2.448891e-13    5.115066e-22
   66  164    6.033045e-13    7.004994e-23
   66  165    1.244651e-21    1.281683e-22
   66  166    1.843586e-30    3.628471e-31
   67  165    4.844478e-13   -5.135212e-22
   67  166    4.986839e-21    5.135212e-22
   67  167    6.645136e-29    1.307869e-29
   68  164    6.710162e-13   -7.248387e-22
   68  165    7.038957e-21    7.248387e-22
   68  166    1.024531e-12   -5.986185e-22
   68  167    4.067593e-13    1.647234e-22
   68  168    1.667374e-12   -8.517557e-23
   68  169    5.040733e-21    5.190710e-22
   68  170    3.289630e-15   -6.038647e-25
   68  171    5.864260e-24    6.038739e-25
   69  169    5.321783e-13   -4.886221e-22
   69  170    4.745042e-21    4.886221e-22
   69  171    3.091711e-29    6.084980e-30
   69  172    1.042503e-29    1.073520e-30
   70  168    1.012334e-30   -3.503246e-46
   70  170    8.238787e-13   -6.613041e-22
   70  171    4.206462e-13    2.591167e-22
   70  172    1.395941e-12   -2.417415e-22
   70  173    6.939358e-13    1.382824e-22
   70  174    3.156511e-12   -1.157512e-22
   70  175    6.034438e-21    6.213980e-22
   70  176    1.591584e-15   -1.975227e-25
   70  177    1.918266e-24    1.975340e-25
   71  175    4.567651e-13   -4.560851e-22
   71  176    8.526386e-16    4.548230e-22
   71  177    1.225697e-23    1.262168e-24
   72  176    1.193688e-12   -7.522226e-22
   72  177    3.950827e-13    3.052306e-22
   72  178    1.686108e-12   -2.371393e-22
   72  179    4.800918e-13    2.832044e-22
   72  180    2.773398e-12   -1.605837e-22
   72  181    5.452863e-21    5.615102e-22
   72  182    6.093509e-30    1.199300e-30
   73  180    3.440347e-15   -6.404507e-24
   73  181    7.185367e-13   -5.315319e-22
   73  182    5.223937e-21    5.379364e-22
   73  183    2.601153e-29    5.119483e-30
   74  180    5.385616e-14   -4.654036e-23
   74  181    4.519565e-22    4.654035e-23
   74  182    1.813956e-12   -8.408388e-22
   74  183    9.293557e-13    2.558117e-22
   74  184    2.060656e-12    8.375204e-24
   74  185    5.599908e-21    5.766522e-22
   74  186    8.067936e-14   -1.235506e-23
   74  187    1.199810e-22    1.235508e-23
   75  185    3.076980e-13   -3.444682e-22
   75  186    3.345154e-21    3.444682e-22
   75  187    6.954820e-15   -5.114853e-24
   75  188    4.967074e-23    5.114859e-24
   76  186    1.075725e-12   -7.867584e-22
   76  187    5.077019e-13    2.439793e-22
   76  188    1.117495e-12    9.440906e-23
   76  189    3.858779e-13    9.429051e-23
   76  190    1.474309e-12    6.968027e-24
   76  191    3.370820e-21    3.471112e-22
   76  192    3.121115e-14   -3.804537e-24
   76  193    3.694616e-23    3.804542e-24
   77  191    3.294590e-13   -3.441052e-22
   77  192    3.341629e-21    3.441052e-22
   77  193    3.208614e-13   -2.173855e-22
   77  194    2.111045e-21    2.173855e-22
   77  195    6.262378e-30    1.232536e-30
   78  190    1.000424e-30   -1.751623e-46
   78  192    1.094214e-12   -7.719611e-22
   78  193    7.496565e-21    7.719610e-22
   78  194    1.340775e-12   -4.927311e-22
   78  195    3.996566e-13    3.010252e-22
   78  196    2.342830e-12   -2.301303e-22
   78  197    4.096482e-21    4.218364e-22
   78  198    4.390750e-15   -3.026607e-25
   78  199    2.939163e-24    3.026612e-25
   79  197    7.109613e-13   -3.410609e-22
   79  198    3.312065e-21    3.410609e-22
   79  199    1.027855e-29    2.022982e-30
   80  196    1.378135e-17   -6.872031e-27
   80  197    6.673475e-26    6.872031e-27
   80  198    2.319165e-12   -5.796521e-22
   80  199    1.055724e-12    2.656342e-22
   80  200    3.396440e-12   -6.972349e-23
   80  201    1.493170e-12    2.637480e-22
   80  202    5.447854e-12   -1.559332e-22
   80  203    2.679537e-21    2.759262e-22
   80  204    8.827272e-14   -1.349848e-24
   80  205    1.310842e-23    1.349844e-24
   81  203    3.296964e-12   -3.931919e-22
   81  204    3.818315e-21    3.931921e-22
   81  205    2.532781e-13   -1.082231e-23
   81  206    1.050963e-22    1.082232e-23
   82  204    4.899136e-12   -3.757218e-22
   82  205    9.272223e-12   -2.426919e-22
   82  206    4.705878e-11   -7.325654e-22
   82  207    6.282857e-11    6.359856e-22
   82  208    1.298627e-10    6.476566e-22
   82  209    6.540722e-22    6.735328e-23
   83  209    3.106580e-12   -2.157132e-23
   83  210    2.094802e-22    2.157128e-23
    0    1    2.451883e-18   -1.131804e-23
    1    1    2.929106e-14   -8.988940e-16
    2    4    2.068304e-08   -9.660988e-14
