2.7349e-05
3.5673e-06
9.0123e-01
4.1572e+04
    1    2    3.456386e-24    3.071457e-26
    6   11    1.875122e-23    4.210764e-24
    6   12    7.736613e-04   -1.927755e-14
    6   13    3.506064e-16    5.334954e-18
    6   14    1.702408e-27    4.929438e-29
    7   13    8.618086e-21    9.451281e-23
    7   14    3.011537e-20    6.773641e-21
    7   15    3.189248e-25    3.393819e-26
    8   14    1.928246e-13    1.926651e-14
    8   15    5.420994e-27    1.217348e-27
    8   16    4.583193e-02    3.885781e-16
    8   17    2.057261e-17    3.132139e-19
    8   18    1.114029e-18    1.695154e-20
    9   17    5.279116e-15   -3.829132e-16
    9   18    5.034364e-25    1.125771e-25
    9   19    2.076472e-27    3.118841e-28
   10   18    8.436541e-27    6.405667e-28
   10   20    8.353541e-03   -2.555248e-15
   10   21    3.015564e-05   -1.372444e-15
   10   22    3.692474e-06   -1.507947e-16
   10   23    3.573775e-19    5.437999e-21
   11   21    2.161218e-14    2.159430e-15
   11   22    1.168452e-16    1.167486e-17
   11   23    1.457139e-04   -3.609309e-16
   11   24    7.452914e-16    1.134071e-17
   11   25    1.515564e-27    4.403229e-29
   12   23    4.030948e-26    7.628758e-27
   12   24    2.013354e-03    5.850355e-16
   12   25    4.441883e-04    1.555830e-16
   12   26    2.597255e-04    5.111770e-13
   12   27    4.840182e-17    7.365045e-19
   12   28    9.349438e-29    2.706818e-30
   13   25    5.928543e-16    5.923630e-17
   13   26    1.408289e-04   -7.006878e-13
   13   27    2.011964e-04   -1.218101e-16
   13   28    1.697200e-15    2.608403e-17
   13   29    1.077213e-26    5.246868e-28
   14   26    1.448470e-29    2.741409e-30
   14   27    1.900150e-12    1.898572e-13
   14   28    2.358143e-04    1.083931e-15
   14   29    6.520005e-05    8.855221e-17
   14   30    2.844539e-05    3.862958e-15
   14   31    3.965951e-16    6.034777e-18
   14   32    8.141192e-28    2.357011e-29
   15   28    8.545579e-26    1.617330e-26
   15   29    3.908496e-18    3.927331e-19
   15   30    2.314314e-07   -3.845606e-15
   15   31    2.104118e-06    3.237135e-16
   15   32    8.098077e-18    1.232242e-19
   15   33    6.914419e-20    1.052131e-21
   16   31    3.517595e-10   -3.295601e-16
   16   32    1.166119e-06    1.575566e-17
   16   33    2.100891e-08    2.639864e-19
   16   34    2.736454e-07   -1.110915e-17
   16   35    1.897782e-18    2.887754e-20
   16   36    4.796729e-29    1.388767e-30
   17   32    6.369119e-26    6.363529e-27
   17   33    1.351792e-29    1.350669e-30
   17   34    1.007208e-18    1.006371e-19
   17   35    1.020433e-08    1.112846e-17
   17   36    2.253167e-19    3.428526e-21
   17   37    1.453270e-29    9.313705e-31
   18   35    8.336034e-28    1.157766e-28
   18   36    8.448026e-10    4.609753e-20
   18   37    1.493215e-20    2.290111e-22
   18   38    2.659022e-10   -3.950046e-21
   18   39    2.120013e-21    3.225911e-23
   18   40    5.744791e-23    8.741543e-25
   19   37    1.161433e-20    1.160448e-21
   19   39    3.745177e-12    3.941751e-21
   19   40    9.743662e-23    1.482647e-24
   19   43    3.669775e-30    5.584101e-32
   20   40    2.851209e-14    5.645562e-24
   20   41    4.210529e-25    6.406950e-27
   20   42    4.763924e-08   -2.393199e-19
   20   43    1.463411e-08   -7.938121e-20
   20   44    7.048443e-08   -3.217799e-19
   20   45    1.366210e-18    2.078890e-20
   20   46    2.020422e-10   -8.959400e-22
   20   47    2.400918e-21    3.653349e-23
   20   48    2.292639e-09   -1.195028e-20
   20   49    4.488127e-21    6.829343e-23
   21   41    2.168316e-30    2.166473e-31
   21   43    2.146290e-18    2.144516e-19
   21   44    7.934599e-19    7.928040e-20
   21   45    6.669494e-09    2.894975e-19
   21   46    1.319715e-18    2.008141e-20
   21   47    8.607762e-21    8.595146e-22
   21   48    6.597305e-20    6.591852e-21
   21   49    5.294413e-20    5.290036e-21
   22   44    8.040556e-30    1.520445e-30
   22   45    1.019293e-27    1.028815e-28
   22   46    2.020422e-08   -2.074569e-20
   22   47    7.854394e-09   -7.095555e-21
   22   48    1.436025e-08   -1.111731e-20
   22   49    1.733388e-08   -1.503483e-20
   22   50    5.602375e-08   -4.513759e-20
   22   51    4.927022e-19    7.497184e-21
   22   52    5.016379e-30    4.127829e-31
   23   47    1.921703e-19    1.920114e-20
   23   48    8.095383e-20    8.088691e-21
   23   49    1.374791e-19    1.373655e-20
   23   50    1.999013e-15    1.653059e-20
   23   51    4.904040e-09    4.128376e-20
   23   52    4.527720e-19    6.889587e-21
   23   53    7.167785e-30    2.075192e-31
   24   50    9.383978e-13   -1.813093e-24
   24   51    3.984337e-22    3.067082e-23
   24   52    5.579288e-08   -2.673448e-20
   24   53    1.074040e-08   -5.078889e-21
   24   54    1.369099e-07   -5.320426e-20
   24   55    2.015358e-18    3.066662e-20
   24   56    2.170467e-29    6.283861e-31
   25   51    1.715413e-24    1.713995e-25
   25   53    1.078637e-19    1.077745e-20
   25   54    2.468664e-20    2.466600e-21
   25   55    3.456011e-08   -7.927699e-21
   25   56    3.006493e-18    4.574821e-20
   25   57    1.213780e-28    3.514090e-30
   26   54    4.446329e-09   -4.489109e-21
   26   55    3.040532e-19    6.300199e-21
   26   56    1.766820e-06   -8.571973e-19
   26   57    9.986690e-07   -4.792089e-19
   26   58    5.174607e-06   -1.594963e-18
   26   59    1.477017e-16    2.247498e-18
   26   60    3.143764e-27    9.101721e-29
   27   55    1.633715e-21    1.632365e-22
   27   57    8.841985e-19    8.834675e-20
   27   58    8.368645e-19    8.361722e-20
   27   59    2.034761e-06   -2.157816e-18
   27   60    1.697469e-16    2.582948e-18
   27   61    1.605673e-26    4.308902e-28
   28   58    6.192280e-10   -7.879929e-22
   28   59    5.223452e-20    8.659031e-22
   28   60    2.667798e-06   -2.674083e-18
   28   61    1.015184e-06   -8.724439e-20
   28   62    2.259022e-06    5.717472e-20
   28   63    1.760050e-16    2.678174e-18
   28   64    1.389652e-06   -5.281250e-19
   28   65    3.170838e-17    4.824896e-19
   28   66    5.849968e-28    1.693663e-29
   29   59    5.957833e-23    5.952907e-24
   29   61    3.833610e-19    3.830441e-20
   29   62    2.499575e-19    2.497508e-20
   29   63    8.717982e-07   -2.664236e-18
   29   64    1.779020e-16    2.707040e-18
   29   65    1.075841e-06   -1.878719e-18
   29   66    1.250898e-16    1.903424e-18
   29   67    1.954008e-24    2.997556e-26
   30   64    8.425447e-07   -1.654361e-18
   30   65    1.090604e-16    1.659523e-18
   30   66    1.302067e-06   -1.514283e-18
   30   67    2.837024e-07    6.442744e-20
   30   68    1.322620e-06    5.806411e-19
   30   69    5.569247e-17    8.474427e-19
   30   70    1.327706e-10   -7.855631e-23
   30   71    5.067218e-21    7.710512e-23
   31   65    6.585357e-20    6.579913e-21
   31   66    1.352534e-29    1.494116e-30
   31   67    1.661995e-19    1.660621e-20
   31   68    4.141453e-20    4.138029e-21
   31   69    1.594879e-07   -7.579357e-19
   31   70    5.105689e-17    7.769055e-19
   31   71    1.407639e-07   -5.885555e-19
   31   72    3.857704e-17    5.870063e-19
   31   73    9.534980e-27    2.760522e-28
   32   69    1.300742e-27    1.299668e-28
   32   70    2.286684e-07   -6.610563e-19
   32   71    4.347609e-17    6.621672e-19
   32   72    2.362112e-07   -4.739414e-19
   32   73    4.522465e-08    2.542356e-19
   32   74    1.757502e-07   -1.014322e-19
   32   75    2.095417e-17    3.188485e-19
   32   76    1.249214e-11   -6.749923e-24
   32   77    4.380045e-22    6.664881e-24
   33   71    1.170431e-20    1.169463e-21
   33   72    3.142598e-30    4.153979e-31
   33   73    1.617729e-20    1.616392e-21
   33   74    2.186892e-21    2.185085e-22
   33   75    2.000848e-08   -3.831335e-19
   33   76    2.525769e-17    3.843329e-19
   33   77    8.625894e-25    8.484177e-26
   34   74    1.487117e-24    2.626344e-33
   34   75    3.172095e-23    3.169473e-24
   34   76    4.988957e-08   -2.013027e-19
   34   77    1.818953e-08    4.632542e-20
   34   78    7.041447e-08   -2.296253e-20
   34   79    1.167938e-17    1.777189e-19
   34   80    4.239297e-09   -6.225361e-21
   34   81    4.085959e-19    6.217387e-21
   34   82    3.172076e-12   -2.013425e-24
   34   83    1.320019e-22    2.008602e-24
   35   77    1.082142e-21    1.081247e-22
   35   78    4.085663e-22    4.082276e-23
   35   79    8.345310e-09   -1.767933e-19
   35   80    1.162751e-17    1.769296e-19
   35   81    7.274689e-09   -7.686410e-20
   35   82    5.051448e-18    7.686520e-20
   35   83    1.291535e-26    1.126005e-27
   36   79    1.283266e-26    1.282205e-27
   36   80    2.125901e-08   -1.531211e-19
   36   81    1.006268e-17    1.531212e-19
   36   82    5.111923e-08   -2.033342e-19
   36   83    1.566929e-08    6.868908e-20
   36   84    5.823898e-08    1.512748e-20
   36   85    7.850009e-18    1.194494e-19
   36   86    4.641503e-10   -1.208718e-22
   36   87    7.930069e-21    1.206676e-22
   37   81    1.112092e-22    1.111173e-23
   37   83    3.090196e-22    3.087641e-23
   37   84    8.530667e-23    8.523615e-24
   37   85    8.462411e-09   -1.171106e-19
   37   86    7.698294e-18    1.171409e-19
   37   87    5.853056e-11   -8.384251e-23
   37   88    5.518345e-21    8.396971e-23
   38   84    2.620158e-24   -3.198741e-35
   38   85    2.027606e-25    2.025930e-26
   38   86    1.977583e-08   -1.359620e-19
   38   87    1.264904e-08    7.318894e-21
   38   88    3.410537e-08    1.113650e-19
   38   89    1.134965e-18    1.727015e-20
   38   90    4.539365e-27    6.974362e-29
   39   87    3.568934e-23    3.565984e-24
   39   88    2.391229e-23    2.389252e-24
   39   89    5.047083e-09   -1.345906e-20
   39   90    8.848445e-19    1.346421e-20
   39   91    2.147567e-28    6.240254e-30
   40   90    2.223165e-09   -3.556877e-21
   40   91    5.705716e-10    1.184419e-21
   40   92    6.513631e-10    9.894114e-22
   40   93    1.936305e-10    4.158909e-22
   40   94    4.140053e-10    1.060342e-22
   40   95    5.660641e-20    8.613497e-22
   40   96    7.701181e-13   -3.706763e-25
   40   97    2.383794e-23    3.627292e-25
   41   91    1.197468e-24    1.196478e-25
   41   92    2.741075e-25    2.738809e-26
   41   93    7.196599e-14   -8.900875e-25
   41   94    6.070390e-23    9.250867e-25
   41   95    1.258736e-25    1.257696e-26
   41   96    6.077731e-26    7.923586e-27
   41   97    4.656669e-29    4.653086e-30
   42   92    3.795087e-17   -1.559603e-28
   42   93    1.025313e-26    1.563407e-28
   42   94    1.277137e-13   -5.825454e-25
   42   95    3.569934e-11   -4.505873e-22
   42   96    8.222236e-11    6.422282e-23
   42   97    2.578413e-11    8.894453e-23
   42   98    7.544014e-11    8.209768e-23
   42   99    1.418681e-20    2.158731e-22
   42  100    1.700721e-15   -3.173587e-27
   42  101    2.119109e-25    3.224534e-27
   43   95    1.906280e-29    1.904704e-30
   43   96    4.691736e-27    4.687857e-28
   43   97    9.443745e-27    9.435938e-28
   43   98    7.799645e-28    7.793197e-29
   43   99    2.728429e-13   -4.944403e-24
   43  100    3.249765e-22    4.944905e-24
   44   96    3.532748e-26    0.000000e+00
   44   98    6.625258e-24   -5.318230e-35
   44   99    8.074130e-12   -1.647931e-22
   44  100    3.391438e-11   -5.728226e-23
   44  101    7.022779e-12    9.975281e-23
   44  102    1.441788e-14    1.222428e-22
   44  103    4.332964e-24    6.593242e-26
   44  104    5.222750e-27    7.203915e-28
   45  100    1.447794e-28    1.446597e-29
   45  101    5.813441e-28    5.808635e-29
   45  102    5.546981e-29    5.542395e-30
   45  103    7.469186e-12   -1.875244e-22
   45  104    1.232379e-20    1.875233e-22
   45  105    1.948538e-29    5.640777e-31
   46  103    3.195422e-29    3.192780e-30
   46  104    2.116282e-11   -2.089407e-22
   46  105    4.944953e-12    5.618043e-23
   46  106    2.265111e-11   -1.030745e-23
   46  107    1.071642e-20    1.630661e-22
   46  108    2.501060e-11   -1.280482e-22
   46  109    8.415019e-21    1.280469e-22
   46  110    1.000424e-14   -3.322367e-26
   46  111    2.271659e-24    3.456662e-26
   47  105    9.301941e-29    9.294251e-30
   47  106    2.100764e-29    2.099027e-30
   47  107    4.291539e-12   -1.500485e-22
   47  108    9.860915e-21    1.500480e-22
   47  109    6.599128e-12   -2.032740e-22
   47  110    1.335879e-20    2.032712e-22
   47  111    2.460776e-29    7.186533e-31
   48  108    3.603379e-13   -4.532681e-24
   48  109    2.978896e-22    4.532828e-24
   48  110    1.909901e-11   -1.941193e-22
   48  111    4.587530e-12    6.412508e-23
   48  112    2.054442e-11   -2.350033e-23
   48  113    1.008752e-20    1.534964e-22
   48  114    3.413728e-11   -1.636331e-22
   48  115    1.075379e-20    1.636347e-22
   48  116    2.673547e-15   -8.248724e-27
   48  117    5.421134e-25    8.249052e-27
   49  111    2.579453e-29    2.577320e-30
   49  112    6.102238e-30    6.097194e-31
   49  113    6.099931e-12   -2.736312e-22
   49  114    1.798254e-20    2.736296e-22
   49  115    1.043894e-28    7.521829e-30
   50  112    1.518501e-24   -1.983812e-35
   50  114    1.053078e-13   -9.213895e-25
   50  115    5.384892e-12   -9.751280e-23
   50  116    3.958575e-11   -1.164386e-22
   50  117    8.542083e-12    9.714202e-23
   50  118    4.908861e-11   -4.334943e-23
   50  119    1.176970e-11    3.845905e-23
   50  120    6.577789e-11   -8.181333e-24
   50  121    8.596275e-21    1.308050e-22
   50  122    5.075922e-13   -6.212942e-25
   50  123    4.083242e-23    6.213252e-25
   50  124    5.881526e-14   -3.953140e-26
   50  125    2.597770e-24    3.952889e-26
   51  116    2.088270e-30    2.086544e-31
   51  117    1.467330e-29    1.466117e-30
   51  118    3.550777e-30    3.547842e-31
   51  119    2.128769e-29    2.127009e-30
   51  120    3.742157e-30    3.739064e-31
   51  121    3.464279e-12   -7.987382e-23
   51  122    5.249167e-21    7.987378e-23
   51  123    8.946882e-14   -1.469074e-24
   51  124    9.654520e-23    1.469077e-24
   52  120    1.000424e-30    0.000000e+00
   52  122    9.020217e-12   -1.103785e-22
   52  123    3.001272e-12    2.128900e-23
   52  124    1.532908e-11   -2.053088e-23
   52  125    5.674406e-12    8.842108e-24
   52  126    2.620158e-11   -3.137470e-24
   52  127    6.829005e-21    1.039133e-22
   52  128    5.697728e-13   -1.013276e-24
   52  129    6.659279e-23    1.013307e-24
   52  130    1.846937e-12   -1.470588e-24
   52  131    9.663413e-23    1.470430e-24
   53  123    1.779483e-30    1.778012e-31
   53  125    4.762651e-30    4.758714e-31
   53  127    3.615706e-12   -8.151728e-23
   53  128    5.357165e-21    8.151711e-23
   53  129    5.451610e-30    1.958465e-31
   53  131    1.222018e-30    1.660046e-31
   54  126    1.587975e-27    0.000000e+00
   54  128    9.378976e-12   -1.096305e-22
   54  129    4.878037e-12   -3.025995e-24
   54  130    1.462158e-11    2.638254e-23
   54  131    6.636401e-12   -8.918849e-24
   54  132    4.009275e-11   -5.253889e-24
   54  133    6.601205e-21    1.004470e-22
   54  134    1.269195e-13   -1.465893e-25
   54  135    9.633814e-24    1.465926e-25
   54  136    8.091666e-12   -4.507488e-25
   54  137    2.957242e-23    4.499876e-25
   55  131    2.221578e-30    2.219741e-31
   55  133    4.580889e-12   -8.816663e-23
   55  134    5.794174e-21    8.816687e-23
   55  135    4.836750e-30    1.412837e-31
   55  136    1.060163e-30    1.052660e-31
   55  137    2.344290e-30    3.222409e-31
   56  132    1.667374e-27    0.000000e+00
   56  134    1.045219e-11   -9.156825e-23
   56  135    5.105868e-12    2.240012e-24
   56  136    3.449992e-11   -3.632486e-23
   56  137    4.228070e-11   -2.948770e-23
   56  138    3.979948e-10    7.103414e-23
   56  139    5.526656e-21    8.409619e-23
   57  137    1.655652e-30    1.654283e-31
   57  138    1.022160e-29    1.679136e-31
   57  139    3.735397e-11   -7.532513e-23
   57  140    4.950147e-21    7.532375e-23
   58  138    2.102341e-25   -2.245056e-36
   58  139    1.383910e-28    2.145443e-30
   58  140    9.289652e-11   -7.502787e-23
   58  141    4.930868e-21    7.503039e-23
   58  142    9.158812e-14   -1.267857e-25
   58  143    8.345072e-24    1.269825e-25
   59  141    7.804727e-12   -5.956185e-23
   59  142    3.914256e-21    5.956115e-23
   59  143    2.444422e-30    7.091691e-32
   60  142    1.831762e-11   -5.576361e-23
   60  143    3.281111e-12    8.476986e-24
   60  144    6.940442e-12    1.697174e-23
   60  145    1.586880e-12    8.780312e-24
   60  146    4.721180e-12    2.231126e-24
   60  147    1.268244e-21    1.929820e-23
   60  148    1.554713e-15   -5.337433e-27
   60  149    3.507740e-25    5.337542e-27
   60  150    2.527738e-21   -9.142149e-33
   61  148    2.719888e-28    4.138711e-30
   62  144    3.536221e-20   -3.012215e-31
   62  145    1.979574e-29    3.012212e-31
   62  147    7.486167e-13   -3.290022e-23
   62  148    2.697089e-12    2.246878e-24
   62  149    4.961835e-13    1.495054e-23
   62  150    1.600679e-12   -7.068194e-25
   62  151    1.078211e-21    1.640657e-23
   62  152    2.626113e-13   -2.964703e-24
   62  153    1.948359e-22    2.964714e-24
   62  154    1.429177e-15   -1.129925e-26
   62  155    7.425720e-25    1.129932e-26
   63  151    1.722585e-13   -1.158227e-23
   63  152    7.611658e-22    1.158226e-23
   63  153    2.282013e-13   -1.169917e-23
   63  154    7.688494e-22    1.169917e-23
   63  155    2.398422e-30    7.052099e-32
   64  152    5.982799e-13   -1.524519e-23
   64  153    1.001887e-21    1.524519e-23
   64  154    7.795513e-13   -2.045818e-23
   64  155    2.575285e-13    4.943293e-24
   64  156    1.090206e-12   -7.446241e-24
   64  157    4.772724e-13    7.629105e-24
   64  158    2.906295e-12   -1.635863e-23
   64  159    2.082648e-21    3.169055e-23
   64  160    8.753711e-17   -6.499844e-28
   64  161    4.271794e-26    6.500162e-28
   65  159    3.705974e-13   -1.553725e-23
   65  160    1.021080e-21    1.553723e-23
   65  161    2.403321e-30    6.958014e-32
   66  156    1.026076e-30    0.000000e+00
   66  158    8.864517e-14   -3.956750e-24
   66  159    2.600310e-22    3.956753e-24
   66  160    8.753711e-13   -2.350629e-23
   66  161    3.287108e-13    9.734973e-24
   66  162    1.358601e-12   -1.096580e-23
   66  163    2.448891e-13    1.770330e-23
   66  164    6.033045e-13    2.546973e-24
   66  165    2.948701e-22    4.486882e-24
   67  165    4.844478e-13   -1.809357e-23
   67  166    1.189078e-21    1.809357e-23
   67  167    3.862557e-30    1.118275e-31
   68  164    6.710162e-13   -2.532332e-23
   68  165    1.664203e-21    2.532329e-23
   68  166    1.024531e-12   -2.082169e-23
   68  167    4.067593e-13    5.467197e-24
   68  168    1.667374e-12   -2.767299e-24
   68  169    1.190924e-21    1.812165e-23
   68  170    3.289630e-15   -2.110400e-26
   68  171    1.386946e-24    2.110441e-26
   69  169    5.321783e-13   -1.719247e-23
   69  170    1.129861e-21    1.719250e-23
   69  171    1.768539e-30    5.130213e-32
   69  172    2.446322e-30    3.722439e-32
   70  168    1.012334e-30    0.000000e+00
   70  170    8.238787e-13   -2.309684e-23
   70  171    4.206462e-13    8.944597e-24
   70  172    1.395941e-12   -8.265748e-24
   70  173    6.939358e-13    4.570597e-24
   70  174    3.156511e-12   -3.811978e-24
   70  175    1.423430e-21    2.165957e-23
   70  176    1.591584e-15   -6.897997e-27
   70  177    4.533517e-25    6.898412e-27
   71  175    4.567651e-13   -1.610326e-23
   71  176    8.526352e-16    1.605875e-23
   71  177    2.928497e-24    4.456140e-26
   72  176    1.193688e-12   -2.620179e-23
   72  177    3.950827e-13    1.046618e-23
   72  178    1.686108e-12   -8.053702e-24
   72  179    4.800918e-13    9.612138e-24
   72  180    2.773398e-12   -5.150492e-24
   72  181    1.286512e-21    1.957617e-23
   73  180    3.440347e-15   -5.142683e-25
   73  181    7.185367e-13   -1.875707e-23
   73  182    1.247465e-21    1.898201e-23
   73  183    1.502856e-30    4.351018e-32
   74  180    5.385616e-14   -1.572995e-24
   74  181    1.060365e-22    1.613501e-24
   74  182    1.813956e-12   -2.923425e-23
   74  183    9.293557e-13    8.630870e-24
   74  184    2.060656e-12    5.145645e-25
   74  185    1.320188e-21    2.008860e-23
   74  186    8.067936e-14   -4.314627e-25
   74  187    2.835462e-23    4.314572e-25
   75  185    3.076980e-13   -1.207717e-23
   75  186    7.936919e-22    1.207719e-23
   75  187    6.954820e-15   -1.802011e-25
   75  188    1.184250e-23    1.802010e-25
   76  186    1.075725e-12   -2.739753e-23
   76  187    5.077019e-13    8.415391e-24
   76  188    1.117495e-12    3.364460e-24
   76  189    3.858779e-13    3.081783e-24
   76  190    1.474309e-12    4.244955e-25
   76  191    7.959482e-22    1.211152e-23
   76  192    3.121115e-14   -1.335889e-25
   76  193    8.779102e-24    1.335869e-25
   77  191    3.294590e-13   -1.205879e-23
   77  192    7.924816e-22    1.205877e-23
   77  193    3.208614e-13   -7.662982e-24
   77  194    5.035973e-22    7.662973e-24
   78  190    1.000424e-30    0.000000e+00
   78  192    1.094214e-12   -2.685126e-23
   78  193    1.764620e-21    2.685129e-23
   78  194    1.340775e-12   -1.716056e-23
   78  195    3.996566e-13    1.039019e-23
   78  196    2.342830e-12   -7.973326e-24
   78  197    9.689256e-22    1.474363e-23
   78  198    4.390750e-15   -1.061649e-26
   78  199    6.976879e-25    1.061635e-26
   79  197    7.109613e-13   -1.198059e-23
   79  198    7.873453e-22    1.198062e-23
   80  196    1.378135e-17   -2.387830e-28
   80  197    1.569242e-26    2.387832e-28
   80  198    2.319165e-12   -2.026027e-23
   80  199    1.055724e-12    9.212280e-24
   80  200    3.396440e-12   -2.423785e-24
   80  201    1.493170e-12    9.208847e-24
   80  202    5.447854e-12   -5.450991e-24
   80  203    6.383867e-22    9.713991e-24
   80  204    8.827272e-14   -4.772293e-26
   80  205    3.136061e-24    4.771975e-26
   81  203    3.296964e-12   -1.388961e-23
   81  204    9.128081e-22    1.388972e-23
   81  205    2.532781e-13   -3.847622e-25
   81  206    2.528503e-23    3.847487e-25
   82  204    4.899136e-12   -1.317511e-23
   82  205    9.272223e-12   -8.850186e-24
   82  206    4.705878e-11   -2.559090e-23
   82  207    6.282857e-11    2.212708e-23
   82  208    1.298627e-10    2.313521e-23
   82  209    1.545428e-22    2.351596e-24
   83  209    3.106580e-12   -7.649805e-25
   83  210    5.027512e-23    7.650097e-25
    0    1    1.541550e-18   -8.373776e-25
    1    1    3.154092e-12   -2.287660e-13
    2    4    2.068375e-08   -3.372145e-15
