2.0479e+00
4.5582e-02
1.1694e+00
4.8732e+04
    1    3    1.717671e-24   -3.508752e-32
    2    3    1.084158e-23    2.779567e-31
    3    6    4.351083e-26   -4.907505e-32
    4   10    8.596451e-27   -6.227885e-33
    5   10    1.137758e-24   -5.168537e-30
    5   11    2.652498e-17   -2.835778e-22
    6   11    2.089173e-21   -5.492480e-26
    6   12    7.720502e-04   -2.917306e-12
    6   13    2.582647e-10   -2.863137e-16
    6   14    2.369849e-12   -1.217920e-21
    7   13    4.581784e-17   -1.142753e-18
    7   14    1.186232e-10    4.187486e-18
    7   15    8.160126e-11   -1.621383e-17
    7   16    4.374843e-26   -3.725109e-27
    7   17    1.517256e-27   -1.149552e-29
    8   14    1.872802e-20   -8.371157e-24
    8   15    1.854845e-14   -4.795138e-18
    8   16    4.583539e-02   -1.179390e-12
    8   17    3.523122e-10    1.992540e-15
    8   18    1.767987e-10   -3.187622e-17
    8   19    4.381216e-19   -5.132632e-22
    8   20    3.603743e-24   -8.434261e-27
    9   17    1.281833e-20   -1.703570e-21
    9   18    5.150916e-13   -2.387287e-18
    9   19    2.578067e-11   -5.970014e-20
    9   20    1.261536e-15   -3.590780e-18
    9   21    1.378699e-20   -1.047099e-22
    9   22    2.260578e-28   -1.688465e-30
   10   18    3.634869e-25   -6.877221e-27
   10   19    2.091361e-18   -3.837742e-21
   10   20    8.350933e-03    2.276568e-12
   10   21    2.816311e-05   -3.973963e-14
   10   22    3.506445e-06   -5.930669e-15
   10   23    1.422631e-11   -1.208266e-14
   10   24    6.299974e-18   -9.805265e-22
   10   25    8.255922e-27   -4.331696e-28
   11   20    1.301218e-30   -1.076807e-32
   11   21    1.181499e-13    1.754331e-16
   11   22    2.516801e-08    8.673153e-15
   11   23    1.425091e-04    7.740626e-11
   11   24    9.532344e-09   -5.440563e-15
   11   25    2.505569e-13   -1.339397e-16
   11   26    5.619873e-19   -1.659417e-20
   11   27    4.269214e-25   -4.481197e-26
   12   22    1.105716e-16   -9.003800e-19
   12   23    2.761805e-08   -7.720807e-11
   12   24    2.017044e-03    1.866567e-13
   12   25    4.438814e-04   -6.361367e-14
   12   26    2.623148e-04    6.072869e-09
   12   27    3.771202e-09   -2.100987e-13
   12   28    8.918621e-14   -3.423925e-20
   12   29    5.961120e-24   -1.399692e-25
   12   30    3.490443e-29   -3.292002e-30
   13   24    7.780611e-22   -2.610200e-23
   13   25    8.694077e-15   -4.912912e-18
   13   26    1.380920e-04   -6.072904e-09
   13   27    2.015619e-04    2.779706e-10
   13   28    1.027039e-07   -2.421536e-11
   13   29    8.743420e-11   -7.011313e-15
   13   30    7.803061e-16   -6.810335e-18
   13   31    3.441819e-21   -1.688563e-22
   14   25    2.577946e-30   -3.676732e-31
   14   26    1.010596e-16   -1.431824e-18
   14   27    3.647358e-08   -2.776707e-10
   14   28    2.366807e-04    2.424725e-11
   14   29    6.568462e-05    5.907723e-15
   14   30    2.859310e-05    4.553485e-11
   14   31    4.378400e-10   -1.456079e-15
   14   32    3.527386e-14    8.130251e-22
   14   33    2.724409e-21   -1.408211e-23
   14   34    1.860209e-26   -2.121760e-28
   15   28    4.400281e-21   -1.198393e-22
   15   29    2.393584e-14   -9.373086e-17
   15   30    2.161919e-07   -4.553155e-11
   15   31    2.122127e-06    2.355840e-12
   15   32    2.675070e-10   -2.878651e-18
   15   33    6.906115e-12   -6.065232e-20
   15   34    2.108326e-16   -5.371845e-19
   15   35    5.028305e-21   -3.358428e-24
   16   29    4.587477e-30   -7.447531e-31
   16   30    2.515414e-17   -6.735074e-19
   16   31    1.912643e-10   -2.351337e-12
   16   32    1.185612e-06    1.666620e-16
   16   33    2.248172e-08    1.477155e-17
   16   34    2.748997e-07    7.252488e-15
   16   35    1.123093e-11    6.740999e-20
   16   36    7.884046e-15    2.626933e-22
   16   37    3.191687e-22   -3.277805e-26
   16   38    6.486465e-27   -1.993913e-32
   17   32    3.065454e-25   -2.097201e-26
   17   33    3.509961e-18   -2.679870e-21
   17   34    3.514480e-13   -7.257337e-15
   17   35    1.033880e-08    1.539273e-17
   17   36    2.348496e-12    4.810344e-20
   17   37    9.586535e-15    2.859113e-21
   17   38    1.661977e-19   -2.347674e-24
   17   39    1.307229e-23   -1.217028e-28
   17   40    2.121805e-28   -8.274438e-32
   18   34    6.435864e-22   -2.406384e-23
   18   35    4.246945e-17   -7.538178e-19
   18   36    8.473097e-10    1.582540e-19
   18   37    2.672578e-13    1.458519e-21
   18   38    2.676967e-10    3.029032e-22
   18   39    2.411680e-14    4.660409e-22
   18   40    8.272767e-15    3.524493e-23
   18   41    4.202047e-19   -2.002979e-24
   18   42    1.678638e-23    1.099197e-30
   18   43    2.870593e-28   -2.814512e-32
   19   37    3.918986e-23   -1.261488e-24
   19   38    2.560652e-18   -1.759585e-22
   19   39    3.823059e-12    5.972103e-21
   19   40    1.295134e-15    2.609225e-23
   19   41    1.153609e-16    5.459735e-24
   19   42    8.930587e-20   -6.198247e-26
   19   43    2.423242e-17   -9.535611e-24
   19   44    4.179470e-21   -9.912694e-26
   19   45    6.720011e-25   -1.979717e-29
   19   46    2.078624e-29   -6.253530e-33
   19   47    1.475306e-29   -2.663549e-32
   20   38    7.346617e-27   -5.275347e-28
   20   39    2.470207e-23   -9.074907e-25
   20   40    2.904224e-14    3.310936e-23
   20   41    2.384378e-17    4.656144e-25
   20   42    4.761031e-08   -8.360149e-19
   20   43    1.463487e-08    1.587191e-17
   20   44    7.046724e-08    6.775933e-18
   20   45    1.710463e-11    3.120627e-19
   20   46    2.019638e-10    4.107414e-20
   20   47    2.265175e-14   -1.337795e-21
   20   48    2.290495e-09   -5.641372e-20
   20   49    2.163517e-14   -1.305822e-18
   20   50    3.856015e-19   -8.764635e-22
   20   51    9.074853e-27   -2.902293e-29
   21   41    1.259910e-30   -1.166786e-31
   21   42    5.419891e-24   -2.514382e-25
   21   43    7.083752e-12   -1.558384e-17
   21   44    3.383526e-12   -7.313674e-18
   21   45    6.676094e-09    5.283600e-19
   21   46    9.980495e-12    1.281323e-19
   21   47    7.472072e-14   -3.895185e-21
   21   48    1.729619e-12   -3.119261e-19
   21   49    3.916229e-13   -2.281269e-18
   21   50    1.169376e-17   -2.745187e-21
   21   51    2.636463e-22   -6.717139e-25
   21   52    6.963736e-28   -2.685282e-30
   22   43    8.719866e-29   -5.412579e-30
   22   44    2.856339e-16    1.393600e-23
   22   45    4.720523e-15   -1.341927e-20
   22   46    2.018677e-08   -3.079957e-19
   22   47    7.860028e-09    2.005114e-17
   22   48    1.436117e-08    3.627716e-19
   22   49    1.732883e-08    3.541838e-18
   22   50    5.602253e-08   -6.137680e-20
   22   51    6.140419e-12   -5.605852e-16
   22   52    3.651809e-16   -1.131002e-19
   22   53    6.776439e-21   -6.546874e-24
   22   54    6.358804e-26   -1.339357e-27
   23   45    4.301398e-30   -2.859984e-31
   23   46    3.484965e-21   -2.602969e-22
   23   47    1.237396e-12   -1.990104e-17
   23   48    6.732933e-13    5.690494e-21
   23   49    3.281601e-12    4.277270e-20
   23   50    1.216943e-12    4.452814e-20
   23   51    4.904643e-09    5.607564e-16
   23   52    4.640532e-12   -6.514151e-16
   23   53    6.978904e-16   -2.380772e-19
   23   54    3.036889e-20   -1.926346e-23
   23   55    2.510820e-24   -1.212954e-26
   24   47    3.562866e-26   -2.251344e-27
   24   48    7.520451e-18   -2.288200e-24
   24   49    2.083320e-17   -2.582170e-22
   24   50    9.375883e-13   -1.582791e-23
   24   51    3.222607e-13   -3.188077e-21
   24   52    5.577009e-08    6.512167e-16
   24   53    1.074916e-08    3.478112e-19
   24   54    1.368809e-07   -5.180401e-19
   24   55    3.224178e-11   -4.850189e-15
   24   56    3.531726e-15   -3.132735e-19
   24   57    6.434395e-20   -9.633971e-23
   24   58    2.528029e-24   -1.141019e-26
   25   49    4.555431e-30   -2.577784e-31
   25   50    1.659488e-24   -1.852655e-25
   25   51    1.810051e-17   -2.059777e-22
   25   52    5.659151e-18   -1.377272e-25
   25   53    2.065457e-12    3.711425e-20
   25   54    1.600974e-12    6.317154e-21
   25   55    3.453558e-08    4.850319e-15
   25   56    2.893890e-11   -9.758729e-17
   25   57    9.704485e-15   -3.589667e-18
   25   58    6.787580e-19   -7.148354e-21
   25   59    1.392948e-22   -9.588124e-25
   25   60    2.983751e-28   -3.366762e-29
   26   51    3.827860e-30   -3.965244e-31
   26   52    2.469846e-23   -2.429215e-29
   26   53    8.052959e-23   -4.977332e-27
   26   54    4.442234e-09   -7.677063e-20
   26   55    6.573063e-12    1.076383e-19
   26   56    1.766055e-06    8.417665e-17
   26   57    9.982025e-07   -7.397986e-18
   26   58    5.173232e-06   -2.274707e-17
   26   59    2.392852e-09    2.553695e-17
   26   60    5.311832e-13    2.460804e-20
   26   61    2.254061e-17   -1.982114e-21
   26   62    1.577638e-21   -7.328957e-25
   26   63    2.039362e-27   -1.056051e-29
   27   55    2.747542e-14   -1.320831e-20
   27   56    5.948488e-17    1.672636e-24
   27   57    4.321602e-11    3.244688e-19
   27   58    1.722193e-11    2.264936e-19
   27   59    2.033946e-06    6.865202e-19
   27   60    9.255180e-10    2.065732e-17
   27   61    7.654889e-13   -4.033729e-18
   27   62    1.770489e-16   -6.214250e-20
   27   63    6.651954e-20   -7.669739e-23
   27   64    4.181805e-25   -4.404053e-26
   27   65    5.107481e-28   -1.391116e-29
   28   56    9.245028e-21    1.899870e-29
   28   57    5.704922e-21   -1.407940e-27
   28   58    6.183633e-10   -1.553393e-20
   28   59    1.292888e-11    3.572739e-20
   28   60    2.664805e-06   -5.606130e-17
   28   61    1.016213e-06    5.532692e-17
   28   62    2.260091e-06    6.113973e-16
   28   63    8.992494e-10    1.667427e-17
   28   64    1.389247e-06    1.203061e-15
   28   65    3.855387e-10   -1.336788e-15
   28   66    7.803155e-14   -9.075108e-21
   28   67    2.911521e-18   -4.380220e-21
   28   68    1.605361e-22   -1.748877e-25
   28   69    5.637813e-29   -1.589543e-31
   29   59    3.345396e-17   -1.295031e-20
   29   60    2.945928e-17   -6.547234e-22
   29   61    1.382553e-11   -3.623585e-17
   29   62    1.076960e-11   -5.865412e-16
   29   63    8.689508e-07   -5.321463e-17
   29   64    2.847731e-09   -1.915728e-15
   29   65    1.074343e-06    1.320137e-15
   29   66    1.503743e-09   -1.547297e-13
   29   67    2.405041e-12   -2.351048e-19
   29   68    6.938244e-16   -7.093815e-19
   29   69    3.770168e-19   -6.963658e-23
   29   70    5.094947e-24   -3.614082e-27
   29   71    1.946191e-27   -3.169393e-30
   30   60    3.241356e-23   -7.161254e-27
   30   61    3.316433e-23   -1.175889e-26
   30   62    3.410861e-17   -3.185832e-23
   30   63    3.524881e-16   -4.820820e-21
   30   64    8.407746e-07    7.253425e-16
   30   65    1.764991e-09    1.103119e-16
   30   66    1.300474e-06    1.547261e-13
   30   67    2.842565e-07    1.146946e-17
   30   68    1.322835e-06    2.466962e-17
   30   69    8.051834e-10   -7.511892e-15
   30   70    1.335876e-10    7.152346e-17
   30   71    7.166494e-14   -1.540117e-17
   30   72    3.961057e-17   -5.944916e-24
   30   73    2.413150e-21   -3.244164e-24
   30   74    3.423701e-25   -1.131241e-28
   31   63    4.078541e-27   -3.062199e-30
   31   64    2.328864e-22   -4.655840e-26
   31   65    2.325737e-12   -8.054156e-17
   31   66    8.826723e-15   -7.956323e-21
   31   67    1.298455e-11   -1.360231e-18
   31   68    2.237520e-12   -1.738892e-17
   31   69    1.587987e-07    7.512862e-15
   31   70    7.008507e-10   -1.742202e-14
   31   71    1.402933e-07    2.619158e-17
   31   72    4.702291e-10   -2.829118e-16
   31   73    1.188764e-12   -2.090350e-18
   31   74    4.809648e-16   -3.117134e-20
   31   75    2.696616e-19   -6.759477e-23
   31   76    1.191692e-23   -1.154790e-26
   31   77    4.480325e-27   -1.072331e-29
   32   65    1.377710e-28   -1.408655e-31
   32   66    3.625915e-18   -1.402083e-23
   32   67    2.004475e-20   -5.598921e-25
   32   68    5.314935e-17    6.046351e-25
   32   69    1.792524e-14   -4.026742e-21
   32   70    2.280359e-07    1.735254e-14
   32   71    6.332692e-10   -8.557900e-18
   32   72    2.357158e-07    2.818769e-16
   32   73    4.548598e-08    7.861425e-18
   32   74    1.756828e-07   -6.150253e-19
   32   75    3.002801e-10   -1.903325e-15
   32   76    1.267689e-11    9.910895e-17
   32   77    1.243834e-14   -9.404873e-21
   32   78    6.322232e-18   -3.754035e-23
   32   79    4.604164e-22   -7.655910e-25
   32   80    4.775066e-26   -5.113742e-29
   33   67    1.741261e-29   -1.912928e-32
   33   68    5.799826e-28   -1.202193e-31
   33   69    6.832220e-24   -2.359341e-28
   33   70    4.189195e-20   -4.183551e-25
   33   71    1.022218e-12   -1.305113e-19
   33   72    7.967385e-15   -2.442821e-21
   33   73    1.950104e-12    2.606962e-21
   33   74    9.074872e-14   -5.788210e-22
   33   75    1.971673e-08    1.902765e-15
   33   76    2.920929e-10   -1.906570e-16
   33   77    9.466101e-13   -1.532766e-19
   33   78    7.809253e-16   -4.442812e-21
   33   79    1.864101e-18   -1.079441e-22
   33   80    4.578931e-22   -9.516744e-25
   33   81    3.445172e-25   -3.268310e-28
   33   82    1.018469e-29   -1.684442e-32
   34   70    9.134983e-29   -1.168498e-33
   34   71    9.131037e-26   -1.015755e-29
   34   72    1.928694e-18   -6.142369e-26
   34   73    3.060476e-20   -3.710798e-26
   34   74    5.423511e-18    6.330827e-22
   34   75    7.663113e-14   -1.321451e-22
   34   76    4.959739e-08    9.206693e-17
   34   77    1.829767e-08    2.031436e-18
   34   78    7.046185e-08    4.220567e-18
   34   79    1.358280e-10    2.500568e-18
   34   80    4.234575e-09    3.349231e-16
   34   81    5.144577e-12   -1.463365e-16
   34   82    3.176256e-12    1.587098e-17
   34   83    8.205110e-16   -1.932978e-20
   34   84    2.777765e-19   -4.476576e-23
   34   85    4.017436e-26   -3.820395e-29
   35   73    2.103047e-26   -3.251283e-30
   35   74    2.471507e-26   -5.132892e-31
   35   75    5.740554e-23   -3.127162e-28
   35   76    1.413593e-19   -7.551059e-26
   35   77    1.723989e-13   -2.580455e-20
   35   78    3.600607e-14   -2.939226e-18
   35   79    8.208985e-09   -2.697405e-18
   35   80    1.354133e-10   -4.033511e-15
   35   81    7.211546e-09    1.452170e-16
   35   82    6.383620e-11   -3.049988e-17
   35   83    3.209408e-13   -1.139795e-18
   35   84    2.691861e-16   -4.392255e-21
   35   85    3.009554e-19   -5.462093e-23
   35   86    9.405882e-25   -5.374513e-28
   35   87    6.828593e-29   -3.872852e-32
   36   76    1.953362e-26   -1.156685e-32
   36   77    9.688329e-23   -6.864676e-28
   36   78    2.189976e-19    2.939498e-22
   36   79    3.298591e-15   -8.285781e-22
   36   80    2.107330e-08    3.697730e-15
   36   81    1.842695e-10    3.420829e-18
   36   82    5.095680e-08    1.315259e-17
   36   83    1.574199e-08    2.408009e-18
   36   84    5.827409e-08    7.382951e-19
   36   85    5.594776e-11    1.016941e-18
   36   86    4.641602e-10    7.792558e-22
   36   87    3.088939e-14   -2.123157e-19
   36   88    7.542131e-18   -2.310203e-23
   36   89    1.956328e-23   -3.238964e-27
   36   90    2.116564e-27   -2.070281e-30
   37   78    2.658124e-29   -7.919409e-34
   37   79    2.027101e-25   -4.674085e-30
   37   80    2.379452e-21   -2.250828e-24
   37   81    2.733436e-14   -5.225859e-20
   37   82    4.889022e-16   -2.045769e-19
   37   83    8.680670e-14   -1.046223e-22
   37   84    1.023997e-14   -2.855723e-23
   37   85    8.413477e-09   -9.465593e-19
   37   86    4.884588e-11   -1.232131e-20
   37   87    5.866176e-11    2.184655e-19
   37   88    2.993959e-14   -8.834524e-19
   37   89    2.878288e-17   -9.991176e-22
   37   90    3.301617e-21   -6.592266e-25
   37   91    2.071428e-24   -1.120500e-27
   37   92    1.092794e-30   -7.660449e-33
   38   80    3.045930e-29   -1.508524e-34
   38   81    1.616207e-25   -3.810982e-30
   38   82    1.271205e-20   -1.047763e-28
   38   83    9.392477e-22   -2.481472e-28
   38   84    4.883255e-20    4.443263e-24
   38   85    3.050762e-15   -1.705497e-23
   38   86    1.974325e-08    3.478592e-19
   38   87    1.265424e-08    9.137202e-20
   38   88    3.412652e-08    1.287900e-18
   38   89    6.176802e-12    7.284169e-20
   38   90    1.419380e-15    5.273878e-23
   38   91    3.147968e-19   -2.678390e-25
   38   92    8.239670e-23   -2.658573e-28
   38   93    2.309318e-27   -1.628378e-31
   39   83    1.778857e-27   -1.322269e-31
   39   84    1.989749e-28   -2.651457e-33
   39   85    2.355377e-25   -7.713644e-31
   39   86    1.456045e-21   -8.622797e-28
   39   87    1.165986e-14   -1.253894e-21
   39   88    7.538939e-15    7.448866e-25
   39   89    5.044236e-09   -6.739868e-21
   39   90    2.854682e-12   -3.393425e-19
   39   91    8.806979e-15    3.002110e-22
   39   92    9.082399e-18   -2.216545e-23
   39   93    2.201992e-20   -1.743121e-26
   39   94    1.964977e-23   -5.525815e-28
   39   95    1.676715e-26   -8.552300e-31
   40   86    4.641706e-29   -2.468215e-35
   40   87    2.613527e-25   -1.365167e-30
   40   88    2.780899e-21    1.649599e-30
   40   89    3.347389e-18   -3.766423e-25
   40   90    2.221665e-09    3.623750e-19
   40   91    5.710929e-10    1.061748e-20
   40   92    6.521961e-10    4.766732e-21
   40   93    1.933970e-10    5.034299e-21
   40   94    4.139052e-10   -1.995573e-23
   40   95    4.795438e-13    4.987510e-21
   40   96    7.703899e-13    1.515855e-23
   40   97    5.491274e-17   -2.590148e-23
   40   98    2.178652e-20   -2.242090e-23
   40   99    7.447427e-28    1.211647e-31
   41   89    2.175732e-28   -9.390327e-34
   41   90    7.473150e-25   -4.473625e-31
   41   91    4.987833e-16    1.189957e-24
   41   92    7.983321e-17   -5.138197e-20
   41   93    7.164612e-14   -8.085496e-24
   41   94    5.049485e-16    8.628164e-24
   41   95    2.217945e-17    2.739782e-21
   41   96    2.140079e-19   -7.673781e-26
   41   97    7.446772e-21    2.871786e-23
   41   98    4.654473e-22    1.727958e-23
   41   99    5.396784e-26   -1.135776e-28
   42   91    6.021368e-29   -2.047932e-33
   42   92    3.916729e-17    5.138233e-20
   42   93    9.885669e-20    1.666729e-27
   42   94    1.338211e-13   -8.652075e-24
   42   95    3.542853e-11   -5.085332e-21
   42   96    8.235067e-11    3.048936e-23
   42   97    2.565785e-11    6.081716e-23
   42   98    7.556160e-11    8.958883e-22
   42   99    1.405175e-13   -1.456322e-20
   42  100    2.336918e-15    3.031249e-22
   42  101    4.569527e-19   -1.628662e-23
   42  102    1.068012e-21   -4.974306e-26
   42  103    1.060839e-25   -4.963340e-29
   42  104    2.324788e-29   -1.223593e-32
   43   93    3.039019e-24   -9.692123e-30
   43   94    2.744750e-25   -4.916219e-31
   43   95    5.128787e-19   -2.252551e-25
   43   96    1.854684e-18   -1.609950e-25
   43   97    7.357992e-18    1.350294e-26
   43   98    1.486848e-18    2.701648e-27
   43   99    2.671788e-13    1.853211e-20
   43  100    5.332574e-15   -1.086964e-17
   43  101    5.456060e-17   -2.030572e-21
   43  102    5.914678e-20   -3.538684e-22
   43  103    3.118852e-22   -1.817345e-25
   43  104    1.886415e-25   -5.372321e-30
   43  105    2.657838e-28   -1.834498e-32
   44   95    1.865964e-28   -9.976385e-34
   44   96    2.662882e-25    7.690070e-27
   44   97    6.968071e-25   -8.994675e-32
   44   98    7.612268e-16   -6.807574e-26
   44   99    7.959376e-12   -2.348277e-21
   44  100    3.386710e-11    1.086790e-17
   44  101    6.963287e-12    1.665413e-21
   44  102    2.349632e-13    4.647362e-21
   44  103    4.878187e-16    1.311703e-23
   44  104    1.934678e-17    6.956070e-19
   44  105    2.999881e-21   -4.453548e-27
   44  106    3.787898e-24    3.476756e-31
   44  107    7.024482e-28   -9.851383e-32
   45   98    2.040994e-29   -1.233016e-33
   45   99    3.397297e-20   -7.922218e-28
   45  100    1.541365e-19   -6.484346e-26
   45  101    1.226337e-18    8.421011e-28
   45  102    1.473128e-18   -4.037510e-27
   45  103    7.254822e-12   -4.066694e-21
   45  104    2.069559e-13   -1.545756e-16
   45  105    3.471138e-15   -7.050062e-22
   45  106    1.706095e-17   -1.790693e-20
   45  107    1.356075e-19   -3.283929e-24
   45  108    2.609445e-22   -4.907083e-25
   45  109    1.297802e-24   -5.123751e-28
   45  110    6.973881e-28   -7.344228e-30
   46  100    1.283993e-27   -1.264021e-34
   46  101    2.812721e-27   -2.912507e-33
   46  102    1.212867e-23    5.720656e-28
   46  103    2.947126e-19   -6.361885e-27
   46  104    2.098884e-11    1.538805e-16
   46  105    4.912827e-12    3.533329e-22
   46  106    2.270608e-11    1.887485e-20
   46  107    1.507779e-13    2.752654e-21
   46  108    2.488736e-11    8.215220e-19
   46  109    1.268646e-13   -7.868222e-20
   46  110    1.066107e-14    7.624313e-19
   46  111    1.322283e-17   -2.976544e-22
   46  112    7.755604e-20   -2.969790e-26
   46  113    6.740418e-24   -2.286904e-27
   46  114    1.736017e-26   -3.781731e-30
   47  103    2.478660e-28   -1.987828e-33
   47  104    2.601274e-23   -1.980749e-28
   47  105    3.258929e-19   -2.830802e-27
   47  106    3.854152e-19   -8.498895e-24
   47  107    4.156654e-12   -2.464589e-21
   47  108    1.308612e-13   -2.891045e-17
   47  109    6.391696e-12    7.745728e-20
   47  110    1.978708e-13   -2.541305e-16
   47  111    6.332380e-15    2.058956e-22
   47  112    3.853941e-17   -1.051031e-22
   47  113    2.604461e-19   -4.010678e-25
   47  114    1.920947e-22   -1.319324e-24
   47  115    7.246899e-25   -1.900076e-29
   47  116    5.149926e-29   -6.761067e-33
   48  105    2.209958e-29   -2.096961e-34
   48  106    2.243242e-24    8.456153e-26
   48  107    1.469633e-20   -1.985220e-26
   48  108    3.588199e-13    2.808872e-17
   48  109    2.185918e-15    3.641708e-23
   48  110    1.899556e-11    2.533695e-16
   48  111    4.573653e-12    3.902144e-22
   48  112    2.055288e-11    2.933325e-22
   48  113    1.136024e-13    2.079120e-21
   48  114    3.401915e-11    3.280547e-19
   48  115    1.191488e-13   -1.709568e-20
   48  116    3.425480e-15    4.685758e-23
   48  117    4.041752e-18   -1.409776e-23
   48  118    1.680696e-20   -1.751825e-25
   48  119    1.493891e-24   -2.925868e-28
   48  120    2.850003e-27    1.309887e-34
   49  108    4.617128e-27   -4.192741e-32
   49  109    2.100473e-21   -4.425033e-27
   49  110    1.265734e-22   -2.249329e-28
   49  111    1.512889e-19   -1.981272e-26
   49  112    7.157182e-19   -2.518240e-23
   49  113    5.943047e-12   -2.833582e-21
   49  114    1.504352e-13   -6.610264e-17
   49  115    4.727003e-15    1.980081e-20
   49  116    4.979315e-17   -1.115715e-19
   49  117    6.012872e-19    6.965236e-24
   49  118    2.367107e-21   -1.478159e-23
   49  119    1.436848e-23   -2.857758e-27
   49  120    1.660048e-26   -1.702848e-28
   49  121    1.866954e-30   -2.553486e-33
   50  110    4.178907e-30   -8.914916e-36
   50  111    8.637754e-30   -1.287381e-34
   50  112    2.833762e-22    1.107988e-23
   50  113    1.141550e-20   -4.254207e-29
   50  114    1.075985e-13    6.577475e-17
   50  115    5.322495e-12   -1.079673e-21
   50  116    3.955685e-11    1.106775e-19
   50  117    8.546203e-12    3.748615e-22
   50  118    4.923930e-11   -1.167746e-23
   50  119    1.161070e-11    6.871092e-24
   50  120    6.579810e-11    3.792752e-22
   50  121    7.443676e-14   -2.288246e-20
   50  122    5.074833e-13    2.039694e-22
   50  123    2.987052e-16    4.652938e-24
   50  124    5.879982e-14    4.631813e-24
   50  125    1.483572e-17   -2.668026e-25
   50  126    1.082907e-20    3.888824e-28
   50  127    8.822018e-25   -3.634403e-30
   50  128    1.242133e-28    9.946626e-36
   51  114    2.217950e-29   -3.352912e-33
   51  115    3.890250e-22   -6.368848e-27
   51  116    1.281585e-20   -4.271364e-25
   51  117    1.148324e-19   -3.592578e-25
   51  118    2.335849e-20   -3.416584e-24
   51  119    1.988682e-19   -4.587521e-26
   51  120    1.667027e-18   -5.556268e-23
   51  121    3.400791e-12    2.301960e-20
   51  122    6.247291e-14   -7.285370e-21
   51  123    8.966757e-14    2.245794e-23
   51  124    8.082909e-16    5.168174e-24
   51  125    6.376014e-18    8.557900e-25
   51  126    1.674970e-20    5.109406e-28
   51  127    3.878397e-23    3.289687e-30
   51  128    2.098972e-26   -1.812283e-32
   52  116    2.989391e-30   -1.054080e-35
   52  117    1.239593e-29   -1.052681e-34
   52  118    1.460860e-28   -8.750980e-36
   52  119    2.519909e-29   -1.378306e-35
   52  120    2.740840e-22    2.944932e-25
   52  121    2.502587e-19   -4.976151e-27
   52  122    8.955064e-12    6.654948e-21
   52  123    2.945956e-12   -5.745880e-22
   52  124    1.549493e-11    7.276249e-22
   52  125    5.506790e-12   -7.361399e-22
   52  126    2.625821e-11    9.364395e-22
   52  127    6.530653e-14   -6.004365e-20
   52  128    5.691944e-13    1.028686e-19
   52  129    9.236697e-16   -6.965504e-21
   52  130    1.846050e-12   -1.404188e-23
   52  131    8.435230e-16   -1.775126e-20
   52  132    5.755549e-19   -4.442171e-26
   52  133    5.559979e-23   -2.339204e-27
   52  134    4.480725e-27    3.344305e-34
   53  121    8.104275e-28   -3.357065e-33
   53  122    3.341717e-24   -4.843207e-28
   53  123    2.713890e-20   -1.803623e-26
   53  124    4.538946e-21   -3.726600e-28
   53  125    7.851296e-20   -5.112215e-28
   53  126    2.724147e-18   -7.923066e-26
   53  127    3.544170e-12    5.992638e-20
   53  128    7.078415e-14   -1.489669e-18
   53  129    7.108030e-16    7.013690e-21
   53  130    2.794234e-18   -3.815790e-24
   53  131    4.551286e-19    1.776731e-20
   53  132    4.769758e-23    6.550522e-26
   53  133    9.617167e-26    2.342171e-27
   54  124    1.386475e-28    4.651581e-30
   54  125    2.466786e-29   -1.284818e-35
   54  126    8.905110e-22    3.634897e-26
   54  127    1.186348e-18   -1.282360e-26
   54  128    9.322075e-12    1.386588e-18
   54  129    4.802501e-12   -8.085173e-22
   54  130    1.480253e-11    1.069780e-21
   54  131    6.513332e-12   -9.433090e-23
   54  132    4.008797e-11   -1.493384e-22
   54  133    7.919375e-14   -4.070527e-21
   54  134    1.270179e-13    4.792740e-24
   54  135    2.759690e-16   -2.635993e-22
   54  136    8.091466e-12   -1.665670e-24
   54  137    2.340537e-20   -1.556672e-24
   54  138    7.593397e-25   -2.832443e-29
   55  127    8.104259e-27   -1.139261e-32
   55  128    1.699051e-23   -2.440085e-27
   55  129    2.043074e-20   -5.627282e-27
   55  130    3.631176e-21   -6.554336e-26
   55  131    1.389756e-19   -5.316062e-27
   55  132    9.983652e-18   -5.739323e-25
   55  133    4.515663e-12    4.348541e-21
   55  134    6.438371e-14    1.112919e-21
   55  135    8.312081e-16    2.955223e-22
   55  136    1.349886e-18    3.305893e-26
   55  137    2.523311e-21    3.229407e-24
   55  138    4.603212e-28    2.837316e-29
   56  130    2.648423e-26    1.048872e-27
   56  131    1.155872e-28   -3.811024e-36
   56  132    4.432542e-21    1.053239e-26
   56  133    3.560753e-18   -2.800796e-27
   56  134    1.040883e-11   -1.043393e-21
   56  135    5.059290e-12   -4.887975e-22
   56  136    3.463704e-11    3.858474e-22
   56  137    4.213074e-11   -6.715414e-22
   56  138    3.980973e-10    1.105010e-21
   56  139    2.926557e-16   -1.110941e-21
   56  140    3.813342e-19   -6.657969e-27
   56  141    1.006776e-25   -5.722476e-31
   56  142    3.995923e-29   -1.985739e-33
   57  133    1.249141e-26   -2.801179e-32
   57  134    2.241906e-23   -1.830332e-27
   57  135    1.216337e-20   -5.482877e-27
   57  136    2.030833e-21   -1.084031e-25
   57  137    3.672881e-20   -5.082583e-30
   57  138    1.346958e-18    2.288332e-29
   57  139    3.735357e-11    1.333073e-21
   57  140    3.916430e-16    4.383336e-22
   57  141    1.695905e-18   -3.769094e-24
   57  142    6.067886e-24    6.554051e-29
   57  143    1.260242e-26   -4.666038e-31
   58  136    7.133080e-28    2.817853e-29
   58  137    1.587307e-28   -1.549126e-34
   58  138    4.529666e-21   -4.997231e-31
   58  139    1.529168e-17   -4.157259e-26
   58  140    9.290576e-11    1.053195e-21
   58  141    1.117168e-14    4.349849e-22
   58  142    8.964531e-14   -1.090976e-24
   58  143    2.549009e-18    8.742848e-25
   58  144    1.079594e-20    1.236071e-28
   58  145    7.594637e-27   -1.106345e-30
   58  146    1.345823e-29    4.541568e-38
   59  138    1.605091e-30   -5.829066e-34
   59  139    1.714421e-22   -3.408684e-28
   59  140    1.191218e-18   -1.854007e-22
   59  141    7.794879e-12   -2.524403e-22
   59  142    9.774696e-15   -4.111579e-21
   59  143    7.158994e-17    7.899822e-25
   59  144    1.347588e-20   -3.933164e-25
   59  145    1.018421e-22   -1.425107e-28
   59  146    2.337637e-28    1.125132e-32
   60  140    8.564280e-24   -9.337331e-31
   60  141    3.148828e-19   -1.110538e-24
   60  142    1.865870e-11    5.552702e-21
   60  143    2.930770e-12    2.773991e-22
   60  144    8.250291e-12   -1.115613e-21
   60  145    3.654901e-13    2.277968e-22
   60  146    4.631681e-12   -2.165153e-22
   60  147    3.553270e-16    3.128102e-22
   60  148    1.164015e-15    5.765745e-26
   60  149    1.393763e-20    1.285011e-25
   60  150    2.699796e-21    2.048875e-30
   60  151    1.623273e-25   -6.483190e-30
   60  152    1.003319e-27    1.604018e-35
   61  142    9.817473e-26   -7.658821e-29
   61  143    1.520306e-21    3.631777e-28
   61  144    1.235354e-21    3.970506e-28
   61  145    6.510821e-19    1.074258e-25
   61  146    3.070569e-19    2.835431e-26
   61  147    4.846590e-17    1.388533e-23
   61  148    5.313614e-20    1.288686e-25
   61  149    2.320417e-20    6.756591e-26
   61  150    6.458952e-24    1.123454e-28
   61  151    3.489467e-24    5.851285e-30
   61  152    1.555433e-27   -1.978360e-31
   61  153    4.974956e-29   -4.989206e-33
   62  143    2.578748e-29   -1.551939e-33
   62  144    8.696267e-20    3.291325e-29
   62  145    1.941523e-17   -3.497265e-26
   62  146    1.972277e-13   -1.456271e-21
   62  147    5.132293e-13   -8.228082e-22
   62  148    3.178729e-12   -2.712700e-22
   62  149    3.883204e-14    3.831189e-22
   62  150    1.606254e-12   -6.955904e-22
   62  151    2.288499e-15    9.941417e-22
   62  152    2.600863e-13   -1.345758e-22
   62  153    7.791353e-16   -2.752509e-24
   62  154    1.535250e-15    1.306050e-24
   62  155    1.497080e-18   -3.499332e-23
   62  156    7.689918e-21   -7.014515e-27
   62  157    2.316663e-25   -1.460735e-29
   62  158    8.423156e-28   -8.363622e-32
   63  145    5.408856e-29   -3.337345e-36
   63  146    9.186351e-26   -7.519133e-33
   63  147    2.179301e-21   -4.025242e-28
   63  148    1.788628e-20   -6.204245e-28
   63  149    9.741831e-17   -6.123857e-25
   63  150    2.628952e-17   -7.463549e-24
   63  151    1.655041e-13   -4.041277e-21
   63  152    4.258350e-15    4.002232e-21
   63  153    2.218519e-13   -7.324961e-22
   63  154    6.439618e-15    9.218164e-22
   63  155    2.212896e-15    6.626495e-23
   63  156    1.944295e-17    2.444670e-24
   63  157    2.421930e-19   -1.269370e-25
   63  158    6.250614e-23   -6.461310e-28
   63  159    6.666502e-25   -1.926120e-29
   63  160    5.698172e-30   -4.518194e-33
   64  147    3.377912e-30   -7.840038e-37
   64  148    1.417255e-24   -7.404897e-31
   64  149    2.337219e-22   -5.304851e-29
   64  150    8.836768e-18    7.405738e-24
   64  151    5.591482e-17   -5.113111e-25
   64  152    5.595409e-13   -8.288098e-22
   64  153    2.650376e-14    5.266044e-22
   64  154    8.660784e-13   -9.278872e-22
   64  155    1.213727e-13    5.284957e-22
   64  156    1.497621e-12   -6.568373e-22
   64  157    1.205382e-13    1.006135e-21
   64  158    2.909914e-12   -9.747071e-22
   64  159    6.886186e-15   -2.027562e-21
   64  160    1.671499e-16    1.763300e-24
   64  161    2.722873e-20   -3.883577e-24
   64  162    1.360146e-22   -8.522630e-27
   64  163    1.490875e-27   -6.862625e-31
   65  151    3.741980e-28   -6.247560e-34
   65  152    4.761590e-26   -4.315202e-32
   65  153    1.496701e-23   -2.399621e-30
   65  154    1.625551e-24   -6.337604e-31
   65  155    5.975427e-23   -4.185667e-30
   65  156    6.413878e-22   -5.313664e-29
   65  157    4.637427e-17    6.717433e-25
   65  158    2.347803e-16   -4.324491e-25
   65  159    3.587115e-13    1.274763e-21
   65  160    8.452185e-15    1.923908e-21
   65  161    3.141251e-15   -1.160034e-22
   65  162    1.115454e-17   -7.713915e-22
   65  163    1.263171e-19   -3.404387e-24
   65  164    1.325936e-23   -2.297996e-27
   65  165    7.967206e-26   -1.981122e-29
   66  155    1.088704e-26   -9.692543e-33
   66  156    2.297096e-20   -3.969479e-29
   66  157    6.771779e-19   -7.314954e-25
   66  158    8.147959e-14   -1.068843e-22
   66  159    6.987666e-15    8.028810e-23
   66  160    1.032425e-12   -1.669916e-21
   66  161    1.376742e-13    1.547447e-21
   66  162    1.611938e-12    1.166197e-22
   66  163    3.707616e-14    9.122018e-22
   66  164    5.916773e-13    9.690100e-22
   66  165    2.609903e-16   -7.970272e-22
   66  166    2.020724e-18   -1.719233e-25
   66  167    5.101174e-23   -4.165883e-27
   66  168    3.185631e-25   -1.926457e-29
   66  169    1.975758e-30   -1.583539e-33
   67  157    1.434480e-30   -5.994999e-35
   67  158    9.599166e-28   -4.473590e-32
   67  159    9.396410e-25   -1.499595e-29
   67  160    2.941600e-25   -6.031971e-30
   67  161    4.867400e-21   -1.722487e-26
   67  162    2.856238e-20   -1.025593e-24
   67  163    5.832660e-16    1.106497e-22
   67  164    9.768735e-17   -1.768457e-21
   67  165    4.813866e-13    5.208130e-20
   67  166    2.284135e-15    3.264544e-21
   67  167    9.741791e-17   -2.816012e-22
   67  168    3.522575e-20   -6.181865e-24
   67  169    4.243698e-22   -4.735509e-26
   67  170    1.517229e-26   -2.804203e-30
   68  160    5.888006e-27   -1.814621e-33
   68  161    1.665152e-24   -4.539036e-30
   68  162    1.425548e-18    1.783018e-26
   68  163    1.654474e-17   -1.161821e-22
   68  164    6.040567e-13   -4.102943e-22
   68  165    6.506923e-14   -5.406562e-20
   68  166    1.318587e-12   -4.420339e-22
   68  167    1.210375e-13    8.327407e-22
   68  168    1.657079e-12   -4.490934e-22
   68  169    4.337880e-15    9.994123e-22
   68  170    2.783334e-15    4.471931e-24
   68  171    6.811980e-19   -2.029496e-26
   68  172    4.593867e-21   -7.281430e-28
   68  173    5.282112e-26   -1.966356e-29
   69  163    2.449361e-29   -1.186914e-34
   69  164    1.028823e-26   -2.708812e-30
   69  165    3.007490e-23   -8.845457e-30
   69  166    8.347964e-22   -9.540702e-28
   69  167    8.173003e-17   -3.317077e-24
   69  168    6.245755e-16   -3.422163e-24
   69  169    5.013907e-13   -4.543293e-21
   69  170    2.279690e-14    4.499458e-21
   69  171    7.259453e-15    1.243936e-22
   69  172    2.472180e-17    1.995326e-23
   69  173    2.836514e-19   -2.847120e-25
   69  174    6.106636e-23   -5.884608e-27
   69  175    1.091266e-25   -3.751789e-30
   70  166    2.842732e-25   -4.439509e-32
   70  167    5.143146e-23   -1.547674e-27
   70  168    1.543126e-17   -3.574253e-26
   70  169    1.544271e-16   -1.917566e-24
   70  170    9.260376e-13   -9.210198e-22
   70  171    2.766661e-13    3.844322e-22
   70  172    2.037759e-12   -2.254528e-22
   70  173    2.472270e-13    5.131540e-22
   70  174    3.002819e-12   -2.367332e-22
   70  175    1.765041e-15    4.016908e-22
   70  176    8.719210e-17    3.704352e-24
   70  177    1.268315e-20   -4.054523e-26
   70  178    2.658083e-22   -1.889863e-27
   70  179    7.422786e-29    2.373468e-33
   71  169    1.289214e-28   -3.311577e-35
   71  170    7.292523e-26   -1.340415e-32
   71  171    4.194400e-21   -1.920321e-28
   71  172    9.656621e-20   -5.431436e-27
   71  173    7.185694e-16   -1.263758e-24
   71  174    1.965838e-15   -4.809476e-24
   71  175    4.509241e-13   -1.708835e-21
   71  176    3.363894e-15    1.852438e-21
   71  177    6.444757e-16   -1.801007e-23
   71  178    6.374804e-19   -1.159406e-23
   71  179    9.173339e-21   -1.716133e-26
   71  180    1.032837e-24   -9.289291e-29
   71  181    7.737840e-28   -1.158585e-31
   72  171    3.136749e-28   -2.279535e-34
   72  172    1.343755e-22   -2.272664e-31
   72  173    1.342158e-20   -5.007307e-27
   72  174    3.240121e-16    1.719543e-24
   72  175    9.108413e-16   -4.874128e-24
   72  176    1.969881e-12   -3.459178e-21
   72  177    1.194170e-13    2.322911e-21
   72  178    2.566766e-12   -4.586927e-22
   72  179    7.462259e-14    1.429653e-21
   72  180    1.795832e-12    4.339776e-22
   72  181    5.765518e-16    4.057607e-22
   72  182    9.544136e-18    1.965165e-24
   72  183    1.457212e-22    1.165261e-27
   72  184    1.765241e-25   -3.672491e-31
   73  175    4.937681e-25   -4.134763e-31
   73  176    6.254030e-24   -6.604850e-30
   73  177    2.029301e-19   -3.148602e-26
   73  178    3.380695e-20   -1.904933e-24
   73  179    8.488314e-15    9.503215e-23
   73  180    6.781488e-16   -6.673626e-22
   73  181    7.113481e-13   -1.705723e-21
   73  182    1.359760e-15    1.720712e-21
   73  183    1.027625e-16   -3.027819e-24
   73  184    4.499297e-21    2.591415e-26
   73  185    5.379617e-23   -5.709797e-28
   73  186    7.424115e-28   -2.350831e-32
   74  176    5.826568e-26   -2.046497e-31
   74  177    6.295050e-24   -2.513211e-29
   74  178    4.252297e-19   -7.603847e-27
   74  179    1.137892e-17   -1.619595e-22
   74  180    5.160119e-14    5.554770e-23
   74  181    5.938232e-15    2.174216e-23
   74  182    2.880487e-12   -1.237031e-21
   74  183    8.012805e-14    1.152666e-21
   74  184    1.900981e-12   -1.083564e-21
   74  185    1.548922e-15    1.191538e-21
   74  186    1.783530e-14    1.052260e-23
   74  187    1.283127e-18    1.162650e-23
   74  188    2.170962e-20    8.673486e-29
   74  189    1.937391e-26   -2.134211e-31
   75  180    2.454549e-26   -5.311781e-30
   75  181    4.327406e-21   -1.916202e-27
   75  182    1.101507e-19   -1.540142e-26
   75  183    1.433703e-15   -8.871002e-24
   75  184    7.671822e-16   -7.478048e-24
   75  185    3.060050e-13   -1.258028e-20
   75  186    2.597053e-15    1.230478e-20
   75  187    3.845723e-15   -6.298049e-23
   75  188    3.445277e-18    9.269898e-23
   75  189    1.248684e-19   -4.072993e-26
   75  190    9.494581e-24   -1.578582e-27
   75  191    1.526235e-25   -8.194952e-30
   75  192    3.031294e-30   -5.958178e-33
   76  181    2.449987e-29   -1.229924e-34
   76  182    1.720383e-23   -6.935958e-30
   76  183    3.032193e-21   -2.052603e-27
   76  184    1.227358e-16   -9.025481e-26
   76  185    6.863876e-16   -3.247034e-24
   76  186    1.394257e-12   -4.790244e-22
   76  187    1.406053e-13    2.094245e-22
   76  188    1.760943e-12   -1.202775e-21
   76  189    1.016285e-14    1.668958e-21
   76  190    1.274071e-12   -5.616944e-22
   76  191    1.547371e-15    5.725550e-22
   76  192    9.891322e-15    5.721793e-24
   76  193    2.019608e-18    1.030024e-23
   76  194    1.797892e-20    2.003183e-28
   76  195    8.913746e-25   -5.138875e-29
   76  196    2.799325e-27   -4.217282e-32
   77  185    2.157068e-26   -1.320431e-32
   77  186    2.677785e-25   -1.432588e-31
   77  187    8.313029e-21   -6.975409e-27
   77  188    4.375963e-20   -9.351209e-27
   77  189    4.554629e-16   -1.305440e-23
   77  190    2.944832e-16   -1.953169e-23
   77  191    3.896240e-13   -5.904174e-21
   77  192    2.992766e-15    5.784214e-21
   77  193    2.564758e-13   -2.705749e-21
   77  194    4.702864e-16    2.656105e-21
   77  195    7.575365e-18   -2.641500e-23
   77  196    1.603075e-21   -9.720426e-25
   77  197    2.617903e-23   -2.375387e-27
   77  198    1.705326e-27   -6.730152e-30
   78  187    6.334863e-29   -2.541504e-34
   78  188    3.445115e-23   -1.504032e-30
   78  189    1.017169e-21   -8.248150e-28
   78  190    5.516464e-17    1.025413e-23
   78  191    1.622920e-16   -2.108907e-23
   78  192    1.050078e-12   -1.172943e-21
   78  193    3.480645e-14    3.490520e-23
   78  194    1.748005e-12    3.748849e-22
   78  195    4.669834e-14    8.941391e-22
   78  196    2.292252e-12   -2.505626e-22
   78  197    5.428535e-15   -1.982238e-21
   78  198    4.377447e-15    3.721641e-25
   78  199    2.318626e-18   -3.931452e-23
   78  200    5.108413e-21   -3.449249e-27
   78  201    8.341030e-26   -1.750862e-29
   79  191    9.213635e-30   -2.553521e-35
   79  192    1.168681e-26   -2.077107e-32
   79  193    4.719755e-22   -2.354195e-28
   79  194    8.507077e-21   -1.977463e-27
   79  195    1.439022e-16   -3.807518e-25
   79  196    7.000669e-16   -4.218960e-23
   79  197    6.902623e-13    1.928218e-21
   79  198    1.947832e-14   -2.152163e-21
   79  199    3.761463e-16    5.746074e-24
   79  200    5.866519e-19   -6.348912e-24
   79  201    1.943679e-21   -3.923340e-26
   79  202    7.126004e-25   -7.926847e-28
   79  203    8.577351e-28   -4.515808e-31
   80  193    1.800031e-29   -4.155001e-35
   80  194    7.293462e-24   -5.638849e-33
   80  195    4.176209e-22   -3.486202e-28
   80  196    2.373725e-17    2.886415e-24
   80  197    2.283299e-16   -3.134036e-23
   80  198    2.344540e-12    2.357471e-21
   80  199    1.014897e-12    7.133948e-23
   80  200    3.626648e-12   -7.768147e-24
   80  201    1.284709e-12    1.163812e-22
   80  202    5.429966e-12   -8.893807e-24
   80  203    1.157162e-14    1.591579e-22
   80  204    8.804374e-14   -1.769813e-24
   80  205    1.229995e-17   -1.259537e-21
   80  206    3.075137e-21   -1.946339e-25
   81  197    6.803213e-30   -2.107298e-35
   81  198    2.150681e-26   -3.560272e-32
   81  199    1.282623e-23   -1.518326e-29
   81  200    2.084027e-21   -7.016894e-28
   81  201    3.288600e-17   -3.955656e-24
   81  202    2.789265e-15   -8.390640e-23
   81  203    3.286953e-12   -2.874533e-23
   81  204    7.584928e-15    1.449437e-22
   81  205    2.526916e-13    1.258134e-21
   81  206    1.901355e-16   -2.383399e-20
   81  207    6.083559e-20   -6.717620e-24
   81  208    3.102937e-30    1.611938e-32
   82  200    2.008436e-27   -8.202656e-34
   82  201    1.606712e-24   -1.511349e-30
   82  202    4.137682e-19   -4.090646e-29
   82  203    1.621911e-16   -2.742337e-23
   82  204    4.935094e-12   -2.162948e-22
   82  205    9.217203e-12   -2.463092e-22
   82  206    4.735553e-11    2.383275e-20
   82  207    6.256071e-11    1.889461e-22
   82  208    1.298528e-10    2.675671e-22
   82  209    2.241373e-19    1.990829e-23
   82  210    1.012827e-25    3.353046e-31
   83  204    1.928389e-27   -1.509258e-33
   83  205    3.949703e-24   -9.561460e-32
   83  206    8.860489e-22   -5.211681e-29
   83  207    2.288073e-17   -2.969855e-27
   83  208    2.112863e-15   -8.250262e-26
   83  209    3.104444e-12   -2.878976e-24
   83  210    8.779361e-20    3.562657e-24
   83  211    1.414089e-27    1.681926e-32
   84  210    2.533401e-25    6.406074e-27
    0    1    1.883070e-21   -5.527143e-22
    1    1    5.709751e-17   -9.861965e-18
    2    4    7.750008e-13   -1.306629e-13
