3.6234e-01
2.5732e-02
9.5974e-01
4.9338e+04
    1    2    2.176722e-27   -6.553467e-28
    5   11    2.117520e-29    1.389688e-30
    6   11    1.968362e-26    6.973747e-28
    6   12    7.736613e-04   -1.154079e-14
    6   13    6.451709e-14    1.485415e-15
    6   14    3.778577e-19    1.691795e-20
    7   13    1.064414e-13   -1.396284e-14
    7   14    1.320793e-17    6.397073e-19
    7   15    2.300531e-20    1.114392e-21
    8   14    2.087891e-20    1.358971e-22
    8   15    2.417330e-25    1.672008e-26
    8   16    4.583191e-02   -3.805097e-10
    8   17    1.078440e-11    2.505957e-13
    8   18    1.279462e-15    2.971174e-17
    8   19    6.028562e-26    2.672240e-27
    9   17    1.586232e-18   -2.078042e-19
    9   18    2.024638e-19    9.212306e-21
    9   19    1.724534e-19    7.670277e-21
    9   20    5.792583e-28    3.633051e-29
   10   18    2.591504e-26   -2.606688e-28
   10   19    3.825484e-28    2.456240e-29
   10   20    8.353556e-03    3.526323e-10
   10   21    3.015549e-05   -3.461769e-12
   10   22    3.692448e-06   -6.222292e-13
   10   23    8.374732e-16    1.915233e-17
   10   24    9.206226e-27    4.107435e-28
   11   21    7.660149e-13    1.862237e-14
   11   22    2.919757e-12    7.283739e-14
   11   23    1.457138e-04   -3.229739e-12
   11   24    7.295513e-13    1.695751e-14
   11   25    1.440876e-21    6.424381e-23
   12   22    7.729344e-22    3.481425e-23
   12   23    1.172839e-16    8.197345e-18
   12   24    2.013355e-03    2.896294e-11
   12   25    4.441883e-04    5.811956e-13
   12   26    2.597558e-04    2.147672e-09
   12   27    1.593570e-13    3.699823e-15
   12   28    3.009202e-22    1.347471e-23
   13   24    6.829883e-27   -2.455882e-28
   13   25    2.707661e-11    2.082862e-13
   13   26    1.407986e-04   -2.147273e-09
   13   27    2.011964e-04    7.000779e-13
   13   28    1.936006e-12    4.479777e-14
   13   29    2.358016e-19    5.655491e-21
   13   30    2.132421e-28    8.979245e-30
   14   26    3.569106e-20    1.344922e-21
   14   27    2.577383e-12    5.589532e-14
   14   28    2.358144e-04    3.493174e-12
   14   29    6.520007e-05    2.796337e-13
   14   30    2.844578e-05    2.755766e-11
   14   31    3.890220e-14    9.043016e-16
   14   32    1.084774e-22    4.858326e-24
   15   28    4.581435e-22   -7.551469e-24
   15   29    7.649291e-14    1.653897e-15
   15   30    2.310445e-07   -2.746621e-11
   15   31    2.104151e-06    2.233455e-12
   15   32    1.421523e-14    3.304070e-16
   15   33    9.156798e-17    2.127432e-18
   15   34    2.207580e-25    9.678241e-27
   16   30    5.497171e-24    2.072661e-25
   16   31    3.190907e-10   -2.214582e-12
   16   32    1.166120e-06    6.922587e-15
   16   33    2.100896e-08    1.169009e-15
   16   34    2.736454e-07    5.608891e-16
   16   35    3.433912e-16    7.980079e-18
   16   36    3.330653e-23    1.491627e-24
   17   32    5.452963e-22   -7.674105e-23
   17   33    2.109242e-15    3.568351e-17
   17   34    1.902922e-17    3.081450e-19
   17   35    1.020433e-08    5.125592e-17
   17   36    1.783513e-16    4.145759e-18
   17   37    9.495418e-24    4.623385e-25
   18   34    7.084910e-25    2.296315e-26
   18   35    2.072827e-23    2.914718e-25
   18   36    8.448026e-10    8.845248e-19
   18   37    1.559528e-17    3.635185e-19
   18   38    2.659022e-10    2.176197e-19
   18   39    1.686889e-18    3.921020e-20
   18   40    7.524584e-20    1.748086e-21
   18   41    2.458068e-28    1.100669e-29
   19   37    1.006535e-19   -3.399498e-21
   19   38    3.630273e-27    1.756107e-28
   19   39    3.745178e-12    1.929969e-20
   19   40    8.369130e-20    1.945377e-21
   19   41    3.132208e-26    1.394250e-27
   19   43    1.547754e-26    3.581101e-28
   20   38    2.687015e-29    8.630528e-31
   20   40    2.851209e-14    2.824532e-23
   20   41    5.114346e-22    1.188759e-23
   20   42    4.763924e-08   -3.745473e-17
   20   43    1.463411e-08    2.585522e-18
   20   44    7.048443e-08    1.005653e-18
   20   45    1.303716e-15    3.030431e-17
   20   46    2.020422e-10   -4.867151e-20
   20   47    1.855877e-18    4.314007e-20
   20   48    2.292639e-09   -2.108417e-19
   20   49    4.436959e-18    1.030150e-19
   20   50    4.694668e-27    2.102280e-28
   21   41    4.416317e-28   -5.790411e-29
   21   43    4.798090e-17    1.195608e-18
   21   44    1.818960e-17    4.532274e-19
   21   45    6.669493e-09   -1.688373e-17
   21   46    8.039394e-16    1.868730e-17
   21   47    2.297848e-19    5.713109e-21
   21   48    2.232976e-18    5.560144e-20
   21   49    2.091088e-18    5.221157e-20
   21   50    5.191520e-27    2.303385e-28
   22   44    4.742436e-27    2.170751e-28
   22   45    1.518311e-25    3.906813e-27
   22   46    2.020422e-08   -2.955971e-17
   22   47    7.854394e-09    9.508549e-18
   22   48    1.436025e-08    2.525389e-18
   22   49    1.733388e-08   -4.546350e-19
   22   50    5.602375e-08    6.905701e-18
   22   51    4.510805e-16    1.046688e-17
   22   52    2.220267e-24    9.715567e-26
   23   47    4.649677e-18    1.158127e-19
   23   48    2.011336e-18    5.010866e-20
   23   49    3.560621e-18    8.869537e-20
   23   50    2.003067e-15    1.051249e-19
   23   51    4.904039e-09   -8.460721e-18
   23   52    3.782470e-16    8.768924e-18
   23   53    5.727524e-24    2.557101e-25
   24   48    1.476770e-28    7.099627e-30
   24   49    1.332669e-28    6.286060e-30
   24   50    9.383977e-13   -1.784616e-21
   24   51    9.272834e-20    2.181335e-21
   24   52    5.579288e-08   -3.098787e-17
   24   53    1.074040e-08    7.586762e-18
   24   54    1.369099e-07   -2.854750e-17
   24   55    2.217903e-15    5.140578e-17
   24   56    2.310914e-23    1.033815e-24
   25   51    4.347562e-23    1.082793e-24
   25   52    5.184106e-30    2.411696e-31
   25   53    2.859444e-18    7.122498e-20
   25   54    6.567511e-19    1.635901e-20
   25   55    3.456010e-08   -5.431034e-17
   25   56    2.356035e-15    5.476234e-17
   25   57    9.043793e-23    4.038386e-24
   26   54    4.446329e-09   -6.405389e-18
   26   55    2.763614e-16    6.425132e-18
   26   56    1.766820e-06   -1.159479e-15
   26   57    9.986689e-07   -9.547256e-16
   26   58    5.174607e-06   -1.605011e-15
   26   59    1.598111e-13    3.714543e-15
   26   60    3.300210e-21    1.478096e-22
   26   61    1.323419e-29    8.569322e-31
   27   55    4.386148e-20    1.092460e-21
   27   56    4.289695e-27    1.983303e-28
   27   57    2.441879e-17    6.081334e-19
   27   58    2.284773e-17    5.690503e-19
   27   59    2.034761e-06   -1.930816e-15
   27   60    8.319228e-14    1.933927e-15
   27   61    6.462844e-21    2.892741e-22
   27   62    1.159944e-28    7.496639e-30
   28   58    6.192280e-10   -1.388701e-18
   28   59    5.979990e-17    1.390071e-18
   28   60    2.667797e-06   -4.684203e-15
   28   61    1.015185e-06    1.121131e-15
   28   62    2.259022e-06    2.167361e-15
   28   63    6.013854e-14    1.397859e-15
   28   64    1.389652e-06   -6.498109e-16
   28   65    2.818174e-14    6.550216e-16
   28   66    5.038295e-22    2.256557e-23
   28   67    1.531527e-30    9.846883e-32
   29   59    1.577887e-21    3.903304e-23
   29   60    1.358527e-28    6.501613e-30
   29   61    1.082825e-17    2.696325e-19
   29   62    7.515955e-18    1.869792e-19
   29   63    8.717980e-07   -4.429539e-15
   29   64    1.905658e-13    4.429370e-15
   29   65    1.075841e-06   -2.255780e-15
   29   66    9.700630e-14    2.250390e-15
   29   67    1.600879e-20    6.442462e-22
   29   68    3.898108e-28    2.286344e-29
   29   69    2.841735e-29    1.270288e-30
   30   62    1.207444e-28    3.209056e-30
   30   63    1.953935e-29    8.500232e-31
   30   64    8.425446e-07   -2.722166e-15
   30   65    1.170228e-13    2.720051e-15
   30   66    1.302067e-06   -2.575164e-15
   30   67    2.837024e-07    7.530198e-16
   30   68    1.322620e-06    6.028386e-16
   30   69    5.245057e-14    1.218937e-15
   30   70    1.327706e-10   -1.424012e-19
   30   71    6.268317e-18    1.451105e-19
   30   72    2.726893e-25    1.220578e-26
   31   65    1.910300e-18    4.753557e-20
   31   66    3.333854e-25    1.574085e-26
   31   67    4.904435e-18    1.221082e-19
   31   68    1.214729e-18    3.024096e-20
   31   69    1.594879e-07   -1.166019e-15
   31   70    5.017563e-14    1.165735e-15
   31   71    1.407639e-07   -8.109991e-16
   31   72    3.489004e-14    8.109752e-16
   31   73    8.353629e-21    3.741404e-22
   31   74    3.103584e-28    2.009901e-29
   32   66    1.224999e-30    5.885078e-32
   32   68    1.621502e-26    3.759642e-28
   32   69    2.104070e-25    5.213117e-27
   32   70    2.286683e-07   -9.725431e-16
   32   71    4.187156e-14    9.732560e-16
   32   72    2.362112e-07   -8.984708e-16
   32   73    4.522467e-08    4.740359e-16
   32   74    1.757502e-07   -3.703556e-17
   32   75    1.985283e-14    4.613955e-16
   32   76    1.249214e-11   -1.607790e-20
   32   77    8.825784e-19    2.051404e-20
   32   78    4.181318e-26    1.872742e-27
   33   71    3.483848e-19    8.673013e-21
   33   72    1.920936e-25    8.705686e-27
   33   73    5.149165e-19    1.281795e-20
   33   74    5.654155e-20    1.407863e-21
   33   75    2.000846e-08   -5.315551e-16
   33   76    2.287170e-14    5.316272e-16
   33   77    8.584456e-21    3.840814e-22
   33   78    7.073450e-28    4.575328e-29
   34   74    1.489583e-24    2.301294e-28
   34   75    1.734972e-21    4.312643e-23
   34   76    4.988955e-08   -4.680159e-16
   34   77    1.818954e-08    1.477975e-16
   34   78    7.041447e-08    1.101221e-16
   34   79    9.038729e-15    2.100953e-16
   34   80    4.239297e-09   -8.214901e-18
   34   81    3.539624e-16    8.223144e-18
   34   82    3.172076e-12   -7.203798e-22
   34   83    5.891885e-20    1.368903e-21
   34   84    1.542657e-27    6.908700e-29
   35   77    3.397976e-20    8.458161e-22
   35   78    1.286287e-20    3.197595e-22
   35   79    8.345300e-09   -2.314422e-16
   35   80    9.955487e-15    2.312754e-16
   35   81    7.274684e-09   -1.073245e-16
   35   82    4.617555e-15    1.073291e-16
   35   83    2.070067e-21    9.314931e-23
   35   84    1.349086e-28    8.748030e-30
   36   78    5.708290e-28    5.928223e-29
   36   79    1.270349e-24    3.152020e-26
   36   80    2.125900e-08   -2.897948e-16
   36   81    1.247411e-14    2.899481e-16
   36   82    5.111922e-08   -2.488963e-16
   36   83    1.566930e-08    1.004485e-16
   36   84    5.823898e-08    6.175365e-17
   36   85    3.729701e-15    8.669460e-17
   36   86    4.641503e-10   -6.705602e-20
   36   87    2.884969e-18    6.705157e-20
   36   88    4.610107e-26    2.064656e-27
   37   81    3.608370e-21    8.980127e-23
   37   82    5.072355e-27    2.300920e-28
   37   83    1.028771e-20    2.560369e-22
   37   84    2.621059e-21    6.524330e-23
   37   85    8.462407e-09   -8.199326e-17
   37   86    3.527434e-15    8.199346e-17
   37   87    5.853056e-11   -4.674594e-20
   37   88    2.012918e-18    4.676106e-20
   37   89    1.772639e-25    7.936402e-27
   38   84    2.620163e-24    6.086892e-31
   38   85    1.319586e-23    3.278105e-25
   38   86    1.977582e-08   -5.272755e-17
   38   87    1.264904e-08    7.548298e-18
   38   88    3.410537e-08    3.513629e-17
   38   89    4.320629e-16    1.004320e-17
   38   90    1.121447e-23    4.129508e-25
   39   87    1.204721e-21    2.998026e-23
   39   88    8.391099e-22    2.088211e-23
   39   89    5.047083e-09   -4.365820e-18
   39   90    1.878242e-16    4.365848e-18
   39   91    4.473031e-23    2.003350e-24
   39   92    2.677636e-30    1.734703e-31
   40   90    2.223165e-09   -2.341178e-18
   40   91    5.705716e-10    8.738444e-19
   40   92    6.513631e-10    4.228180e-19
   40   93    1.936305e-10    3.663863e-19
   40   94    4.140053e-10    6.004835e-20
   40   95    2.658574e-17    6.179297e-19
   40   96    7.701181e-13   -2.554144e-22
   40   97    1.099133e-20    2.554960e-22
   40   98    1.751367e-28    7.843564e-30
   41   91    3.907283e-23    9.722760e-25
   41   92    9.709025e-24    2.389344e-25
   41   93    7.196596e-14   -7.346489e-22
   41   94    3.162481e-20    7.350918e-22
   41   95    4.707686e-24    1.826084e-25
   41   96    5.984449e-27    1.488034e-28
   41   97    3.259453e-26    3.283549e-27
   42   92    3.795087e-17   -1.315647e-25
   42   93    5.812171e-24    1.350985e-25
   42   94    1.277137e-13   -6.788843e-22
   42   95    3.569933e-11   -4.357235e-19
   42   96    8.222236e-11    1.501456e-20
   42   97    2.578413e-11    5.674288e-21
   42   98    7.544015e-11    7.378781e-20
   42   99    1.470808e-17    3.418710e-19
   42  100    1.700721e-15   -1.026816e-23
   42  101    4.498729e-22    1.044921e-23
   42  102    5.349369e-29    2.395665e-30
   43   95    7.753027e-28    1.928302e-29
   43   96    1.761950e-25    4.384225e-27
   43   97    4.121772e-25    1.025474e-26
   43   98    2.198112e-26    5.470461e-28
   43   99    2.728425e-13   -1.029884e-20
   43  100    4.382602e-19    9.795608e-21
   43  101    5.578023e-25    3.005801e-26
   44   96    3.532748e-26    4.123318e-34
   44   98    6.625255e-24   -5.073274e-32
   44   99    8.074121e-12   -2.075156e-19
   44  100    3.391437e-11   -1.242796e-19
   44  101    7.022778e-12   -2.549564e-20
   44  102    1.443327e-14    3.576857e-19
   44  103    3.978813e-21    9.253341e-23
   44  104    2.681792e-22    2.782163e-23
   44  105    1.830401e-29    1.739177e-30
   45  100    8.177651e-27    2.034476e-28
   45  101    3.660824e-26    9.106303e-28
   45  102    2.443506e-27    6.079992e-29
   45  103    7.469171e-12   -3.421877e-19
   45  104    1.466244e-17    3.360041e-19
   45  105    2.261454e-23    1.010675e-24
   45  106    1.096372e-29    7.018387e-31
   46  103    2.030378e-27    5.048475e-29
   46  104    2.116281e-11   -2.778426e-19
   46  105    4.944952e-12   -3.099263e-20
   46  106    2.265111e-11    6.905066e-20
   46  107    1.058055e-17    2.459379e-19
   46  108    2.501059e-11   -2.259465e-19
   46  109    9.721863e-18    2.259755e-19
   46  110    1.000424e-14   -3.037387e-23
   46  111    2.629637e-21    6.109875e-23
   46  112    1.074070e-27    4.810328e-29
   47  105    6.159299e-27    1.531992e-28
   47  106    1.090849e-27    2.712601e-29
   47  107    4.291530e-12   -2.078697e-19
   47  108    8.932485e-18    2.067547e-19
   47  109    6.599114e-12   -3.286680e-19
   47  110    1.404265e-17    3.184894e-19
   47  111    2.827990e-23    1.280927e-24
   47  112    1.563333e-29    1.015452e-30
   48  107    8.674776e-30    2.153498e-31
   48  108    3.603378e-13   -2.297170e-21
   48  109    1.453919e-19    3.379551e-21
   48  110    1.909900e-11   -1.946262e-19
   48  111    4.587531e-12    1.441313e-20
   48  112    2.054442e-11    8.808666e-21
   48  113    7.810720e-18    1.815552e-19
   48  114    3.413727e-11   -2.157233e-19
   48  115    9.281224e-18    2.157352e-19
   48  116    2.673547e-15   -1.008953e-23
   48  117    4.406821e-22    1.024262e-23
   48  118    1.381224e-28    6.186103e-30
   49  109    3.106260e-29    7.725000e-31
   49  111    1.895394e-27    4.713617e-29
   49  112    3.636456e-28    9.039338e-30
   49  113    6.099921e-12   -2.366314e-19
   49  114    1.015638e-17    2.341108e-19
   49  115    3.329440e-23    1.980177e-24
   49  116    2.281329e-29    1.575466e-30
   49  117    8.442483e-27    8.771909e-28
   50  112    1.518500e-24   -1.143616e-32
   50  113    1.395103e-29    3.454837e-31
   50  114    1.053078e-13    1.854535e-21
   50  115    5.384888e-12   -9.048045e-20
   50  116    3.958574e-11   -7.434177e-20
   50  117    8.542084e-12    3.192922e-20
   50  118    4.908861e-11   -5.959513e-22
   50  119    1.176970e-11    1.104351e-21
   50  120    6.577789e-11    2.428923e-20
   50  121    4.678494e-18    1.087475e-19
   50  122    5.075922e-13   -4.710775e-22
   50  123    2.026857e-20    4.711361e-22
   50  124    5.881526e-14   -2.580335e-23
   50  125    1.110066e-21    2.580361e-23
   50  126    5.562183e-29    2.491190e-30
   51  115    2.808275e-30    6.981521e-32
   51  116    1.536763e-28    3.819356e-30
   51  117    1.111876e-27    2.764741e-29
   51  118    2.595389e-28    6.437934e-30
   51  119    1.707211e-27    4.245053e-29
   51  120    2.560372e-28    6.364081e-30
   51  121    3.464274e-12   -9.396295e-20
   51  122    4.042694e-18    9.396331e-20
   51  123    8.946877e-14   -1.234281e-21
   51  124    5.311139e-20    1.234473e-21
   51  125    3.954158e-26    1.784496e-27
   52  120    1.000424e-30    3.783506e-44
   52  121    3.406996e-30    8.460459e-32
   52  122    9.020212e-12   -1.309032e-19
   52  123    3.001271e-12   -3.938632e-20
   52  124    1.532908e-11    5.415255e-20
   52  125    5.674403e-12   -5.772995e-20
   52  126    2.620159e-11    7.328780e-20
   52  127    4.326998e-18    1.005764e-19
   52  128    5.697727e-13   -1.319160e-21
   52  129    5.691716e-20    1.322762e-21
   52  130    1.846937e-12   -1.339257e-21
   52  131    5.761105e-20    1.338573e-21
   52  132    2.720966e-27    1.218549e-28
   53  123    1.459892e-28    3.629592e-30
   53  124    4.029958e-29    1.002109e-30
   53  125    4.013297e-28    9.978346e-30
   53  126    3.016338e-29    7.501279e-31
   53  127    3.615701e-12   -1.070338e-19
   53  128    4.604553e-18    1.069812e-19
   53  129    6.545198e-24    4.313140e-25
   53  130    3.720079e-29    9.961286e-31
   53  131    6.593184e-24    6.850469e-25
   54  126    1.587975e-27    0.000000e+00
   54  127    1.409740e-29    3.502613e-31
   54  128    9.378971e-12   -1.235084e-19
   54  129    4.878034e-12   -6.047173e-20
   54  130    1.462159e-11    8.203436e-20
   54  131    6.636401e-12   -5.938437e-21
   54  132    4.009275e-11   -1.592319e-20
   54  133    5.328513e-18    1.238581e-19
   54  134    1.269195e-13   -1.216667e-22
   54  135    5.235744e-21    1.216994e-22
   54  136    8.091666e-12   -2.604084e-22
   54  137    1.119437e-20    2.595360e-22
   54  138    6.247976e-29    2.797194e-30
   55  129    7.423413e-29    1.845328e-30
   55  130    2.043931e-29    5.080955e-31
   55  131    1.478617e-28    3.675673e-30
   55  132    9.767182e-30    2.429134e-31
   55  133    4.580885e-12   -9.711685e-20
   55  134    4.178281e-18    9.711690e-20
   55  135    3.628600e-24    1.641215e-25
   55  136    6.694522e-29    1.664596e-30
   55  137    8.393596e-24    8.719081e-25
   56  132    1.667374e-27    0.000000e+00
   56  133    1.493035e-29    3.710155e-31
   56  134    1.045219e-11   -9.000508e-20
   56  135    5.105867e-12   -3.592755e-20
   56  136    3.449992e-11    2.720561e-20
   56  137    4.228070e-11   -5.434694e-20
   56  138    3.979948e-10    8.298415e-20
   56  139    3.015276e-18    7.007899e-20
   56  140    8.127042e-26    3.639716e-27
   57  135    3.681874e-29    9.151769e-31
   57  136    3.837014e-30    9.538042e-32
   57  137    9.466477e-29    2.353063e-30
   57  138    9.764227e-27    2.268930e-28
   57  139    3.735396e-11   -4.653942e-20
   57  140    2.002618e-18    4.654996e-20
   57  141    3.258140e-25    1.459278e-26
   58  138    2.102340e-25   -1.941355e-33
   58  139    1.481271e-25    3.442268e-27
   58  140    9.289652e-11   -4.815464e-20
   58  141    2.072205e-18    4.816755e-20
   58  142    9.158812e-14   -1.364650e-22
   58  143    5.883959e-21    1.367657e-22
   58  144    5.691645e-28    2.549080e-29
   59  141    7.804726e-12   -3.264455e-20
   59  142    1.404383e-18    3.264417e-20
   59  143    5.610128e-25    2.562752e-26
   60  142    1.831762e-11   -2.870340e-20
   60  143    3.281111e-12   -9.741264e-21
   60  144    6.940443e-12    1.130619e-20
   60  145    1.586879e-12   -7.679451e-21
   60  146    4.721180e-12    8.263485e-21
   60  147    1.142161e-18    2.654645e-20
   60  148    1.554712e-15   -2.054008e-23
   60  149    8.857983e-22    2.058451e-23
   60  150    2.527737e-21   -1.354593e-29
   60  151    1.200687e-27    2.790530e-29
   61  143    1.477595e-30    3.673807e-32
   61  145    1.490388e-30    3.705595e-32
   61  147    2.102070e-25    2.172115e-26
   61  148    2.782779e-25    6.467532e-27
   61  149    2.453023e-26    2.543844e-27
   61  150    1.143046e-29    2.655722e-31
   62  144    3.536221e-20   -1.574484e-28
   62  145    6.773627e-27    1.574478e-28
   62  146    1.358859e-29    9.549339e-31
   62  147    7.486143e-13   -5.486295e-20
   62  148    2.697090e-12    8.692189e-21
   62  149    4.961772e-13   -1.460615e-19
   62  150    1.600684e-12    1.190597e-19
   62  151    3.148315e-18    7.316718e-20
   62  152    2.626109e-13   -1.089801e-20
   62  153    4.689500e-19    1.089866e-20
   62  154    1.429176e-15   -2.193756e-23
   62  155    9.462449e-22    2.198278e-23
   62  156    2.132901e-28    9.551815e-30
   63  151    1.722491e-13   -2.177256e-19
   63  152    9.372334e-18    2.177211e-19
   63  153    2.281987e-13   -6.100010e-20
   63  154    2.625432e-18    6.100377e-20
   63  155    1.878477e-23    8.481568e-25
   63  156    3.981097e-29    1.924470e-30
   64  152    5.982773e-13   -6.106206e-20
   64  153    2.627392e-18    6.106072e-20
   64  154    7.795480e-13   -7.538755e-20
   64  155    2.575280e-13   -1.161524e-20
   64  156    1.090207e-12    1.896332e-20
   64  157    4.772724e-13   -8.607117e-22
   64  158    2.906294e-12   -2.193539e-20
   64  159    3.908561e-18    9.083575e-20
   64  160    8.753707e-17   -9.643278e-25
   64  161    4.521907e-23    1.048093e-24
   64  162    1.239138e-29    5.547289e-31
   65  159    3.705919e-13   -1.258474e-19
   65  160    5.416275e-18    1.258466e-19
   65  161    4.005916e-23    1.795460e-24
   65  162    3.329837e-29    1.777334e-30
   66  156    1.026076e-30   -1.839204e-44
   66  158    8.864481e-14   -8.543763e-21
   66  159    3.676197e-19    8.543724e-21
   66  160    8.753666e-13   -1.037338e-19
   66  161    3.287130e-13    5.192911e-20
   66  162    1.358600e-12   -9.466565e-21
   66  163    2.448902e-13    2.631520e-20
   66  164    6.033055e-13    2.134384e-20
   66  165    5.857094e-19    1.361098e-20
   66  166    2.038225e-25    9.128284e-27
   67  165    4.844380e-13   -2.279710e-19
   67  166    9.812421e-18    2.279709e-19
   67  167    3.056093e-23    1.368558e-24
   67  168    1.453655e-29    9.410530e-31
   68  164    6.710124e-13   -8.867302e-20
   68  165    3.815536e-18    8.867084e-20
   68  166    1.024528e-12   -6.997305e-20
   68  167    4.067562e-13   -7.009775e-20
   68  168    1.667376e-12    5.652450e-20
   68  169    3.595087e-18    8.354813e-20
   68  170    3.289627e-15   -6.490512e-23
   68  171    2.804345e-21    6.517059e-23
   68  172    7.272422e-28    3.256903e-29
   69  169    5.321652e-13   -3.031193e-19
   69  170    1.304572e-17    3.031137e-19
   69  171    1.247333e-22    5.585563e-24
   69  172    2.916668e-27    8.314915e-29
   69  173    4.956572e-29    1.154676e-30
   70  168    1.012334e-30   -1.961818e-44
   70  170    8.238760e-13   -6.322968e-20
   70  171    4.206462e-13    4.419777e-23
   70  172    1.395942e-12    2.128984e-20
   70  173    6.939351e-13   -1.687381e-20
   70  174    3.156511e-12    1.593899e-20
   70  175    1.842925e-18    4.283019e-20
   70  176    1.591583e-15   -2.270029e-23
   70  177    9.862161e-22    2.291717e-23
   70  178    2.451897e-28    1.098059e-29
   71  175    4.567608e-13   -9.929452e-20
   71  176    8.568978e-16    9.905012e-20
   71  177    1.049850e-20    2.444930e-22
   71  178    8.009200e-27    3.563016e-28
   72  176    1.193682e-12   -1.393420e-19
   72  177    3.950801e-13   -6.202154e-20
   72  178    1.686113e-12    1.263037e-19
   72  179    4.800917e-13   -1.580891e-21
   72  180    2.773399e-12    3.319725e-20
   72  181    1.946593e-18    4.523799e-20
   72  182    8.382137e-24    3.752697e-25
   72  183    2.348997e-30    1.516516e-31
   73  180    3.440303e-15   -2.435116e-21
   73  181    7.185324e-13   -9.783101e-20
   73  182    4.225761e-18    9.817818e-20
   73  183    1.868650e-23    8.365801e-25
   73  184    7.341701e-30    4.719001e-31
   74  180    5.385602e-14   -3.268439e-21
   74  181    1.532071e-19    3.560618e-21
   74  182    1.813953e-12   -5.632133e-20
   74  183    9.293545e-13   -2.773646e-20
   74  184    2.060656e-12   -6.017545e-21
   74  185    3.876057e-18    9.007487e-20
   74  186    8.067921e-14   -3.673077e-21
   74  187    1.580908e-19    3.673658e-21
   74  188    4.637188e-26    2.076649e-27
   75  185    3.076678e-13   -7.023746e-19
   75  186    3.023309e-17    7.023494e-19
   75  187    6.954480e-15   -7.887580e-21
   75  188    3.405959e-19    7.911059e-21
   75  189    8.635513e-25    3.866728e-26
   76  186    1.075723e-12   -4.095175e-20
   76  187    5.076987e-13   -7.242830e-20
   76  188    1.117497e-12    3.931507e-20
   76  189    3.858766e-13   -2.944215e-20
   76  190    1.474312e-12    5.437263e-20
   76  191    2.114401e-18    4.913512e-20
   76  192    3.121105e-14   -2.247880e-21
   76  193    9.677841e-20    2.248856e-21
   76  194    1.851481e-26    8.291428e-28
   77  191    3.294479e-13   -2.595865e-19
   77  192    1.117349e-17    2.595485e-19
   77  193    3.208534e-13   -1.867341e-19
   77  194    8.039786e-18    1.867699e-19
   77  195    5.675522e-24    2.541288e-25
   77  196    1.879785e-30    1.217669e-31
   78  190    1.000424e-30   -7.531979e-45
   78  192    1.094210e-12   -8.567628e-20
   78  193    3.686564e-18    8.566904e-20
   78  194    1.340772e-12   -5.377819e-20
   78  195    3.996562e-13   -9.211773e-21
   78  196    2.342831e-12    3.079751e-20
   78  197    1.385521e-18    3.220144e-20
   78  198    4.390749e-15   -2.210829e-23
   78  199    9.517436e-22    2.211327e-23
   78  200    8.400840e-29    3.762248e-30
   79  197    7.109598e-13   -3.580225e-20
   79  198    1.540614e-18    3.580241e-20
   79  199    1.444831e-24    6.992133e-26
   80  196    1.378132e-17   -8.064839e-25
   80  197    3.470079e-23    8.064797e-25
   80  198    2.319164e-12   -2.226917e-20
   80  199    1.055724e-12    1.738439e-21
   80  200    3.396440e-12   -5.270683e-22
   80  201    1.493171e-12    5.918063e-21
   80  202    5.447854e-12   -5.547400e-21
   80  203    8.900158e-19    2.068725e-20
   80  204    8.827271e-14   -1.870018e-22
   80  205    8.040722e-21    1.865387e-22
   80  206    9.339444e-29    4.179578e-30
   81  203    3.296964e-12   -1.322244e-20
   81  204    5.688135e-19    1.322244e-20
   81  205    2.532781e-13   -3.947996e-22
   81  206    1.699194e-20    3.940675e-22
   81  207    5.528294e-28    2.473019e-29
   82  204    4.899135e-12   -1.845864e-20
   82  205    9.272222e-12   -2.288537e-20
   82  206    4.705878e-11    2.454219e-21
   82  207    6.282857e-11    1.364484e-20
   82  208    1.298627e-10    2.206109e-20
   82  209    1.370407e-19    3.184873e-21
   82  210    4.242652e-28    1.900108e-29
   83  209    3.106580e-12   -3.623221e-22
   83  210    1.559681e-20    3.625302e-22
   83  211    8.528924e-29    3.819877e-30
   84  210    6.183148e-27    6.424720e-28
    0    1    2.758702e-19   -4.138511e-20
    1    1    1.415772e-15   -1.854990e-16
    2    4    2.778406e-09   -4.167108e-10
