2.7349e-05
3.5673e-06
1.1477e+00
8.0556e+04
    1    2    3.196970e-24   -3.688464e-25
    4    8    1.806049e-29    5.083634e-30
    5   11    3.719230e-29    1.046888e-29
    6   11    2.148198e-21    3.538028e-22
    6   12    7.736613e-04   -6.873950e-15
    6   13    2.850422e-15    3.326754e-16
    6   14    1.689368e-25    3.731572e-26
    7   13    3.224782e-15    5.541899e-16
    7   14    6.431333e-20    1.058447e-20
    7   15    4.023338e-24    2.992973e-25
    8   14    2.570161e-13    5.663701e-15
    8   15    6.064702e-25    9.988437e-26
    8   16    4.583193e-02    4.163336e-17
    8   17    1.678303e-16    1.958779e-17
    8   18    2.361972e-17    2.756704e-18
    8   19    1.030640e-29    2.276258e-30
    9   17    8.681199e-17   -1.429222e-17
    9   18    9.865955e-23    1.566048e-23
    9   19    7.980366e-25    4.487030e-26
   10   18    2.534251e-27    3.788742e-29
   10   20    8.353541e-03   -2.566523e-14
   10   21    3.015564e-05   -8.005567e-14
   10   22    3.692474e-06   -9.021074e-15
   10   23    3.377186e-18    3.941580e-19
   11   21    4.222339e-14    1.016357e-15
   11   22    2.465535e-16    5.934980e-18
   11   23    1.457139e-04   -3.109137e-14
   11   24    6.059478e-15    7.072168e-16
   11   25    3.704348e-25    5.688056e-26
   12   23    2.807599e-21    3.662072e-22
   12   24    2.013354e-03    3.924031e-14
   12   25    4.441883e-04    2.964263e-15
   12   26    2.597255e-04    9.523579e-13
   12   27    3.935091e-16    4.592722e-17
   12   28    5.921613e-27    1.307996e-27
   13   25    1.468978e-15    3.535992e-17
   13   26    1.408289e-04   -1.061076e-12
   13   27    2.011964e-04   -6.382969e-16
   13   28    1.518467e-14    1.791506e-15
   13   29    6.192123e-23    8.128808e-24
   14   26    9.937614e-29    4.609516e-30
   14   27    5.559708e-12    1.338292e-13
   14   28    2.358143e-04    6.375030e-14
   14   29    6.520005e-05    8.783596e-15
   14   30    2.844539e-05    7.841218e-15
   14   31    3.224340e-15    3.763191e-16
   14   32    5.021489e-26    1.109173e-26
   15   28    7.657950e-25    3.551300e-26
   15   29    3.709637e-17    2.692874e-18
   15   30    2.314314e-07   -5.383926e-15
   15   31    2.104118e-06    3.941426e-16
   15   32    6.585050e-17    7.685715e-18
   15   33    9.238173e-19    1.078211e-19
   15   34    1.810561e-29    3.999277e-30
   16   30    1.394519e-30    1.106510e-31
   16   31    3.517596e-10   -3.360062e-16
   16   32    1.166119e-06    2.212952e-16
   16   33    2.100891e-08    3.225402e-17
   16   34    2.736454e-07    1.380860e-17
   16   35    1.552790e-17    1.812292e-18
   16   36    3.340316e-27    7.378292e-28
   17   32    3.734696e-26    8.987249e-28
   17   33    6.853793e-29    8.302326e-30
   17   34    1.772292e-18    4.267212e-20
   17   35    1.020433e-08    6.041676e-18
   17   36    1.832494e-18    2.138746e-19
   17   37    3.183818e-25    4.158746e-26
   18   35    8.534515e-26    1.109241e-26
   18   36    8.448026e-10    2.018052e-20
   18   37    1.237216e-19    1.447340e-20
   18   38    2.659022e-10    8.305927e-22
   18   39    1.733307e-20    2.022977e-21
   18   40    7.926865e-22    9.251601e-23
   19   37    1.583246e-20    3.655932e-22
   19   38    1.663525e-30    1.256391e-31
   19   39    3.745178e-12    2.600047e-21
   19   40    7.921690e-22    9.245514e-23
   19   41    6.305520e-29    1.023075e-29
   19   43    5.143031e-27    6.002534e-28
   20   40    2.851209e-14    2.895012e-24
   20   41    3.423182e-24    3.995262e-25
   20   42    4.763924e-08   -1.742784e-18
   20   43    1.463411e-08   -8.682915e-20
   20   44    7.048443e-08   -7.782115e-20
   20   45    1.111422e-17    1.297163e-18
   20   46    2.020422e-10   -3.265425e-21
   20   47    1.951958e-20    2.278168e-21
   20   48    2.292639e-09   -2.194634e-20
   20   49    3.648869e-20    4.258667e-21
   21   41    1.150305e-29    2.765611e-31
   21   43    7.870850e-18    1.894653e-19
   21   44    3.344685e-18    8.051250e-20
   21   45    6.669494e-09   -9.313954e-19
   21   46    1.072935e-17    1.252244e-18
   21   47    4.133134e-20    1.024972e-21
   21   48    5.691173e-19    1.369966e-20
   21   49    1.656546e-19    3.987600e-21
   21   50    4.295927e-30    7.118347e-31
   22   44    1.302029e-28    6.478326e-30
   22   45    1.392831e-24    3.353287e-26
   22   46    2.020422e-08   -1.120433e-18
   22   47    7.854394e-09    5.156975e-20
   22   48    1.436025e-08    1.156150e-19
   22   49    1.733388e-08    9.922197e-20
   22   50    5.602375e-08    2.637714e-19
   22   51    4.005695e-18    4.675126e-19
   22   52    6.321300e-28    9.608046e-29
   23   47    9.076242e-19    2.184812e-20
   23   48    4.300717e-19    1.035264e-20
   23   49    8.467961e-19    2.038391e-20
   23   50    1.999736e-15    2.139612e-20
   23   51    4.904040e-09   -3.650067e-19
   23   52    3.681058e-18    4.296236e-19
   23   53    4.186167e-28    9.246620e-29
   24   48    2.879463e-30    1.335657e-31
   24   49    1.736741e-29    1.742657e-30
   24   50    9.383978e-13   -1.025575e-22
   24   51    1.230186e-20    3.774150e-22
   24   52    5.579288e-08   -1.153374e-18
   24   53    1.074040e-08   -1.628636e-19
   24   54    1.369099e-07   -6.863614e-19
   24   55    1.638496e-17    1.912321e-18
   24   56    1.311186e-27    2.896214e-28
   25   51    9.880323e-24    2.378369e-25
   25   53    6.946208e-19    1.672076e-20
   25   54    1.627608e-19    3.920989e-21
   25   55    3.456011e-08   -2.791397e-18
   25   56    2.444293e-17    2.852783e-18
   25   57    6.898591e-27    1.523278e-27
   26   54    4.446329e-09   -2.700248e-19
   26   55    2.570408e-18    2.759964e-19
   26   56    1.766820e-06   -4.839184e-17
   26   57    9.986690e-07   -2.476343e-17
   26   58    5.174607e-06   -6.834031e-17
   26   59    1.200822e-15    1.401503e-16
   26   60    1.919454e-25    4.239788e-26
   27   55    1.087167e-20    2.617003e-22
   27   56    9.581064e-30    1.255953e-30
   27   57    7.207849e-18    1.735057e-19
   27   58    6.272114e-18    1.509842e-19
   27   59    2.034761e-06   -1.602281e-16
   27   60    1.380050e-15    1.610684e-16
   27   61    2.487750e-24    3.769621e-25
   28   58    6.192280e-10   -4.878391e-20
   28   59    5.128109e-19    5.105367e-20
   28   60    2.667798e-06   -1.699203e-16
   28   61    1.015184e-06   -3.901646e-18
   28   62    2.259022e-06    6.869014e-18
   28   63    1.431087e-15    1.670250e-16
   28   64    1.389652e-06   -2.995003e-17
   28   65    2.577907e-16    3.008726e-17
   28   66    3.572084e-26    7.890202e-27
   29   59    4.742804e-22    1.141676e-23
   29   61    3.476549e-18    8.368669e-20
   29   62    2.456386e-18    5.912956e-20
   29   63    8.717982e-07   -1.687379e-16
   29   64    1.446357e-15    1.688069e-16
   29   65    1.075841e-06   -1.186386e-16
   29   66    1.016986e-15    1.186945e-16
   29   67    1.802143e-22    2.114331e-23
   30   62    4.601374e-30    4.470503e-31
   30   63    5.058605e-28    1.221727e-29
   30   64    8.425447e-07   -1.035971e-16
   30   65    8.866865e-16    1.034850e-16
   30   66    1.302067e-06   -9.483339e-17
   30   67    2.837024e-07    4.244694e-18
   30   68    1.322620e-06    3.743081e-17
   30   69    4.527824e-16    5.284514e-17
   30   70    1.327706e-10   -4.857566e-21
   30   71    4.177112e-20    4.875190e-21
   30   72    1.403391e-29    3.099882e-30
   31   65    6.927147e-19    1.667487e-20
   31   66    8.510592e-28    1.029170e-28
   31   67    1.875896e-18    4.515614e-20
   31   68    4.582066e-19    1.102985e-20
   31   69    1.594879e-07   -4.839271e-17
   31   70    4.150950e-16    4.844655e-17
   31   71    1.407639e-07   -3.660953e-17
   31   72    3.136332e-16    3.660475e-17
   31   73    5.791226e-25    1.278971e-25
   32   68    1.030601e-27    1.343462e-28
   32   69    2.959463e-24    7.123954e-26
   32   70    2.286684e-07   -4.124524e-17
   32   71    3.535394e-16    4.124971e-17
   32   72    2.362112e-07   -3.046290e-17
   32   73    4.522465e-08    1.806964e-17
   32   74    1.757502e-07   -7.497830e-18
   32   75    1.703584e-16    1.988287e-17
   32   76    1.249214e-11   -4.158295e-22
   32   77    3.560997e-21    4.156110e-22
   32   78    1.295815e-30    2.862263e-31
   33   71    1.495714e-19    3.600448e-21
   33   72    8.124642e-28    1.257769e-28
   33   73    2.185665e-19    5.261284e-21
   33   74    2.089026e-20    5.028658e-22
   33   75    2.000848e-08   -2.396248e-17
   33   76    2.053462e-16    2.396637e-17
   33   77    1.068759e-23    4.581757e-25
   34   74    1.487143e-24    3.402678e-30
   34   75    1.895776e-21    4.563469e-23
   34   76    4.988957e-08   -1.281707e-17
   34   77    1.818953e-08    4.089197e-18
   34   78    7.041447e-08   -2.520280e-18
   34   79    9.636646e-17    1.124712e-17
   34   80    4.239297e-09   -3.877368e-19
   34   81    3.321904e-18    3.877060e-19
   34   82    3.172076e-12   -1.252678e-22
   34   83    1.073182e-21    1.252532e-22
   35   77    1.599159e-20    3.849461e-22
   35   78    5.694611e-21    1.370794e-22
   35   79    8.345310e-09   -1.103255e-17
   35   80    9.453221e-17    1.103304e-17
   35   81    7.274689e-09   -4.793184e-18
   35   82    4.106851e-17    4.793187e-18
   35   83    2.309575e-25    3.435904e-26
   36   79    5.715977e-24    1.375937e-25
   36   80    2.125901e-08   -9.753273e-18
   36   81    8.356769e-17    9.753281e-18
   36   82    5.111923e-08   -1.301306e-17
   36   83    1.566929e-08    5.009803e-18
   36   84    5.823898e-08    3.405933e-19
   36   85    6.565195e-17    7.662369e-18
   36   86    4.641503e-10   -7.640616e-21
   36   87    6.545834e-20    7.639772e-21
   36   88    8.504869e-30    1.878599e-30
   37   81    1.981819e-21    4.770591e-23
   37   82    2.693863e-29    4.180463e-30
   37   83    5.594177e-21    1.346618e-22
   37   84    1.257883e-21    3.027947e-23
   37   85    8.462411e-09   -7.056157e-18
   37   86    6.045902e-17    7.056290e-18
   37   87    5.853056e-11   -5.086993e-21
   37   88    4.359064e-20    5.087550e-21
   37   89    2.951095e-29    6.518531e-30
   38   84    2.620158e-24    6.527186e-34
   38   85    2.395856e-23    5.767251e-25
   38   86    1.977583e-08   -8.656789e-18
   38   87    1.264904e-08    6.288988e-19
   38   88    3.410537e-08    6.930437e-18
   38   89    9.402831e-18    1.097423e-18
   38   90    5.332376e-26    6.559020e-27
   39   87    7.041141e-22    1.694928e-23
   39   88    4.831725e-22    1.163082e-23
   39   89    5.047083e-09   -8.594779e-19
   39   90    7.364297e-18    8.595017e-19
   39   91    1.418374e-26    3.131204e-27
   40   89    3.879275e-29    9.338122e-31
   40   90    2.223165e-09   -2.259729e-19
   40   91    5.705716e-10    8.040485e-20
   40   92    6.513631e-10    5.629357e-20
   40   93    1.936305e-10    3.079880e-20
   40   94    4.140053e-10    1.102580e-21
   40   95    4.915238e-19    5.736672e-20
   40   96    7.701181e-13   -2.467971e-23
   40   97    2.113902e-22    2.467177e-23
   41   91    2.554202e-23    6.148417e-25
   41   92    5.807942e-24    1.398075e-25
   41   93    7.196599e-14   -5.669373e-23
   41   94    4.879381e-22    5.689438e-23
   41   95    2.263015e-24    5.447574e-26
   41   96    6.402311e-26    7.991681e-27
   41   97    6.428070e-28    1.548118e-29
   42   92    3.795087e-17   -9.879682e-27
   42   93    8.477809e-26    9.882760e-27
   42   94    1.277137e-13   -3.706477e-23
   42   95    3.569934e-11   -2.624203e-20
   42   96    8.222236e-11    1.587347e-21
   42   97    2.578413e-11    6.836027e-21
   42   98    7.544014e-11    3.855877e-21
   42   99    1.199316e-19    1.399746e-20
   42  100    1.700721e-15   -2.035168e-25
   42  101    1.747371e-24    2.039392e-25
   43   95    9.936438e-28    2.391877e-29
   43   96    1.181776e-25    2.844744e-27
   43   97    2.720495e-25    6.548714e-27
   43   98    1.303751e-26    3.138364e-28
   43   99    2.728429e-13   -2.852469e-22
   43  100    2.444056e-21    2.852502e-22
   43  101    1.967196e-29    4.280787e-30
   44   96    3.532748e-26    7.796260e-38
   44   98    6.625258e-24    1.687368e-33
   44   99    8.074130e-12   -9.418550e-21
   44  100    3.391438e-11   -4.600333e-21
   44  101    7.022779e-12    7.173052e-21
   44  102    1.441794e-14    6.840896e-21
   44  103    3.551388e-23    4.144903e-24
   44  104    2.512258e-26    5.612976e-27
   45   99    1.054696e-29    2.538841e-31
   45  100    3.682588e-27    8.864643e-29
   45  101    1.737743e-26    4.183056e-28
   45  102    9.391345e-28    2.260663e-29
   45  103    7.469186e-12   -1.120684e-20
   45  104    9.602128e-20    1.120683e-20
   45  105    1.152412e-27    2.544342e-28
   46  103    1.449005e-27    3.488013e-29
   46  104    2.116282e-11   -1.344639e-20
   46  105    4.944954e-12    4.441162e-21
   46  106    2.265111e-11   -1.502557e-21
   46  107    9.003158e-20    1.050776e-20
   46  108    2.501060e-11   -8.204233e-21
   46  109    7.029470e-20    8.204234e-21
   46  110    1.000424e-14   -2.205661e-24
   46  111    1.899133e-23    2.216516e-24
   47  105    3.053307e-27    7.349851e-29
   47  106    5.404069e-28    1.300855e-29
   47  107    4.291539e-12   -9.622205e-21
   47  108    8.244402e-20    9.622204e-21
   47  109    6.599128e-12   -1.253468e-20
   47  110    1.073983e-19    1.253467e-20
   47  111    1.528379e-27    3.374135e-28
   48  107    2.865314e-29    6.897318e-31
   48  108    3.603379e-13   -2.934201e-22
   48  109    2.514053e-21    2.934201e-22
   48  110    1.909901e-11   -1.281215e-20
   48  111    4.587530e-12    4.711647e-21
   48  112    2.054442e-11   -2.065719e-21
   48  113    8.710521e-20    1.016622e-20
   48  114    3.413728e-11   -1.084741e-20
   48  115    9.294175e-20    1.084742e-20
   48  116    2.673547e-15   -5.485064e-25
   48  117    4.700416e-24    5.485948e-25
   49  109    1.667021e-29    4.012817e-31
   49  111    1.024916e-27    2.467155e-29
   49  112    1.908100e-28    4.593134e-30
   49  113    6.099931e-12   -1.840654e-20
   49  114    1.577090e-19    1.840653e-20
   49  115    4.982053e-27    7.010104e-28
   50  112    1.518501e-24   -1.286185e-33
   50  113    4.039609e-29    9.734263e-31
   50  114    1.053078e-13   -6.003967e-23
   50  115    5.384891e-12   -6.527155e-21
   50  116    3.958575e-11   -7.505527e-21
   50  117    8.542083e-12    6.357541e-21
   50  118    4.908861e-11   -2.870440e-21
   50  119    1.176970e-11    2.610314e-21
   50  120    6.577789e-11   -6.101749e-22
   50  121    7.373288e-20    8.605511e-21
   50  122    5.075922e-13   -4.029587e-23
   50  123    3.452658e-22    4.029666e-23
   50  124    5.881526e-14   -2.542871e-24
   50  125    2.178754e-23    2.542866e-24
   51  115    1.616211e-30    3.890506e-32
   51  116    8.597148e-29    2.069486e-30
   51  117    6.211334e-28    1.495178e-29
   51  118    1.449065e-28    3.488155e-30
   51  119    9.770411e-28    2.351911e-29
   51  120    1.335371e-28    3.214474e-30
   51  121    3.464278e-12   -5.187704e-21
   51  122    4.444877e-20    5.187704e-21
   51  123    8.946882e-14   -9.281217e-23
   51  124    7.952254e-22    9.281233e-23
   51  125    4.902240e-30    1.011222e-30
   52  120    1.000424e-30    6.398679e-43
   52  121    8.191616e-30    1.971867e-31
   52  122    9.020217e-12   -7.501455e-21
   52  123    3.001272e-12    1.631087e-21
   52  124    1.532908e-11   -1.544143e-21
   52  125    5.674406e-12    8.663917e-22
   52  126    2.620158e-11   -4.242112e-22
   52  127    5.973938e-20    6.972302e-21
   52  128    5.697728e-13   -6.663267e-23
   52  129    5.709166e-22    6.663281e-23
   52  130    1.846937e-12   -9.552967e-23
   52  131    8.185081e-22    9.552970e-23
   53  123    9.963289e-29    2.398341e-30
   53  124    2.441722e-29    5.877660e-31
   53  125    2.427817e-28    5.844188e-30
   53  126    1.655406e-29    3.984856e-31
   53  127    3.615706e-12   -5.051587e-21
   53  128    4.328251e-20    5.051587e-21
   53  129    3.116367e-28    6.794857e-29
   53  130    3.148424e-29    7.611475e-31
   53  131    1.569491e-30    3.783229e-32
   54  126    1.587975e-27    0.000000e+00
   54  127    2.317802e-29    5.579361e-31
   54  128    9.378976e-12   -7.480626e-21
   54  129    4.878037e-12    2.651340e-22
   54  130    1.462158e-11    1.378070e-21
   54  131    6.636401e-12   -1.399422e-23
   54  132    4.009275e-11   -7.940805e-22
   54  133    5.693926e-20    6.645493e-21
   54  134    1.269195e-13   -9.499147e-24
   54  135    8.139010e-23    9.499200e-24
   54  136    8.091666e-12   -2.955394e-23
   54  137    2.532152e-22    2.955324e-23
   55  129    5.891684e-29    1.418233e-30
   55  130    1.799142e-29    4.330853e-31
   55  131    1.297357e-28    3.122968e-30
   55  132    8.648140e-30    2.081761e-31
   55  133    4.580889e-12   -5.371344e-21
   55  134    4.602221e-20    5.371344e-21
   55  135    2.819673e-28    6.217685e-29
   55  136    5.729095e-29    1.394652e-30
   56  132    1.667374e-27    0.000000e+00
   56  133    1.487926e-29    3.581701e-31
   56  134    1.045219e-11   -6.324489e-21
   56  135    5.105868e-12    4.321776e-22
   56  136    3.449992e-11   -2.589838e-21
   56  137    4.228070e-11   -1.474760e-21
   56  138    3.979948e-10    4.326155e-21
   56  139    4.824480e-20    5.630746e-21
   56  140    1.091058e-29    2.409985e-30
   57  135    1.196844e-29    2.881015e-31
   57  136    2.325934e-30    5.598937e-32
   57  137    1.160259e-28    2.792949e-30
   57  138    1.768367e-28    1.440623e-29
   57  139    3.735397e-11   -4.554877e-21
   57  140    3.902664e-20    4.554877e-21
   57  141    4.831452e-29    1.067196e-29
   58  138    2.102341e-25   -1.543526e-34
   58  139    1.587440e-27    1.818952e-28
   58  140    9.289652e-11   -5.096505e-21
   58  141    4.367231e-20    5.097082e-21
   58  142    9.158812e-14   -8.785083e-24
   58  143    7.537485e-23    8.797148e-24
   59  141    7.804727e-12   -3.748411e-21
   59  142    3.211676e-20    3.748410e-21
   59  143    1.489205e-28    3.289390e-29
   60  142    1.831762e-11   -3.834273e-21
   60  143    3.281111e-12    7.230984e-22
   60  144    6.940442e-12    9.537425e-22
   60  145    1.586880e-12    8.031655e-22
   60  146    4.721180e-12    1.454755e-23
   60  147    1.147566e-20    1.339346e-21
   60  148    1.554713e-15   -3.550227e-25
   60  149    3.041926e-24    3.550292e-25
   60  150    2.527738e-21   -5.852002e-31
   60  151    5.029760e-30    5.870332e-31
   61  143    1.758508e-30    4.233042e-32
   61  145    1.559866e-30    3.754875e-32
   61  146    1.240167e-30    2.985303e-32
   61  147    6.506986e-28    8.481673e-29
   61  148    2.434465e-27    2.841310e-28
   62  144    3.536221e-20   -2.121242e-29
   62  145    1.817499e-28    2.121239e-29
   62  146    4.004709e-28    5.223660e-29
   62  147    7.486167e-13   -2.109518e-21
   62  148    2.697089e-12   -1.134982e-22
   62  149    4.961835e-13    1.264370e-21
   62  150    1.600679e-12   -1.805453e-22
   62  151    9.758874e-21    1.138978e-21
   62  152    2.626113e-13   -1.997887e-22
   62  153    1.711810e-21    1.997888e-22
   62  154    1.429177e-15   -7.547253e-25
   62  155    6.466615e-24    7.547314e-25
   63  151    1.722585e-13   -6.900096e-22
   63  152    5.912069e-21    6.900092e-22
   63  153    2.282013e-13   -6.615903e-22
   63  154    5.668573e-21    6.615903e-22
   63  155    1.327823e-28    2.932957e-29
   64  152    5.982799e-13   -1.083884e-21
   64  153    9.286798e-21    1.083881e-21
   64  154    7.795512e-13   -1.428509e-21
   64  155    2.575285e-13    4.961687e-22
   64  156    1.090206e-12   -6.602365e-22
   64  157    4.772724e-13    6.608143e-22
   64  158    2.906295e-12   -1.236115e-21
   64  159    1.857459e-20    2.167877e-21
   64  160    8.753711e-17   -4.375140e-26
   64  161    3.750114e-25    4.376832e-26
   65  159    3.705974e-13   -9.660058e-22
   65  160    8.276835e-21    9.660057e-22
   65  161    1.494608e-28    3.301366e-29
   66  156    1.026076e-30   -1.050974e-45
   66  158    8.864517e-14   -2.689625e-22
   66  159    2.304498e-21    2.689625e-22
   66  160    8.753711e-13   -1.649806e-21
   66  161    3.287108e-13    8.119518e-22
   66  162    1.358601e-12   -8.799889e-22
   66  163    2.448891e-13    1.296626e-21
   66  164    6.033045e-13    1.200318e-22
   66  165    2.580587e-21    3.011854e-22
   66  166    6.968434e-30    1.539224e-30
   67  165    4.844478e-13   -1.148740e-21
   67  166    9.842520e-21    1.148740e-21
   67  167    2.299083e-28    5.078332e-29
   68  164    6.710162e-13   -1.729647e-21
   68  165    1.481979e-20    1.729647e-21
   68  166    1.024531e-12   -1.471107e-21
   68  167    4.067593e-13    5.296736e-22
   68  168    1.667374e-12   -3.017810e-22
   68  169    1.065200e-20    1.243215e-21
   68  170    3.289630e-15   -1.436724e-24
   68  171    1.231021e-23    1.436749e-24
   69  169    5.321783e-13   -1.100007e-21
   69  170    9.424968e-21    1.100007e-21
   69  171    1.196603e-28    2.642738e-29
   69  172    2.369985e-29    2.766057e-30
   70  168    1.012334e-30   -1.050974e-45
   70  170    8.238787e-13   -1.583311e-21
   70  171    4.206462e-13    6.740856e-22
   70  172    1.395941e-12   -6.658634e-22
   70  173    6.939358e-13    4.571821e-22
   70  174    3.156511e-12   -3.929564e-22
   70  175    1.294524e-20    1.510864e-21
   70  176    1.591584e-15   -4.731704e-25
   70  177    4.054448e-24    4.732027e-25
   71  175    4.567651e-13   -9.978323e-22
   71  176    8.526427e-16    9.950844e-22
   71  177    2.354364e-23    2.747838e-24
   71  178    1.434286e-30    1.822694e-31
   72  176    1.193688e-12   -1.836772e-21
   72  177    3.950827e-13    8.351154e-22
   72  178    1.686108e-12   -6.862144e-22
   72  179    4.800918e-13    8.174854e-22
   72  180    2.773398e-12   -4.920202e-22
   72  181    1.167322e-20    1.362405e-21
   72  182    2.636493e-29    5.823622e-30
   73  179    3.558287e-30    4.640116e-31
   73  180    3.440347e-15   -1.449928e-23
   73  181    7.185366e-13   -1.177796e-21
   73  182    1.021570e-20    1.192295e-21
   73  183    9.404895e-29    2.077401e-29
   74  180    5.385616e-14   -1.172068e-22
   74  181    1.004240e-21    1.172068e-22
   74  182    1.813956e-12   -2.080537e-21
   74  183    9.293557e-13    7.675592e-22
   74  184    2.060656e-12   -9.186632e-23
   74  185    1.203685e-20    1.404844e-21
   74  186    8.067936e-14   -2.958570e-23
   74  187    2.534935e-22    2.958572e-23
   75  185    3.076980e-13   -7.951528e-22
   75  186    6.812949e-21    7.951527e-22
   75  187    6.954820e-15   -1.141044e-23
   75  188    9.776603e-23    1.141047e-23
   75  189    1.935713e-30    4.275701e-31
   76  186    1.075725e-12   -1.918686e-21
   76  187    5.077019e-13    6.370521e-22
   76  188    1.117495e-12    1.886008e-22
   76  189    3.858779e-13    3.272751e-22
   76  190    1.474309e-12   -7.023503e-23
   76  191    7.162864e-21    8.359920e-22
   76  192    3.121115e-14   -8.744731e-24
   76  193    7.492580e-23    8.744739e-24
   77  191    3.294590e-13   -7.972602e-22
   77  192    6.831006e-21    7.972602e-22
   77  193    3.208614e-13   -4.813995e-22
   77  194    4.124680e-21    4.813995e-22
   77  195    2.437788e-29    5.384711e-30
   78  190    1.000424e-30   -5.254869e-46
   78  192    1.094214e-12   -1.904050e-21
   78  193    1.631409e-20    1.904050e-21
   78  194    1.340775e-12   -1.203330e-21
   78  195    3.996566e-13    7.807806e-22
   78  196    2.342830e-12   -5.806242e-22
   78  197    8.595292e-21    1.003173e-21
   78  198    4.390750e-15   -7.002584e-25
   78  199    5.999912e-24    7.002616e-25
   79  197    7.109613e-13   -7.816941e-22
   79  198    6.697633e-21    7.816941e-22
   79  199    3.887408e-29    8.586706e-30
   80  196    1.378135e-17   -1.708494e-26
   80  197    1.463855e-25    1.708494e-26
   80  198    2.319165e-12   -1.381835e-21
   80  199    1.055724e-12    6.708683e-22
   80  200    3.396440e-12   -1.716590e-22
   80  201    1.493170e-12    6.277651e-22
   80  202    5.447854e-12   -3.640265e-22
   80  203    5.302684e-21    6.188867e-22
   80  204    8.827272e-14   -2.927898e-24
   80  205    2.508649e-23    2.927894e-24
   81  203    3.296964e-12   -8.591983e-22
   81  204    7.361698e-21    8.591983e-22
   81  205    2.532781e-13   -2.261423e-23
   81  206    1.937609e-22    2.261422e-23
   82  204    4.899136e-12   -8.645532e-22
   82  205    9.272223e-12   -4.110102e-22
   82  206    4.705878e-11   -1.714888e-21
   82  207    6.282857e-11    1.516830e-21
   82  208    1.298627e-10    1.313020e-21
   82  209    1.376018e-21    1.605978e-22
   83  209    3.106580e-12   -4.616015e-23
   83  210    3.955052e-22    4.616020e-23
    0    1    4.960807e-17   -5.314389e-22
    1    1    2.031165e-13   -3.335911e-14
    2    4    2.068209e-08   -2.204734e-13
