6.8820e-01
7.9123e-04
2.1073e+00
2.4824e+05
    1    2    5.427472e-22    5.308307e-23
    1    3    4.818688e-22    9.412458e-23
    2    3    3.381625e-21    6.734675e-22
    3    6    2.854676e-26    2.857860e-27
    3    7    4.430071e-27    5.078482e-28
    4    7    1.517925e-27    1.824178e-28
    4    9    1.596011e-27    1.848238e-28
    4   10    5.972410e-25    3.355594e-26
    5   10    1.300074e-21    9.037767e-23
    5   11    3.330189e-15    4.504689e-16
    5   12    7.729530e-25    1.187810e-25
    6   11    6.678498e-19    1.218482e-19
    6   12    7.718334e-04   -1.594557e-07
    6   13    6.710266e-10    2.490422e-12
    6   14    3.182328e-11    3.974499e-12
    6   15    1.460183e-25    2.419970e-26
    7   13    8.069849e-14    3.732134e-15
    7   14    1.764246e-09    2.219511e-10
    7   15    3.317039e-10    8.759203e-12
    7   16    1.992115e-21    1.146291e-22
    7   17    2.959900e-25    5.936847e-26
    8   14    5.437986e-18    3.348541e-19
    8   15    1.358700e-12    3.316065e-13
    8   16    4.584868e-02    1.920198e-06
    8   17    5.932980e-09    7.846803e-11
    8   18    3.149186e-10   -1.138319e-11
    8   19    1.848130e-17   -3.913093e-19
    8   20    6.982247e-23    2.136877e-24
    9   16    1.083454e-28    3.267015e-29
    9   17    8.711573e-15    5.363206e-16
    9   18    7.856869e-12    1.085987e-12
    9   19    3.225845e-10    3.723088e-11
    9   20    5.718746e-14    1.027257e-14
    9   21    2.659104e-18    6.680186e-19
    9   22    1.804964e-25    5.586103e-26
   10   18    3.873031e-21    3.304195e-22
   10   19    3.020291e-16    6.915466e-17
   10   20    8.342293e-03   -1.309304e-06
   10   21    2.160403e-05   -8.618941e-07
   10   22    2.941388e-06   -7.756771e-08
   10   23    4.007130e-11    1.288610e-12
   10   24    3.035783e-16    5.420327e-17
   10   25    1.515963e-23    2.875639e-24
   10   26    7.225526e-30    1.967314e-30
   11   20    7.941036e-26    2.078264e-26
   11   21    3.035685e-11    1.259524e-12
   11   22    9.008668e-08    7.237789e-09
   11   23    1.287734e-04   -1.935574e-06
   11   24    3.522233e-08    2.771941e-09
   11   25    4.077461e-12    6.664210e-13
   11   26    6.576698e-17    1.492989e-17
   11   27    1.252511e-21    3.828110e-22
   12   22    3.838571e-15    4.914246e-16
   12   23    2.526645e-08    1.035674e-09
   12   24    2.027049e-03    1.414077e-06
   12   25    4.415013e-04   -3.633670e-07
   12   26    2.703515e-04    1.127280e-06
   12   27    1.775691e-08    1.827979e-09
   12   28    1.836863e-12    3.539614e-13
   12   29    1.412552e-20    2.934307e-21
   12   30    1.801229e-25    5.269217e-26
   13   23    5.669362e-29    1.054462e-29
   13   24    1.704103e-18    1.465951e-19
   13   25    3.749221e-12    1.632867e-13
   13   26    1.288580e-04   -1.305092e-06
   13   27    2.036590e-04    3.157490e-07
   13   28    6.650596e-07    7.563448e-08
   13   29    1.129619e-09    1.600744e-10
   13   30    4.045073e-14    8.674488e-15
   13   31    2.029570e-18    6.086075e-19
   13   32    4.364776e-26    1.348605e-26
   14   25    1.852760e-25    2.102159e-26
   14   26    3.610829e-15    5.825692e-16
   14   27    1.659036e-07    1.406908e-08
   14   28    2.403844e-04    5.611161e-07
   14   29    6.807178e-05    3.562277e-07
   14   30    2.931328e-05    1.058348e-07
   14   31    2.157707e-09    2.506470e-10
   14   32    1.155328e-12    2.535629e-13
   14   33    6.961096e-19    1.591426e-19
   14   34    1.285056e-23    4.225910e-24
   15   27    1.314610e-27    2.775916e-28
   15   28    2.403780e-17    3.038045e-18
   15   29    4.476217e-12    1.547058e-13
   15   30    1.834920e-07   -3.382400e-09
   15   31    2.207300e-06    1.297926e-08
   15   32    1.674721e-09    2.048284e-10
   15   33    5.361173e-11    7.295054e-12
   15   34    7.347880e-15    1.660336e-15
   15   35    7.569808e-19    2.351297e-19
   15   36    1.158827e-27    3.768747e-28
   16   29    1.277797e-24    1.960813e-25
   16   30    3.668617e-15    6.723293e-16
   16   31    2.156660e-10   -6.566064e-12
   16   32    1.285122e-06    1.497331e-08
   16   33    2.961132e-08    1.071114e-09
   16   34    2.810256e-07    9.182647e-10
   16   35    6.313013e-11    7.401155e-12
   16   36    2.003504e-13    4.358632e-14
   16   37    7.710036e-20    1.765815e-20
   16   38    2.865801e-24    9.121870e-25
   17   31    8.667379e-29    2.049647e-29
   17   32    3.586422e-21    7.955404e-23
   17   33    1.555042e-15    8.385798e-17
   17   34    3.024035e-12    3.646512e-13
   17   35    1.101819e-08    1.029697e-10
   17   36    1.171206e-11    1.369954e-12
   17   37    1.899898e-13    3.225222e-14
   17   38    1.246958e-17    3.196330e-18
   17   39    4.236068e-21    1.433930e-21
   17   40    2.828148e-25    1.130146e-25
   17   41    4.554511e-29    2.964249e-29
   18   33    1.955029e-28    1.031349e-29
   18   34    4.634446e-20    4.093406e-21
   18   35    1.662932e-15    3.504292e-16
   18   36    8.603965e-10    2.045865e-12
   18   37    1.446460e-12    1.729354e-13
   18   38    2.772521e-10    1.427190e-12
   18   39    1.183952e-13    1.366109e-14
   18   40    5.790254e-14    7.066342e-15
   18   41    1.339632e-17    2.952163e-18
   18   42    2.493529e-21    7.701449e-22
   18   43    1.925322e-25    7.217780e-26
   18   44    1.064977e-29    9.904508e-30
   19   36    2.544835e-26    6.371157e-27
   19   37    1.028924e-19    5.111078e-21
   19   38    6.970131e-17    1.486692e-17
   19   39    4.264766e-12    6.728219e-14
   19   40    1.247030e-14    2.144641e-15
   19   41    3.989333e-15    8.843218e-16
   19   42    7.702167e-18    1.948103e-18
   19   43    4.199618e-16    5.887202e-17
   19   44    2.739249e-19    6.535096e-20
   19   45    1.894986e-22    6.144700e-23
   19   46    2.170783e-26    8.486810e-27
   19   47    4.267635e-27    1.145426e-27
   20   38    1.737046e-24    1.399473e-25
   20   39    9.423494e-21    2.842818e-21
   20   40    4.976958e-14    4.782044e-15
   20   41    1.162188e-15    2.734805e-16
   20   42    4.748929e-08   -1.729631e-11
   20   43    1.463744e-08    6.086067e-13
   20   44    7.035919e-08   -1.593952e-11
   20   45    8.166655e-11    9.238809e-12
   20   46    2.016095e-10   -4.213792e-14
   20   47    1.070451e-13    1.209133e-14
   20   48    2.276475e-09   -2.083214e-12
   20   49    4.558870e-14    2.944528e-16
   20   50    4.167846e-18    5.498887e-19
   20   51    1.046064e-24    1.478839e-25
   21   41    1.689416e-25    2.479494e-26
   21   42    3.207604e-21    8.635765e-22
   21   43    4.053797e-11    4.350899e-12
   21   44    2.163537e-11    2.562026e-12
   21   45    6.741592e-09    9.963979e-12
   21   46    4.669832e-11    5.281896e-12
   21   47    6.343633e-13    9.008035e-14
   21   48    1.343634e-11    1.739877e-12
   21   49    2.650206e-12    3.358568e-13
   21   50    3.390398e-16    7.382333e-17
   21   51    3.840821e-20    1.177719e-20
   21   52    2.733692e-25    8.623824e-26
   21   53    2.825089e-30    1.265225e-30
   22   43    2.763614e-25    9.184672e-26
   22   44    1.548732e-14    3.627335e-15
   22   45    1.020760e-13    1.545154e-14
   22   46    2.012057e-08   -9.475657e-12
   22   47    7.881222e-09    3.105111e-12
   22   48    1.436160e-08    6.600946e-14
   22   49    1.729578e-08   -4.890657e-12
   22   50    5.600030e-08   -3.389347e-12
   22   51    2.904186e-11    3.244348e-12
   22   52    8.459652e-15    1.801775e-15
   22   53    5.029785e-19    1.280575e-19
   22   54    4.015191e-23    1.383649e-23
   22   55    1.720200e-30    6.076588e-31
   23   45    1.953821e-24    5.331270e-25
   23   46    1.849334e-18    4.346262e-19
   23   47    7.785835e-12    8.632496e-13
   23   48    4.622704e-12    5.454760e-13
   23   49    2.992431e-11    3.986056e-12
   23   50    8.759820e-12    1.128400e-12
   23   51    4.922933e-09    2.827475e-12
   23   52    2.164999e-11    2.443325e-12
   23   53    1.521717e-14    3.237339e-15
   23   54    2.765395e-18    7.929023e-19
   23   55    1.246439e-21    4.601544e-22
   23   56    2.361483e-27    8.811672e-28
   24   46    2.898647e-30    1.022574e-30
   24   47    7.744376e-23    2.423807e-23
   24   48    3.125124e-16    6.983785e-17
   24   49    9.366364e-16    2.008992e-16
   24   50    9.437589e-13    1.865513e-15
   24   51    3.472391e-12    4.732716e-13
   24   52    5.567687e-08   -1.341135e-11
   24   53    1.078232e-08    4.673279e-12
   24   54    1.367379e-07   -2.029925e-11
   24   55    1.486122e-10    1.597686e-11
   24   56    7.591064e-14    1.591635e-14
   24   57    3.801590e-18    8.852122e-19
   24   58    8.071791e-22    2.632726e-22
   24   59    8.696198e-29    2.918990e-29
   25   49    2.356627e-25    6.089576e-26
   25   50    5.087388e-21    1.464482e-21
   25   51    1.159806e-16    1.246035e-17
   25   52    4.601694e-16    1.123555e-16
   25   53    1.792692e-11    2.370694e-12
   25   54    2.280792e-11    3.256716e-12
   25   55    3.445504e-08   -1.138191e-11
   25   56    1.352866e-10    1.523039e-11
   25   57    2.055957e-13    4.360233e-14
   25   58    8.602482e-17    2.545813e-17
   25   59    8.090289e-20    3.044390e-20
   25   60    4.469267e-24    1.757070e-24
   25   61    2.207873e-27    1.038442e-27
   26   51    7.196219e-26    2.628289e-26
   26   52    1.100505e-21    2.446840e-22
   26   53    4.465985e-20    1.314051e-20
   26   54    4.426202e-09   -2.296310e-12
   26   55    4.389112e-11    5.480126e-12
   26   56    1.763046e-06   -4.320230e-10
   26   57    9.963820e-07   -2.648502e-10
   26   58    5.167365e-06   -8.322529e-10
   26   59    1.133580e-08    1.264799e-09
   26   60    1.169396e-11    2.482091e-12
   26   61    1.588292e-15    4.070873e-16
   26   62    5.972093e-19    2.069012e-19
   26   63    3.665091e-24    1.297492e-24
   26   64    6.329533e-28    2.768241e-28
   27   54    8.857019e-26    3.228560e-26
   27   55    1.940933e-13    2.204516e-14
   27   56    2.880876e-15    6.336672e-16
   27   57    4.400216e-10    5.951375e-11
   27   58    1.650599e-10    2.246213e-11
   27   59    2.031265e-06   -3.802553e-10
   27   60    4.393513e-09    4.967463e-10
   27   61    1.665512e-11    3.540485e-12
   27   62    1.914278e-14    5.731333e-15
   27   63    3.625634e-17    1.373504e-17
   27   64    8.805957e-21    3.699047e-21
   27   65    1.030850e-23    5.029122e-24
   27   66    2.027026e-28    1.001591e-28
   28   56    4.788190e-19    1.096454e-19
   28   57    2.537308e-18    6.801197e-19
   28   58    6.150587e-10   -4.699271e-13
   28   59    1.743300e-10    2.455863e-11
   28   60    2.653403e-06   -1.630746e-09
   28   61    1.020371e-06    5.894576e-10
   28   62    2.263867e-06    5.488879e-10
   28   63    4.414952e-09    5.030464e-10
   28   64    1.387737e-06   -2.006486e-10
   28   65    1.734851e-09    1.809861e-10
   28   66    1.698734e-12    3.538914e-13
   28   67    2.592216e-16    7.049298e-17
   28   68    7.531377e-20    2.706001e-20
   28   69    1.648667e-25    6.058914e-26
   28   70    6.162529e-30    6.162523e-30
   29   58    1.908468e-26    5.641791e-27
   29   59    4.011372e-16    1.214772e-17
   29   60    2.715013e-15    6.285425e-16
   29   61    1.132089e-10    1.354805e-11
   29   62    9.219592e-11    1.148721e-11
   29   63    8.581352e-07   -1.541270e-09
   29   64    1.358595e-08    1.518157e-09
   29   65    1.068720e-06   -7.857155e-10
   29   66    7.247624e-09    8.101530e-10
   29   67    5.421850e-11    1.151295e-11
   29   68    6.783404e-14    1.930140e-14
   29   69    1.444205e-16    5.258599e-17
   29   70    5.509522e-21    2.037085e-21
   29   71    7.117394e-24    3.148351e-24
   29   72    6.100653e-29    2.716419e-29
   30   60    7.726274e-22    1.043857e-22
   30   61    2.523540e-20    8.201911e-21
   30   62    2.768928e-15    6.585618e-16
   30   63    1.653417e-14    2.744206e-15
   30   64    8.339163e-07   -9.786294e-10
   30   65    8.540460e-09    9.565919e-10
   30   66    1.294720e-06   -8.136172e-10
   30   67    2.861247e-07    2.597836e-10
   30   68    1.323592e-06    1.286675e-10
   30   69    3.774352e-09    4.057434e-10
   30   70    1.527697e-10    4.245145e-12
   30   71    2.109885e-13    1.243448e-14
   30   72    7.246729e-16    1.342576e-16
   30   73    1.177446e-19    2.481624e-20
   30   74    8.447706e-23    2.622149e-23
   30   75    6.610874e-28    2.104180e-28
   31   62    1.906537e-28    6.677339e-29
   31   63    4.007166e-23    1.072675e-23
   31   64    5.287554e-20    1.095013e-20
   31   65    1.240762e-11    7.198421e-13
   31   66    3.654098e-13    7.779558e-14
   31   67    1.320430e-10    1.771657e-11
   31   68    2.181916e-11    3.032994e-12
   31   69    1.562970e-07   -3.544207e-10
   31   70    3.271384e-09    3.598705e-10
   31   71    1.388757e-07   -1.714105e-10
   31   72    1.912221e-09    1.786591e-10
   31   73    2.324014e-11    4.667682e-12
   31   74    4.353205e-14    1.244514e-14
   31   75    1.247760e-16    4.606193e-17
   31   76    1.747533e-20    7.080249e-21
   31   77    3.824707e-23    1.822728e-23
   31   78    2.343674e-27    1.201658e-27
   32   64    1.808137e-29    6.433453e-30
   32   65    1.914191e-25    5.669153e-26
   32   66    1.831433e-16    3.457943e-17
   32   67    7.467236e-18    2.292155e-18
   32   68    5.100577e-15    1.277014e-15
   32   69    4.182677e-13    6.135832e-14
   32   70    2.255802e-07   -3.500785e-10
   32   71    3.064143e-09    3.428647e-10
   32   72    2.340313e-07   -2.352549e-10
   32   73    4.632194e-08    1.160389e-10
   32   74    1.754375e-07   -2.920852e-11
   32   75    1.408683e-09    1.538497e-10
   32   76    1.677295e-11    9.097765e-13
   32   77    5.416862e-14    5.959024e-15
   32   78    1.289882e-16    2.683579e-17
   32   79    3.840968e-20    1.032807e-20
   32   80    1.986236e-23    7.062905e-24
   32   81    1.471133e-28    5.331621e-29
   33   67    3.092299e-25    6.910553e-26
   33   68    2.599292e-24    8.600578e-25
   33   69    6.804547e-21    1.926725e-21
   33   70    7.248749e-18    1.754317e-18
   33   71    9.597284e-12    1.212034e-12
   33   72    3.349374e-13    7.433175e-14
   33   73    2.027155e-11    2.737283e-12
   33   74    1.148608e-12    1.838080e-13
   33   75    1.870498e-08   -1.405680e-10
   33   76    1.297068e-09    1.383096e-10
   33   77    1.912444e-11    3.980213e-12
   33   78    7.320160e-14    2.151739e-14
   33   79    8.662974e-16    3.244789e-16
   33   80    1.108412e-18    4.899971e-19
   33   81    4.060393e-21    2.053629e-21
   33   82    3.209515e-25    1.662892e-25
   33   83    2.402307e-28    2.402305e-28
   34   69    1.185705e-29    4.926756e-30
   34   70    4.776909e-25    1.700654e-25
   34   71    1.347424e-22    4.125732e-23
   34   72    2.015037e-16    5.016298e-17
   34   73    1.300185e-17    3.912800e-18
   34   74    5.973794e-16    1.512461e-16
   34   75    8.814045e-13    1.174119e-13
   34   76    4.850762e-08   -1.545853e-10
   34   77    1.869341e-08    5.393148e-11
   34   78    7.061994e-08    2.387434e-11
   34   79    6.581662e-10    7.405178e-11
   34   80    4.224427e-09   -6.534424e-13
   34   81    2.474693e-11    2.771532e-12
   34   82    3.272700e-12    2.183000e-14
   34   83    3.190403e-15    2.702703e-16
   34   84    5.553230e-18    1.089409e-18
   34   85    7.217431e-24    1.471553e-24
   34   86    4.715694e-28    1.277718e-28
   35   72    9.496096e-30    3.129932e-30
   35   73    5.828484e-23    1.626737e-23
   35   74    8.585281e-23    3.210097e-23
   35   75    3.275769e-20    9.001223e-21
   35   76    1.602013e-17    3.764783e-18
   35   77    1.888863e-12    2.535261e-13
   35   78    3.698855e-13    5.224349e-14
   35   79    7.719316e-09   -6.828966e-11
   35   80    6.068617e-10    6.413117e-11
   35   81    6.995831e-09   -2.894101e-11
   35   82    2.932148e-10    3.192552e-11
   35   83    6.858977e-12    1.440421e-12
   35   84    2.818512e-14    8.380425e-15
   35   85    1.524356e-16    5.751314e-17
   35   86    1.567730e-21    5.968979e-22
   35   87    3.826377e-25    1.694079e-25
   36   74    2.359321e-28    8.703466e-29
   36   75    4.383596e-28    1.972418e-28
   36   76    3.746529e-23    1.289291e-23
   36   77    4.744165e-20    1.257233e-20
   36   78    2.642430e-17    6.697126e-18
   36   79    5.315750e-14    7.253885e-15
   36   80    2.036344e-08   -1.001862e-10
   36   81    8.601013e-10    9.270414e-11
   36   82    5.035541e-08   -8.307433e-11
   36   83    1.602118e-08    3.905686e-11
   36   84    5.840639e-08    1.939241e-11
   36   85    2.769561e-10    3.160669e-11
   36   86    4.650861e-10    2.172825e-13
   36   87    8.854371e-14    4.001954e-15
   36   88    1.195440e-16    2.018628e-17
   36   89    1.170341e-21    2.028264e-22
   36   90    3.541123e-25    9.173621e-26
   37   77    8.633650e-30    3.218467e-30
   37   78    6.897786e-26    2.133733e-26
   37   79    2.148440e-22    6.517009e-23
   37   80    3.677436e-19    8.839310e-20
   37   81    2.980535e-13    3.868341e-14
   37   82    2.308869e-14    5.145654e-15
   37   83    1.002571e-12    1.356877e-13
   37   84    1.313092e-13    2.093798e-14
   37   85    8.228217e-09   -2.630404e-11
   37   86    2.312283e-10    2.561127e-11
   37   87    6.222487e-11    8.011124e-13
   37   88    1.099849e-13    8.685844e-15
   37   89    5.190581e-16    9.833658e-17
   37   90    9.318574e-20    1.779884e-20
   37   91    2.098884e-22    5.442784e-23
   37   92    5.578088e-28    1.466567e-28
   38   80    1.099609e-25    3.886112e-26
   38   81    1.437802e-22    3.886381e-23
   38   82    1.717319e-18    4.336250e-19
   38   83    3.703670e-19    1.067622e-19
   38   84    6.765289e-18    1.741198e-18
   38   85    4.282484e-14    5.845079e-15
   38   86    1.961443e-08   -1.841470e-11
   38   87    1.267471e-08    2.865275e-12
   38   88    3.421042e-08    1.208498e-11
   38   89    3.023375e-11    3.400555e-12
   38   90    3.540792e-14    7.601076e-15
   38   91    2.585387e-17    6.738737e-18
   38   92    3.605488e-20    1.259548e-20
   38   93    2.433782e-24    8.660089e-25
   38   94    1.673603e-27    7.303735e-28
   39   82    8.654185e-29    2.738030e-29
   39   83    2.414678e-24    7.958669e-25
   39   84    7.876152e-25    2.889691e-25
   39   85    1.832430e-22    5.125603e-23
   39   86    2.206911e-19    5.114988e-20
   39   87    1.329962e-13    1.745863e-14
   39   88    9.168559e-14    1.305657e-14
   39   89    5.033007e-09   -1.597352e-12
   39   90    1.407297e-11    1.582431e-12
   39   91    2.056962e-13    4.382126e-14
   39   92    9.759979e-16    2.824753e-16
   39   93    1.209474e-17    4.489372e-18
   39   94    3.540514e-20    1.447446e-20
   39   95    1.375308e-22    6.452515e-23
   39   96    5.945891e-27    2.808880e-27
   40   84    2.909353e-30    1.248051e-30
   40   85    1.293796e-30    6.329335e-31
   40   86    1.135589e-25    3.874481e-26
   40   87    2.016517e-22    5.461839e-23
   40   88    4.075331e-19    1.032960e-19
   40   89    1.162072e-16    1.809172e-17
   40   90    2.216082e-09   -7.958122e-13
   40   91    5.727931e-10    2.391130e-13
   40   92    6.571820e-10    7.226808e-13
   40   93    1.909835e-10   -3.508836e-13
   40   94    4.134086e-10   -5.974322e-14
   40   95    2.287595e-12    2.440024e-13
   40   96    7.794186e-13    2.155891e-15
   40   97    8.300461e-17    4.088584e-20
   40   98    1.376131e-19    1.097142e-20
   40   99    8.466937e-26    7.723532e-27
   41   88    1.997475e-28    7.067620e-29
   41   89    3.893853e-25    1.364372e-25
   41   90    2.424835e-22    6.092004e-23
   41   91    6.195827e-15    8.568818e-16
   41   92    1.058917e-15    1.588629e-16
   41   93    7.140975e-14   -1.549033e-17
   41   94    2.846958e-15    3.349186e-16
   41   95    2.658297e-16    4.136277e-17
   41   96    6.097663e-18    1.311456e-18
   41   97    2.077911e-19    5.311901e-20
   41   98    1.479527e-22    3.757532e-23
   41   99    1.680431e-24    5.192987e-25
   41  100    7.083121e-29    2.195933e-29
   42   91    8.147987e-26    2.284091e-26
   42   92    3.758414e-17   -3.648961e-20
   42   93    6.502873e-19    8.401389e-20
   42   94    1.976113e-13    9.275618e-15
   42   95    3.436698e-11   -1.504414e-13
   42   96    8.324318e-11    1.260325e-13
   42   97    2.479965e-11   -1.208226e-13
   42   98    7.640986e-11    1.330935e-13
   42   99    2.490702e-13    1.823036e-15
   42  100    8.609615e-15    9.857600e-16
   42  101    3.459347e-18    4.012209e-19
   42  102    1.881484e-20    3.900903e-21
   42  103    3.289881e-24    6.964910e-25
   42  104    1.271648e-26    3.785448e-27
   43   93    3.572496e-23    4.765872e-24
   43   94    2.791034e-23    5.734478e-24
   43   95    9.688458e-18    1.386811e-18
   43   96    2.146404e-17    2.906139e-18
   43   97    9.337877e-17    1.296456e-17
   43   98    3.331878e-17    5.079531e-18
   43   99    2.582373e-13   -6.488672e-16
   43  100    1.389298e-14    5.296648e-16
   43  101    7.351416e-16    1.225969e-16
   43  102    1.403632e-18    2.445707e-19
   43  103    3.766821e-20    1.058196e-20
   43  104    4.063296e-23    1.184411e-23
   43  105    5.838436e-25    2.228138e-25
   43  106    5.558656e-29    2.141929e-29
   44   94    1.616062e-29    4.188724e-30
   44   95    1.164434e-25    3.216144e-26
   44   96    7.939771e-24    2.079557e-24
   44   97    4.921457e-22    1.344977e-22
   44   98    8.456589e-15    1.105622e-15
   44   99    7.537522e-12   -5.913019e-14
   44  100    3.377938e-11   -1.377041e-14
   44  101    6.664842e-12   -4.089821e-14
   44  102    1.026413e-12    1.109426e-13
   44  103    8.873268e-15    1.698666e-15
   44  104    1.536603e-16    4.386669e-17
   44  105    4.690962e-19    1.521909e-19
   44  106    2.848619e-21    1.150550e-21
   44  107    1.056218e-24    4.376670e-25
   44  108    6.381302e-27    3.312128e-27
   45   97    1.634027e-30    6.033871e-31
   45   98    3.739406e-26    1.054369e-26
   45   99    7.320888e-19    1.045561e-19
   45  100    1.846126e-18    2.406511e-19
   45  101    1.721653e-17    2.437765e-18
   45  102    4.376575e-17    6.199885e-18
   45  103    6.639101e-12   -7.299492e-14
   45  104    7.670516e-13    6.087430e-14
   45  105    6.187057e-14    1.184667e-14
   45  106    9.964590e-16    2.437425e-16
   45  107    4.030316e-17    1.361361e-17
   45  108    1.985575e-19    7.225057e-20
   45  109    5.169753e-21    2.288054e-21
   45  110    5.752649e-24    2.568747e-24
   45  111    5.642881e-26    2.933365e-26
   46   99    5.500069e-28    1.536172e-28
   46  100    2.828515e-25    7.346689e-26
   46  101    8.401269e-25    2.246327e-25
   46  102    4.758719e-21    1.297079e-21
   46  103    1.014188e-17    1.571659e-18
   46  104    2.032984e-11   -9.227206e-14
   46  105    4.782897e-12   -1.894970e-14
   46  106    2.294477e-11    3.840505e-14
   46  107    6.142769e-13    5.533592e-14
   46  108    2.469304e-11   -7.300864e-15
   46  109    3.941240e-13    2.288537e-14
   46  110    2.057564e-14    1.901135e-15
   46  111    3.289827e-17    2.976932e-18
   46  112    7.772421e-19    1.334221e-19
   46  113    1.434710e-22    2.483167e-23
   46  114    1.398449e-24    3.675634e-25
   46  115    4.704933e-29    1.249687e-29
   47  103    2.853986e-25    8.123314e-26
   47  104    1.897788e-21    3.099811e-22
   47  105    4.657442e-18    6.261663e-19
   47  106    1.262291e-17    1.780616e-18
   47  107    3.699141e-12   -6.038056e-14
   47  108    5.276347e-13    4.748427e-14
   47  109    5.995027e-12   -3.241698e-14
   47  110    5.677281e-13    2.767081e-14
   47  111    9.915772e-14    1.721450e-14
   47  112    1.768401e-15    3.902694e-16
   47  113    6.510620e-17    2.087431e-17
   47  114    8.742726e-20    2.847884e-20
   47  115    1.523016e-21    6.247293e-22
   47  116    1.804657e-25    7.391909e-26
   47  117    1.459474e-27    1.459474e-27
   48  104    3.563042e-29    1.042183e-29
   48  105    1.271605e-26    3.438921e-27
   48  106    2.784329e-23    7.239626e-24
   48  107    2.754891e-19    3.759120e-20
   48  108    3.493219e-13   -1.243860e-15
   48  109    1.014208e-14    1.059300e-15
   48  110    1.861950e-11   -5.202297e-14
   48  111    4.477838e-12   -1.404833e-14
   48  112    2.062877e-11    1.624347e-14
   48  113    4.689655e-13    4.250674e-14
   48  114    3.380936e-11   -1.278869e-14
   48  115    3.519163e-13    1.803184e-14
   48  116    1.554115e-14    2.271397e-15
   48  117    2.827627e-17    4.630018e-18
   48  118    4.092139e-19    9.992803e-20
   48  119    7.817218e-23    1.928198e-23
   48  120    5.446099e-25    1.771053e-25
   48  121    3.576346e-29    1.180122e-29
   49  107    1.143665e-28    3.180278e-29
   49  108    5.648881e-25    9.551941e-26
   49  109    2.960547e-20    3.809055e-21
   49  110    7.179943e-21    1.443457e-21
   49  111    2.431404e-18    3.513678e-19
   49  112    2.514931e-17    3.555240e-18
   49  113    5.404854e-12   -7.145040e-14
   49  114    6.026309e-13    5.316937e-14
   49  115    8.838166e-14    1.721227e-14
   49  116    3.788859e-15    9.843081e-16
   49  117    2.173845e-16    7.586379e-17
   49  118    2.668709e-18    1.004456e-18
   49  119    7.306694e-20    3.306963e-20
   49  120    2.212227e-22    1.026541e-22
   49  121    3.593768e-24    1.903154e-24
   49  122    2.174230e-27    1.159999e-27
   50  110    1.052573e-27    2.769716e-28
   50  111    4.982074e-27    1.373186e-27
   50  112    8.258289e-23    1.819460e-23
   50  113    2.049346e-19    2.775971e-20
   50  114    1.153971e-13    1.367894e-15
   50  115    5.075588e-12   -3.466165e-14
   50  116    3.949694e-11   -8.769901e-15
   50  117    8.506170e-12   -6.206330e-15
   50  118    5.005130e-11    1.140828e-13
   50  119    1.077870e-11   -1.152983e-13
   50  120    6.588578e-11    1.428291e-14
   50  121    3.399611e-13    3.428889e-14
   50  122    5.107413e-13    8.017065e-16
   50  123    1.272507e-15    1.170217e-16
   50  124    5.874457e-14   -6.075580e-18
   50  125    5.798198e-17    4.758294e-18
   50  126    2.263971e-19    4.431425e-20
   50  127    6.998895e-23    1.776218e-23
   50  128    5.633071e-26    1.949726e-26
   51  113    7.103964e-30    2.018945e-30
   51  114    5.919389e-27    1.387575e-27
   51  115    8.817485e-21    1.269058e-21
   51  116    1.794562e-19    2.265373e-20
   51  117    1.783594e-18    2.400629e-19
   51  118    5.296357e-19    9.397679e-20
   51  119    7.472787e-18    1.560204e-18
   51  120    5.117857e-17    7.120671e-18
   51  121    3.220187e-12   -2.088571e-14
   51  122    2.246515e-13    1.716085e-14
   51  123    1.056806e-13    3.421895e-15
   51  124    3.058742e-15    2.721509e-16
   51  125    1.165901e-16    2.281694e-17
   51  126    8.757258e-19    2.050370e-19
   51  127    1.082396e-20    3.562662e-21
   51  128    1.487827e-23    5.242769e-24
   51  129    6.966599e-26    3.027450e-26
   52  116    1.130713e-27    2.999609e-28
   52  117    3.214902e-27    8.336332e-28
   52  118    4.198712e-26    1.125546e-26
   52  119    2.808223e-26    9.548528e-27
   52  120    9.541729e-20    2.558773e-20
   52  121    1.210356e-17    1.880091e-18
   52  122    8.755057e-12   -2.851309e-14
   52  123    2.710061e-12   -3.169973e-14
   52  124    1.625177e-11    1.009408e-13
   52  125    4.760542e-12   -9.782596e-14
   52  126    2.646059e-11    2.888225e-14
   52  127    2.820728e-13    2.689762e-14
   52  128    5.731526e-13    1.113921e-15
   52  129    3.953666e-15    3.310186e-16
   52  130    1.842874e-12   -3.771615e-16
   52  131    3.165539e-15    2.456009e-16
   52  132    1.139621e-17    2.194198e-18
   52  133    4.802700e-21    1.276969e-21
   52  134    2.078247e-24    7.385929e-25
   53  121    6.568146e-25    1.795920e-25
   53  122    2.556492e-22    4.112443e-23
   53  123    4.331073e-19    5.712401e-20
   53  124    1.180062e-19    2.124361e-20
   53  125    6.590892e-18    1.556891e-18
   53  126    7.565033e-17    1.042230e-17
   53  127    3.334962e-12   -2.459373e-14
   53  128    2.672153e-13    2.196557e-14
   53  129    1.324279e-14    2.563300e-15
   53  130    2.016279e-16    5.197863e-17
   53  131    3.160772e-18    1.098682e-18
   53  132    1.220351e-20    4.920457e-21
   53  133    6.013770e-23    2.852635e-23
   53  134    7.316031e-26    3.857820e-26
   53  135    1.361140e-29    3.676290e-30
   54  122    2.198308e-30    6.408870e-31
   54  123    4.222498e-28    1.162425e-28
   54  124    6.749227e-27    1.817667e-27
   54  125    1.540974e-25    5.773708e-26
   54  126    3.049431e-19    8.160031e-20
   54  127    4.903338e-17    7.506422e-18
   54  128    9.178225e-12   -2.058288e-14
   54  129    4.457189e-12   -4.720123e-14
   54  130    1.565896e-11    1.169407e-13
   54  131    5.877298e-12   -8.587895e-14
   54  132    4.007400e-11   -6.081925e-16
   54  133    3.579632e-13    3.647494e-14
   54  134    1.308599e-13    8.678323e-16
   54  135    3.650139e-15    4.881737e-16
   54  136    8.088144e-12   -5.082164e-16
   54  137    6.803379e-19    9.646185e-21
   54  138    8.588229e-24    9.554116e-26
   55  126    1.084212e-30    4.190660e-31
   55  127    5.081836e-24    1.357157e-24
   55  128    1.004596e-21    1.563800e-22
   55  129    3.428043e-19    4.649656e-20
   55  130    9.796771e-20    1.638907e-20
   55  131    2.108107e-17    5.174706e-18
   55  132    2.546344e-16    3.421194e-17
   55  133    4.296344e-12   -2.848391e-14
   55  134    2.667409e-13    2.490508e-14
   55  135    1.738730e-14    3.498194e-15
   55  136    1.416266e-16    4.108115e-17
   55  137    9.978619e-19    3.705081e-19
   55  138    2.978108e-25    1.125989e-25
   55  139    3.248247e-29    1.500875e-29
   56  128    3.478378e-30    1.003993e-30
   56  129    5.803333e-28    1.599979e-28
   56  130    9.759751e-27    3.404987e-27
   56  131    1.929566e-24    7.319306e-25
   56  132    1.414845e-18    3.751763e-19
   56  133    1.330440e-16    2.000681e-17
   56  134    1.029859e-11   -1.557711e-14
   56  135    4.831493e-12   -3.185399e-14
   56  136    3.555292e-11    1.311999e-13
   56  137    4.117027e-11   -1.377524e-13
   56  138    3.984786e-10    5.395766e-14
   56  139    1.564152e-15    9.845081e-18
   56  140    1.288547e-18    1.407138e-20
   56  141    3.086457e-24    5.855661e-26
   56  142    4.805779e-28    7.837577e-30
   57  132    5.426841e-30    2.082499e-30
   57  133    7.409554e-24    1.978104e-24
   57  134    1.227326e-21    1.892672e-22
   57  135    2.106130e-19    2.897258e-20
   57  136    7.675686e-20    1.348468e-20
   57  137    1.147913e-18    2.221037e-19
   57  138    3.797071e-17    5.832154e-18
   57  139    3.735276e-11   -7.770311e-18
   57  140    1.166759e-15    2.515230e-18
   57  141    5.245674e-18    9.653068e-20
   57  142    6.732497e-23    1.436630e-24
   57  143    8.762912e-26    1.554282e-27
   58  134    7.454927e-30    2.136749e-30
   58  135    3.396796e-28    9.351781e-29
   58  136    1.956584e-27    7.968285e-28
   58  137    1.008176e-24    3.829593e-25
   58  138    9.639190e-19    2.590636e-19
   58  139    4.961813e-16    7.732846e-17
   58  140    9.293463e-11    6.384758e-15
   58  141    1.942055e-14   -7.380078e-18
   58  142    7.389963e-14   -2.112583e-15
   58  143    5.324365e-18   -1.464921e-19
   58  144    3.529263e-20    7.183262e-22
   58  145    1.710224e-25    4.620161e-27
   58  146    4.445144e-28    2.016987e-29
   59  138    4.878512e-26    1.857455e-26
   59  139    7.554675e-20    2.009470e-20
   59  140    4.252913e-17    6.477703e-18
   59  141    7.790195e-12   -3.618359e-17
   59  142    1.390142e-14   -4.030321e-17
   59  143    5.866757e-16    6.981131e-17
   59  144    1.672789e-19    1.944670e-20
   59  145    4.114027e-21    7.701522e-22
   59  146    3.162522e-26    6.015561e-27
   60  139    8.146491e-28    3.211977e-28
   60  140    6.186904e-21    1.732302e-21
   60  141    1.517021e-17    2.449695e-18
   60  142    1.981714e-11    1.362326e-13
   60  143    1.874320e-12   -1.164411e-13
   60  144    9.310140e-12    1.128746e-13
   60  145    1.760553e-13   -3.517752e-15
   60  146    3.650394e-12   -1.308545e-13
   60  147    6.042008e-16   -2.303547e-17
   60  148    1.266626e-16   -3.491407e-17
   60  149    5.685238e-21   -1.548490e-21
   60  150    2.715230e-21   -4.233364e-23
   60  151    3.268463e-25   -5.700932e-27
   60  152    6.540024e-27    6.820091e-28
   61  141    1.338928e-27    3.875737e-28
   61  142    1.149620e-23    2.031217e-24
   61  143    3.139374e-19    1.127506e-19
   61  144    2.286799e-19    6.537131e-20
   61  145    1.878600e-17    4.163752e-18
   61  146    2.079368e-18    2.396754e-19
   61  147    8.957639e-17    7.359131e-18
   61  148    1.197033e-19    9.212372e-21
   61  149    3.597733e-20    2.013216e-21
   61  150    1.112008e-23    5.783972e-25
   61  151    1.902844e-23    2.252543e-24
   61  152    9.612174e-27    1.089811e-27
   61  153    1.713335e-27    3.635974e-28
   62  142    1.064107e-29    6.038066e-30
   62  143    5.737235e-25    2.403015e-25
   62  144    3.597444e-17    1.091126e-17
   62  145    1.636806e-15    3.117911e-16
   62  146    6.062036e-13    2.983101e-14
   62  147    1.527999e-13   -1.728401e-14
   62  148    3.992686e-12    8.157332e-14
   62  149    7.091919e-14   -4.470591e-15
   62  150    7.468863e-13   -8.521650e-14
   62  151    2.231738e-15   -1.842284e-16
   62  152    2.114357e-13   -7.049444e-15
   62  153    6.571805e-16   -2.664158e-17
   62  154    1.711396e-15    1.129286e-17
   62  155    1.879068e-18    2.756997e-22
   62  156    4.067911e-20    4.290178e-21
   62  157    2.454359e-24    2.565260e-25
   62  158    1.035340e-26    1.147753e-27
   63  145    1.310564e-22    6.455306e-23
   63  146    3.411831e-21    1.414928e-21
   63  147    3.600177e-18    1.146721e-18
   63  148    4.763938e-18    1.065420e-18
   63  149    1.744951e-15    2.542968e-16
   63  150    1.292033e-16    5.515309e-18
   63  151    1.624764e-13   -5.790068e-16
   63  152    2.411438e-15   -3.851770e-17
   63  153    2.208743e-13   -4.708628e-16
   63  154    3.963071e-15   -6.164975e-17
   63  155    8.679116e-15    8.700231e-16
   63  156    5.753119e-17    5.205431e-18
   63  157    4.176713e-18    8.027744e-19
   63  158    1.396465e-21    2.636582e-22
   63  159    4.062568e-23    9.358508e-24
   63  160    9.034124e-28    2.089214e-28
   64  146    1.156945e-26    6.711075e-27
   64  147    2.790546e-24    1.362630e-24
   64  148    2.849185e-20    1.132663e-20
   64  149    5.091801e-19    1.563340e-19
   64  150    5.817517e-16    1.137342e-16
   64  151    6.140696e-16    4.402665e-17
   64  152    4.902243e-13   -8.707866e-15
   64  153    2.626948e-14   -5.933814e-16
   64  154    9.358129e-13    3.269599e-15
   64  155    6.063931e-14   -3.692057e-16
   64  156    1.952542e-12    5.674005e-14
   64  157    8.587093e-14    8.667084e-16
   64  158    2.549246e-12   -5.131578e-14
   64  159    5.988585e-15   -1.716610e-16
   64  160    4.322609e-16    3.110305e-17
   64  161    1.025489e-19    7.008662e-21
   64  162    1.093213e-21    1.341379e-22
   64  163    3.072107e-26    3.792970e-27
   65  149    3.311511e-30    1.402067e-30
   65  150    3.576818e-28    1.078591e-28
   65  151    1.897735e-24    3.931288e-25
   65  152    1.408484e-24    1.292181e-25
   65  153    4.101845e-22    5.913829e-23
   65  154    9.529036e-23    2.037788e-23
   65  155    3.063649e-19    1.160296e-19
   65  156    9.040065e-19    2.572618e-19
   65  157    2.605604e-15    4.876249e-16
   65  158    1.789904e-15    1.155993e-16
   65  159    3.539409e-13   -7.730568e-16
   65  160    5.104512e-15   -7.585509e-17
   65  161    7.130723e-15    2.445510e-16
   65  162    2.333588e-17    6.316041e-19
   65  163    1.215787e-18    1.326200e-19
   65  164    2.280938e-22    2.453399e-23
   65  165    1.565698e-24    1.755174e-25
   65  166    4.247368e-29    4.744141e-30
   66  153    1.443154e-28    7.261246e-29
   66  154    4.917661e-24    2.047343e-24
   66  155    7.031034e-23    2.315630e-23
   66  156    3.118654e-18    6.691757e-19
   66  157    1.326928e-17    1.455413e-18
   66  158    6.899173e-14   -9.303867e-16
   66  159    1.776843e-14    5.978225e-16
   66  160    1.142068e-12    9.426992e-15
   66  161    7.764683e-14    3.864887e-17
   66  162    1.821902e-12    2.046292e-14
   66  163    3.357854e-14   -8.953525e-16
   66  164    3.373544e-13   -2.868537e-14
   66  165    1.903228e-16   -1.734390e-17
   66  166    5.348629e-18    8.382226e-20
   66  167    2.904018e-22    4.384013e-24
   66  168    1.633095e-24    2.883678e-26
   66  169    2.838658e-29    5.278545e-31
   67  157    1.558878e-27    4.573559e-28
   67  158    5.961900e-26    9.067317e-27
   67  159    1.570060e-22    6.491851e-23
   67  160    5.067348e-22    1.968869e-22
   67  161    7.341175e-18    2.268936e-18
   67  162    5.391746e-18    1.113641e-18
   67  163    1.023303e-14    1.462829e-15
   67  164    6.380135e-16    6.207092e-17
   67  165    4.717071e-13   -1.528192e-15
   67  166    1.558763e-15   -2.091355e-17
   67  167    2.983251e-16    2.084749e-17
   67  168    1.268889e-19    8.190070e-21
   67  169    3.105693e-21    2.835465e-22
   67  170    1.897182e-25    1.688878e-26
   67  171    4.951330e-28    4.391325e-29
   68  159    1.542293e-27    7.658188e-28
   68  160    2.236072e-22    9.102979e-23
   68  161    7.128051e-21    2.258724e-21
   68  162    1.354498e-16    2.682950e-17
   68  163    2.629637e-16    2.853879e-17
   68  164    5.598479e-13   -1.437717e-15
   68  165    9.602430e-14   -3.869701e-16
   68  166    2.138831e-12    8.949890e-14
   68  167    1.211624e-13   -3.868314e-15
   68  168    8.540400e-13   -8.351872e-14
   68  169    2.158424e-15   -2.332999e-16
   68  170    5.130643e-16   -1.084078e-16
   68  171    1.697369e-19   -3.696835e-20
   68  172    4.446005e-21   -5.252170e-22
   68  173    1.385097e-25   -1.616103e-26
   68  174    9.411377e-29   -1.202162e-29
   69  162    9.912185e-30    4.811588e-30
   69  163    1.176470e-24    6.125090e-25
   69  164    1.370030e-23    6.336499e-24
   69  165    4.066276e-19    1.583427e-19
   69  166    1.507989e-18    4.469591e-19
   69  167    5.195898e-15    1.012689e-15
   69  168    5.060141e-15    3.667536e-16
   69  169    4.998603e-13   -1.167773e-15
   69  170    1.145369e-14   -2.038625e-16
   69  171    1.058175e-14   -8.191988e-18
   69  172    2.339363e-17   -2.818071e-19
   69  173    1.446972e-18    1.045414e-19
   69  174    4.648915e-22    3.216030e-23
   69  175    5.434045e-25    3.175771e-26
   69  176    1.489431e-29    8.966159e-31
   70  165    1.898490e-25    9.583623e-26
   70  166    9.823925e-21    4.091888e-21
   70  167    2.123083e-19    6.974838e-20
   70  168    1.632912e-15    3.497413e-16
   70  169    2.481882e-15    2.901051e-16
   70  170    1.166404e-12    2.630562e-14
   70  171    1.708060e-13    2.954631e-15
   70  172    3.404394e-12    1.351888e-13
   70  173    1.799656e-13   -9.626277e-15
   70  174    1.565900e-12   -1.553305e-13
   70  175    1.036317e-15   -1.104758e-16
   70  176    1.990469e-17   -2.554610e-18
   70  177    4.299201e-21   -5.732427e-22
   70  178    7.016694e-23   -1.212906e-23
   70  179    1.188300e-28   -1.961766e-29
   71  168    7.063578e-27    4.175667e-27
   71  169    5.016979e-22    2.619727e-22
   71  170    3.545026e-21    1.591981e-21
   71  171    2.350988e-17    8.510981e-18
   71  172    6.323610e-17    1.658830e-17
   71  173    2.475971e-14    4.097886e-15
   71  174    8.838471e-15    3.272145e-16
   71  175    4.217828e-13   -4.394724e-15
   71  176    1.915503e-15   -4.405960e-17
   71  177    2.343960e-16   -1.132838e-17
   71  178    2.186757e-19   -1.288624e-20
   71  179    7.642858e-21   -5.249897e-22
   71  180    1.367770e-24   -9.873853e-26
   71  181    7.808869e-28   -6.570825e-29
   72  169    5.109861e-29    3.278950e-29
   72  170    7.856536e-24    4.505554e-24
   72  171    3.726764e-22    1.897205e-22
   72  172    3.615713e-18    1.532532e-18
   72  173    4.355137e-17    1.460351e-17
   72  174    3.889706e-14    8.722030e-15
   72  175    2.059519e-14    2.483465e-15
   72  176    5.816286e-12    1.833584e-13
   72  177    1.439883e-13   -1.475312e-14
   72  178    4.711928e-13   -1.543968e-13
   72  179    6.531071e-15   -3.665931e-15
   72  180    3.067781e-14   -2.177433e-14
   72  181    1.299234e-17   -9.332622e-18
   72  182    9.273579e-20   -6.935827e-20
   72  183    2.628006e-24   -1.973955e-24
   72  184    4.054355e-27   -3.038502e-27
   73  173    5.960539e-29    2.723230e-29
   73  174    2.474220e-26    1.209090e-26
   73  175    6.097180e-21    2.491297e-21
   73  176    1.116807e-20    3.618512e-21
   73  177    2.321158e-17    5.783000e-18
   73  178    5.817868e-19    8.090574e-20
   73  179    7.297658e-14    9.281231e-15
   73  180    2.583203e-15    2.020051e-16
   73  181    6.452823e-13   -9.462111e-15
   73  182    1.069813e-15   -2.505204e-17
   73  183    4.205270e-17   -1.921700e-18
   73  184    2.535932e-21   -1.255064e-22
   73  185    3.036257e-23   -2.113191e-24
   73  186    9.780449e-28   -6.841881e-29
   74  175    1.263375e-25    6.494625e-26
   74  176    1.962256e-21    8.484266e-22
   74  177    2.640564e-20    9.338767e-21
   74  178    6.073037e-17    1.584552e-17
   74  179    2.372372e-16    4.132324e-17
   74  180    9.325181e-14    9.668064e-15
   74  181    4.672539e-14    4.241090e-15
   74  182    4.197685e-12    9.959532e-14
   74  183    6.751420e-14   -6.869914e-15
   74  184    5.326051e-13   -1.065731e-13
   74  185    4.764453e-16   -9.882080e-17
   74  186    3.169247e-17   -9.422982e-18
   74  187    3.856908e-21   -1.161539e-21
   74  188    1.997284e-21   -8.022530e-22
   74  189    8.449664e-27   -3.337841e-27
   75  178    1.083677e-26    6.276863e-27
   75  179    2.140956e-22    1.084104e-22
   75  180    3.169922e-21    1.372848e-21
   75  181    1.554973e-17    5.306849e-18
   75  182    4.548651e-17    1.098760e-17
   75  183    2.699192e-14    3.884755e-15
   75  184    2.805884e-15    8.098281e-17
   75  185    2.828738e-13   -3.916283e-15
   75  186    1.445127e-15   -3.552268e-17
   75  187    4.734214e-16   -3.029386e-17
   75  188    3.006978e-19   -2.131363e-20
   75  189    4.860341e-20   -6.694642e-21
   75  190    5.378710e-24   -7.656708e-25
   75  191    2.185502e-25   -2.499255e-26
   75  192    9.658105e-30   -1.107248e-30
   76  179    7.273633e-30    5.267406e-30
   76  180    5.532541e-25    3.133162e-25
   76  181    3.018306e-23    1.510212e-23
   76  182    4.205615e-19    1.739234e-19
   76  183    8.105545e-18    2.636158e-18
   76  184    1.050109e-14    2.275235e-15
   76  185    9.381652e-15    1.018894e-15
   76  186    1.916097e-12    7.683049e-14
   76  187    1.193847e-13    2.629281e-15
   76  188    2.363130e-12   -2.752543e-14
   76  189    1.201906e-14   -1.498338e-15
   76  190    1.614207e-13   -5.364008e-14
   76  191    2.097200e-16   -7.174811e-17
   76  192    8.115833e-17   -3.179079e-17
   76  193    1.946012e-20   -7.780231e-21
   76  194    1.216389e-20   -7.058200e-22
   76  195    1.113491e-24   -6.718872e-26
   76  196    2.581731e-27   -1.933753e-28
   77  183    4.272034e-26    2.755941e-26
   77  184    1.816839e-24    1.009366e-24
   77  185    1.313470e-20    6.308080e-21
   77  186    1.550163e-20    6.223008e-21
   77  187    2.633194e-17    8.880277e-18
   77  188    1.788119e-17    4.228298e-18
   77  189    1.599964e-14    2.750670e-15
   77  190    2.171794e-15    1.141781e-16
   77  191    6.040825e-13    3.998313e-15
   77  192    3.087262e-15   -2.912754e-17
   77  193    2.489123e-14   -6.837827e-15
   77  194    3.214353e-17   -9.188484e-18
   77  195    1.122956e-17   -2.188661e-19
   77  196    3.212086e-21   -7.805644e-23
   77  197    1.191612e-22    1.859401e-24
   77  198    1.276369e-26    1.533800e-28
   78  185    1.562266e-28    9.743629e-29
   78  186    3.726163e-24    2.033402e-24
   78  187    4.194993e-23    2.001817e-23
   78  188    4.768957e-19    1.870991e-19
   78  189    2.183490e-18    6.662700e-19
   78  190    3.597155e-15    7.375739e-16
   78  191    2.101300e-15    2.341730e-16
   78  192    1.426269e-12    6.945511e-14
   78  193    1.254019e-13    5.775359e-15
   78  194    2.095929e-12    2.856897e-14
   78  195    7.239578e-14   -2.005568e-15
   78  196    1.448199e-12   -1.024161e-13
   78  197    3.907620e-15   -3.011015e-16
   78  198    4.056805e-15   -4.956812e-17
   78  199    2.875687e-18   -4.921062e-20
   78  200    2.820636e-20    2.689870e-21
   78  201    1.046966e-24    1.008421e-25
   78  202    4.069701e-27    7.715785e-28
   79  189    1.692783e-30    7.224616e-31
   79  190    1.349249e-26    8.068926e-27
   79  191    1.941595e-22    1.023856e-22
   79  192    7.688090e-22    3.506165e-22
   79  193    4.246104e-18    1.599590e-18
   79  194    9.135962e-18    2.553698e-18
   79  195    8.023401e-15    1.526391e-15
   79  196    5.460385e-15    3.462449e-16
   79  197    6.768578e-13   -1.845898e-15
   79  198    1.809863e-14   -3.080167e-16
   79  199    2.499915e-15    2.761312e-16
   79  200    7.638732e-18    9.537572e-19
   79  201    1.682436e-19    3.987245e-20
   79  202    1.394675e-22    3.550218e-23
   79  203    1.086202e-24    3.712418e-25
   79  204    1.212408e-28    4.458029e-29
   80  192    4.931672e-26    2.886992e-26
   80  193    2.322836e-24    1.169704e-24
   80  194    2.919074e-20    1.230983e-20
   80  195    3.591873e-19    1.215822e-19
   80  196    1.297623e-15    3.013094e-16
   80  197    4.246728e-15    5.260266e-16
   80  198    2.503817e-12    1.996374e-14
   80  199    8.244727e-13   -2.299765e-14
   80  200    4.387060e-12    8.202457e-14
   80  201    7.276538e-13   -5.263212e-14
   80  202    5.242215e-12   -2.720460e-14
   80  203    2.409768e-14    3.506621e-16
   80  204    8.576375e-14   -3.319324e-16
   80  205    1.568231e-17   -1.402717e-19
   80  206    1.768090e-20    1.913559e-21
   80  207    4.815089e-29    6.174637e-30
   81  196    2.400495e-28    1.496336e-28
   81  197    2.141408e-24    1.216037e-24
   81  198    7.015188e-23    3.568554e-23
   81  199    2.606708e-19    1.128321e-19
   81  200    4.854944e-18    1.682542e-18
   81  201    3.458353e-15    8.377529e-16
   81  202    3.808519e-14    4.851055e-15
   81  203    3.223297e-12   -8.996315e-15
   81  204    3.696875e-14    3.935931e-15
   81  205    2.476850e-13   -6.946496e-16
   81  206    7.422640e-16    6.429962e-17
   81  207    1.151444e-18    2.246597e-19
   81  208    4.735426e-27    9.981012e-28
   82  199    2.523725e-27    1.353067e-27
   82  200    9.992187e-23    4.523221e-23
   82  201    9.038147e-21    3.334685e-21
   82  202    6.732141e-17    1.743043e-17
   82  203    3.379983e-15    5.004677e-16
   82  204    5.201425e-12    3.823424e-14
   82  205    8.933931e-12   -3.960157e-14
   82  206    4.931851e-11    2.821477e-13
   82  207    6.082504e-11   -2.490384e-13
   82  208    1.296391e-10   -3.225992e-14
   82  209    8.299410e-18    1.253827e-19
   82  210    5.570061e-24    9.253875e-26
   83  202    2.467614e-29    2.464175e-29
   83  203    3.945871e-25    2.268115e-25
   83  204    2.044510e-23    1.046304e-23
   83  205    5.885083e-20    2.548966e-20
   83  206    1.712631e-18    5.950830e-19
   83  207    2.007419e-15    4.835650e-16
   83  208    2.335254e-14    2.955110e-15
   83  209    3.081216e-12   -3.439404e-15
   83  210    1.160487e-18    1.128344e-20
   83  211    3.054223e-24    5.288950e-26
   84  208    2.657895e-29    9.930268e-30
   84  209    1.464117e-28    4.069049e-29
   84  210    9.423656e-26    7.687365e-27
    0    1    5.922073e-13    3.374709e-14
    1    1    2.556587e-10    1.668323e-11
    2    4    2.242094e-07    1.057370e-08
