7.7380e-01
8.5590e-03
2.0109e+00
2.1687e+05
    1    2    4.029559e-23   -1.464780e-23
    1    3    4.059164e-21    1.866257e-23
    2    3    3.776628e-20    1.508394e-23
    3    6    2.000752e-27   -7.264064e-28
    3    7    3.664397e-27   -2.621489e-28
    4    7    2.794895e-28   -5.334218e-29
    4    9    5.893516e-29   -2.684889e-29
    4   10    1.250871e-25    4.651002e-26
    5   10    1.920933e-22   -4.669478e-23
    5   11    4.235777e-15   -3.676657e-16
    5   12    3.575490e-25   -6.924255e-26
    6   11    7.669856e-19   -1.256328e-19
    6   12    7.598970e-04   -5.620119e-07
    6   13    3.629357e-10   -1.518416e-11
    6   14    7.720893e-11   -1.826929e-12
    6   15    7.184422e-26   -1.496044e-26
    7   13    3.459350e-14   -4.530946e-15
    7   14    4.668704e-09   -1.193393e-10
    7   15    9.727254e-11   -4.168561e-12
    7   16    1.655485e-22   -2.988779e-23
    7   17    1.297554e-24   -9.454411e-27
    8   14    2.069822e-18   -3.519173e-19
    8   15    5.402093e-11    1.117236e-12
    8   16    4.597690e-02    3.976876e-06
    8   17    2.625733e-09   -1.889156e-10
    8   18    1.874608e-11   -1.469123e-12
    8   19    4.703224e-19   -7.559760e-20
    8   20    1.860027e-24   -2.766617e-25
    9   16    9.285107e-28   -1.923687e-28
    9   17    2.663866e-15   -4.820319e-16
    9   18    2.897470e-11   -2.837815e-13
    9   19    2.015274e-10   -1.377722e-11
    9   20    4.698474e-14   -2.969042e-15
    9   21    4.019684e-18   -2.388003e-19
    9   22    4.805826e-25   -3.098762e-26
   10   18    8.814151e-22   -2.191882e-22
   10   19    8.011244e-15   -2.069653e-17
   10   20    8.208796e-03   -5.193199e-06
   10   21    2.380030e-06   -1.181512e-07
   10   22    5.606028e-07   -2.859941e-08
   10   23    6.844306e-12   -4.346679e-13
   10   24    2.924657e-16   -2.220853e-17
   10   25    6.598303e-24   -9.982407e-25
   10   26    1.016308e-29   -1.263392e-30
   11   20    1.006464e-24   -1.208942e-25
   11   21    1.456340e-11   -1.675645e-12
   11   22    7.901697e-08   -2.644478e-09
   11   23    4.904561e-05   -1.284716e-06
   11   24    2.774328e-08   -7.405833e-10
   11   25    8.529481e-12   -2.232294e-13
   11   26    2.204025e-16   -8.097273e-18
   11   27    1.393652e-20   -5.017131e-22
   11   28    2.226891e-30   -2.967591e-31
   12   22    7.992594e-15   -4.038406e-16
   12   23    6.098441e-08    2.596437e-09
   12   24    2.089078e-03    1.721096e-06
   12   25    4.126557e-04   -8.195353e-07
   12   26    3.038963e-04    2.961916e-07
   12   27    5.634317e-08    2.627944e-10
   12   28    1.716630e-11    1.547492e-13
   12   29    5.121576e-20   -4.078529e-21
   12   30    3.286190e-24   -1.167378e-25
   13   23    3.195963e-29   -8.284007e-30
   13   24    1.768316e-18   -1.481904e-19
   13   25    1.829207e-12   -2.151202e-13
   13   26    7.658695e-05   -9.761230e-07
   13   27    2.244254e-04    5.272683e-07
   13   28    2.508835e-06    2.974714e-09
   13   29    7.885765e-09    4.322245e-11
   13   30    5.838000e-13    2.129267e-15
   13   31    1.509710e-16    2.816630e-18
   13   32    1.443134e-24   -7.429817e-26
   13   33    2.417414e-29   -1.825680e-30
   14   25    1.238192e-25   -2.068807e-26
   14   26    1.825660e-14   -7.473849e-17
   14   27    3.387514e-07   -1.401415e-09
   14   28    2.811915e-04    1.201890e-06
   14   29    9.269641e-05    6.865883e-07
   14   30    3.656116e-05    2.067082e-07
   14   31    1.442378e-08    2.458053e-10
   14   32    4.243398e-11    1.328859e-12
   14   33    1.271026e-17   -3.237500e-19
   14   34    2.922071e-21    9.396907e-23
   15   27    2.133975e-27   -3.802958e-28
   15   28    2.188260e-17   -2.877469e-18
   15   29    1.868470e-12   -2.004873e-13
   15   30    2.311601e-07    2.900371e-09
   15   31    3.241841e-06    3.264597e-08
   15   32    1.260194e-08    2.352701e-10
   15   33    6.949940e-10    2.016950e-11
   15   34    4.227811e-13    1.827108e-14
   15   35    2.488831e-16    1.529835e-17
   15   36    1.393109e-25   -4.169933e-27
   15   37    3.560594e-29    2.758228e-30
   16   29    7.269623e-25   -1.620116e-25
   16   30    8.788974e-15   -6.694105e-16
   16   31    2.166151e-10    3.572700e-12
   16   32    2.477096e-06    3.765165e-08
   16   33    1.106809e-07    2.490945e-09
   16   34    3.515575e-07    2.202270e-09
   16   35    4.698304e-10    1.072116e-11
   16   36    1.193533e-11    5.733515e-13
   16   37    2.183474e-18   -3.120737e-20
   16   38    7.096999e-22    3.127680e-23
   16   39    1.003204e-28   -1.733439e-30
   17   31    5.809725e-29   -1.653054e-29
   17   32    1.407199e-21   -1.779944e-22
   17   33    1.422601e-15   -1.438409e-16
   17   34    3.727470e-11    1.118856e-12
   17   35    1.975939e-08    2.905825e-10
   17   36    1.070796e-10    3.122892e-12
   17   37    5.388572e-12    2.230932e-13
   17   38    1.606903e-15    8.764431e-17
   17   39    3.459497e-18    2.585487e-19
   17   40    5.749228e-22    4.240645e-23
   17   41    8.958060e-25    8.638834e-26
   17   42    9.948329e-29    9.045998e-30
   18   33    4.844932e-29   -1.044816e-29
   18   34    4.921438e-20   -5.444883e-21
   18   35    8.770521e-14    3.624903e-15
   18   36    1.090822e-09    9.010461e-12
   18   37    1.445825e-11    4.093703e-13
   18   38    3.866738e-10    3.362754e-12
   18   39    9.636648e-13    2.544052e-14
   18   40    4.356386e-13    8.650782e-15
   18   41    6.290789e-16    2.485808e-17
   18   42    8.542555e-19    5.369123e-20
   18   43    1.673145e-22    9.879426e-24
   18   44    1.412201e-25    1.202049e-26
   19   36    5.354076e-25   -5.094580e-26
   19   37    5.552690e-20   -6.882964e-21
   19   38    3.395157e-15    1.379315e-16
   19   39    1.013595e-11    1.950348e-13
   19   40    2.855773e-13    8.718115e-15
   19   41    1.926638e-13    7.402933e-15
   19   42    1.671846e-15    1.021125e-16
   19   43    3.318107e-15    4.233407e-17
   19   44    1.773906e-17    7.410143e-19
   19   45    8.942269e-20    5.877279e-21
   19   46    6.613577e-23    5.688810e-24
   19   47    2.808408e-25    8.974283e-27
   20   38    9.883269e-25   -1.408143e-25
   20   39    2.395400e-18    1.184860e-19
   20   40    1.052745e-12    3.424625e-14
   20   41    7.899441e-14    2.880037e-15
   20   42    4.655101e-08   -2.355258e-11
   20   43    1.472381e-08    2.982212e-12
   20   44    6.928916e-08   -2.767978e-11
   20   45    5.736043e-10    1.280172e-11
   20   46    2.038152e-10    1.953614e-13
   20   47    7.613010e-13    1.751305e-14
   20   48    2.131409e-09   -3.815995e-12
   20   49    2.536539e-14   -8.839016e-16
   20   50    1.798375e-17    3.174170e-20
   20   51    2.142793e-24   -1.314735e-25
   21   41    1.240290e-24   -1.543955e-25
   21   42    2.088602e-19   -2.087741e-21
   21   43    1.509391e-10    3.670309e-14
   21   44    1.361648e-10    1.747032e-12
   21   45    7.538966e-09    2.183861e-11
   21   46    3.461274e-10    8.372143e-12
   21   47    1.042478e-11    3.661041e-13
   21   48    1.322201e-10    3.043231e-12
   21   49    2.627971e-11    6.531705e-13
   21   50    1.409961e-14    5.038367e-16
   21   51    1.167013e-17    6.984267e-19
   21   52    5.235444e-23    1.380457e-24
   21   53    3.973503e-28    6.184434e-31
   22   43    4.201489e-23   -5.619701e-25
   22   44    1.004764e-12    3.770433e-14
   22   45    1.121331e-12    1.527870e-14
   22   46    1.961347e-08   -1.320776e-11
   22   47    8.068857e-09    5.258690e-12
   22   48    1.436965e-08    7.068183e-13
   22   49    1.697397e-08   -8.000490e-12
   22   50    5.573545e-08   -6.589832e-12
   22   51    1.850121e-10    3.673311e-12
   22   52    3.965112e-13    1.703059e-14
   22   53    2.358430e-17    5.427534e-19
   22   54    1.591294e-20    8.565085e-22
   22   55    3.006019e-28   -4.408474e-30
   23   45    5.023550e-23   -5.045989e-24
   23   46    7.262549e-17    1.110215e-18
   23   47    3.357782e-11    1.305920e-13
   23   48    2.624148e-11    2.423079e-13
   23   49    3.037488e-10    6.650346e-12
   23   50    9.235815e-11    2.377740e-12
   23   51    5.166354e-09    6.509639e-12
   23   52    1.582352e-10    3.772417e-12
   23   53    7.797338e-13    3.595067e-14
   23   54    3.778219e-16    1.846917e-17
   23   55    1.313480e-18    9.465572e-20
   23   56    1.383749e-24    4.295885e-26
   23   57    7.819678e-28    3.653366e-29
   24   46    3.646405e-28   -1.743530e-29
   24   47    1.116931e-20    2.066494e-22
   24   48    1.270124e-14    3.680310e-16
   24   49    2.713487e-14    4.784059e-16
   24   50    1.863496e-12    4.212567e-14
   24   51    3.561932e-11    7.264697e-13
   24   52    5.491706e-08   -2.010488e-11
   24   53    1.101672e-08    6.010113e-12
   24   54    1.357775e-07   -1.790062e-11
   24   55    7.084630e-10    8.764559e-12
   24   56    2.959385e-12    1.153277e-13
   24   57    1.112323e-16    1.259383e-18
   24   58    2.211041e-19    1.129411e-20
   24   59    1.030317e-26   -2.063156e-28
   25   49    4.314695e-24   -4.006372e-25
   25   50    4.223796e-19    3.186564e-21
   25   51    6.821477e-16    1.372139e-17
   25   52    3.457934e-14    1.225738e-15
   25   53    1.823403e-10    4.094326e-12
   25   54    2.425574e-10    4.518260e-12
   25   55    3.391793e-08   -1.375197e-11
   25   56    9.523221e-10    2.162363e-11
   25   57    1.030501e-11    4.723378e-13
   25   58    1.958149e-14    1.132197e-15
   25   59    1.314884e-16    1.039176e-17
   25   60    5.780769e-21    3.324428e-22
   25   61    2.045917e-23    1.720052e-24
   25   62    2.198561e-30    6.350217e-32
   26   50    4.078532e-30   -5.541474e-31
   26   51    2.404969e-23    2.277128e-25
   26   52    5.599346e-20    1.816623e-21
   26   53    8.462102e-18    2.974471e-19
   26   54    4.300910e-09   -3.290943e-12
   26   55    3.834106e-10    8.263548e-12
   26   56    1.738975e-06   -6.409182e-10
   26   57    9.809904e-07   -4.099250e-10
   26   58    5.127487e-06   -8.562309e-10
   26   59    7.155553e-08    1.416316e-09
   26   60    5.487356e-10    2.391815e-11
   26   61    8.054483e-14    2.223588e-15
   26   62    2.663662e-16    1.574769e-17
   26   63    9.052694e-22    1.265165e-23
   26   64    1.545498e-24    9.818935e-26
   27   53    1.338167e-30   -1.394381e-31
   27   54    5.217998e-23    1.080359e-24
   27   55    8.456207e-13    1.965889e-15
   27   56    1.147747e-13    3.069368e-15
   27   57    4.397796e-09    8.892978e-11
   27   58    1.724025e-09    3.694107e-11
   27   59    2.012625e-06   -4.962180e-10
   27   60    3.107993e-08    6.990723e-10
   27   61    8.369462e-10    3.809557e-11
   27   62    5.330799e-12    3.312000e-13
   27   63    6.999362e-14    5.788412e-15
   27   64    2.342173e-17    1.717049e-18
   27   65    2.019830e-19    1.956152e-20
   27   66    2.507713e-24    1.628703e-25
   27   67    1.000668e-26    9.924532e-28
   28   55    5.535017e-28    1.279384e-29
   28   56    2.249476e-17    6.920594e-19
   28   57    1.399784e-16    5.920993e-19
   28   58    5.921118e-10   -5.536546e-13
   28   59    1.749694e-09    3.036135e-11
   28   60    2.565207e-06   -2.327807e-09
   28   61    1.050537e-06    7.363136e-10
   28   62    2.296995e-06    9.789495e-10
   28   63    3.163689e-08    7.134425e-10
   28   64    1.383550e-06    4.129231e-11
   28   65    6.714972e-09    4.619902e-11
   28   66    5.839877e-11    2.079469e-12
   28   67    1.506362e-14    4.230303e-16
   28   68    4.048329e-17    2.352927e-18
   28   69    4.599988e-23    2.729391e-25
   28   70    4.050637e-26    2.503543e-27
   29   57    1.341790e-30   -1.893632e-31
   29   58    5.820112e-25   -5.453416e-26
   29   59    2.527675e-16   -1.923790e-17
   29   60    8.007017e-14    4.857055e-16
   29   61    5.493877e-10    1.253902e-12
   29   62    5.761244e-10    4.632178e-12
   29   63    7.775360e-07   -2.058006e-09
   29   64    8.715493e-08    1.719673e-09
   29   65    1.035023e-06   -6.937891e-10
   29   66    4.595499e-08    9.146438e-10
   29   67    2.545450e-09    1.107007e-10
   29   68    7.961621e-12    3.793951e-13
   29   69    1.313527e-13    9.239804e-15
   29   70    3.003633e-18    1.049356e-19
   29   71    3.422280e-20    2.645036e-21
   29   72    1.673353e-25    6.612255e-27
   29   73    7.532917e-28    1.352664e-28
   30   60    2.409681e-21   -7.631722e-23
   30   61    4.185758e-18    7.301351e-20
   30   62    1.305768e-13    3.161843e-15
   30   63    1.683869e-13    4.896081e-16
   30   64    7.817386e-07   -1.349325e-09
   30   65    5.437994e-08    1.052528e-09
   30   66    1.254602e-06   -1.003788e-09
   30   67    2.974382e-07    2.710869e-10
   30   68    1.339280e-06    5.967372e-10
   30   69    1.760405e-08    2.151657e-10
   30   70    9.171893e-10    3.018277e-11
   30   71    1.030842e-12    2.180720e-14
   30   72    2.016728e-14    8.268404e-16
   30   73    2.562440e-18    4.648584e-20
   30   74    1.641411e-20    8.730668e-22
   30   75    7.382982e-26    8.638182e-28
   31   62    1.724345e-26   -1.382121e-27
   31   63    9.810479e-22   -7.765194e-23
   31   64    4.914367e-19   -2.461968e-20
   31   65    1.155990e-11   -5.178188e-13
   31   66    1.052901e-11    2.057575e-13
   31   67    1.220825e-09    2.180143e-11
   31   68    2.785290e-10    7.211329e-12
   31   69    1.386455e-07   -4.449193e-10
   31   70    1.924411e-08    3.442793e-10
   31   71    1.383606e-07    9.431168e-11
   31   72    4.823388e-09    2.056562e-11
   31   73    5.744689e-10    1.794526e-11
   31   74    4.811616e-12    2.102988e-13
   31   75    1.143627e-13    7.759773e-15
   31   76    2.003898e-17    1.231515e-18
   31   77    3.619463e-19    3.148576e-20
   31   78    3.163676e-23    2.533499e-24
   31   79    1.283961e-25    1.342249e-26
   32   64    3.659266e-27   -3.642590e-29
   32   65    1.080759e-23   -1.196986e-25
   32   66    1.610876e-15   -1.064345e-17
   32   67    1.102525e-15    2.753575e-17
   32   68    4.943952e-13    1.973948e-14
   32   69    3.003467e-12    4.499169e-15
   32   70    2.071398e-07   -4.707501e-10
   32   71    1.939280e-08    3.719498e-10
   32   72    2.240035e-07   -2.189865e-10
   32   73    5.105999e-08    1.078219e-10
   32   74    1.764918e-07    8.278064e-11
   32   75    7.526123e-09    1.187291e-10
   32   76    1.941194e-10    7.393331e-12
   32   77    9.351024e-13    3.757612e-14
   32   78    1.161017e-14    7.087633e-16
   32   79    5.107795e-18    2.606932e-19
   32   80    1.873038e-20    1.432477e-21
   32   81    7.852756e-26    2.726896e-27
   33   67    1.293473e-24   -1.620572e-25
   33   68    2.629126e-22   -1.222983e-23
   33   69    4.710834e-19   -1.527277e-20
   33   70    1.716798e-16   -1.370443e-18
   33   71    5.659946e-11    3.027798e-13
   33   72    1.179997e-11    3.016574e-13
   33   73    1.951491e-10    3.672062e-12
   33   74    2.517311e-11    8.388760e-13
   33   75    1.287362e-08   -1.240374e-10
   33   76    6.511677e-09    9.636444e-11
   33   77    7.508454e-10    3.015220e-11
   33   78    1.552248e-11    9.081262e-13
   33   79    1.324211e-12    1.051788e-13
   33   80    8.010782e-15    7.443464e-16
   33   81    2.035650e-16    2.300032e-17
   33   82    1.293362e-20    1.222619e-21
   33   83    1.220884e-22    1.491984e-23
   33   84    1.878367e-30    1.077258e-31
   34   68    4.012029e-30   -1.676392e-31
   34   69    6.168979e-27   -8.823545e-29
   34   70    9.641214e-23    2.482752e-25
   34   71    1.128088e-20   -1.726060e-23
   34   72    1.493437e-14    4.824952e-16
   34   73    2.803845e-15    1.166232e-16
   34   74    5.909720e-14    2.314208e-15
   34   75    6.598069e-12    7.724704e-14
   34   76    4.073772e-08   -1.919849e-10
   34   77    2.053632e-08    2.516587e-11
   34   78    7.233203e-08    5.465845e-11
   34   79    4.364022e-09    9.030782e-11
   34   80    4.559062e-09    1.766156e-11
   34   81    1.628294e-10    3.488371e-12
   34   82    8.165793e-12    2.217122e-13
   34   83    1.042972e-14    2.022784e-16
   34   84    1.415349e-16    5.366904e-18
   34   85    8.929653e-23   -1.766872e-24
   34   86    1.202237e-26   -1.439005e-30
   35   72    4.878779e-28   -4.203924e-29
   35   73    2.576184e-21   -1.460456e-22
   35   74    4.789640e-20    1.093603e-21
   35   75    3.148546e-18    6.981879e-20
   35   76    6.061780e-16    8.186879e-18
   35   77    1.558897e-11    2.112889e-13
   35   78    4.543533e-12    1.009278e-13
   35   79    4.767354e-09   -6.247757e-11
   35   80    2.785405e-09    3.136827e-11
   35   81    6.100344e-09   -1.161221e-11
   35   82    1.683605e-09    3.022107e-11
   35   83    2.940256e-10    1.234058e-11
   35   84    6.871132e-12    4.100092e-13
   35   85    2.659593e-13    2.162522e-14
   35   86    1.557857e-18    6.787662e-20
   35   87    1.371291e-21    9.248110e-23
   35   88    1.630523e-27    2.991873e-29
   36   74    6.890767e-26   -5.410179e-28
   36   75    1.168062e-24    3.163549e-26
   36   76    1.332336e-20    4.145987e-22
   36   77    1.919290e-18   -1.262976e-20
   36   78    2.193763e-15    7.339005e-17
   36   79    3.061014e-13   -3.093048e-17
   36   80    1.553016e-08   -1.129084e-10
   36   81    4.297394e-09    5.681094e-11
   36   82    4.694179e-08   -6.838872e-11
   36   83    1.780076e-08    3.938190e-11
   36   84    5.965096e-08    3.746175e-11
   36   85    1.991592e-09    4.487579e-11
   36   86    5.170831e-10    2.362850e-12
   36   87    7.857190e-14   -1.129543e-15
   36   88    1.011197e-15    1.581689e-17
   36   89    5.478483e-21   -1.514878e-22
   36   90    5.535740e-24   -1.241769e-26
   37   77    2.015073e-27   -1.031372e-28
   37   78    3.004065e-24   -1.610471e-25
   37   79    3.498739e-20    6.189547e-22
   37   80    9.532052e-18   -2.648591e-20
   37   81    1.803187e-12    8.167450e-15
   37   82    7.426133e-13    1.638039e-14
   37   83    8.651671e-12    1.262214e-13
   37   84    2.656401e-12    7.889659e-14
   37   85    6.899566e-09   -3.267651e-11
   37   86    1.399347e-09    2.563134e-11
   37   87    2.317718e-10    7.292057e-12
   37   88    4.676048e-13    1.294136e-14
   37   89    1.274028e-14    5.461715e-16
   37   90    1.557668e-18    3.620079e-20
   37   91    6.965410e-21    2.477373e-22
   37   92    9.891729e-27   -9.791989e-29
   38   79    4.387076e-29   -1.509617e-30
   38   80    2.853473e-23    4.789965e-25
   38   81    4.119284e-21   -9.420003e-23
   38   82    1.157817e-16    3.080034e-18
   38   83    5.870092e-17    2.099395e-18
   38   84    6.781525e-16    2.545288e-17
   38   85    2.965979e-13    1.695052e-15
   38   86    1.862263e-08   -2.566491e-11
   38   87    1.280108e-08    2.564730e-12
   38   88    3.490935e-08    1.926127e-11
   38   89    1.913620e-10    3.688493e-12
   38   90    1.672104e-12    7.058633e-14
   38   91    1.434163e-15    4.522169e-17
   38   92    1.559534e-17    9.198344e-19
   38   93    6.722162e-22    1.926233e-23
   38   94    2.560122e-24    1.527442e-25
   39   82    2.484911e-27   -1.958812e-28
   39   83    3.046374e-22   -4.117167e-24
   39   84    3.055692e-22    3.657919e-24
   39   85    1.722699e-20    3.780658e-22
   39   86    7.379911e-18    6.159329e-20
   39   87    8.491939e-13    4.377229e-15
   39   88    9.665449e-13    1.581350e-14
   39   89    4.950460e-09   -2.085690e-12
   39   90    8.962133e-11    1.737413e-12
   39   91    9.601831e-12    4.130291e-13
   39   92    1.402217e-13    7.413885e-15
   39   93    1.198034e-14    8.679922e-16
   39   94    4.647385e-17    3.196495e-18
   39   95    6.827836e-19    5.961472e-20
   39   96    1.653376e-23    7.913915e-25
   39   97    4.972618e-28    2.080714e-29
   40   84    3.992707e-27    1.052360e-28
   40   85    2.836703e-27    5.503519e-29
   40   86    3.565675e-23    9.624319e-25
   40   87    7.338238e-21   -8.693550e-23
   40   88    2.777739e-17    7.502113e-19
   40   89    9.005902e-16   -7.755227e-19
   40   90    2.173567e-09   -1.137338e-12
   40   91    5.842438e-10    3.028621e-13
   40   92    7.004161e-10    1.046423e-12
   40   93    1.695084e-10   -4.593983e-13
   40   94    4.147982e-10    1.223507e-13
   40   95    9.912253e-12    1.120908e-13
   40   96    1.179538e-12    1.551600e-14
   40   97    8.129366e-17   -6.015310e-19
   40   98    1.757468e-19    5.567788e-23
   40   99    4.829989e-26   -3.381368e-27
   40  100    5.604822e-28    1.816711e-39
   41   87    1.078246e-29   -4.366846e-31
   41   88    2.747266e-26   -5.472925e-28
   41   89    1.533535e-22    4.392849e-24
   41   90    1.165464e-20    1.284508e-22
   41   91    5.748731e-14    8.984368e-16
   41   92    1.728859e-14    4.916497e-16
   41   93    7.764639e-14    2.008665e-16
   41   94    1.949814e-14    3.503808e-16
   41   95    5.284023e-15    1.772204e-16
   41   96    4.013424e-16    1.928959e-17
   41   97    6.621000e-17    4.574620e-18
   41   98    3.396693e-20    1.901083e-21
   41   99    1.122405e-21    8.543862e-23
   41  100    2.773568e-26    1.198887e-27
   42   90    1.013422e-27    4.578011e-29
   42   91    2.999678e-24   -6.844725e-26
   42   92    4.988799e-17    2.018533e-18
   42   93    6.492238e-18    1.248534e-19
   42   94    6.931151e-13    8.699589e-15
   42   95    2.695878e-11   -1.735084e-13
   42   96    8.919385e-11    9.740638e-14
   42   97    1.923022e-11   -9.060728e-14
   42   98    8.295137e-11    1.590947e-13
   42   99    1.883052e-13   -2.273987e-15
   42  100    5.614232e-14    1.118792e-15
   42  101    1.384504e-17   -1.482789e-19
   42  102    6.889657e-19    2.390643e-20
   42  103    8.037475e-23    7.953784e-25
   42  104    2.620348e-24    1.320338e-25
   42  105    2.541481e-29    3.454027e-31
   43   92    5.372238e-30   -1.297577e-31
   43   93    2.746560e-22    4.477575e-24
   43   94    6.654262e-22    2.829474e-24
   43   95    7.134618e-17    3.214483e-19
   43   96    1.734145e-16    2.087728e-18
   43   97    8.783784e-16    1.323342e-17
   43   98    3.727347e-16    6.455916e-18
   43   99    2.522625e-13   -2.337137e-16
   43  100    1.346756e-14    6.041802e-17
   43  101    7.563174e-15    1.853580e-16
   43  102    1.155198e-17    1.970283e-19
   43  103    3.058473e-18    1.348972e-19
   43  104    2.640152e-21    8.637246e-23
   43  105    3.585322e-22    2.259196e-23
   43  106    2.214647e-26    8.554301e-28
   44   94    1.363018e-27    4.272921e-29
   44   95    7.616566e-24    8.618843e-26
   44   96    6.870686e-22    2.100323e-23
   44   97    2.791027e-20    2.857212e-22
   44   98    6.111044e-14    7.885510e-16
   44   99    4.891873e-12   -5.726049e-14
   44  100    3.255103e-11   -5.160707e-14
   44  101    5.106089e-12   -2.219979e-14
   44  102    6.254492e-12    1.260354e-13
   44  103    1.393857e-13    3.207720e-15
   44  104    2.120370e-14    1.029287e-15
   44  105    7.674183e-17    3.146718e-18
   44  106    4.133627e-18    2.866419e-19
   44  107    1.177975e-21    6.060333e-23
   44  108    6.618551e-23    5.588733e-24
   44  109    1.287741e-27    6.602042e-29
   45   96    4.417837e-30   -3.563492e-32
   45   97    1.238401e-27    3.430206e-29
   45   98    1.166633e-24   -3.173011e-26
   45   99    4.390281e-18   -1.041469e-20
   45  100    1.001261e-17   -1.314036e-21
   45  101    1.556405e-16    1.631381e-18
   45  102    2.050414e-16   -1.939432e-18
   45  103    5.097329e-12   -3.137534e-14
   45  104    1.245940e-12    8.270941e-16
   45  105    1.086704e-12    2.897437e-14
   45  106    2.668101e-14    8.285125e-16
   45  107    1.042557e-14    5.650178e-16
   45  108    5.575550e-17    2.931723e-18
   45  109    1.300737e-17    9.936784e-19
   45  110    1.059562e-20    6.441369e-22
   45  111    8.434213e-22    7.596061e-23
   45  112    5.974147e-26    3.836333e-27
   46   99    2.679052e-26   -6.808514e-29
   46  100    1.789176e-23    3.914119e-25
   46  101    6.452090e-23    1.318129e-24
   46  102    3.643517e-19    8.915501e-21
   46  103    6.878457e-17   -1.748686e-19
   46  104    1.591245e-11   -1.051833e-13
   46  105    3.743734e-12   -2.498572e-14
   46  106    2.551685e-11    5.920244e-14
   46  107    1.490170e-12    6.100923e-15
   46  108    2.652610e-11    6.293053e-14
   46  109    4.458415e-13   -1.191947e-15
   46  110    1.459519e-13    3.307792e-15
   46  111    1.660145e-16    9.229810e-19
   46  112    2.626289e-17    1.036762e-18
   46  113    3.003555e-21    3.003168e-23
   46  114    2.235823e-22    1.172411e-23
   46  115    4.228595e-27    5.509587e-29
   47  101    8.132436e-30    2.002289e-31
   47  102    2.595025e-29    5.846480e-31
   47  103    1.402415e-23   -6.217849e-27
   47  104    8.478900e-21   -2.357969e-22
   47  105    2.598105e-17   -5.812806e-20
   47  106    4.414510e-17   -7.850087e-19
   47  107    1.802322e-12   -3.264644e-14
   47  108    1.052608e-12   -6.867011e-15
   47  109    6.156477e-12    3.494411e-15
   47  110    6.650642e-13    4.561919e-15
   47  111    1.174964e-12    2.998053e-14
   47  112    2.709273e-14    7.755092e-16
   47  113    9.901762e-15    4.957280e-16
   47  114    1.006134e-17    3.742021e-19
   47  115    1.672470e-18    1.120462e-19
   47  116    1.270744e-22    5.539094e-24
   47  117    1.954200e-23    1.561455e-24
   47  118    7.415919e-28    3.776486e-29
   48  104    2.354547e-27    2.356379e-29
   48  105    5.904382e-25    9.151931e-28
   48  106    1.493998e-21    3.006130e-23
   48  107    1.232646e-18   -1.113857e-20
   48  108    2.879349e-13   -1.438451e-15
   48  109    4.102874e-14    3.258909e-16
   48  110    1.613905e-11   -6.273709e-14
   48  111    3.672216e-12   -1.718345e-14
   48  112    2.246097e-11    5.088851e-14
   48  113    1.092751e-12    2.962901e-15
   48  114    3.454449e-11    2.659480e-14
   48  115    3.426782e-13   -2.506103e-15
   48  116    1.519159e-13    3.292481e-15
   48  117    2.290125e-16    1.054090e-18
   48  118    3.033193e-17    1.236480e-18
   48  119    3.631139e-21    4.058286e-23
   48  120    2.252697e-22    1.227944e-23
   48  121    8.764044e-27    1.605975e-28
   49  107    3.406561e-27   -6.432401e-29
   49  108    1.828386e-24   -8.690616e-26
   49  109    1.186125e-19   -1.474763e-21
   49  110    1.063490e-19    4.797690e-22
   49  111    1.633475e-17   -1.368110e-19
   49  112    7.861601e-17   -1.930218e-18
   49  113    3.012658e-12   -4.440222e-14
   49  114    1.128491e-12   -8.376161e-15
   49  115    1.728471e-12    4.348427e-14
   49  116    1.469349e-13    4.513373e-15
   49  117    8.062382e-14    4.551803e-15
   49  118    1.065703e-15    5.517689e-17
   49  119    2.641050e-16    2.068103e-17
   49  120    6.688357e-19    4.455756e-20
   49  121    9.447214e-20    9.022934e-21
   49  122    3.943531e-23    2.942298e-24
   49  123    2.864271e-24    3.086571e-25
   49  124    1.894022e-28    1.502764e-29
   50  109    3.710455e-29    3.874426e-31
   50  110    5.732321e-26    8.749272e-28
   50  111    2.806617e-25    1.402631e-28
   50  112    4.779567e-21    2.708806e-22
   50  113    9.130581e-19   -9.185259e-21
   50  114    1.828673e-13    1.019238e-15
   50  115    3.484564e-12   -3.455299e-14
   50  116    3.892092e-11   -2.378518e-14
   50  117    8.014764e-12   -9.828607e-15
   50  118    5.530139e-11    9.935734e-14
   50  119    6.087821e-12   -7.317926e-14
   50  120    6.706867e-11    3.308318e-14
   50  121    1.062181e-12    3.752928e-15
   50  122    6.369392e-13    4.281601e-15
   50  123    2.999657e-15    2.149214e-18
   50  124    5.874747e-14    4.953053e-18
   50  125    8.594253e-17   -9.750080e-19
   50  126    4.058125e-18    9.685555e-20
   50  127    1.630018e-21    1.224287e-23
   50  128    1.487090e-23    6.791223e-25
   50  129    1.707514e-27    3.488578e-29
   51  113    3.159834e-28   -5.344602e-30
   51  114    1.035162e-25   -2.138070e-27
   51  115    4.479840e-20   -7.075852e-22
   51  116    6.101473e-19   -1.047886e-20
   51  117    9.335768e-18   -5.776521e-20
   51  118    8.350344e-18    1.105551e-19
   51  119    1.943935e-16    2.638943e-18
   51  120    2.099790e-16   -1.962999e-18
   51  121    2.798449e-12   -8.482460e-15
   51  122    3.387778e-13    3.807573e-17
   51  123    3.963840e-13    7.905361e-15
   51  124    1.564768e-14    3.584924e-16
   51  125    4.122206e-15    1.799128e-16
   51  126    3.476899e-17    1.425410e-18
   51  127    3.452364e-18    2.178800e-19
   51  128    4.426283e-21    2.346564e-22
   51  129    1.754832e-22    1.385770e-23
   51  130    4.277473e-26    2.687311e-27
   51  131    8.422163e-30    5.943941e-32
   52  116    6.462768e-26    1.217581e-27
   52  117    6.413842e-26   -8.257636e-28
   52  118    2.410411e-24    3.426187e-26
   52  119    6.442793e-24    3.591186e-26
   52  120    5.868024e-18    1.194647e-19
   52  121    5.926166e-17   -1.007398e-18
   52  122    7.296198e-12   -3.905790e-14
   52  123    1.637105e-12   -1.531400e-14
   52  124    1.946691e-11    4.022498e-14
   52  125    2.089563e-12   -2.318308e-14
   52  126    2.785068e-11    3.090970e-14
   52  127    7.194382e-13    1.296053e-15
   52  128    7.383198e-13    5.290702e-15
   52  129    6.690374e-15   -3.908509e-17
   52  130    1.833751e-12   -9.046432e-17
   52  131    4.318018e-15   -4.121363e-17
   52  132    1.879410e-16    4.458637e-18
   52  133    1.612727e-19    2.671526e-21
   52  134    7.457933e-22    3.702279e-23
   53  120    6.407665e-30   -1.932559e-31
   53  121    1.875440e-23   -2.990946e-25
   53  122    8.766493e-22   -3.541478e-23
   53  123    1.905905e-18   -2.003987e-20
   53  124    1.635847e-18    1.556970e-20
   53  125    2.232683e-16    3.081423e-18
   53  126    3.183693e-16   -2.578357e-18
   53  127    2.884181e-12   -8.348456e-15
   53  128    4.753530e-13    1.208817e-15
   53  129    2.474927e-13    6.848235e-15
   53  130    7.079381e-15    2.303589e-16
   53  131    1.055573e-15    5.875440e-17
   53  132    8.587158e-18    5.044708e-19
   53  133    3.751412e-19    3.058142e-20
   53  134    1.461219e-21    1.275788e-22
   53  135    8.265611e-24    9.017685e-25
   54  122    1.666982e-28    2.899147e-30
   54  123    9.106545e-27   -2.251276e-28
   54  124    9.236315e-25    2.546035e-26
   54  125    4.424648e-23   -3.004954e-26
   54  126    1.989509e-17    4.440759e-19
   54  127    2.589725e-16   -3.409650e-18
   54  128    8.055170e-12   -3.438867e-14
   54  129    2.706948e-12   -2.677165e-14
   54  130    2.000792e-11    6.634915e-14
   54  131    3.001471e-12   -3.291332e-14
   54  132    4.048351e-11    1.529623e-14
   54  133    1.224409e-12    8.115334e-15
   54  134    2.696201e-13    4.874712e-15
   54  135    2.026552e-14    1.408182e-17
   54  136    8.056739e-12   -5.714847e-16
   54  137    2.903267e-19   -2.210569e-20
   54  138    2.383236e-24   -2.352374e-25
   55  126    1.751322e-28   -5.706968e-30
   55  127    1.275653e-22   -2.319302e-24
   55  128    3.526598e-21   -1.307102e-22
   55  129    1.754551e-18   -1.166518e-20
   55  130    9.949585e-19    2.287499e-21
   55  131    7.367631e-16    9.993592e-18
   55  132    8.862740e-16   -1.184306e-17
   55  133    3.471935e-12   -1.568938e-14
   55  134    6.704977e-13    2.290401e-15
   55  135    4.166341e-13    1.242106e-14
   55  136    1.913678e-14    9.031680e-16
   55  137    1.080783e-15    7.696231e-17
   55  138    1.496784e-22    1.545099e-24
   55  139    1.292447e-26    1.259415e-29
   56  128    2.631791e-28    4.709032e-30
   56  129    1.341648e-26   -2.771368e-28
   56  130    1.644866e-23    6.161224e-25
   56  131    5.875436e-22    6.294099e-25
   56  132    8.561230e-17    1.788474e-18
   56  133    6.720383e-16   -9.085350e-18
   56  134    9.497732e-12   -2.498181e-14
   56  135    3.440241e-12   -2.516929e-14
   56  136    4.257536e-11    1.435086e-13
   56  137    3.367986e-11   -1.591645e-13
   56  138    4.011389e-10    6.585736e-14
   56  139    8.122723e-16   -4.177013e-17
   56  140    5.614603e-19   -2.241157e-20
   56  141    6.617686e-25   -6.628088e-26
   56  142    7.883276e-29   -7.877236e-30
   57  131    4.432470e-30    1.648237e-31
   57  132    8.337018e-28   -3.060396e-29
   57  133    2.023651e-22   -3.028896e-24
   57  134    4.399149e-21   -1.561017e-22
   57  135    1.185337e-18   -4.894038e-21
   57  136    1.112284e-18    1.394685e-20
   57  137    4.275743e-17    1.094149e-18
   57  138    3.710319e-16    4.646025e-18
   57  139    3.735297e-11    2.254551e-17
   57  140    6.592574e-16   -2.611845e-17
   57  141    2.811896e-18   -5.344517e-20
   57  142    1.997466e-23   -1.243642e-24
   57  143    2.095014e-26   -1.191365e-27
   58  134    5.412002e-28    9.619680e-30
   58  135    1.320634e-26   -3.417122e-29
   58  136    6.553580e-24    3.214980e-25
   58  137    5.093313e-22    8.100423e-24
   58  138    8.939622e-17    2.776700e-18
   58  139    4.552856e-15    3.619651e-17
   58  140    9.335810e-11    1.519798e-14
   58  141    1.119628e-14   -2.996324e-16
   58  142    1.248919e-14   -5.290298e-16
   58  143    5.220990e-19   -4.184657e-20
   58  144    3.995623e-21   -2.306705e-22
   58  145    9.829697e-27   -1.126059e-27
   58  146    3.005677e-28    1.743344e-30
   59  137    1.064135e-25    3.340761e-29
   59  138    9.286426e-24   -2.010606e-25
   59  139    3.214404e-18    8.584510e-21
   59  140    2.598337e-16   -2.103553e-18
   59  141    7.793034e-12    1.343076e-16
   59  142    9.486428e-15   -1.435919e-16
   59  143    1.973996e-15    1.556336e-17
   59  144    3.654395e-19   -5.305929e-21
   59  145    1.743686e-20    1.485002e-22
   59  146    7.307918e-26   -2.580448e-27
   59  147    1.588975e-29    5.834245e-31
   60  138    4.087830e-28    4.774823e-31
   60  139    1.964166e-25   -4.736357e-27
   60  140    3.861104e-19    4.058053e-21
   60  141    1.037461e-16   -9.497420e-19
   60  142    2.323799e-11    6.075948e-14
   60  143    4.543649e-13   -9.952110e-15
   60  144    1.066658e-11   -2.731752e-14
   60  145    2.612740e-14   -1.443813e-15
   60  146    4.038653e-13   -2.010903e-14
   60  147    4.019995e-17   -3.323207e-18
   60  148    3.628655e-18   -1.802845e-19
   60  149    9.026527e-23   -8.494751e-24
   60  150    6.973604e-22   -2.293708e-23
   60  151    5.161799e-26   -3.249748e-27
   60  152    1.251168e-26    1.079308e-31
   61  141    1.410746e-25    2.099967e-27
   61  142    3.682124e-22    9.288562e-24
   61  143    3.420246e-16    2.415619e-17
   61  144    2.956870e-17    1.486408e-18
   61  145    9.777661e-16    4.812863e-17
   61  146    1.391731e-17    3.301518e-19
   61  147    3.433148e-16    1.130886e-17
   61  148    3.063676e-19    4.590690e-21
   61  149    9.349926e-20    4.328243e-21
   61  150    1.869581e-23    4.618237e-25
   61  151    1.273384e-22    2.660950e-24
   61  152    4.455477e-26    2.958558e-28
   61  153    4.921764e-26    1.537200e-27
   61  154    7.976313e-30    2.664214e-31
   62  142    4.724372e-26    4.488504e-28
   62  143    3.441130e-22   -3.052522e-26
   62  144    5.451826e-15    2.031546e-16
   62  145    1.980785e-14    3.860587e-18
   62  146    1.477332e-12    5.072581e-15
   62  147    9.226780e-14   -1.980844e-15
   62  148    3.795129e-12   -1.825985e-14
   62  149    1.173073e-14   -2.927426e-16
   62  150    4.582379e-14    1.212715e-16
   62  151    1.031973e-16   -6.688433e-18
   62  152    2.584654e-14   -9.963898e-16
   62  153    5.782198e-17   -2.992327e-18
   62  154    6.223809e-16   -1.558319e-17
   62  155    4.728117e-19   -1.883981e-20
   62  156    6.305921e-20   -9.588209e-22
   62  157    2.329611e-24   -1.058060e-25
   62  158    9.506075e-27   -3.017209e-28
   63  144    1.079907e-26   -1.983948e-28
   63  145    5.494148e-19    1.692195e-20
   63  146    1.592033e-18    5.283669e-22
   63  147    3.184626e-16   -1.652680e-18
   63  148    7.793902e-17   -1.169202e-18
   63  149    1.578044e-14    2.162181e-16
   63  150    2.351336e-16   -1.317962e-18
   63  151    1.432584e-13   -7.195704e-16
   63  152    1.656609e-15   -7.606804e-18
   63  153    1.992796e-13   -2.029597e-16
   63  154    2.897547e-15    8.730705e-18
   63  155    3.493983e-14    6.130218e-16
   63  156    1.826745e-16    3.370356e-18
   63  157    6.424744e-17    2.059881e-18
   63  158    1.450393e-20    2.108733e-22
   63  159    6.244121e-22    2.232899e-23
   63  160    8.005640e-27   -1.294600e-30
   64  146    2.212464e-22    7.348840e-24
   64  147    3.737145e-21   -6.277016e-23
   64  148    4.710034e-18   -2.359202e-19
   64  149    1.503078e-17   -5.771899e-19
   64  150    5.472859e-15   -2.039451e-18
   64  151    6.743865e-16   -1.461379e-17
   64  152    2.253729e-13   -4.576148e-15
   64  153    1.033610e-14   -2.593166e-16
   64  154    1.108118e-12   -1.234640e-15
   64  155    6.131414e-14   -3.191713e-16
   64  156    3.770585e-12    1.923576e-14
   64  157    7.861324e-14   -1.443198e-16
   64  158    8.403884e-13   -1.283229e-14
   64  159    1.403860e-15   -3.647744e-17
   64  160    5.613331e-16   -4.623175e-18
   64  161    8.688058e-20   -2.622667e-21
   64  162    1.476503e-21   -1.642081e-23
   64  163    2.430218e-26   -1.138442e-27
   65  148    5.212006e-30    7.031340e-32
   65  149    9.551916e-29   -2.707763e-29
   65  150    2.537615e-27   -4.444640e-28
   65  151    1.364675e-23   -9.267491e-25
   65  152    3.396050e-24   -1.698609e-25
   65  153    2.570331e-20    6.585115e-22
   65  154    1.259661e-20    6.692764e-23
   65  155    8.614934e-17    1.891419e-18
   65  156    3.393085e-17    1.409274e-19
   65  157    3.320363e-14    4.449050e-16
   65  158    3.947012e-15    2.041973e-17
   65  159    3.231959e-13   -6.369053e-16
   65  160    3.723174e-15    5.190161e-18
   65  161    6.390207e-15    1.639170e-16
   65  162    1.626386e-17    4.043291e-19
   65  163    1.183550e-18    3.884330e-20
   65  164    1.393883e-22    9.791241e-25
   65  165    8.760014e-25    1.679600e-26
   65  166    1.422840e-29   -1.808414e-31
   66  152    6.409136e-27   -8.393281e-28
   66  153    1.269653e-25   -1.039047e-26
   66  154    2.103993e-21    1.097647e-23
   66  155    3.393355e-21   -8.419845e-23
   66  156    3.699656e-17   -3.336358e-19
   66  157    3.732558e-17   -5.338635e-19
   66  158    5.950796e-14   -3.960510e-16
   66  159    1.657257e-14   -2.408888e-17
   66  160    1.714042e-12    3.852804e-15
   66  161    8.646533e-14    1.133568e-16
   66  162    1.591263e-12   -3.522574e-15
   66  163    1.348203e-14   -7.632044e-17
   66  164    1.811877e-14    5.416103e-17
   66  165    6.822299e-18   -1.037209e-19
   66  166    2.399564e-19   -6.388432e-21
   66  167    7.859596e-24   -4.630645e-25
   66  168    4.013262e-26   -1.800752e-27
   66  169    1.232940e-30   -1.875455e-34
   67  155    4.994555e-30    1.175761e-31
   67  156    2.447259e-29   -3.261126e-31
   67  157    3.897588e-24    8.217703e-26
   67  158    1.217730e-23    3.874236e-26
   67  159    2.942713e-19    7.974058e-21
   67  160    1.791205e-19    2.373010e-21
   67  161    8.788009e-16    2.257541e-17
   67  162    1.077940e-16    1.826354e-18
   67  163    8.968668e-14    1.221331e-15
   67  164    3.535019e-15    7.951203e-17
   67  165    3.889409e-13   -1.319284e-15
   67  166    9.506448e-16   -8.659573e-18
   67  167    3.501563e-16    2.772964e-18
   67  168    1.018513e-19   -7.990396e-22
   67  169    2.674767e-21    2.093508e-23
   67  170    1.028495e-25   -1.869890e-27
   67  171    2.214773e-28   -3.024358e-30
   68  158    2.421599e-25   -6.865028e-28
   68  159    2.093547e-24   -4.941069e-26
   68  160    8.123648e-20    2.965078e-22
   68  161    3.307467e-19   -6.832640e-21
   68  162    1.448384e-15   -7.524277e-18
   68  163    1.036134e-15   -5.671247e-19
   68  164    5.339520e-13   -2.100300e-15
   68  165    7.792025e-14    2.598094e-16
   68  166    2.961097e-12   -1.534604e-15
   68  167    6.412945e-14    3.463251e-17
   68  168    1.332331e-13    3.348349e-15
   68  169    2.376868e-16    3.683564e-18
   68  170    2.808647e-17    1.053414e-18
   68  171    6.099822e-21    1.118307e-22
   68  172    7.241003e-23    1.945218e-24
   68  173    1.301215e-27   -1.154069e-29
   68  174    5.439138e-29   -1.679877e-33
   69  161    1.730381e-26    6.927354e-28
   69  162    1.904979e-25    2.582312e-28
   69  163    1.002552e-20    2.356861e-22
   69  164    1.601439e-20    8.660968e-24
   69  165    1.370696e-16    2.980758e-18
   69  166    6.614412e-17    2.575860e-19
   69  167    7.011494e-14    8.940232e-16
   69  168    1.141880e-14    6.154784e-17
   69  169    4.343445e-13   -1.255430e-15
   69  170    8.347012e-15    5.696663e-17
   69  171    7.745407e-15    2.397118e-16
   69  172    1.303725e-17    3.774478e-19
   69  173    9.493605e-19    3.280096e-20
   69  174    1.995294e-22    2.751265e-24
   69  175    1.974774e-25    4.615017e-27
   69  176    3.081110e-30   -4.496262e-32
   70  163    4.461830e-28   -3.059446e-30
   70  164    5.321642e-23    1.159984e-24
   70  165    6.157434e-22   -2.277561e-25
   70  166    7.850962e-18    1.748037e-19
   70  167    2.357880e-17    1.456501e-20
   70  168    4.365582e-14    6.032634e-16
   70  169    2.033754e-14    2.766994e-16
   70  170    2.944149e-12    1.598666e-14
   70  171    2.572209e-13   -1.194647e-17
   70  172    3.172137e-12   -1.616353e-14
   70  173    3.418931e-14   -1.938763e-16
   70  174    2.246158e-14   -4.364653e-16
   70  175    1.015476e-17   -3.511350e-19
   70  176    1.731970e-19   -2.719843e-21
   70  177    2.427961e-23   -9.215722e-25
   70  178    1.979566e-25   -6.869830e-27
   71  166    6.943553e-29    5.935093e-32
   71  167    1.794797e-23    4.373022e-25
   71  168    1.924724e-22    2.354197e-24
   71  169    3.295375e-18    1.134897e-19
   71  170    3.120771e-18    5.507588e-20
   71  171    5.094523e-15    1.315615e-16
   71  172    1.803685e-15    2.236361e-17
   71  173    2.138271e-13    2.537521e-15
   71  174    1.222750e-14    5.332428e-17
   71  175    2.238089e-13   -2.735172e-15
   71  176    7.896197e-16   -9.371030e-18
   71  177    9.176732e-17    1.269880e-18
   71  178    6.223408e-20    3.991699e-22
   71  179    1.700936e-21    3.043271e-23
   71  180    1.937446e-25   -1.161138e-27
   71  181    8.388465e-29   -6.870237e-31
   72  168    1.716337e-25    4.595277e-27
   72  169    4.715663e-24    2.006324e-26
   72  170    1.691164e-19    4.628996e-21
   72  171    1.123377e-18    9.540822e-21
   72  172    2.229595e-15    5.295495e-17
   72  173    3.386281e-15    2.129785e-17
   72  174    6.158880e-13    7.886562e-15
   72  175    9.329035e-14    1.330202e-15
   72  176    5.651773e-12   -1.200723e-14
   72  177    7.628702e-14   -1.088289e-16
   72  178    8.351702e-14    2.758058e-15
   72  179    2.838807e-16    7.350062e-18
   72  180    6.433252e-17    3.344629e-18
   72  181    1.763137e-20    6.049799e-22
   72  182    1.054397e-22    5.014827e-24
   72  183    1.832530e-27    3.617290e-29
   72  184    1.427548e-28   -4.763472e-35
   73  171    5.547076e-30    2.090413e-31
   73  172    3.561131e-27    5.801234e-29
   73  173    1.881052e-22    8.441063e-24
   73  174    3.854719e-23    1.793242e-24
   73  175    6.579675e-18    2.525655e-19
   73  176    1.787059e-18    3.891542e-20
   73  177    1.530694e-15    4.726175e-17
   73  178    4.622577e-18    6.540724e-20
   73  179    4.468365e-13    4.526629e-15
   73  180    9.356863e-15    1.624779e-16
   73  181    2.638852e-13   -4.729661e-15
   73  182    3.126723e-16   -8.783397e-18
   73  183    1.138266e-17   -5.804431e-20
   73  184    4.401541e-22   -1.254953e-23
   73  185    4.317911e-24   -7.289524e-26
   73  186    8.255197e-29   -4.212475e-30
   74  173    1.831990e-27    3.762184e-30
   74  174    8.415628e-23    2.629203e-24
   74  175    1.396811e-21    1.674190e-23
   74  176    5.453831e-18    1.621178e-19
   74  177    1.165036e-17    8.977300e-20
   74  178    8.295295e-15    2.099556e-16
   74  179    5.713655e-15    4.215059e-17
   74  180    8.324255e-13    1.098421e-14
   74  181    1.129740e-13    4.416042e-16
   74  182    3.955830e-12   -1.155399e-14
   74  183    1.910450e-14   -1.594006e-16
   74  184    5.504473e-15    9.068185e-17
   74  185    3.289979e-18   -2.774230e-21
   74  186    1.856501e-19    4.989503e-21
   74  187    1.407427e-23    6.608703e-27
   74  188    1.342709e-25    1.915731e-27
   75  176    1.200344e-27   -1.445462e-30
   75  177    3.131107e-23    5.459221e-25
   75  178    1.641114e-22    2.495624e-25
   75  179    7.677835e-19    1.227998e-20
   75  180    1.838772e-18    4.385945e-21
   75  181    2.251700e-15    4.062790e-17
   75  182    9.764958e-16    5.452684e-18
   75  183    1.875546e-13    2.039125e-15
   75  184    3.357563e-15   -1.127165e-17
   75  185    1.199753e-13   -2.059101e-15
   75  186    4.566365e-16   -1.015578e-17
   75  187    1.491982e-16    1.710326e-18
   75  188    6.453616e-20   -2.880630e-22
   75  189    5.255152e-21    5.317159e-23
   75  190    3.747512e-25   -4.623717e-27
   75  191    1.091823e-26    7.241569e-29
   75  192    7.814948e-30    4.023372e-32
   76  178    2.335700e-26    4.258590e-28
   76  179    8.784386e-25    2.136648e-27
   76  180    1.482575e-20    4.314510e-22
   76  181    1.138537e-19    8.271481e-22
   76  182    3.620693e-16    9.208790e-18
   76  183    9.529442e-16    5.193793e-18
   76  184    2.991179e-13    5.659474e-15
   76  185    4.309104e-14    1.260849e-16
   76  186    3.737902e-12    2.587439e-15
   76  187    6.442575e-14   -7.285949e-16
   76  188    4.428745e-13   -7.690442e-15
   76  189    1.035065e-15   -2.951110e-17
   76  190    1.164558e-15    5.152174e-18
   76  191    1.013447e-18   -1.059819e-20
   76  192    3.459061e-19    8.663274e-21
   76  193    5.553311e-23    3.902279e-25
   76  194    2.803064e-22   -2.730947e-23
   76  195    1.596674e-26   -2.035402e-27
   76  196    1.770671e-28   -3.154125e-34
   77  181    7.679305e-27    2.408317e-28
   77  182    2.252472e-25    1.391694e-27
   77  183    3.008640e-21    9.413388e-23
   77  184    1.971792e-20    3.374095e-22
   77  185    3.578054e-17    1.426646e-18
   77  186    6.019873e-18    1.403863e-19
   77  187    4.246882e-15    1.209258e-16
   77  188    4.356009e-16    7.296264e-18
   77  189    1.680535e-13    2.421016e-15
   77  190    3.589591e-15   -1.270477e-17
   77  191    4.649142e-13   -2.737337e-15
   77  192    1.745927e-15   -1.907371e-17
   77  193    7.199681e-15    2.113608e-16
   77  194    6.649004e-18    1.315030e-19
   77  195    1.747925e-18   -1.837031e-20
   77  196    3.311109e-22   -1.000816e-23
   77  197    1.235959e-23   -1.543711e-25
   77  198    8.570429e-28   -3.039446e-29
   78  183    4.866632e-30   -3.429736e-31
   78  184    4.352110e-25    1.677217e-27
   78  185    9.161384e-24   -3.946889e-26
   78  186    5.900526e-20    1.484584e-21
   78  187    8.885996e-20   -8.128630e-23
   78  188    2.978963e-16    7.327426e-18
   78  189    1.957401e-16    4.841179e-19
   78  190    1.054742e-13    1.724825e-15
   78  191    1.314557e-14    2.174057e-17
   78  192    3.420591e-12   -1.979452e-14
   78  193    1.077308e-13   -2.739566e-15
   78  194    1.479135e-12    2.223368e-14
   78  195    1.249670e-14   -1.977687e-19
   78  196    4.097134e-14   -1.424702e-15
   78  197    8.077766e-17   -4.191405e-18
   78  198    1.605611e-15   -3.356246e-17
   78  199    7.535034e-19   -3.078395e-20
   78  200    3.667242e-20   -5.350772e-22
   78  201    8.230914e-25   -3.902625e-26
   78  202    1.075352e-26   -2.097946e-28
   79  188    3.416776e-27   -1.016847e-28
   79  189    7.810029e-23    2.492598e-24
   79  190    4.172060e-22    7.011033e-24
   79  191    1.420577e-18    5.240492e-20
   79  192    7.876912e-19    1.635496e-20
   79  193    1.233481e-15    3.360839e-17
   79  194    3.504009e-16    4.500086e-18
   79  195    1.058826e-13    1.597753e-15
   79  196    9.532752e-15   -5.265089e-18
   79  197    5.728953e-13   -1.766439e-15
   79  198    1.233742e-14    1.695657e-17
   79  199    8.701120e-15    1.184820e-16
   79  200    2.313024e-17    2.634885e-19
   79  201    2.773279e-18    7.002413e-20
   79  202    1.982709e-21    3.397591e-23
   79  203    5.867511e-23    1.780436e-24
   79  204    5.422634e-27    5.946084e-29
   80  190    6.398141e-27    5.617783e-28
   80  191    1.540687e-25    1.183991e-27
   80  192    1.899437e-21    7.133933e-23
   80  193    1.077792e-20    1.059874e-22
   80  194    3.376570e-17    1.105152e-18
   80  195    4.722274e-17    3.001344e-19
   80  196    3.812272e-14    6.475195e-16
   80  197    1.716375e-14    6.857865e-18
   80  198    3.049991e-12    5.869731e-15
   80  199    3.987552e-13   -2.838786e-15
   80  200    6.245395e-12    2.728814e-14
   80  201    2.338217e-13   -4.386473e-15
   80  202    3.737046e-12   -2.603521e-14
   80  203    1.353216e-14   -1.860810e-16
   80  204    6.672385e-14   -3.668811e-16
   80  205    8.092659e-18   -1.995352e-19
   80  206    6.071443e-20    2.793751e-22
   80  207    5.874597e-29   -5.649814e-30
   81  194    4.475378e-28    2.184518e-29
   81  195    8.217593e-24    5.767298e-25
   81  196    9.949300e-23    4.790008e-24
   81  197    2.167107e-19    1.395666e-20
   81  198    8.987728e-19    3.725321e-20
   81  199    6.800352e-16    3.518237e-17
   81  200    1.351783e-15    3.713127e-17
   81  201    1.700802e-13    4.741780e-15
   81  202    1.634793e-13   -2.625048e-16
   81  203    2.849746e-12   -5.366538e-15
   81  204    1.443484e-13    1.127516e-15
   81  205    2.192047e-13   -3.115475e-16
   81  206    1.338889e-15   -1.342191e-18
   81  207    1.902157e-17    4.403473e-19
   81  208    2.978736e-26   -1.978285e-27
   82  197    3.541199e-28    1.770958e-29
   82  198    6.205000e-24    4.602283e-25
   82  199    7.159081e-23    3.206052e-24
   82  200    5.812977e-19    3.543157e-20
   82  201    5.612096e-18    1.969933e-19
   82  202    6.397870e-15    2.395583e-16
   82  203    3.308034e-14    3.996579e-16
   82  204    7.333994e-12    4.501037e-14
   82  205    7.009067e-12   -4.208337e-14
   82  206    6.512360e-11    3.489108e-13
   82  207    4.694721e-11   -3.065125e-13
   82  208    1.274681e-10   -4.596452e-14
   82  209    3.408887e-18   -2.719757e-19
   82  210    1.310241e-24   -1.580900e-25
   83  200    3.175873e-28    1.902837e-29
   83  201    2.543225e-24    2.050445e-25
   83  202    2.717250e-23    1.672705e-24
   83  203    6.764576e-20    5.305681e-21
   83  204    4.404380e-19    2.561867e-20
   83  205    2.137761e-16    1.307775e-17
   83  206    6.482062e-16    2.332828e-17
   83  207    1.133437e-13    3.657014e-15
   83  208    1.201409e-13    6.108359e-16
   83  209    2.872225e-12   -4.304461e-15
   83  210    5.010127e-19   -3.367897e-20
   83  211    6.194728e-25   -8.901586e-26
   84  206    1.787967e-29    6.666065e-31
   84  207    3.746377e-29    9.298783e-31
   84  208    1.222135e-26    2.497187e-28
   84  209    1.445474e-26    1.285580e-28
   84  210    3.624038e-25   -4.369641e-27
    0    1    9.378494e-14   -2.040561e-14
    1    1    7.109596e-11   -1.386766e-11
    2    4    7.975943e-08   -1.107475e-08
