9.0766e-01
8.4498e-03
1.7659e+00
1.3430e+05
    1    2    2.613870e-24   -4.472272e-25
    1    3    1.649341e-21    1.157679e-22
    2    3    3.684100e-17   -1.998754e-21
    3    7    3.221772e-29    4.408072e-30
    4    7    2.212547e-27    7.144417e-29
    4    8    3.151581e-10    8.272553e-17
    4   10    1.016972e-27   -1.064991e-28
    5   10    9.471596e-24   -1.452674e-24
    5   11    6.991179e-18    4.048019e-19
    5   12    1.108729e-29    9.633592e-31
    6   11    2.553247e-12   -6.682001e-15
    6   12    3.278291e-04   -2.826904e-09
    6   13    2.645609e-11    7.424792e-13
    6   14    7.364272e-13    8.012843e-15
    6   15    2.462303e-30   -1.121271e-31
    7   12    1.829335e-25   -2.527093e-26
    7   13    4.217229e-13   -3.265846e-14
    7   14    1.537431e-07   -4.404442e-12
    7   15    2.823171e-06   -1.192055e-09
    7   16    4.827230e-20   -2.859240e-22
    7   17    1.687078e-24   -2.400915e-27
    8   14    6.100071e-15   -2.799838e-16
    8   15    7.518682e-08   -5.936033e-12
    8   16    4.582165e-02   -4.546240e-11
    8   17    1.017450e-09   -2.312603e-12
    8   18    1.537066e-13    3.245922e-15
    8   19    6.333625e-23    4.646810e-24
    8   20    3.773902e-30    2.494170e-31
    9   16    4.398913e-24   -8.514203e-25
    9   17    2.547676e-14   -3.450673e-15
    9   18    2.622032e-11   -2.274496e-13
    9   19    1.067217e-08   -4.014902e-11
    9   20    1.403191e-15    8.099111e-17
    9   21    5.756481e-23    6.119980e-24
   10   18    2.115009e-18   -9.342492e-20
   10   19    3.265568e-11   -1.620599e-14
   10   20    8.352930e-03    8.005266e-10
   10   21    1.006795e-05   -3.192466e-10
   10   22    1.376138e-06   -9.056048e-11
   10   23    4.696691e-15    2.458237e-16
   10   24    2.163464e-23    7.238473e-25
   11   20    1.535593e-19   -9.719371e-21
   11   21    5.946426e-10   -3.507587e-11
   11   22    5.172248e-07   -1.424906e-10
   11   23    1.957233e-04    6.355125e-10
   11   24    3.790523e-11    1.887465e-12
   11   25    1.275915e-17    2.242091e-19
   11   26    3.166638e-25    2.015986e-26
   12   21    3.644635e-25   -2.634022e-26
   12   22    2.696071e-14   -4.541943e-17
   12   23    1.350297e-06   -5.002957e-10
   12   24    2.358947e-03    2.541586e-11
   12   25    1.403668e-04    1.294674e-10
   12   26    3.364779e-04    8.096039e-10
   12   27    4.248767e-12    1.754486e-13
   12   28    4.951638e-19    3.953506e-20
   12   29    3.734934e-29    4.301277e-30
   13   23    1.451939e-28   -1.836798e-30
   13   24    1.056475e-15   -8.504027e-17
   13   25    7.519522e-11   -4.822930e-12
   13   26    1.714647e-11    6.072426e-13
   13   27    2.716473e-04   -1.752710e-10
   13   28    2.484672e-10    9.439241e-12
   13   29    2.421076e-15    1.927145e-17
   13   30    2.163915e-22    1.039496e-23
   13   31    2.550794e-29    1.866067e-30
   14   25    1.459550e-20   -4.054715e-22
   14   26    1.475250e-12   -4.080599e-15
   14   27    1.092958e-07   -1.564281e-10
   14   28    2.972327e-04    6.407655e-10
   14   29    9.829892e-05    2.819943e-10
   14   30    5.478340e-05    1.197502e-10
   14   31    9.495818e-11    3.028010e-12
   14   32    2.989510e-17    1.528074e-18
   14   33    3.440752e-25    3.479911e-26
   15   27    1.957159e-24   -2.525001e-25
   15   28    2.143232e-16   -1.612583e-17
   15   29    7.166312e-11   -3.008095e-12
   15   30    4.031945e-10   -2.260567e-13
   15   31    2.314726e-07   -2.006766e-11
   15   32    1.152907e-12    1.214168e-14
   15   33    3.794807e-13    7.061677e-15
   15   34    2.277635e-19    8.554212e-21
   15   35    1.291499e-25    6.343919e-27
   16   29    7.217473e-22   -4.744246e-23
   16   30    1.450895e-13   -7.306275e-16
   16   31    3.531334e-09   -7.988457e-12
   16   32    1.131747e-05    5.315024e-11
   16   33    1.183172e-07   -9.652791e-12
   16   34    7.699310e-10    1.031075e-11
   16   35    3.509766e-14    7.791712e-16
   16   36    5.742597e-17    2.434809e-19
   16   37    4.201544e-25    2.521739e-26
   17   31    7.129303e-27   -1.106989e-27
   17   32    6.145837e-19   -4.275047e-20
   17   33    1.043874e-15   -2.590363e-18
   17   34    9.084428e-09   -6.549821e-12
   17   35    3.586353e-09    5.645364e-11
   17   36    1.049102e-13    8.421573e-16
   17   37    2.061435e-13    1.809562e-15
   17   38    3.272644e-19    6.448684e-21
   17   39    1.737126e-24    3.974461e-26
   17   40    2.473199e-30    6.371149e-32
   18   33    1.999231e-27   -6.760637e-29
   18   34    5.594792e-18    5.871342e-21
   18   35    1.718873e-08   -5.071953e-11
   18   36    4.076319e-08    5.040336e-13
   18   37    3.121007e-10   -1.552048e-14
   18   38    9.042406e-12    1.456076e-14
   18   39    1.031410e-15    3.132837e-18
   18   40    3.439131e-18    6.774473e-21
   18   41    1.417161e-23    1.095529e-25
   18   42    2.064611e-25    8.192626e-28
   19   36    2.297985e-18   -2.152084e-19
   19   37    5.470405e-17   -4.434918e-18
   19   38    3.428688e-11   -8.283981e-15
   19   39    5.728496e-10    1.042621e-13
   19   40    3.519649e-14    9.426547e-17
   19   41    6.526990e-14    2.908993e-16
   19   42    3.318129e-18    2.362380e-20
   19   43    2.154531e-22    1.382568e-24
   19   44    5.883595e-27    3.444374e-29
   20   38    2.616827e-19   -4.427144e-21
   20   39    1.940331e-11   -1.248574e-13
   20   40    4.316615e-08    3.059866e-14
   20   41    1.335376e-09   -3.254451e-15
   20   42    1.081580e-11   -1.339878e-15
   20   43    9.605495e-14    9.505762e-17
   20   44    1.796199e-14    1.129000e-17
   20   45    1.161062e-17    1.108509e-20
   20   46    3.474389e-19    2.983828e-22
   20   47    1.002045e-23    2.905948e-26
   20   48    6.034145e-28    9.229893e-31
   21   40    2.603104e-24   -3.815412e-25
   21   41    7.228397e-19   -8.237537e-20
   21   42    4.733836e-13    2.573517e-16
   21   43    4.379758e-12    3.184227e-15
   21   44    8.059588e-13    4.414506e-16
   21   45    1.944747e-12    1.232526e-15
   21   46    1.527091e-15    2.841233e-18
   21   47    8.798494e-18    5.268460e-22
   21   48    1.900775e-21    2.819107e-24
   21   49    3.663905e-24   -3.820748e-27
   21   50    4.024076e-29    1.139457e-31
   22   42    8.044399e-24   -8.810015e-25
   22   43    1.012333e-14   -6.870745e-17
   22   44    7.845721e-10   -2.368844e-15
   22   45    6.574297e-11   -2.214684e-15
   22   46    7.398806e-11    9.110196e-16
   22   47    8.545320e-12    3.148301e-15
   22   48    1.536369e-12    2.801433e-16
   22   49    7.874142e-15    6.930688e-18
   22   50    5.342341e-17   -3.708001e-21
   22   51    2.552932e-21    3.681994e-24
   22   52    1.263776e-25    1.414195e-28
   23   44    1.607735e-23   -1.297573e-24
   23   45    1.015482e-19   -1.422107e-21
   23   46    1.168084e-12   -1.506834e-14
   23   47    9.784167e-11    9.770292e-15
   23   48    1.937712e-11   -1.148915e-15
   23   49    1.789524e-11    2.304223e-15
   23   50    3.164313e-14    1.242589e-17
   23   51    1.301016e-13    5.426713e-17
   23   52    1.314885e-16    8.388164e-20
   23   53    2.821539e-20    1.839989e-23
   23   54    3.769466e-25    2.604160e-27
   23   55    2.828847e-29    6.177320e-32
   24   46    2.981318e-22   -5.566949e-24
   24   47    1.066432e-13   -1.223278e-15
   24   48    2.892005e-11    1.298948e-15
   24   49    6.854003e-11   -2.267875e-15
   24   50    2.545660e-10   -1.426774e-14
   24   51    7.208585e-11    6.925746e-15
   24   52    4.883574e-11   -7.419530e-16
   24   53    1.146049e-13    2.318772e-17
   24   54    2.511425e-15    4.056927e-19
   24   55    1.843356e-19    3.515350e-22
   24   56    2.021345e-23    2.313756e-26
   24   57    3.428050e-29    9.560506e-31
   25   48    2.466786e-22   -2.090054e-23
   25   49    3.058730e-19   -2.219101e-20
   25   50    2.650539e-13   -1.348762e-15
   25   51    1.740985e-10    1.395038e-15
   25   52    1.517190e-10   -4.874847e-15
   25   53    2.438013e-10    2.345742e-15
   25   54    1.260186e-12    1.688659e-16
   25   55    1.790129e-12    1.638145e-16
   25   56    2.416417e-15    1.198526e-18
   25   57    1.417073e-18    8.329233e-22
   25   58    8.157804e-23    1.176393e-25
   25   59    2.844485e-26   -1.445709e-31
   26   49    2.402150e-29   -3.216399e-30
   26   50    4.791595e-23   -2.496343e-24
   26   51    5.439509e-15   -1.238747e-16
   26   52    1.540878e-11    8.847609e-16
   26   53    1.268043e-10   -6.370505e-15
   26   54    1.885088e-08   -4.162586e-13
   26   55    5.565827e-09    3.716692e-14
   26   56    1.289048e-08   -1.194572e-13
   26   57    1.068849e-10    1.249560e-14
   26   58    2.334633e-11    6.214250e-16
   26   59    7.468905e-15    6.318075e-18
   26   60    2.952534e-17    8.534849e-22
   26   61    1.697155e-22    2.719819e-24
   26   62    2.317982e-26    2.670081e-29
   27   52    3.639336e-27   -5.290437e-28
   27   53    8.138373e-21   -7.369120e-22
   27   54    1.685976e-13   -8.908558e-16
   27   55    4.509606e-09    1.036741e-13
   27   56    4.086724e-09   -1.156306e-13
   27   57    2.568925e-08   -2.934897e-13
   27   58    8.491505e-10    1.216382e-15
   27   59    1.242766e-08    8.761563e-13
   27   60    3.490370e-11    8.061137e-15
   27   61    1.300401e-13    2.943705e-17
   27   62    4.180648e-17    6.588586e-20
   27   63    9.826300e-20    1.155690e-23
   27   64    1.157903e-24    1.971738e-27
   27   65    1.326184e-27    2.112007e-32
   28   54    1.806452e-25   -1.184993e-26
   28   55    5.415800e-16   -1.604326e-17
   28   56    1.884321e-10    5.159320e-15
   28   57    2.143095e-09    1.711543e-15
   28   58    2.118315e-06   -3.402309e-13
   28   59    1.180968e-06   -1.311969e-11
   28   60    3.708782e-06   -6.129443e-11
   28   61    2.027184e-07    5.627052e-12
   28   62    1.492025e-07    4.557354e-12
   28   63    3.285619e-10    1.206705e-13
   28   64    5.740768e-11    4.635321e-15
   28   65    5.856852e-15    1.451384e-17
   28   66    5.727294e-17   -2.839385e-22
   28   67    4.945946e-22    4.631137e-24
   28   68    2.178744e-25    3.774405e-29
   29   57    1.178361e-22   -1.527862e-23
   29   58    5.093438e-16   -2.019211e-17
   29   59    8.538498e-11   -7.927177e-13
   29   60    1.082419e-08    1.022476e-11
   29   61    2.674567e-07    4.626563e-11
   29   62    1.800952e-07   -3.132443e-12
   29   63    2.975028e-07    2.696823e-12
   29   64    4.486500e-09    4.760968e-13
   29   65    9.898455e-09    9.717149e-13
   29   66    2.180323e-11    1.192843e-14
   29   67    3.162127e-13    3.728368e-17
   29   68    3.297316e-17    2.082120e-19
   29   69    1.289931e-19    2.677230e-23
   29   70    1.923981e-25    1.156289e-26
   29   71    4.323163e-28   -1.739921e-31
   30   59    1.215371e-22   -9.619880e-24
   30   60    6.607710e-13   -1.860172e-17
   30   61    7.164661e-10    2.606894e-14
   30   62    1.413083e-07    2.155837e-12
   30   63    1.114844e-07   -2.533721e-12
   30   64    6.604021e-06   -1.298837e-11
   30   65    9.498804e-07   -2.022682e-11
   30   66    9.093396e-07   -1.793368e-11
   30   67    8.178066e-09    1.156634e-12
   30   68    4.171588e-09    1.938793e-13
   30   69    1.311691e-12    2.013052e-15
   30   70    5.836781e-13    3.679867e-15
   30   71    1.996288e-17    2.358347e-19
   30   72    1.200179e-19    9.927255e-24
   30   73    7.109038e-25    1.751698e-26
   30   74    2.366002e-27   -4.014873e-32
   31   61    1.091525e-27   -6.407831e-29
   31   62    1.655673e-16   -6.861525e-18
   31   63    5.133374e-14   -2.517724e-15
   31   64    4.070992e-11    6.883086e-14
   31   65    1.187592e-08    1.333177e-11
   31   66    1.055831e-07    1.695614e-11
   31   67    5.408602e-07    1.459003e-11
   31   68    2.516265e-08    1.867824e-12
   31   69    5.252073e-08    1.789488e-12
   31   70    7.959338e-10    1.587903e-13
   31   71    7.616898e-11    3.937562e-15
   31   72    6.204513e-14    2.438378e-16
   31   73    2.315528e-15    1.620335e-19
   31   74    6.583286e-19    2.235066e-21
   31   75    1.966510e-20   -6.434876e-25
   31   76    1.653309e-25    3.016203e-27
   31   77    3.127045e-27   -1.241893e-30
   32   63    4.383168e-25   -4.650572e-26
   32   64    6.044050e-16   -9.929746e-20
   32   65    4.570982e-13    1.810451e-17
   32   66    2.797479e-09   -4.549141e-14
   32   67    2.529943e-08   -4.926264e-13
   32   68    1.383595e-06    5.139059e-12
   32   69    2.657223e-07   -1.554237e-12
   32   70    2.167956e-06   -2.887876e-11
   32   71    8.832378e-08    4.517262e-12
   32   72    6.937658e-08    7.001062e-13
   32   73    5.448167e-10    1.137919e-13
   32   74    6.384051e-10    1.090682e-14
   32   75    8.234846e-13    8.946594e-16
   32   76    6.402190e-14    1.012670e-17
   32   77    8.274477e-18    2.545040e-20
   32   78    3.143999e-19   -2.086155e-24
   32   79    4.945469e-24    4.909132e-26
   32   80    9.043665e-26   -1.859967e-29
   33   65    3.069299e-30   -5.170137e-31
   33   66    1.409773e-19   -6.206149e-21
   33   67    8.294495e-17   -5.261141e-18
   33   68    5.985890e-13   -5.232221e-15
   33   69    1.213424e-10   -8.948757e-13
   33   70    2.841368e-09    2.232944e-12
   33   71    1.379355e-07    2.292812e-11
   33   72    4.607934e-08    1.009098e-13
   33   73    1.233732e-07    5.289770e-13
   33   74    1.029643e-08    5.044393e-13
   33   75    4.940610e-09   -1.962767e-14
   33   76    1.419985e-10    7.564309e-14
   33   77    2.573694e-11    3.276908e-16
   33   78    2.860841e-14    5.371051e-17
   33   79    9.340710e-15   -6.147349e-20
   33   80    2.946564e-18    8.039595e-21
   33   81    6.050536e-19   -1.035592e-22
   33   82    2.468860e-24    9.576861e-26
   33   83    2.215432e-26   -6.610770e-30
   34   67    2.400120e-29   -3.054401e-30
   34   68    1.175468e-18   -2.093709e-22
   34   69    4.772734e-15    7.020158e-19
   34   70    2.420718e-11   -8.665494e-16
   34   71    4.571014e-10   -2.087894e-14
   34   72    1.596159e-07    7.887946e-13
   34   73    4.739376e-08   -2.112553e-13
   34   74    5.562249e-07   -2.425999e-12
   34   75    1.419967e-07    6.667683e-13
   34   76    2.305829e-07    1.217233e-13
   34   77    1.751063e-08    6.952039e-13
   34   78    1.796123e-08    6.212140e-13
   34   79    2.415103e-10    3.680805e-14
   34   80    1.840631e-10    4.452564e-15
   34   81    4.433744e-13    2.132478e-16
   34   82    1.091470e-13    3.589152e-17
   34   83    4.883285e-18    4.633239e-20
   34   84    3.715501e-19   -1.280798e-23
   34   85    1.143076e-26    7.522043e-28
   35   70    1.341516e-22   -8.131404e-24
   35   71    7.995394e-20   -6.617406e-21
   35   72    1.543597e-15   -3.515373e-17
   35   73    1.821510e-12   -4.831690e-14
   35   74    1.602290e-10    1.701033e-13
   35   75    6.901201e-09    1.592156e-12
   35   76    3.088106e-08   -9.759410e-13
   35   77    1.735864e-07   -1.054290e-13
   35   78    3.102674e-08    5.055596e-13
   35   79    5.639344e-08   -3.087807e-13
   35   80    1.186120e-08    6.688297e-13
   35   81    1.058739e-08    2.234428e-17
   35   82    7.834806e-10    8.147053e-14
   35   83    6.486080e-10    3.609439e-16
   35   84    9.486448e-13    1.336154e-15
   35   85    3.969450e-13   -1.266836e-17
   35   86    1.625192e-19    1.187003e-20
   35   87    2.048040e-24    3.548313e-26
   36   72    5.716754e-22   -3.217647e-25
   36   73    2.481534e-17   -5.045711e-21
   36   74    2.573429e-13   -3.329340e-17
   36   75    9.968854e-12   -9.067718e-16
   36   76    5.853109e-09   -7.542301e-14
   36   77    7.979979e-09   -2.113886e-13
   36   78    1.865391e-07   -4.696798e-13
   36   79    1.016120e-07   -1.180021e-13
   36   80    1.986094e-07    9.773643e-13
   36   81    5.844990e-08    5.470982e-13
   36   82    7.729610e-08    2.908592e-13
   36   83    1.017791e-08    1.895999e-13
   36   84    1.193077e-08    1.025176e-14
   36   85    2.368702e-10    2.188334e-14
   36   86    2.239214e-10   -8.566099e-17
   36   87    1.498084e-15    3.319945e-17
   36   88    2.614765e-19    5.805451e-22
   36   89    8.984003e-26    6.293672e-27
   36   90    1.239369e-30   -2.290553e-34
   37   74    1.646945e-24   -8.802893e-26
   37   75    4.005277e-21   -2.719351e-22
   37   76    7.381497e-17   -1.013314e-18
   37   77    6.816696e-14   -1.086779e-15
   37   78    1.720448e-12    2.849317e-15
   37   79    6.095689e-10    1.554213e-13
   37   80    2.987012e-09   -4.680634e-13
   37   81    2.898137e-08   -6.175926e-14
   37   82    2.051562e-08   -1.561029e-13
   37   83    6.555484e-08    3.164556e-14
   37   84    1.987244e-08    2.807529e-13
   37   85    4.323147e-08    1.838599e-13
   37   86    1.829399e-08    1.607015e-13
   37   87    3.747925e-08    1.057208e-13
   37   88    3.032855e-12    3.447655e-14
   37   89    2.707577e-15    5.040138e-18
   37   90    2.612067e-20    1.462673e-21
   37   91    1.664588e-24    4.298424e-26
   38   76    7.072980e-24   -1.167167e-26
   38   77    5.633510e-19   -3.463506e-22
   38   78    4.567300e-15   -8.104844e-19
   38   79    5.631175e-14   -9.726577e-18
   38   80    1.092757e-10   -1.760547e-15
   38   81    2.601317e-10   -8.934845e-15
   38   82    9.658650e-09   -5.309813e-14
   38   83    7.003779e-09   -1.847148e-14
   38   84    4.452579e-08    1.232683e-14
   38   85    2.218492e-08    1.191916e-14
   38   86    4.730647e-08    2.635152e-13
   38   87    3.681316e-08   -2.971487e-15
   38   88    8.176708e-08    1.584810e-13
   38   89    2.592206e-11    3.702954e-14
   38   90    2.868478e-13    2.648238e-17
   38   91    9.777875e-18    1.378222e-19
   38   92    4.226105e-21    8.062207e-24
   38   93    1.196895e-26    6.521430e-28
   38   94    5.307778e-30   -4.233044e-34
   39   78    8.941360e-28   -6.864133e-29
   39   79    4.026323e-22   -2.091425e-23
   39   80    4.528107e-20   -1.490362e-21
   39   81    7.003454e-17   -2.491948e-18
   39   82    1.832692e-14   -3.219978e-18
   39   83    3.190183e-12   -1.561807e-15
   39   84    6.560711e-12   -2.949535e-15
   39   85    1.202760e-09   -7.168606e-15
   39   86    2.243584e-09   -7.301531e-14
   39   87    8.125237e-09   -2.872749e-14
   39   88    1.110853e-08   -2.461778e-14
   39   89    1.027630e-07    8.172531e-14
   39   90    2.843707e-10    2.582718e-13
   39   91    9.983188e-12    1.516286e-15
   39   92    5.090312e-15    2.435176e-17
   39   93    2.197579e-17    4.024381e-20
   39   94    3.871067e-21    6.819689e-23
   39   95    1.198822e-24    1.510669e-26
   39   96    1.952234e-30    1.659384e-31
   40   80    4.537724e-25   -2.768727e-27
   40   81    3.922448e-23   -3.802822e-26
   40   82    4.034625e-18   -5.747195e-22
   40   83    2.804538e-16   -7.018908e-20
   40   84    1.009602e-13   -9.324013e-18
   40   85    1.732499e-13   -1.642410e-17
   40   86    1.374546e-10   -1.332826e-15
   40   87    1.765754e-10   -3.538655e-15
   40   88    1.523319e-09   -1.060095e-15
   40   89    1.858176e-09   -4.401262e-15
   40   90    5.930351e-08    4.791625e-14
   40   91    1.028155e-09    8.664846e-14
   40   92    3.657536e-10    2.691584e-15
   40   93    9.050413e-13    7.416577e-16
   40   94    5.543096e-14    3.526255e-18
   40   95    3.803238e-17    1.178291e-19
   40   96    3.776204e-19    1.124097e-22
   40   97    1.830248e-24    8.563798e-26
   40   98    4.822872e-29    9.076452e-31
   41   83    1.286126e-27   -1.238918e-28
   41   84    2.338805e-21   -2.104786e-23
   41   85    2.235209e-21   -1.495561e-22
   41   86    1.137760e-18   -1.457693e-20
   41   87    3.844428e-15   -1.759865e-17
   41   88    2.596504e-13    2.173289e-17
   41   89    1.425014e-11   -4.514093e-16
   41   90    7.876842e-11   -1.629218e-15
   41   91    7.746316e-09   -2.329527e-14
   41   92    1.142972e-09    4.935642e-14
   41   93    1.542316e-09   -2.001194e-15
   41   94    2.680078e-11    1.555760e-14
   41   95    7.304951e-12    2.499209e-16
   41   96    2.870416e-14    9.846044e-17
   41   97    1.236873e-15    3.792088e-19
   41   98    5.385190e-20    2.765530e-21
   41   99    2.335581e-23    4.277548e-25
   41  100    4.852204e-29    4.976337e-30
   42   85    1.151049e-28   -4.680148e-30
   42   86    3.565179e-23   -5.005142e-26
   42   87    1.261377e-20   -7.528960e-24
   42   88    8.002847e-17   -7.777698e-21
   42   89    2.889611e-15   -5.135272e-19
   42   90    4.284354e-13   -3.979314e-18
   42   91    1.627104e-12   -8.963964e-17
   42   92    9.724492e-10    7.329565e-16
   42   93    3.342317e-10    1.520056e-15
   42   94    6.293087e-10    4.889677e-16
   42   95    3.218642e-11    2.451365e-15
   42   96    8.664188e-11   -1.143976e-16
   42   97    3.505125e-13    3.755586e-16
   42   98    1.553015e-13    2.708019e-18
   42   99    1.586424e-17    3.052233e-19
   42  100    6.009981e-17    1.940389e-18
   42  101    7.643956e-22    4.819526e-23
   42  102    1.023767e-24    1.603258e-27
   42  103    7.930627e-30    3.796727e-31
   43   88    3.248273e-29   -2.569830e-30
   43   89    3.687671e-25   -2.901373e-26
   43   90    4.434693e-22   -1.524956e-23
   43   91    6.826494e-18   -2.221904e-20
   43   92    1.092178e-15    2.673602e-20
   43   93    3.398697e-12    8.102350e-17
   43   94    6.602939e-12   -8.865851e-18
   43   95    3.944699e-11   -4.341091e-16
   43   96    1.224144e-11    5.436455e-16
   43   97    5.824279e-11   -7.695389e-16
   43   98    1.290473e-12    9.984146e-16
   43   99    3.424964e-12   -7.187296e-19
   43  100    5.234494e-15    3.338423e-17
   43  101    1.857535e-15    7.101169e-20
   43  102    1.955073e-19    6.518824e-21
   43  103    1.852837e-20    6.163664e-25
   43  104    1.123708e-24    4.258825e-26
   43  105    1.370105e-26    1.257661e-29
   44   90    3.321510e-27   -5.794989e-30
   44   91    3.055297e-24   -6.755761e-27
   44   92    3.969942e-20   -5.291537e-24
   44   93    4.106337e-18   -9.975650e-22
   44   94    8.929017e-14   -2.463083e-20
   44   95    2.008955e-13   -2.243240e-18
   44   96    2.219820e-12   -4.312231e-18
   44   97    1.758707e-12   -7.521032e-18
   44   98    1.151887e-11   -4.987139e-17
   44   99    1.327928e-12    6.682630e-17
   44  100    3.498195e-11   -1.869378e-16
   44  101    2.096971e-13    2.021881e-16
   44  102    9.801612e-13   -1.391423e-18
   44  103    6.821781e-16    3.568920e-18
   44  104    7.338615e-16    4.947847e-18
   44  105    9.924298e-20    1.555392e-21
   44  106    7.271875e-21    4.357179e-25
   44  107    1.382305e-25    5.551526e-27
   44  108    1.234405e-27    7.730077e-31
   45   93    2.372712e-28   -1.798093e-29
   45   94    3.465329e-24   -7.549624e-26
   45   95    9.966821e-19   -2.598630e-21
   45   96    1.694092e-17   -3.950617e-21
   45   97    2.268154e-15   -9.585756e-21
   45   98    4.027299e-15   -2.743471e-19
   45   99    2.104705e-13   -4.871020e-18
   45  100    7.829468e-14    2.189812e-18
   45  101    7.342653e-12   -1.577340e-16
   45  102    2.897938e-13    1.528870e-16
   45  103    6.112929e-12   -9.673835e-17
   45  104    3.571793e-14    9.673070e-17
   45  105    1.201667e-13   -4.094913e-19
   45  106    1.229044e-16    1.428014e-18
   45  107    4.803811e-17    2.658697e-21
   45  108    1.498427e-20    3.447507e-22
   45  109    3.474071e-22    3.151466e-25
   45  110    2.404769e-26    1.355123e-27
   45  111    3.776056e-28   -2.010933e-31
   46   95    4.092641e-27   -2.644365e-30
   46   96    3.478571e-21   -1.989623e-25
   46   97    5.429830e-20   -6.234390e-24
   46   98    2.572144e-17   -3.293105e-22
   46   99    5.127836e-17   -1.451768e-21
   46  100    7.460846e-15   -6.717197e-20
   46  101    3.553659e-14   -6.823951e-19
   46  102    1.057667e-12   -1.083436e-17
   46  103    2.895816e-13    6.135197e-18
   46  104    3.309968e-11   -3.045409e-16
   46  105    7.796227e-13    2.975723e-16
   46  106    3.119971e-11   -1.874996e-16
   46  107    6.918732e-14    2.032546e-16
   46  108    1.394068e-12    7.481044e-18
   46  109    7.121139e-16    5.719320e-18
   46  110    4.697241e-16    2.440761e-18
   46  111    2.893021e-20    9.117163e-22
   46  112    1.154212e-21    2.204315e-25
   46  113    9.615204e-27    5.812981e-28
   46  114    9.490377e-28   -7.227842e-35
   47   97    3.395501e-29   -5.302643e-31
   47   98    5.227569e-27   -1.844272e-28
   47   99    2.776865e-23   -2.909337e-25
   47  100    5.141431e-22   -4.838918e-25
   47  101    9.555033e-19   -1.033083e-22
   47  102    3.235403e-17   -2.401537e-21
   47  103    3.898560e-15   -1.212072e-19
   47  104    3.359474e-15   -7.181750e-20
   47  105    1.196136e-12   -3.949155e-17
   47  106    2.498123e-13    2.458420e-17
   47  107    1.242106e-11   -3.647800e-16
   47  108    2.923000e-13    3.544721e-16
   47  109    2.904337e-12   -5.045977e-17
   47  110    1.022939e-14    6.179092e-17
   47  111    1.579271e-14    1.373520e-19
   47  112    1.627630e-17    2.260487e-19
   47  113    3.092123e-18    3.541202e-22
   47  114    2.547280e-22    1.236088e-23
   47  115    5.605245e-24    3.612860e-27
   47  116    4.346685e-29    3.835441e-30
   48  100    5.203115e-26   -7.630808e-30
   48  101    6.188268e-25   -1.240839e-28
   48  102    5.315719e-21   -1.806039e-25
   48  103    7.475388e-20   -4.559314e-24
   48  104    5.477751e-17   -8.947486e-22
   48  105    5.662887e-16   -1.946638e-20
   48  106    3.917729e-14   -5.768769e-19
   48  107    4.421248e-14   -7.562774e-19
   48  108    4.962070e-12   -6.075500e-17
   48  109    3.579049e-13    5.111668e-17
   48  110    4.948333e-11   -5.060778e-16
   48  111    4.984601e-13    5.049892e-16
   48  112    1.925401e-11   -1.267208e-16
   48  113    3.056603e-14    1.389898e-16
   48  114    1.799458e-13    1.140780e-17
   48  115    6.347211e-17    7.255705e-19
   48  116    5.077000e-17    1.034538e-18
   48  117    3.296119e-21    1.114318e-22
   48  118    6.854184e-23    2.132842e-26
   48  119    5.835424e-28    3.416741e-29
   48  120    1.461078e-27   -4.522913e-35
   49  103    2.995217e-28   -1.086270e-29
   49  104    6.661774e-26   -3.411118e-28
   49  105    3.693047e-22   -3.413433e-25
   49  106    2.992994e-20   -3.215365e-24
   49  107    1.508396e-17   -7.890898e-22
   49  108    5.179503e-17   -3.185024e-21
   49  109    1.988872e-14   -1.066122e-18
   49  110    1.001629e-14    3.207793e-19
   49  111    2.238063e-12   -1.138758e-16
   49  112    2.293690e-13    9.842076e-17
   49  113    7.323830e-12   -3.122649e-16
   49  114    1.422403e-13    3.092723e-16
   49  115    7.361586e-13   -1.536446e-17
   49  116    2.489057e-15    2.133185e-17
   49  117    2.067681e-15    6.274672e-20
   49  118    1.515239e-18    3.321109e-20
   49  119    2.381428e-19    3.557822e-23
   49  120    4.272381e-23    1.623139e-24
   49  121    1.327281e-24    7.439833e-28
   49  122    4.583695e-29    2.796266e-30
   49  123    1.539156e-30   -2.870054e-38
   50  105    2.332391e-29   -8.178102e-33
   50  106    8.491651e-25   -5.620508e-29
   50  107    2.329696e-23   -2.292840e-27
   50  108    4.360969e-20   -1.024020e-24
   50  109    1.239694e-19   -6.806884e-24
   50  110    1.977210e-16   -3.151683e-21
   50  111    6.243955e-16   -2.444825e-20
   50  112    7.304967e-14   -9.318391e-19
   50  113    2.568629e-14    7.812203e-20
   50  114    1.566669e-11   -1.417451e-16
   50  115    9.297584e-13    1.241285e-16
   50  116    1.127804e-10   -6.170588e-16
   50  117    7.887374e-13    6.247652e-16
   50  118    4.763377e-11   -1.443661e-16
   50  119    7.192500e-14    1.580187e-16
   50  120    9.155703e-13   -6.576540e-19
   50  121    3.914986e-16    1.754320e-18
   50  122    3.118710e-16    1.958484e-21
   50  123    4.343401e-20    3.268848e-22
   50  124    5.442426e-21    1.260251e-25
   50  125    2.506702e-25    2.757066e-27
   50  126    7.295906e-27    2.905912e-31
   50  127    3.041033e-30   -3.705811e-38
   51  109    6.789599e-30   -6.486133e-31
   51  110    3.694247e-27   -1.614896e-28
   51  111    1.071809e-23   -1.078303e-25
   51  112    1.635715e-21   -2.757977e-24
   51  113    5.786539e-19   -2.570786e-22
   51  114    1.790324e-18   -1.803442e-22
   51  115    5.403831e-15   -3.866893e-19
   51  116    2.295805e-15    1.928933e-19
   51  117    1.097515e-12   -5.846775e-17
   51  118    1.205643e-13    4.856477e-17
   51  119    3.991345e-12   -1.324958e-16
   51  120    5.960996e-14    1.358404e-16
   51  121    6.636126e-13   -1.035904e-17
   51  122    2.454156e-15    1.335318e-17
   51  123    5.047877e-15    2.298832e-20
   51  124    7.464839e-18    6.386055e-20
   51  125    2.062910e-18    9.309776e-23
   51  126    7.801047e-22    1.179922e-23
   51  127    5.029989e-23    5.831883e-27
   51  128    3.658333e-27    9.476112e-29
   51  129    6.141936e-27   -5.939777e-35
   51  130    8.183897e-29   -9.596030e-37
   52  112    3.094341e-30   -8.326191e-32
   52  113    9.323044e-27   -4.269934e-29
   52  114    2.318660e-23   -2.261289e-26
   52  115    7.038520e-23   -5.322745e-26
   52  116    1.213263e-17   -8.031634e-22
   52  117    1.160880e-17   -5.985029e-22
   52  118    5.070389e-14   -1.670520e-18
   52  119    1.002853e-14    1.008581e-18
   52  120    6.794464e-12   -1.465423e-16
   52  121    3.004799e-13    1.344783e-16
   52  122    4.016208e-11   -5.331154e-16
   52  123    3.929870e-13    5.345782e-16
   52  124    1.193295e-11   -7.917515e-17
   52  125    3.051473e-14    8.984627e-17
   52  126    1.216007e-13    2.352457e-20
   52  127    8.866517e-17    4.745240e-19
   52  128    4.649196e-17    6.776543e-21
   52  129    1.024424e-20    7.274380e-23
   52  130    9.957671e-22    2.992595e-25
   52  131    6.942833e-26    6.353299e-28
   52  132    2.528891e-27   -2.305271e-35
   52  133    4.045754e-30   -2.990733e-38
   53  116    1.315154e-29   -1.555482e-31
   53  117    5.554348e-24   -2.913448e-26
   53  118    4.387295e-22   -7.961965e-26
   53  119    5.508066e-18   -6.158559e-22
   53  120    6.383593e-18   -2.937182e-22
   53  121    1.800558e-14   -1.274254e-18
   53  122    6.072995e-15    6.081361e-19
   53  123    1.539618e-12   -8.623962e-17
   53  124    1.037755e-13    7.966841e-17
   53  125    3.141587e-12   -1.003742e-16
   53  126    5.060522e-14    1.051336e-16
   53  127    3.707425e-13   -4.106488e-18
   53  128    1.567114e-15    6.458974e-18
   53  129    2.066438e-15    1.180863e-20
   53  130    2.022345e-18    1.626634e-20
   53  131    4.998930e-19    1.850423e-23
   53  132    1.616310e-22    1.649587e-24
   53  133    1.238906e-23    6.711629e-28
   53  134    1.931195e-27    1.411375e-29
   53  135    8.013616e-26   -3.914194e-34
   54  118    6.217919e-27   -1.237982e-30
   54  119    5.405117e-25   -8.151480e-29
   54  120    1.385418e-20   -1.064922e-24
   54  121    1.033315e-19   -9.912341e-24
   54  122    3.092877e-16   -1.709645e-20
   54  123    3.961408e-16   -1.518282e-20
   54  124    5.735108e-13   -2.138776e-17
   54  125    1.142916e-13    1.391645e-17
   54  126    2.804433e-11   -6.308848e-16
   54  127    1.254938e-12    5.922696e-16
   54  128    4.818437e-11   -5.814823e-16
   54  129    5.183026e-13    6.166260e-16
   54  130    3.994617e-12   -1.418580e-17
   54  131    1.029212e-14    2.485920e-17
   54  132    2.079974e-14    6.779553e-20
   54  133    1.589524e-17    5.090264e-20
   54  134    1.669773e-17    5.603403e-23
   54  135    5.592161e-21    1.772025e-23
   54  136    1.470156e-19   -7.216654e-27
   54  137    1.821593e-28    9.554630e-30
   55  121    4.881060e-28   -9.177465e-30
   55  122    1.440754e-25   -1.604848e-28
   55  123    2.974204e-21   -1.053440e-24
   55  124    2.837877e-20   -3.741520e-24
   55  125    1.927101e-16   -1.927540e-20
   55  126    2.105352e-16   -5.629800e-21
   55  127    1.809842e-13   -1.243202e-17
   55  128    3.949267e-14    7.627683e-18
   55  129    3.209909e-12   -1.378146e-16
   55  130    1.654622e-13    1.321060e-16
   55  131    2.113395e-12   -4.825826e-17
   55  132    2.665621e-14    5.801578e-17
   55  133    1.071805e-13   -5.837337e-19
   55  134    5.835110e-16    1.561669e-18
   55  135    3.471405e-16    6.275440e-21
   55  136    7.758621e-19    2.251453e-21
   55  137    1.104615e-19    3.758329e-24
   55  138    6.716534e-28    4.286275e-29
   56  122    5.423184e-30   -1.472926e-34
   56  123    8.738064e-29   -1.538188e-32
   56  124    6.750118e-24   -5.814160e-28
   56  125    7.274556e-23   -1.472246e-26
   56  126    6.084598e-18   -4.581409e-22
   56  127    1.741432e-17   -1.519892e-21
   56  128    7.487077e-14   -3.507787e-18
   56  129    3.718058e-14    2.797727e-20
   56  130    2.769217e-11   -9.780168e-16
   56  131    3.125101e-12    7.963630e-16
   56  132    2.433165e-10   -5.014310e-15
   56  133    8.058410e-12    4.930384e-15
   56  134    1.848554e-10   -1.612913e-15
   56  135    1.880953e-12    1.849115e-15
   56  136    1.723668e-11   -3.662166e-17
   56  137    7.997021e-14    6.917548e-17
   56  138    1.084955e-12    2.601800e-19
   56  139    1.268538e-19    9.104005e-21
   56  140    2.258428e-24    8.295421e-26
   57  126    1.905844e-29   -7.278187e-32
   57  127    2.372319e-24   -2.819919e-27
   57  128    6.641165e-23   -2.065625e-26
   57  129    2.096707e-18   -3.428922e-22
   57  130    5.762082e-18   -8.339724e-22
   57  131    2.006387e-14   -2.099516e-18
   57  132    7.773373e-15    1.018959e-18
   57  133    3.274158e-12   -2.627104e-16
   57  134    6.780144e-13    2.031096e-16
   57  135    2.325703e-11   -1.016484e-15
   57  136    1.634579e-12    1.007054e-15
   57  137    9.805895e-12   -1.378530e-16
   57  138    3.722329e-13    2.026305e-16
   57  139    8.820856e-13    5.242700e-18
   57  140    1.166283e-18    9.340734e-20
   57  141    9.608141e-23    3.345137e-24
   57  142    5.034277e-29    5.869296e-30
   58  128    8.282101e-27   -2.165642e-31
   58  129    3.902446e-26   -8.844769e-30
   58  130    1.722030e-21   -1.847986e-25
   58  131    1.279621e-20   -2.269225e-24
   58  132    3.537931e-17   -2.878276e-21
   58  133    4.922036e-17   -3.532088e-21
   58  134    7.995418e-14   -4.852969e-18
   58  135    3.738033e-14    1.888948e-18
   58  136    6.684050e-12   -2.022351e-16
   58  137    7.124741e-13    1.676586e-16
   58  138    4.636628e-11   -5.501392e-16
   58  139    2.724681e-12    5.529901e-16
   58  140    3.671695e-11    2.144491e-17
   58  141    2.834913e-16    1.327042e-17
   58  142    1.003376e-19    1.087718e-21
   58  143    3.056395e-25    2.463258e-26
   58  144    1.855887e-29    7.717040e-31
   59  131    6.692190e-29   -3.005481e-31
   59  132    6.219059e-27   -4.370454e-30
   59  133    1.012988e-22   -2.651546e-26
   59  134    1.046142e-21   -2.526283e-25
   59  135    6.354736e-18   -1.014900e-21
   59  136    1.132750e-17   -7.878707e-22
   59  137    9.029083e-15   -9.459297e-19
   59  138    4.239616e-15    4.936213e-19
   59  139    7.222525e-13   -4.175033e-17
   59  140    2.890776e-13    3.144652e-17
   59  141    7.031397e-12   -1.359995e-17
   59  142    5.977048e-16    2.435374e-17
   59  143    7.865516e-19    6.926324e-21
   59  144    1.459228e-23    1.300196e-24
   59  145    6.627305e-27    2.393098e-28
   59  146    9.157497e-30   -2.266787e-39
   60  133    3.044110e-30   -1.794148e-34
   60  134    2.228854e-26   -3.346301e-30
   60  135    3.889377e-25   -9.753481e-29
   60  136    8.369554e-21   -1.026233e-24
   60  137    5.064741e-20   -7.246417e-24
   60  138    1.759861e-16   -1.730121e-20
   60  139    2.806661e-16   -1.361743e-20
   60  140    3.068282e-13   -8.666900e-18
   60  141    2.116431e-13    1.262200e-18
   60  142    3.649361e-11   -8.237167e-17
   60  143    9.004324e-15    1.091654e-16
   60  144    6.651348e-17    1.293973e-19
   60  145    5.690859e-21    2.081256e-22
   60  146    7.837433e-24    6.897424e-26
   60  147    6.437108e-29    5.385280e-30
   61  137    7.154001e-28   -1.230757e-30
   61  138    7.100716e-26   -2.846736e-29
   61  139    7.693864e-22   -2.009464e-25
   61  140    8.552436e-21   -1.698550e-24
   61  141    7.676046e-17   -8.947164e-21
   61  142    5.075927e-16   -3.438984e-20
   61  143    3.663785e-13   -7.518856e-18
   61  144    7.133960e-16    7.726004e-18
   61  145    3.509556e-17    4.217365e-20
   61  146    2.237852e-20    7.409190e-22
   61  147    1.878060e-22    1.610716e-24
   61  148    1.638908e-26    1.300314e-27
   61  149    1.117951e-26    4.795850e-33
   62  138    7.598358e-30   -6.649946e-37
   62  139    1.118604e-27   -3.058191e-31
   62  140    1.312326e-22   -2.531223e-26
   62  141    2.464402e-21   -5.093159e-25
   62  142    1.997281e-16   -1.513012e-20
   62  143    2.386346e-15   -1.695814e-19
   62  144    1.752775e-11   -1.796025e-16
   62  145    7.861531e-14    1.828162e-16
   62  146    6.026300e-14    1.870877e-17
   62  147    7.915413e-17    8.656397e-19
   62  148    2.076461e-17    1.114748e-20
   62  149    4.341681e-21    1.670031e-22
   62  150    6.104466e-23    1.107128e-25
   62  151    6.029885e-27    2.951826e-28
   62  152    4.306413e-26    3.602638e-32
   62  153    7.587260e-30    7.479298e-37
   63  142    7.793823e-28   -4.316256e-31
   63  143    2.506809e-22   -6.124258e-26
   63  144    6.552410e-20   -1.083823e-23
   63  145    2.800144e-15   -1.793344e-19
   63  146    8.425750e-17    1.692001e-19
   63  147    6.845756e-17   -4.146462e-20
   63  148    1.018939e-18    3.988066e-21
   63  149    2.467933e-16    8.485684e-20
   63  150    2.374951e-19    9.620754e-21
   63  151    2.340934e-20    1.962446e-23
   63  152    2.054053e-23    7.142848e-25
   63  153    7.386116e-24    1.606047e-27
   63  154    7.076992e-27    1.843319e-28
   63  155    2.013983e-26    1.909803e-32
   63  156    2.305045e-30    9.302729e-37
   64  143    1.219631e-27   -3.859368e-31
   64  144    1.592076e-21   -2.587059e-25
   64  145    5.143509e-19   -7.110359e-23
   64  146    1.866628e-13   -4.629035e-18
   64  147    1.085635e-14    3.719956e-18
   64  148    6.191210e-16   -2.459358e-18
   64  149    5.868784e-16   -1.127902e-18
   64  150    8.873475e-14    1.233543e-17
   64  151    2.904906e-16    2.843775e-18
   64  152    6.717819e-16    2.608421e-20
   64  153    1.515574e-18    1.748985e-20
   64  154    1.940200e-18    5.238527e-23
   64  155    4.410469e-21    5.112356e-23
   64  156    5.732965e-22    2.010991e-25
   64  157    5.748211e-25    1.090650e-26
   64  158    6.199563e-27    1.489905e-29
   64  159    6.169817e-29    2.349129e-36
   65  146    1.758901e-26   -2.578315e-29
   65  147    5.492130e-21   -6.683336e-24
   65  148    3.348116e-21   -3.738374e-25
   65  149    7.018011e-23   -2.587574e-24
   65  150    1.480386e-20   -5.848368e-24
   65  151    1.773064e-17   -4.806965e-20
   65  152    2.084396e-19    1.150512e-21
   65  153    1.626092e-15   -2.422337e-19
   65  154    1.984418e-17    1.658314e-19
   65  155    1.865416e-16   -9.441926e-21
   65  156    1.711951e-18    1.364217e-20
   65  157    1.014960e-18    1.707347e-22
   65  158    4.018006e-21    5.181026e-23
   65  159    2.075269e-22    3.432389e-25
   65  160    1.661704e-25    5.034247e-27
   65  161    4.068836e-27    7.755386e-30
   65  162    1.726725e-29    1.372622e-37
   66  147    4.189992e-28   -8.027025e-32
   66  148    3.073123e-21   -1.715480e-25
   66  149    9.256867e-22   -3.246914e-26
   66  150    9.713416e-26   -2.318429e-27
   66  151    1.480951e-23   -6.495512e-25
   66  152    4.443610e-17   -2.548558e-19
   66  153    3.077884e-17   -2.153327e-19
   66  154    1.811743e-13   -3.922248e-17
   66  155    4.908200e-15    1.267002e-17
   66  156    3.301745e-13   -1.698998e-17
   66  157    6.572714e-15    1.947123e-17
   66  158    1.440809e-14    1.515748e-20
   66  159    1.126972e-16    6.587484e-19
   66  160    2.705393e-17    6.172705e-21
   66  161    5.532843e-20    7.315635e-22
   66  162    1.425291e-21    1.878740e-24
   66  163    7.587059e-25    2.101276e-26
   66  164    2.813213e-27    1.636138e-29
   66  165    5.017562e-30    8.701670e-38
   67  153    1.160466e-22   -1.467187e-24
   67  154    2.117149e-20   -2.554848e-22
   67  155    2.132426e-16   -1.122666e-19
   67  156    8.821072e-18    3.189207e-20
   67  157    4.732624e-14   -7.360148e-18
   67  158    2.300174e-15    7.116639e-18
   67  159    5.039326e-14   -4.993951e-18
   67  160    7.201754e-16    5.411003e-18
   67  161    1.476666e-15    1.979750e-20
   67  162    6.652762e-18    1.015493e-19
   67  163    1.376569e-18    8.796929e-22
   67  164    3.089581e-21    6.511923e-23
   67  165    7.772710e-23    2.387201e-25
   67  166    1.922526e-26    1.139541e-27
   67  167    4.040705e-28    8.386872e-35
   68  151    4.679804e-30   -1.681505e-35
   68  154    1.326671e-26    3.204289e-28
   68  155    2.443452e-22   -9.162283e-24
   68  156    6.322914e-16   -1.010047e-18
   68  157    2.075287e-16   -1.775277e-19
   68  158    2.366388e-12   -3.692596e-16
   68  159    2.488848e-13    3.258259e-16
   68  160    8.165103e-12   -6.032201e-16
   68  161    4.296799e-13    6.546259e-16
   68  162    1.858457e-12   -5.444398e-17
   68  163    2.832624e-14    1.099622e-16
   68  164    1.650041e-14    1.573980e-18
   68  165    7.728406e-17    6.316412e-19
   68  166    8.019633e-18    3.871437e-21
   68  167    8.903641e-21    1.593400e-22
   68  168    6.527774e-23    2.709279e-25
   68  169    9.128238e-27    4.242323e-28
   68  170    5.481619e-29    2.963410e-35
   69  155    1.780131e-30   -3.128938e-35
   69  156    5.369061e-26   -3.852778e-29
   69  157    1.910932e-21   -1.669338e-23
   69  158    3.679417e-18   -9.289200e-22
   69  159    1.377362e-16   -5.157036e-20
   69  160    1.082315e-16    1.520487e-20
   69  161    8.851185e-14   -1.265188e-17
   69  162    8.840030e-15    1.130033e-17
   69  163    4.529600e-13   -4.392776e-17
   69  164    1.159584e-14    4.569200e-17
   69  165    5.968843e-14   -2.137224e-18
   69  166    6.139564e-16    4.247733e-18
   69  167    3.880790e-16    5.047750e-20
   69  168    1.845510e-18    1.922528e-20
   69  169    7.419195e-20    1.405995e-22
   69  170    7.913898e-23    1.698975e-24
   69  171    3.420634e-25    2.868597e-27
   69  172    5.543526e-29    3.196401e-30
   69  173    3.983477e-28    4.273248e-37
   70  157    2.749009e-26   -3.398985e-31
   70  158    9.597432e-26    1.830598e-29
   70  159    7.572178e-23   -1.123438e-24
   70  160    1.240069e-16   -1.724112e-19
   70  161    4.757997e-16   -1.046521e-19
   70  162    4.882870e-13   -8.656422e-17
   70  163    1.452513e-13    4.521466e-17
   70  164    1.740060e-11   -1.833228e-15
   70  165    1.871919e-12    1.766014e-15
   70  166    1.957542e-11   -1.042633e-15
   70  167    7.022416e-13    1.446643e-15
   70  168    1.175683e-12    2.031630e-17
   70  169    1.176138e-14    5.885712e-17
   70  170    1.609873e-15    6.886990e-19
   70  171    4.472946e-18    4.565461e-20
   70  172    8.471774e-20    1.406659e-22
   70  173    5.240771e-23    1.243726e-24
   70  174    1.353369e-25    1.156660e-27
   70  175    5.771332e-30    4.019010e-31
   71  161    8.303445e-25   -2.334792e-27
   71  162    4.895475e-24   -2.864584e-26
   71  163    1.558421e-18   -6.069839e-22
   71  164    1.730577e-18   -2.097445e-22
   71  165    1.540815e-15   -4.058776e-19
   71  166    2.558959e-16    2.304124e-19
   71  167    2.959828e-13   -5.188983e-17
   71  168    3.242177e-14    4.609141e-17
   71  169    5.695135e-13   -3.948693e-17
   71  170    9.209726e-15    4.984595e-17
   71  171    2.261573e-14    4.778564e-19
   71  172    1.728108e-16    1.401648e-18
   71  173    1.652748e-17    1.363122e-20
   71  174    3.695242e-20    6.547630e-22
   71  175    9.236091e-22    2.297304e-24
   71  176    3.043240e-25    1.449706e-26
   71  177    1.244187e-26    1.809973e-30
   71  178    6.805879e-28    3.875679e-37
   72  161    4.072504e-29   -1.235711e-33
   72  162    2.337444e-30   -3.339181e-36
   72  163    1.969153e-26   -3.265185e-28
   72  164    1.109650e-19   -2.670649e-22
   72  165    2.393316e-19   -4.977901e-22
   72  166    1.467974e-14   -5.977623e-18
   72  167    8.840959e-15   -2.811758e-19
   72  168    4.655451e-12   -7.551179e-16
   72  169    9.484713e-13    4.501578e-16
   72  170    3.917006e-11   -3.481839e-15
   72  171    2.675392e-12    3.777011e-15
   72  172    6.797416e-12    1.038771e-16
   72  173    1.421782e-13    4.538655e-16
   72  174    4.154363e-14    1.110691e-17
   72  175    1.888154e-16    1.699705e-18
   72  176    7.129217e-18    8.937400e-21
   72  177    5.769503e-21    1.410063e-22
   72  178    2.581522e-23    2.004138e-25
   72  179    6.339137e-27    2.737341e-28
   72  180    8.572141e-26    1.273646e-34
   72  181    1.778612e-29   -1.283589e-42
   73  165    1.830356e-29   -2.994804e-31
   73  166    4.117696e-30   -2.653376e-31
   73  167    8.003728e-23   -2.464183e-25
   73  168    1.170398e-22   -4.060802e-25
   73  169    3.480422e-18   -2.495177e-21
   73  170    9.164171e-18   -1.474694e-21
   73  171    1.351543e-14   -3.156055e-18
   73  172    7.772691e-16    2.096948e-18
   73  173    1.299497e-13   -1.739921e-17
   73  174    1.117960e-15    1.727319e-17
   73  175    2.331789e-13   -1.438384e-17
   73  176    1.553057e-15    1.635183e-17
   73  177    5.286250e-16    2.064366e-19
   73  178    9.838111e-20    5.907253e-21
   73  179    3.347794e-18   -9.599261e-23
   73  180    4.459154e-21    1.070611e-22
   73  181    3.894299e-23    2.545282e-25
   73  182    4.752534e-27    3.305900e-28
   73  183    4.944446e-29   -2.275709e-42
   74  168    5.638330e-26   -1.401499e-27
   74  169    9.658287e-23   -4.988412e-25
   74  170    2.962490e-18   -9.126736e-21
   74  171    1.965045e-17   -2.952917e-20
   74  172    6.499622e-14   -4.060694e-17
   74  173    4.164483e-14   -5.718031e-18
   74  174    4.798301e-12   -1.160815e-15
   74  175    7.126207e-13    4.452952e-16
   74  176    1.136135e-11   -4.170090e-16
   74  177    3.301026e-13    9.772409e-16
   74  178    7.350166e-13    8.598676e-17
   74  179    8.299702e-15    4.190468e-17
   74  180    1.633796e-15    7.185986e-19
   74  181    5.995121e-18    5.852766e-20
   74  182    1.809626e-19    3.507024e-22
   74  183    6.313326e-23    2.285365e-24
   74  184    9.954700e-26    1.259521e-27
   74  185    3.322493e-29    1.392116e-35
   75  171    2.864142e-29   -1.593625e-30
   75  172    5.543534e-26   -3.705688e-28
   75  173    2.388830e-20   -5.911112e-23
   75  174    2.906610e-19   -2.474079e-22
   75  175    5.245148e-16   -4.847371e-19
   75  176    2.269663e-16    1.882065e-20
   75  177    3.560648e-14   -1.133131e-17
   75  178    2.604621e-15    5.393960e-18
   75  179    6.952804e-14   -3.390023e-18
   75  180    2.701751e-15    9.206387e-18
   75  181    8.227431e-15    8.159448e-19
   75  182    8.463111e-17    6.391629e-19
   75  183    1.819974e-17    1.307550e-20
   75  184    1.927915e-20    6.191377e-22
   75  185    1.455111e-22    1.097831e-24
   75  186    5.013966e-26    2.782226e-27
   75  187    1.744378e-27    5.330786e-34
   75  188    6.732355e-30    5.520358e-39
   76  174    3.523228e-29   -2.627449e-30
   76  175    1.573867e-24   -2.445347e-26
   76  176    3.277322e-20   -4.716621e-22
   76  177    2.040932e-18   -1.500207e-20
   76  178    1.676720e-14   -3.716775e-17
   76  179    1.357920e-14   -1.443618e-17
   76  180    4.208214e-12   -1.135356e-15
   76  181    3.554164e-13    3.640955e-16
   76  182    1.047790e-11    9.673792e-16
   76  183    3.220140e-13    7.539638e-16
   76  184    2.357146e-13    6.603537e-17
   76  185    8.863013e-16    9.106408e-18
   76  186    3.899980e-17    4.687843e-20
   76  187    3.647288e-20    8.773597e-22
   76  188    3.448036e-22    1.458803e-24
   76  189    6.342194e-26    3.005336e-27
   76  190    9.002776e-27    1.486027e-33
   76  191    6.089750e-30    1.176070e-38
   77  178    5.917956e-30   -5.134724e-31
   77  179    1.670282e-23   -7.805386e-25
   77  180    2.413746e-20   -2.768717e-22
   77  181    5.474124e-16   -1.150539e-18
   77  182    3.451206e-16   -1.236138e-19
   77  183    7.038073e-14   -1.292456e-17
   77  184    5.186817e-15    8.766273e-18
   77  185    4.236378e-14    4.365194e-18
   77  186    2.315741e-16    3.419592e-18
   77  187    6.996818e-17    3.329866e-20
   77  188    2.574043e-19    4.322163e-21
   77  189    2.200590e-20    2.333520e-23
   77  190    2.473017e-23    7.508235e-25
   77  191    4.205231e-25    1.867375e-27
   77  192    1.446204e-28    7.614167e-30
   77  193    2.682726e-26    1.613970e-35
   78  181    2.024777e-28   -2.168629e-29
   78  182    1.566891e-21   -6.655967e-23
   78  183    3.662124e-19   -6.492222e-21
   78  184    1.227024e-14   -4.945214e-17
   78  185    1.209450e-14   -8.451200e-18
   78  186    1.875645e-12   -1.115608e-15
   78  187    3.354557e-14    9.204714e-17
   78  188    2.555780e-13   -4.734790e-17
   78  189    3.276131e-15    1.950074e-17
   78  190    1.685040e-15    2.780161e-19
   78  191    6.727276e-18    7.810022e-20
   78  192    6.939094e-19    4.805487e-22
   78  193    1.056851e-21    1.705914e-23
   78  194    2.553512e-23    4.360312e-26
   78  195    1.131871e-26    2.777911e-28
   78  196    9.270997e-26    4.610388e-34
   78  197    1.559843e-29    3.659129e-39
   78  198    3.906462e-27    3.300338e-41
   79  184    7.997643e-30   -1.576605e-30
   79  185    1.397143e-21   -4.691643e-23
   79  186    1.229892e-19   -1.661977e-21
   79  187    5.575524e-16   -2.795795e-18
   79  188    3.022389e-17   -2.132421e-19
   79  189    1.162608e-14   -7.519270e-18
   79  190    8.252601e-16    1.552987e-18
   79  191    7.967691e-15   -4.737964e-19
   79  192    9.598201e-17    7.315167e-19
   79  193    7.151720e-17    7.275366e-21
   79  194    4.722460e-19    4.309711e-21
   79  195    7.195595e-20    4.420159e-23
   79  196    1.780322e-22    2.268369e-24
   79  197    4.284559e-24    9.152019e-27
   79  198    3.812807e-27    5.892792e-29
   79  199    2.746898e-27    3.752921e-35
   79  200    1.257138e-28    7.674407e-40
   79  201    5.330764e-26   -1.951504e-40
   80  186    3.231620e-26   -3.594690e-27
   80  187    9.315681e-23   -6.301318e-24
   80  188    1.563561e-15   -7.706052e-18
   80  189    1.129848e-14   -1.773998e-17
   80  190    1.141581e-11   -1.749650e-15
   80  191    1.644048e-12    9.283881e-16
   80  192    2.967237e-11   -1.401560e-15
   80  193    1.479959e-12    2.070695e-15
   80  194    4.054415e-12    2.027778e-17
   80  195    6.462274e-14    1.940204e-16
   80  196    3.714935e-14    3.380202e-18
   80  197    2.378662e-16    7.935776e-19
   80  198    2.989976e-17    7.051414e-21
   80  199    6.459592e-20    2.805411e-22
   80  200    1.442718e-21    6.455489e-25
   80  201    6.636640e-25    5.097487e-27
   80  202    1.622788e-27    1.533949e-30
   80  203    3.228890e-28    8.152252e-38
   80  204    5.978299e-26    2.869859e-40
   81  188    3.285983e-27   -2.105033e-30
   81  189    1.456333e-21   -3.133166e-23
   81  190    8.091271e-19   -3.467747e-21
   81  191    8.676011e-15   -3.543744e-18
   81  192    6.848804e-15    4.470855e-20
   81  193    1.910672e-13   -2.572913e-17
   81  194    6.261673e-14    1.721704e-17
   81  195    8.846439e-13   -6.490898e-17
   81  196    6.415464e-14    6.634915e-17
   81  197    8.390887e-14    1.778181e-18
   81  198    2.213512e-15    4.219651e-18
   81  199    9.843646e-16    1.200547e-19
   81  200    9.532133e-18    2.256405e-20
   81  201    8.029842e-19    2.603379e-22
   81  202    2.502969e-21    6.088760e-24
   81  203    5.118323e-23    3.475269e-26
   81  204    5.195548e-26    1.683187e-28
   81  205    6.581856e-28    8.821014e-36
   81  206    4.357080e-27   -6.457183e-42
   81  207    4.222860e-27   -6.457183e-42
   82  189    7.999122e-30   -3.772519e-37
   82  191    7.589023e-28   -9.559890e-29
   82  192    8.476156e-19   -3.755637e-21
   82  193    5.812245e-18   -3.626223e-20
   82  194    3.977597e-13   -2.181133e-16
   82  195    1.689853e-13   -2.445904e-17
   82  196    3.412330e-11   -2.171799e-15
   82  197    4.652908e-12    1.159270e-15
   82  198    5.824595e-11   -1.117395e-15
   82  199    2.001447e-12    1.413507e-15
   82  200    7.911849e-12   -9.049272e-18
   82  201    1.702404e-13    1.095114e-16
   82  202    8.490253e-14    2.406965e-18
   82  203    7.128378e-16    4.815297e-19
   82  204    7.728623e-17    3.890373e-21
   82  205    2.424097e-19    1.976332e-22
   82  206    6.094641e-21    3.998479e-25
   82  207    4.923603e-24    5.129815e-27
   82  208    1.302532e-26    1.430504e-30
   83  194    2.086824e-30   -1.373815e-31
   83  195    5.524517e-24   -1.049395e-25
   83  196    5.845523e-21   -3.084303e-23
   83  197    5.480897e-17   -2.194137e-20
   83  198    3.356507e-17   -3.789777e-21
   83  199    4.597057e-15   -8.226317e-19
   83  200    1.084570e-15    4.145163e-19
   83  201    1.064136e-14   -6.591788e-19
   83  202    5.983849e-16    7.192615e-19
   83  203    1.124773e-15    1.416039e-20
   83  204    2.839614e-17    3.981518e-20
   83  205    6.834223e-18    7.404399e-22
   83  206    5.038352e-20    9.014215e-23
   83  207    2.508380e-21    4.349677e-25
   83  208    4.781471e-24    1.115626e-26
   83  209    1.836230e-26    7.860591e-30
   84  199    2.003088e-30   -1.345667e-31
   84  200    9.055641e-29   -3.374161e-30
   84  201    3.923086e-27   -4.442486e-29
   84  202    9.497121e-26   -7.833816e-28
   84  203    8.322289e-26   -1.146236e-28
   84  204    1.167056e-25   -2.733961e-28
   84  205    7.873106e-27   -8.272381e-30
   84  206    2.919283e-27   -2.824442e-30
   84  207    6.204730e-30   -4.422981e-33
   84  208    2.844108e-30   -1.426177e-33
    0    1    1.719913e-16   -1.699963e-17
    1    1    5.631907e-10   -8.606116e-11
    2    4    3.361891e-10   -4.178134e-12
