4.9949e-01
7.3525e-04
2.3159e+00
3.0766e+05
    1    2    5.990620e-24    9.518418e-25
    1    3    1.925464e-22    5.135420e-23
    2    3    3.583223e-22    9.553721e-23
    3    6    1.425836e-27    2.846193e-28
    3    7    4.793323e-28    9.191008e-29
    4    7    8.490127e-29    1.853550e-29
    4    8    3.267424e-18    2.810234e-19
    4   10    9.930951e-24    1.304206e-24
    5   10    2.249804e-21    3.424507e-22
    5   11    1.551951e-18   -2.733802e-20
    5   12    2.536450e-29    4.494033e-31
    6   11    3.682444e-17   -4.284223e-18
    6   12    7.640883e-04   -1.103125e-06
    6   13    8.871026e-11   -2.982471e-13
    6   14    3.634522e-11    8.988218e-12
    6   15    3.444537e-26    1.070634e-26
    7   13    2.952314e-15    1.975668e-16
    7   14    6.185638e-14    1.798127e-14
    7   15    2.998338e-11    7.593966e-12
    7   16    1.913992e-23    5.624481e-24
    7   17    4.788009e-28    1.850905e-28
    8   14    1.948670e-21    1.421579e-22
    8   15    2.340709e-16    6.754853e-17
    8   16    4.583159e-02   -4.650918e-08
    8   17    1.005841e-08    1.215481e-09
    8   18    1.385501e-09    2.006131e-10
    8   19    4.511843e-18    7.382078e-19
    8   20    1.371223e-24    3.696290e-25
    9   17    6.290077e-16    6.161643e-17
    9   18    6.297910e-13    1.196254e-13
    9   19    4.062806e-13    1.019941e-13
    9   20    3.453661e-17    9.930753e-18
    9   21    4.660663e-19    1.128736e-19
    9   22    1.815419e-26    6.089918e-27
   10   18    4.133340e-24    5.157514e-25
   10   19    6.107021e-19    1.820936e-19
   10   20    8.355902e-03    2.935624e-07
   10   21    2.905064e-05   -1.578014e-07
   10   22    3.567762e-06   -1.536322e-08
   10   23    3.966525e-12    4.222767e-14
   10   24    1.668089e-16    4.777997e-17
   10   25    3.926301e-25    1.170307e-25
   11   20    5.137425e-30    1.744875e-30
   11   21    9.121756e-13    5.379809e-14
   11   22    1.141425e-10    1.501256e-11
   11   23    1.473987e-04    1.931724e-07
   11   24    1.643575e-08    2.117238e-09
   11   25    9.097193e-13    2.036404e-13
   11   26    1.229067e-18    2.787497e-19
   11   27    9.939429e-24    3.272466e-24
   12   22    1.662956e-22    5.556134e-23
   12   23    2.037214e-07    1.986235e-08
   12   24    2.015546e-03    3.698957e-07
   12   25    4.426051e-04   -2.792744e-07
   12   26    2.622723e-04    3.173703e-07
   12   27    1.073778e-09    1.418652e-10
   12   28    5.634369e-14    1.459195e-14
   12   29    2.632015e-23    7.372229e-24
   12   30    8.965922e-29    3.149981e-29
   13   24    5.184806e-19    8.290957e-20
   13   25    1.175576e-13    7.205136e-15
   13   26    1.328288e-04   -1.057847e-06
   13   27    2.017416e-04    1.231164e-07
   13   28    1.420310e-07    1.961323e-08
   13   29    1.383067e-11    3.279932e-12
   13   30    4.205814e-17    1.034647e-17
   13   31    7.487936e-22    2.622727e-22
   14   25    9.820210e-29    2.408412e-29
   14   26    7.947504e-15    1.958737e-15
   14   27    4.960176e-06    5.998395e-07
   14   28    2.364174e-04    7.742430e-08
   14   29    6.552822e-05    4.325823e-08
   14   30    2.861754e-05    2.293590e-08
   14   31    7.492093e-09    8.150118e-10
   14   32    3.463303e-13    8.407779e-14
   14   33    8.379206e-21    2.089607e-21
   14   34    4.647142e-26    1.644421e-26
   15   27    1.907900e-28    6.055240e-29
   15   28    2.541425e-17    4.554761e-18
   15   29    5.695136e-13    2.128504e-14
   15   30    1.912106e-07   -4.865198e-09
   15   31    2.107058e-06    4.332843e-10
   15   32    3.328287e-10    4.895084e-11
   15   33    1.740625e-11    2.658428e-12
   15   34    5.976427e-16    1.341119e-16
   15   35    2.255315e-20    7.580607e-21
   15   36    2.351422e-30    8.434765e-31
   16   29    2.415231e-26    5.133114e-27
   16   30    3.324786e-14    8.177105e-15
   16   31    5.043315e-10    2.931228e-11
   16   32    1.178657e-06    1.689494e-09
   16   33    2.192918e-08    1.264339e-10
   16   34    2.746381e-07    1.336414e-10
   16   35    5.465690e-11    7.445965e-12
   16   36    3.194569e-14    8.094384e-15
   16   37    5.575206e-22    1.469467e-22
   16   38    7.254094e-27    2.648774e-27
   17   31    6.686744e-29    2.174624e-29
   17   32    2.357179e-22    2.978534e-23
   17   33    8.693523e-16    1.450187e-16
   17   34    2.032292e-13    1.718424e-14
   17   35    1.020222e-08   -4.000406e-12
   17   36    5.258681e-12    7.098808e-13
   17   37    4.517795e-14    8.288748e-15
   17   38    8.349561e-19    1.722765e-19
   17   39    1.146245e-22    3.698213e-23
   17   40    6.600846e-28    2.163822e-28
   18   34    3.296693e-22    5.728688e-23
   18   35    1.429549e-17    2.714307e-18
   18   36    8.453988e-10    7.682133e-14
   18   37    3.906481e-13    5.300729e-14
   18   38    2.670452e-10    1.693773e-13
   18   39    5.035361e-14    6.471411e-15
   18   40    2.270501e-14    3.498612e-15
   18   41    1.079997e-18    2.660260e-19
   18   42    8.365281e-23    2.921385e-23
   18   43    6.055106e-28    2.176061e-28
   19   36    9.491435e-30    2.388551e-30
   19   37    3.899025e-21    2.740525e-22
   19   38    2.703319e-18    5.887216e-19
   19   39    3.782311e-12    4.309259e-15
   19   40    2.460061e-15    3.476478e-16
   19   41    2.798693e-16    7.092479e-17
   19   42    6.576799e-18    1.456152e-18
   19   43    3.894587e-16    7.158483e-17
   19   44    7.820958e-20    2.292375e-20
   19   45    1.948734e-23    7.424578e-24
   19   46    7.340119e-28    3.319587e-28
   19   47    9.972412e-30    2.222320e-30
   20   38    7.919681e-28    6.231611e-29
   20   39    4.200338e-23    1.324266e-23
   20   40    2.880262e-14    5.452332e-17
   20   41    7.071720e-17    1.752568e-17
   20   42    4.760466e-08   -4.120828e-12
   20   43    1.462529e-08   -1.508988e-12
   20   44    7.047237e-08   -1.642298e-12
   20   45    3.136600e-11    4.236162e-12
   20   46    2.019303e-10   -1.312250e-14
   20   47    5.441243e-14    7.346362e-15
   20   48    2.290317e-09   -3.367247e-13
   20   49    1.332183e-15   -9.734665e-18
   20   50    2.097726e-20    3.190500e-22
   20   51    2.218840e-28    5.753915e-30
   21   41    5.532052e-27    4.921143e-28
   21   42    9.891486e-24    2.026521e-24
   21   43    2.440645e-12    8.544938e-14
   21   44    3.584390e-12    4.790498e-13
   21   45    6.656223e-09   -1.771613e-12
   21   46    2.982154e-11    4.019839e-12
   21   47    1.642782e-13    2.686629e-14
   21   48    2.252746e-12    3.276055e-13
   21   49    6.580979e-14    8.631198e-15
   21   50    1.220452e-18    1.864916e-19
   21   51    5.227423e-23    1.378370e-23
   21   52    1.173178e-29    3.045310e-30
   22   43    1.322293e-28    2.813673e-29
   22   44    3.924444e-16    1.024600e-16
   22   45    3.482497e-14    6.267597e-15
   22   46    2.017778e-08   -3.544516e-12
   22   47    7.854947e-09    6.931906e-14
   22   48    1.436661e-08    1.175036e-12
   22   49    1.732656e-08   -1.401241e-12
   22   50    5.602748e-08    8.053822e-13
   22   51    7.998421e-12    7.119953e-13
   22   52    8.606353e-16    1.937835e-16
   22   53    2.043627e-21    4.494015e-22
   22   54    5.718173e-26    1.815876e-26
   23   45    3.280350e-30    1.265617e-30
   23   46    4.130924e-20    1.044026e-20
   23   47    1.093422e-12    1.255719e-13
   23   48    8.500671e-13    1.165585e-13
   23   49    5.590198e-12    8.493348e-13
   23   50    1.582049e-12    2.224391e-13
   23   51    4.900595e-09   -3.513918e-13
   23   52    9.823212e-12    1.260260e-12
   23   53    2.248878e-15    5.549422e-16
   23   54    3.083691e-20    7.596380e-21
   23   55    5.285320e-24    1.864698e-24
   24   47    2.820792e-25    8.456774e-26
   24   48    3.130784e-18    7.946102e-19
   24   49    7.108969e-17    1.498456e-17
   24   50    9.365985e-13   -1.889798e-16
   24   51    6.518697e-13    1.028286e-13
   24   52    5.576882e-08   -2.955180e-12
   24   53    1.073094e-08   -1.549726e-12
   24   54    1.369022e-07    6.345984e-13
   24   55    2.118146e-11    8.106885e-13
   24   56    4.381303e-15    8.514268e-16
   24   57    7.394543e-21    1.395762e-21
   24   58    6.164916e-25    1.892327e-25
   25   49    8.156737e-29    2.466408e-29
   25   50    3.257462e-23    8.208348e-24
   25   51    1.968630e-17    2.472199e-18
   25   52    1.954797e-17    5.307388e-18
   25   53    3.117747e-12    4.648376e-13
   25   54    6.198209e-12    1.052129e-12
   25   55    3.450284e-08   -7.045783e-12
   25   56    6.353460e-11    7.896808e-12
   25   57    3.101633e-14    7.546851e-15
   25   58    1.839704e-18    4.934102e-19
   25   59    6.482283e-22    2.436103e-22
   25   60    1.096034e-27    4.035461e-28
   26   51    6.570938e-29    2.178606e-29
   26   52    1.947592e-23    4.900365e-24
   26   53    4.428878e-21    1.432209e-21
   26   54    4.439791e-09   -8.855720e-13
   26   55    1.063986e-11    1.524410e-12
   26   56    1.766923e-06    8.636304e-11
   26   57    9.967266e-07   -3.360541e-10
   26   58    5.173588e-06   -3.685724e-11
   26   59    2.475343e-09    2.288142e-10
   26   60    9.050252e-13    2.047930e-13
   26   61    4.797287e-18    1.048385e-18
   26   62    7.286779e-22    2.420315e-22
   26   63    1.591764e-28    5.304192e-29
   27   54    4.874987e-27    1.254873e-27
   27   55    3.042677e-14    3.983914e-15
   27   56    4.888289e-16    1.166191e-16
   27   57    8.867238e-11    1.383756e-11
   27   58    3.806409e-11    6.191710e-12
   27   59    2.031146e-06   -4.768215e-10
   27   60    3.769766e-09    4.977878e-10
   27   61    4.605095e-12    1.140469e-12
   27   62    1.054592e-15    3.116758e-16
   27   63    7.591231e-19    2.978656e-19
   27   64    7.809537e-24    3.001941e-24
   27   65    4.304062e-27    1.864274e-27
   28   56    6.329962e-21    1.609875e-21
   28   57    4.053178e-19    1.275166e-19
   28   58    6.180397e-10   -1.611539e-13
   28   59    4.578873e-11    7.674685e-12
   28   60    2.665046e-06   -2.943716e-10
   28   61    1.013834e-06   -2.574288e-10
   28   62    2.261355e-06    4.814362e-10
   28   63    3.469286e-09    3.939312e-10
   28   64    1.389402e-06   -6.801378e-12
   28   65    2.001924e-10   -6.610485e-13
   28   66    9.454270e-14    1.601548e-14
   28   67    7.815418e-19    1.268179e-19
   28   68    1.078626e-22    3.183911e-23
   28   69    9.301759e-30    2.790340e-30
   29   58    7.476087e-29    2.600992e-29
   29   59    7.440251e-18    2.613206e-19
   29   60    4.340734e-17    8.696467e-18
   29   61    1.698127e-11    1.715709e-12
   29   62    1.999799e-11    2.880973e-12
   29   63    8.661566e-07   -8.471224e-10
   29   64    3.998991e-09    5.337368e-10
   29   65    1.073726e-06   -1.943692e-10
   29   66    2.118908e-09    1.952143e-10
   29   67    5.804422e-12    1.304994e-12
   29   68    4.627319e-16    1.001466e-16
   29   69    6.257562e-19    1.700040e-19
   29   70    7.534594e-25    2.023197e-25
   29   71    4.069593e-28    1.572546e-28
   30   60    1.613706e-24    2.277743e-25
   30   61    1.099613e-22    3.429677e-23
   30   62    1.034496e-16    2.635555e-17
   30   63    1.106392e-14    2.308435e-15
   30   64    8.400516e-07   -3.376342e-10
   30   65    2.469723e-09    3.318525e-10
   30   66    1.317587e-06    2.782189e-09
   30   67    2.660853e-07   -3.054669e-09
   30   68    1.324176e-06    2.584794e-10
   30   69    5.239597e-10    1.362543e-11
   30   70    1.339653e-10    2.294832e-13
   30   71    5.221466e-15   -1.019408e-16
   30   72    1.702857e-17    2.446072e-18
   30   73    8.731987e-23    1.168065e-23
   30   74    2.867049e-26    7.566223e-27
   31   63    4.005281e-26    1.180534e-26
   31   64    6.715575e-22    1.541540e-22
   31   65    2.527853e-13    6.024239e-15
   31   66    1.540717e-14    3.534601e-15
   31   67    2.717780e-11    4.014393e-12
   31   68    4.442631e-12    6.660442e-13
   31   69    1.584422e-07   -1.262808e-10
   31   70    1.047925e-09    1.249597e-10
   31   71    1.406564e-07    4.377524e-12
   31   72    1.042527e-10   -4.590124e-12
   31   73    7.252762e-13    9.481230e-14
   31   74    1.686452e-16    2.320343e-17
   31   75    2.379980e-19    6.762617e-20
   31   76    1.174647e-24    3.174519e-25
   31   77    1.155901e-27    4.660032e-28
   32   65    1.986958e-27    5.262159e-28
   32   66    1.059831e-18    1.662476e-19
   32   67    7.124764e-20    2.460917e-20
   32   68    3.615084e-16    1.098302e-16
   32   69    2.017855e-13    3.756931e-14
   32   70    2.277033e-07   -1.275863e-10
   32   71    9.655415e-10    1.272141e-10
   32   72    2.440331e-07    1.275115e-09
   32   73    3.720256e-08   -1.298407e-09
   32   74    1.757091e-07    1.281344e-11
   32   75    2.391272e-10    1.062060e-11
   32   76    1.282918e-11    6.756007e-14
   32   77    2.004634e-15   -3.505696e-17
   32   78    2.439839e-18    3.748540e-19
   32   79    3.970469e-23    5.844127e-24
   32   80    9.763627e-27    2.754681e-27
   33   67    5.610924e-29    1.168002e-29
   33   68    4.535055e-28    1.668606e-28
   33   69    1.141301e-23    3.718175e-24
   33   70    2.364584e-19    5.135731e-20
   33   71    1.434368e-12    1.385200e-13
   33   72    2.115904e-14    5.037442e-15
   33   73    4.293639e-12    6.622763e-13
   33   74    2.391618e-13    4.306293e-14
   33   75    1.962950e-08   -2.764231e-11
   33   76    3.795788e-10    2.759380e-11
   33   77    1.999959e-12    4.304437e-13
   33   78    1.225632e-15    3.001309e-16
   33   79    5.574081e-18    2.021740e-18
   33   80    1.106215e-21    4.289962e-22
   33   81    1.601111e-24    7.631141e-25
   33   82    3.748052e-30    1.759830e-30
   34   70    7.094066e-27    2.596408e-27
   34   71    1.815582e-23    5.731749e-24
   34   72    7.451327e-18    1.861142e-18
   34   73    6.944667e-19    2.253218e-19
   34   74    3.232530e-16    1.043454e-16
   34   75    2.428723e-13    3.945837e-14
   34   76    5.012027e-08    5.918801e-11
   34   77    1.781343e-08   -7.821163e-11
   34   78    7.029160e-08   -1.331835e-11
   34   79    2.672749e-10    3.215378e-11
   34   80    4.233320e-09   -4.169877e-13
   34   81    6.721407e-12    6.009495e-13
   34   82    3.181777e-12    2.217046e-15
   34   83    1.342065e-16   -3.378326e-18
   34   84    1.430815e-19    1.777550e-20
   34   85    7.564073e-27    1.003404e-27
   35   73    5.148776e-26    1.465618e-26
   35   74    2.617185e-25    9.193364e-26
   35   75    2.954486e-21    8.737938e-22
   35   76    3.575254e-18    8.936249e-19
   35   77    4.398813e-13    6.910222e-14
   35   78    8.319692e-14    1.289646e-14
   35   79    8.094341e-09   -3.208691e-11
   35   80    2.479174e-10    3.133361e-11
   35   81    7.171058e-09   -1.246787e-11
   35   82    1.055393e-10    1.293674e-11
   35   83    8.011301e-13    1.947390e-13
   35   84    6.392148e-16    1.847660e-16
   35   85    1.226201e-18    4.819403e-19
   35   86    4.003844e-25    1.567138e-25
   35   87    7.512741e-30    3.776251e-30
   36   76    3.150612e-24    1.206944e-24
   36   77    7.130602e-21    2.318300e-21
   36   78    1.106715e-17    3.690407e-18
   36   79    1.941913e-14    3.385517e-15
   36   80    2.099331e-08   -3.595754e-11
   36   81    2.628865e-10    3.525019e-11
   36   82    5.102146e-08    1.498501e-12
   36   83    1.560195e-08   -2.323474e-11
   36   84    5.819596e-08   -4.315518e-12
   36   85    2.098779e-10    2.653696e-11
   36   86    4.647414e-10    1.475629e-13
   36   87    2.594325e-15   -4.071176e-17
   36   88    9.003838e-19    1.058042e-20
   36   89    2.833503e-25    2.660839e-27
   36   90    5.328267e-30   -9.300314e-32
   37   78    2.318941e-28    7.984184e-29
   37   79    1.997487e-23    6.136233e-24
   37   80    3.824820e-20    1.008998e-20
   37   81    6.818418e-14    1.032055e-14
   37   82    2.053320e-15    5.415190e-16
   37   83    2.418512e-13    3.851897e-14
   37   84    3.061478e-14    5.587198e-15
   37   85    8.315731e-09   -1.943860e-11
   37   86    1.452217e-10    1.905872e-11
   37   87    6.017402e-11    4.087284e-13
   37   88    3.656479e-15   -7.914459e-17
   37   89    5.541269e-18    1.116254e-19
   37   90    2.368277e-23    5.619960e-26
   37   91    2.065875e-27   -7.143574e-29
   38   80    5.807233e-27    2.342245e-27
   38   81    3.290116e-23    1.108428e-23
   38   82    1.098642e-19    3.184877e-20
   38   83    2.840130e-20    9.189713e-21
   38   84    3.143214e-18    1.055575e-18
   38   85    1.377705e-14    2.360575e-15
   38   86    1.952990e-08   -3.318097e-11
   38   87    1.269212e-08    5.652850e-12
   38   88    3.429584e-08    2.732829e-11
   38   89    1.226447e-11    1.831287e-13
   38   90    1.650421e-14    2.922671e-15
   38   91    4.509029e-19    7.422397e-20
   38   92    1.811515e-22    4.247659e-23
   38   93    3.587197e-28    8.158977e-29
   39   83    8.016435e-27    2.619103e-27
   39   84    3.629133e-27    1.281195e-27
   39   85    4.463675e-23    1.536774e-23
   39   86    1.120311e-19    2.836154e-20
   39   87    3.330666e-14    5.258093e-15
   39   88    2.274848e-14    3.688542e-15
   39   89    5.034131e-09   -5.172291e-13
   39   90    1.291369e-11    5.084870e-13
   39   91    7.388626e-14    1.394173e-14
   39   92    2.486292e-17    4.368235e-18
   39   93    8.332644e-20    2.001839e-20
   39   94    8.623275e-24    1.937650e-24
   39   95    2.118898e-27    4.256455e-28
   40   86    1.348546e-26    5.233830e-27
   40   87    5.159313e-23    1.738745e-23
   40   88    2.835543e-20    8.425940e-21
   40   89    6.706707e-17    1.377145e-17
   40   90    2.267294e-09    8.203906e-12
   40   91    5.260295e-10   -7.958493e-12
   40   92    7.862685e-10    1.493128e-11
   40   93    7.647192e-11   -1.159722e-11
   40   94    3.965260e-10   -3.540090e-12
   40   95    2.912006e-13   -1.296227e-14
   40   96    6.262938e-13   -2.603334e-14
   40   97    1.563879e-18   -9.288076e-20
   40   98    6.709764e-23   -6.853265e-24
   40   99    1.949361e-30   -1.624068e-31
   41   88    8.176812e-30    3.253292e-30
   41   89    9.830051e-27    3.893589e-27
   41   90    1.952960e-22    5.403532e-23
   41   91    1.485678e-15    2.426118e-16
   41   92    4.113052e-16    7.332392e-17
   41   93    7.154810e-14    9.352237e-18
   41   94    9.663248e-16    7.390898e-17
   41   95    5.020862e-17    8.131873e-18
   41   96    1.773006e-19    1.702471e-20
   41   97    9.280780e-21    1.288795e-21
   41   98    1.474939e-25    1.778528e-26
   41   99    8.713233e-29    2.415877e-29
   42   91    3.195986e-26    1.110487e-26
   42   92    3.776813e-17    1.389939e-20
   42   93    9.983459e-17    3.600710e-17
   42   94    2.971641e-12    5.120100e-13
   42   95    3.243363e-11   -5.568971e-13
   42   96    1.024516e-10    1.758296e-12
   42   97    6.534939e-12   -1.564037e-12
   42   98    7.487611e-11   -1.493302e-13
   42   99    5.357030e-15   -1.265926e-16
   42  100    1.684597e-15   -6.548446e-18
   42  101    1.827431e-20   -2.800081e-22
   42  102    6.060607e-23    6.967278e-24
   42  103    2.790999e-28    2.857169e-29
   43   93    7.724123e-24    1.155451e-24
   43   94    3.595838e-22    1.316940e-22
   43   95    4.388404e-18    8.414993e-19
   43   96    6.984203e-18    1.098965e-18
   43   97    2.827366e-16    8.624097e-17
   43   98    4.594802e-16    7.220034e-17
   43   99    2.718761e-13   -1.384077e-16
   43  100    2.676354e-16   -1.219026e-17
   43  101    7.618722e-18    8.343833e-19
   43  102    3.080672e-22    2.651002e-23
   43  103    3.760545e-24    8.200301e-25
   43  104    9.440718e-29    1.887777e-29
   44   94    3.019537e-30    1.289579e-30
   44   95    2.734398e-26    9.754298e-27
   44   96    3.298845e-21    1.668186e-21
   44   97    2.723443e-18    1.033220e-18
   44   98    4.545099e-13    8.281400e-14
   44   99    7.455807e-12   -1.032664e-13
   44  100    3.891898e-11    4.665711e-13
   44  101    2.112556e-12   -4.506466e-13
   44  102    8.377908e-14    4.523052e-15
   44  103    5.216632e-17    1.754647e-18
   44  104    1.394470e-17    4.773728e-19
   44  105    1.475402e-21    1.484808e-23
   44  106    9.416650e-24    1.391720e-24
   44  107    9.322930e-29    1.232971e-29
   45   97    4.944338e-27    2.493132e-27
   45   98    3.653040e-24    1.384973e-24
   45   99    3.906137e-19    7.554068e-20
   45  100    6.068916e-19    1.041687e-19
   45  101    7.791628e-16    2.660597e-16
   45  102    2.196279e-15    4.025128e-16
   45  103    7.429562e-12    9.259438e-16
   45  104    3.509669e-14   -1.800417e-15
   45  105    1.515943e-15    2.031374e-16
   45  106    7.764752e-19    8.236613e-20
   45  107    1.546232e-20    3.831727e-21
   45  108    1.944853e-24    4.399164e-25
   45  109    2.156589e-26    7.133530e-27
   46   99    1.768960e-28    6.432276e-29
   46  100    4.515296e-26    1.811743e-26
   46  101    2.840049e-23    1.470786e-23
   46  102    1.778589e-17    6.867965e-18
   46  103    9.471651e-16    2.270918e-16
   46  104    2.278305e-11    2.405736e-13
   46  105    3.191394e-12   -2.535291e-13
   46  106    2.276791e-11    2.356754e-14
   46  107    5.944526e-14   -9.976420e-16
   46  108    2.495611e-11   -9.494285e-15
   46  109    1.061244e-14   -3.414147e-16
   46  110    1.008159e-14   -1.534319e-18
   46  111    3.830199e-19   -7.854108e-21
   46  112    4.742122e-21    5.140401e-22
   46  113    2.361987e-26    2.320459e-27
   47  102    2.005580e-29    1.095544e-29
   47  103    1.991285e-23    8.236710e-24
   47  104    3.491972e-21    1.014362e-21
   47  105    7.134500e-17    2.613385e-17
   47  106    1.038593e-15    2.253611e-16
   47  107    4.205456e-12    4.675095e-16
   47  108    9.028487e-14    6.881479e-16
   47  109    6.578447e-12   -8.226908e-16
   47  110    1.438383e-14   -6.940913e-16
   47  111    8.836254e-16    9.776322e-17
   47  112    4.258522e-19    3.413868e-20
   47  113    8.216156e-21    1.787897e-21
   47  114    2.489918e-25    4.973120e-26
   47  115    1.393196e-27    6.163584e-28
   48  104    1.565904e-29    6.416990e-30
   48  105    1.070477e-25    5.376530e-26
   48  106    2.531961e-20    9.882068e-21
   48  107    3.991154e-18    9.541750e-19
   48  108    3.526593e-13   -8.493678e-16
   48  109    9.697186e-15    1.344217e-15
   48  110    2.234934e-11    2.748180e-13
   48  111    1.246253e-12   -2.784963e-13
   48  112    2.070574e-11    2.949775e-14
   48  113    4.587396e-14    8.345623e-17
   48  114    3.400954e-11   -2.614630e-14
   48  115    9.378295e-15   -2.605865e-16
   48  116    2.812454e-15    1.134377e-17
   48  117    1.477767e-19   -2.193912e-21
   48  118    1.541224e-21    1.733160e-22
   48  119    8.024992e-27    8.194536e-28
   49  107    2.898428e-27    1.176745e-27
   49  108    1.145418e-24    2.857030e-25
   49  109    1.045394e-20    1.969217e-21
   49  110    1.884731e-20    8.464146e-21
   49  111    6.444094e-16    2.240364e-16
   49  112    2.049902e-15    3.949240e-16
   49  113    5.988760e-12    2.478938e-15
   49  114    1.015469e-13   -4.099007e-15
   49  115    6.873521e-15    9.961503e-16
   49  116    1.332873e-17    1.606572e-18
   49  117    3.724038e-19    9.747329e-20
   49  118    1.281730e-22    3.121782e-23
   49  119    2.086555e-24    6.199050e-25
   49  120    1.607439e-28    4.517363e-29
   49  121    1.864954e-29    3.948283e-30
   50  110    8.843832e-28    5.838577e-28
   50  111    7.443339e-25    3.710630e-25
   50  112    1.249711e-19    5.889979e-20
   50  113    8.764501e-18    3.088947e-18
   50  114    9.751901e-13    1.484793e-13
   50  115    4.332027e-12   -1.700924e-13
   50  116    4.527249e-11    5.776453e-13
   50  117    2.927555e-12   -5.585311e-13
   50  118    6.050252e-11    3.128300e-13
   50  119    5.673635e-13   -2.731289e-13
   50  120    6.565196e-11   -3.540591e-14
   50  121    2.888270e-14   -9.619446e-16
   50  122    5.048544e-13   -5.938546e-16
   50  123    1.552251e-16    3.191694e-18
   50  124    5.766339e-14   -2.393981e-16
   50  125    2.591388e-18   -6.635483e-20
   50  126    5.536078e-21    6.637194e-22
   50  127    8.374881e-26    9.261201e-27
   50  128    1.885264e-30    3.170278e-31
   51  113    2.735133e-28    1.391247e-28
   51  114    9.748809e-26    4.135590e-26
   51  115    1.496329e-20    4.080616e-21
   51  116    5.560397e-20    7.906847e-21
   51  117    9.513405e-19    2.626535e-19
   51  118    1.281047e-18    5.324908e-19
   51  119    4.080015e-15    1.132758e-15
   51  120    1.725481e-15    1.802440e-16
   51  121    3.449254e-12   -8.533196e-16
   51  122    9.194953e-15   -4.120741e-16
   51  123    8.939587e-14   -4.672069e-17
   51  124    8.607094e-17   -3.326132e-18
   51  125    2.105065e-18    2.319528e-19
   51  126    4.456485e-22    3.811321e-23
   51  127    3.015112e-24    6.556359e-25
   51  128    1.149247e-28    2.299222e-29
   51  129    4.952144e-28    1.436511e-28
   51  130    3.939828e-30    1.080309e-30
   52  116    1.704331e-28    6.053890e-29
   52  117    8.906052e-28    5.119737e-28
   52  118    3.537854e-22    2.156562e-22
   52  119    6.371303e-21    3.287614e-21
   52  120    4.382034e-16    1.588120e-16
   52  121    1.351506e-15    2.875182e-16
   52  122    1.149448e-11    1.455906e-13
   52  123    4.740736e-13   -1.446004e-13
   52  124    2.098761e-11    7.443887e-14
   52  125    1.283752e-13   -5.366465e-14
   52  126    2.612890e-11   -2.018471e-14
   52  127    1.772143e-14   -5.843428e-16
   52  128    6.056852e-13    7.905697e-15
   52  129    3.918247e-15    2.091299e-16
   52  130    1.800566e-12   -9.558113e-15
   52  131    1.206670e-16   -3.667595e-18
   52  132    2.586418e-19    3.048664e-20
   52  133    7.121689e-24    7.756370e-25
   52  134    1.704172e-27    4.191571e-28
   53  119    1.810927e-30    1.175664e-30
   53  120    4.050800e-28    2.164446e-28
   53  121    4.694343e-23    1.805628e-23
   53  122    4.884696e-22    1.171509e-22
   53  123    6.369464e-19    2.751922e-19
   53  124    1.164081e-18    4.829336e-19
   53  125    5.667854e-15    1.580085e-15
   53  126    2.578111e-15    2.572103e-16
   53  127    3.595862e-12   -1.282704e-15
   53  128    1.126082e-14   -5.962175e-16
   53  129    3.355035e-16    4.087993e-17
   53  130    2.018860e-19    1.926875e-20
   53  131    4.552089e-21    4.928772e-22
   53  132    9.120040e-25    7.151965e-26
   53  133    2.939578e-26    5.981937e-27
   53  134    5.952781e-29    1.968359e-29
   53  135    1.090802e-27    3.207683e-28
   54  122    2.821304e-30    1.091129e-30
   54  123    2.644076e-26    1.854838e-26
   54  124    4.602867e-21    2.790329e-21
   54  125    7.204507e-20    3.679406e-20
   54  126    1.660038e-15    6.006684e-16
   54  127    4.680971e-15    9.807463e-16
   54  128    1.327765e-11    2.733250e-13
   54  129    9.292738e-13   -2.685194e-13
   54  130    2.123393e-11    1.633146e-13
   54  131    2.762209e-13   -1.161982e-13
   54  132    3.985519e-11   -5.175786e-14
   54  133    3.134877e-14   -1.100838e-15
   54  134    2.497176e-13    2.896825e-14
   54  135    2.988559e-14    1.697813e-15
   54  136    7.936786e-12   -3.131069e-14
   54  137    3.372539e-20    5.410493e-22
   54  138    1.002665e-26   -4.135622e-30
   55  125    2.423777e-29    1.565653e-29
   55  126    7.980385e-27    4.293940e-27
   55  127    2.142440e-22    9.117249e-23
   55  128    1.491582e-21    4.976092e-22
   55  129    2.853621e-18    1.454260e-18
   55  130    6.790366e-18    2.785015e-18
   55  131    1.137180e-14    3.114165e-15
   55  132    4.741060e-15    4.347883e-16
   55  133    4.543198e-12   -2.624729e-15
   55  134    2.113868e-14   -9.880495e-16
   55  135    4.297705e-16    5.949149e-17
   55  136    6.780167e-19    9.551365e-20
   55  137    5.407781e-21    7.185495e-22
   55  138    7.035965e-29    1.013861e-29
   56  128    2.715494e-26    2.175473e-26
   56  129    1.389176e-24    9.596596e-25
   56  130    7.278886e-20    4.328939e-20
   56  131    5.567596e-19    2.758348e-19
   56  132    4.516024e-15    1.587161e-15
   56  133    8.981920e-15    1.749469e-15
   56  134    1.428441e-11    3.358899e-13
   56  135    1.329741e-12   -3.032315e-13
   56  136    6.568112e-11    3.008732e-12
   56  137    1.260397e-11   -2.682983e-12
   56  138    3.964208e-10   -3.617446e-13
   56  139    5.537101e-17    1.219544e-19
   56  140    7.527807e-22   -2.498264e-23
   56  141    6.967607e-29   -1.816494e-30
   57  131    2.101577e-28    1.322649e-28
   57  132    3.687943e-26    2.161333e-26
   57  133    5.875316e-22    3.184889e-22
   57  134    3.882542e-21    1.997809e-21
   57  135    1.018374e-17    5.734851e-18
   57  136    3.728047e-17    1.723253e-17
   57  137    3.950405e-14    1.309766e-14
   57  138    9.717543e-14    1.621288e-14
   57  139    3.721720e-11   -2.933305e-14
   57  140    3.512879e-17   -1.872552e-19
   57  141    2.207839e-21   -1.146380e-22
   57  142    8.874618e-28   -4.876542e-29
   58  134    2.757275e-25    2.108845e-25
   58  135    8.361508e-24    5.792144e-24
   58  136    1.402317e-19    8.394238e-20
   58  137    1.195025e-18    6.000326e-19
   58  138    8.980973e-15    3.240432e-15
   58  139    6.081683e-14    1.245487e-14
   58  140    9.321076e-11    5.715787e-15
   58  141    4.434363e-16   -9.698424e-18
   58  142    7.221982e-17   -1.262368e-16
   58  143    1.485964e-22   -2.627803e-22
   58  144    1.895063e-24   -3.608476e-24
   58  146    9.021251e-29    1.004791e-30
   59  136    3.245719e-26    2.275256e-26
   59  137    1.205329e-21    7.325917e-22
   59  138    1.962385e-20    1.009662e-20
   59  139    2.498131e-16    9.244712e-17
   59  140    3.513717e-15    7.618832e-16
   59  141    7.800705e-12   -8.325106e-16
   59  142    3.020447e-16   -6.313732e-18
   59  143    8.842300e-19   -9.814046e-20
   59  144    5.953660e-24   -7.724480e-25
   59  145    5.011570e-25   -3.418159e-26
   60  137    8.063852e-29    5.901123e-29
   60  138    1.285778e-23    8.212984e-24
   60  139    8.422263e-22    4.626537e-22
   60  140    4.185284e-17    1.701132e-17
   60  141    2.345248e-15    6.050069e-16
   60  142    3.096130e-11    1.141830e-12
   60  143    1.552802e-13   -3.268873e-14
   60  144    3.783583e-12   -1.004942e-12
   60  145    1.420535e-15   -1.339882e-15
   60  146    4.401356e-14   -4.859645e-14
   60  147    1.980118e-19   -2.271961e-19
   60  148    1.002291e-18   -1.840997e-18
   60  149    1.453350e-24   -2.618341e-24
   60  150    4.510042e-23   -4.082604e-23
   60  151    1.385950e-28   -1.289192e-28
   61  140    3.286393e-27    2.342879e-27
   61  141    6.260554e-22    3.900670e-22
   61  142    1.482746e-19    7.787457e-20
   61  143    4.310045e-15    1.656541e-15
   61  144    6.354285e-17    1.219836e-17
   61  145    1.430371e-15    2.090663e-16
   61  146    3.919894e-18   -2.942826e-19
   61  147    7.526911e-17   -1.026604e-17
   61  148    2.726082e-21   -3.483374e-22
   61  149    3.617468e-20   -1.076730e-21
   61  150    2.628074e-25   -1.244483e-26
   61  151    7.869821e-26    5.051190e-28
   61  152    1.341253e-29    3.166100e-30
   61  153    1.642864e-30    3.337451e-31
   62  141    7.684908e-28    5.427588e-28
   62  142    1.176996e-21    7.108639e-22
   62  143    7.906799e-19    3.915707e-19
   62  144    2.620312e-13    8.502215e-14
   62  145    9.538464e-14    1.521989e-14
   62  146    2.442155e-12    2.090733e-13
   62  147    5.951754e-14   -4.893941e-15
   62  148    1.843792e-12   -2.444605e-13
   62  149    3.007008e-15   -4.929581e-16
   62  150    5.387731e-13   -1.184263e-13
   62  151    2.363165e-16   -8.331709e-18
   62  152    1.862036e-13   -1.326367e-14
   62  153    1.347324e-17   -1.404852e-18
   62  154    5.812692e-16   -1.083792e-16
   62  155    1.318308e-20   -2.824495e-21
   62  156    1.622075e-23   -4.900697e-24
   62  157    2.562310e-29   -8.128360e-30
   63  143    1.234119e-25    8.750295e-26
   63  144    5.864685e-22    3.710548e-22
   63  145    4.160755e-16    2.105058e-16
   63  146    3.047023e-16    1.170896e-16
   63  147    1.012976e-14    3.014976e-15
   63  148    6.418442e-16    1.121946e-16
   63  149    5.026717e-14    6.408986e-15
   63  150    2.242884e-16   -1.026384e-18
   63  151    1.262860e-13   -7.333724e-15
   63  152    1.438102e-16    9.963430e-19
   63  153    2.059928e-13   -4.426915e-15
   63  154    5.859298e-17   -3.508670e-18
   63  155    5.679014e-18    2.298880e-19
   63  156    6.220906e-22    4.582314e-24
   63  157    3.537399e-24   -1.392696e-25
   63  158    2.618976e-29   -1.579347e-30
   64  145    2.513714e-25    1.791132e-25
   64  146    2.364443e-18    1.439593e-18
   64  147    1.337301e-17    6.809707e-18
   64  148    1.760864e-15    6.720475e-16
   64  149    1.301975e-15    3.497693e-16
   64  150    6.057089e-14    1.149419e-14
   64  151    2.794815e-15    1.291427e-16
   64  152    5.613192e-13   -4.678236e-15
   64  153    2.525250e-15    1.679843e-16
   64  154    1.327046e-12    7.463584e-14
   64  155    1.304576e-14    1.112427e-15
   64  156    2.972411e-12    1.366969e-13
   64  157    1.481191e-14   -2.057406e-15
   64  158    1.134294e-12   -2.223188e-13
   64  159    5.158629e-17   -1.176227e-17
   64  160    1.261016e-18   -1.157082e-18
   64  161    6.950394e-24   -6.612521e-24
   64  162    1.798777e-27   -1.915980e-27
   65  147    3.671639e-29    2.422957e-29
   65  148    1.766222e-25    1.319504e-25
   65  149    6.474515e-23    4.453705e-23
   65  150    1.407396e-22    9.085675e-23
   65  151    8.459171e-20    5.181017e-20
   65  152    5.812170e-21    3.124900e-21
   65  153    2.716265e-17    1.397878e-17
   65  154    3.152826e-18    1.279952e-18
   65  155    5.105205e-15    1.817260e-15
   65  156    4.203740e-16    8.617632e-17
   65  157    1.471514e-13    2.245847e-14
   65  158    2.764892e-15   -1.684818e-16
   65  159    2.150751e-13   -2.420111e-14
   65  160    4.889883e-17   -7.521676e-18
   65  161    1.011025e-18   -2.355477e-19
   65  162    5.582802e-23   -1.533411e-23
   65  163    5.392681e-26   -1.881543e-26
   66  151    2.202136e-25    1.535609e-25
   66  152    1.580025e-21    1.018057e-21
   66  153    4.745355e-21    2.798754e-21
   66  154    3.203864e-18    1.649487e-18
   66  155    1.659079e-18    6.876170e-19
   66  156    2.209285e-15    7.470514e-16
   66  157    6.461888e-16    1.412066e-16
   66  158    2.240734e-13    3.520257e-14
   66  159    1.336769e-14    1.401023e-15
   66  160    1.844562e-12    1.059779e-13
   66  161    1.684922e-14   -5.632740e-16
   66  162    1.329368e-12   -1.106782e-13
   66  163    1.330824e-15   -4.877932e-16
   66  164    6.713571e-14   -3.173685e-14
   66  165    8.212454e-19   -4.134608e-19
   66  166    3.364680e-22   -1.981568e-22
   66  167    4.882471e-28   -2.957133e-28
   67  154    4.381739e-27    3.483942e-27
   67  155    1.577976e-23    1.160231e-23
   67  156    5.083089e-24    3.412559e-24
   67  157    1.100482e-19    6.983163e-20
   67  158    5.640863e-20    3.101212e-20
   67  159    1.261742e-16    6.128307e-17
   67  160    1.307016e-17    4.773547e-18
   67  161    1.943546e-14    6.226624e-15
   67  162    4.167964e-16    6.508025e-17
   67  163    2.635164e-13    3.101148e-14
   67  164    1.956964e-15   -2.451152e-16
   67  165    1.989774e-13   -3.712013e-14
   67  166    1.196833e-17   -2.651305e-18
   67  167    4.610893e-20   -1.438940e-20
   67  168    4.162073e-25   -1.419605e-25
   67  169    1.548330e-28   -6.360536e-29
   68  155    9.450436e-29    9.450435e-29
   68  156    7.401534e-25    6.003970e-25
   68  157    2.700692e-24    1.945462e-24
   68  158    3.016151e-20    1.992760e-20
   68  159    4.246649e-20    2.462318e-20
   68  160    8.899706e-17    4.404852e-17
   68  161    8.215391e-17    3.100391e-17
   68  162    3.468408e-14    9.644376e-15
   68  163    5.859957e-15    8.050940e-16
   68  164    1.020247e-12    8.264167e-14
   68  165    2.255142e-14    1.103025e-15
   68  166    2.449908e-12    6.982977e-15
   68  167    7.359212e-15   -2.446836e-15
   68  168    2.323750e-13   -9.874716e-14
   68  169    1.120055e-17   -5.266586e-18
   68  170    1.792147e-18   -3.512534e-18
   68  171    1.324935e-23   -2.672437e-23
   68  172    2.935267e-27   -6.373089e-27
   69  159    7.041854e-26    7.041847e-26
   69  160    7.167702e-25    5.309745e-25
   69  161    5.635733e-21    3.875525e-21
   69  162    9.102551e-21    5.570063e-21
   69  163    2.508269e-17    1.323978e-17
   69  164    7.621994e-18    3.146369e-18
   69  165    8.618256e-15    3.002892e-15
   69  166    8.261053e-16    1.557104e-16
   69  167    2.876330e-13    3.771417e-14
   69  168    6.139745e-15   -7.418978e-16
   69  169    2.288844e-13   -4.012107e-14
   69  170    7.535770e-17   -1.693121e-17
   69  171    1.106839e-18   -3.955441e-19
   69  172    4.239548e-23   -1.699896e-23
   69  173    4.593352e-26   -2.239859e-26
   69  174    1.161824e-30    1.730773e-31
   70  161    7.372888e-27    6.192215e-27
   70  162    8.357435e-23    6.594233e-23
   70  163    5.271169e-22    3.891858e-22
   70  164    2.066323e-18    1.376558e-18
   70  165    4.266066e-18    2.504996e-18
   70  166    3.075594e-15    1.527210e-15
   70  167    1.983537e-15    7.532065e-16
   70  168    4.641666e-13    1.366500e-13
   70  169    5.710714e-14    7.994041e-15
   70  170    3.319391e-12    2.899766e-13
   70  171    7.277797e-14   -7.348159e-15
   70  172    2.539871e-12   -3.905645e-13
   70  173    2.111518e-15   -1.683899e-15
   70  174    3.445611e-14   -3.673973e-14
   70  175    4.715085e-19   -5.249861e-19
   70  176    1.402177e-22   -1.926842e-22
   70  177    6.997976e-28   -9.976968e-28
   70  178    1.388079e-28    1.576034e-31
   71  164    5.866991e-27    4.821108e-27
   71  165    3.549972e-23    2.707279e-23
   71  166    7.471454e-23    5.272922e-23
   71  167    8.409278e-19    5.355729e-19
   71  168    1.109537e-18    6.054336e-19
   71  169    1.181840e-15    5.373866e-16
   71  170    1.941997e-16    6.114353e-17
   71  171    8.454615e-14    2.187492e-14
   71  172    4.875080e-15    2.329873e-16
   71  173    3.254379e-13   -7.574080e-16
   71  174    1.656792e-15   -7.154808e-16
   71  175    3.978506e-14   -2.122018e-14
   71  176    3.000092e-18   -1.757887e-18
   71  177    6.953306e-21   -4.882972e-21
   71  178    1.207380e-25   -9.072177e-26
   71  179    5.527122e-29   -4.659249e-29
   72  165    1.374266e-29    1.374266e-29
   72  166    1.023951e-24    8.861600e-25
   72  167    1.235292e-23    9.983804e-24
   72  168    1.083149e-19    8.164894e-20
   72  169    4.692883e-19    3.251913e-19
   72  170    7.061732e-16    4.313259e-16
   72  171    8.243524e-16    4.223088e-16
   72  172    1.510310e-13    6.341356e-14
   72  173    4.808275e-14    1.278717e-14
   72  174    2.215192e-12    4.210298e-13
   72  175    9.350173e-14   -3.750796e-15
   72  176    3.888319e-12   -3.761023e-13
   72  177    5.641545e-15   -4.060708e-15
   72  178    1.228876e-13   -1.131123e-13
   72  179    3.388684e-17   -6.333306e-17
   72  180    5.205866e-16   -1.240345e-15
   72  181    4.725086e-21   -1.157910e-20
   72  182    5.116852e-25   -1.329122e-24
   73  170    8.988083e-27    7.026786e-27
   73  171    8.485246e-23    6.070976e-23
   73  172    3.168204e-23    1.980963e-23
   73  173    1.891275e-19    1.089303e-19
   73  174    3.831596e-21    1.730316e-21
   73  175    4.806628e-16    2.018106e-16
   73  176    2.593887e-17    7.265005e-18
   73  177    9.779735e-15    2.341159e-15
   73  178    6.786615e-18    2.819016e-19
   73  179    6.794773e-13    2.012127e-14
   73  180    1.081421e-15   -5.600837e-16
   73  181    3.106385e-14   -2.212063e-14
   73  182    9.996236e-19   -7.569810e-19
   73  183    4.866410e-22   -4.132164e-22
   73  184    7.083993e-28   -6.210424e-28
   73  185    3.988581e-29    3.392383e-32
   74  171    5.828459e-26    4.975730e-26
   74  172    9.048985e-22    7.312960e-22
   74  173    9.440203e-21    7.190794e-21
   74  174    1.373700e-17    9.524367e-18
   74  175    3.653232e-17    2.256978e-17
   74  176    8.666589e-15    4.576749e-15
   74  177    3.599117e-15    1.473620e-15
   74  178    3.570593e-13    1.206505e-13
   74  179    5.055278e-14    8.356213e-15
   74  180    2.609923e-12    2.777944e-13
   74  181    6.832951e-14   -1.075841e-14
   74  182    1.838451e-12   -3.978430e-13
   74  183    3.039204e-16   -2.039524e-16
   74  184    2.256087e-15   -4.057145e-15
   74  185    4.480760e-20   -8.689862e-20
   74  186    4.206039e-20   -2.051582e-19
   74  187    1.280293e-25   -6.348380e-25
   74  188    1.302664e-27   -1.794747e-27
   75  174    4.923228e-26    4.031776e-26
   75  175    4.520712e-22    3.452522e-22
   75  176    1.931278e-21    1.362780e-21
   75  177    2.260041e-18    1.423450e-18
   75  178    1.653341e-18    8.884814e-19
   75  179    7.427644e-16    3.452816e-16
   75  180    2.482364e-16    8.132661e-17
   75  181    4.682533e-14    1.189545e-14
   75  182    2.934528e-15    1.384596e-16
   75  183    2.504080e-13   -2.359770e-15
   75  184    3.188306e-16   -1.639949e-16
   75  185    1.357149e-14   -9.772290e-15
   75  186    1.243198e-18   -9.689387e-19
   75  187    1.281524e-19   -3.173315e-19
   75  188    2.012375e-24   -4.532647e-24
   75  189    9.268155e-24   -3.918187e-24
   75  190    2.463285e-29   -1.096006e-29
   75  191    3.536506e-30    1.324553e-31
   76  176    3.340724e-25    2.874144e-25
   76  177    1.044476e-23    8.457787e-24
   76  178    3.964159e-20    3.001358e-20
   76  179    2.183738e-19    1.529799e-19
   76  180    1.534923e-16    9.549523e-17
   76  181    2.191941e-16    1.165569e-16
   76  182    5.068072e-14    2.226977e-14
   76  183    2.630264e-14    7.955633e-15
   76  184    1.245118e-12    2.713505e-13
   76  185    4.647322e-14    1.634951e-15
   76  186    2.445518e-12   -4.312795e-14
   76  187    1.148794e-14   -2.706566e-15
   76  188    7.029507e-13   -2.122308e-13
   76  189    6.757571e-16   -4.320880e-16
   76  190    6.149580e-14   -4.484896e-14
   76  191    3.602917e-18   -3.655939e-18
   76  192    1.514833e-16   -1.960104e-16
   76  193    7.866735e-22   -1.056207e-21
   76  194    1.154435e-24   -1.649754e-24
   76  195    2.650252e-30   -3.874748e-30
   77  179    8.634492e-26    7.381528e-26
   77  180    2.882019e-24    2.338701e-24
   77  181    1.249770e-20    9.511705e-21
   77  182    4.584943e-20    3.232673e-20
   77  183    2.712884e-17    1.718228e-17
   77  184    2.598635e-17    1.416785e-17
   77  185    4.012085e-15    1.888720e-15
   77  186    1.442659e-16    5.054506e-17
   77  187    5.294167e-14    1.661025e-14
   77  188    1.176553e-15    1.863374e-16
   77  189    3.363920e-13    3.872720e-14
   77  190    1.687782e-15   -2.046578e-16
   77  191    2.065428e-13   -3.794658e-14
   77  192    2.319814e-16   -8.064433e-17
   77  193    4.669124e-14   -1.944127e-14
   77  194    1.165049e-18   -5.289215e-19
   77  195    3.287216e-21   -1.864790e-21
   77  196    2.097581e-26   -1.253973e-26
   77  197    5.622160e-29    1.290162e-34
   78  181    3.710294e-28    3.191062e-28
   78  182    4.350724e-24    3.533078e-24
   78  183    6.640401e-23    5.145076e-23
   78  184    1.396333e-19    1.001915e-19
   78  185    4.188684e-19    2.740309e-19
   78  186    1.309626e-16    7.567813e-17
   78  187    4.209092e-17    2.039707e-17
   78  188    2.050475e-14    8.862989e-15
   78  189    3.157920e-15    9.968206e-16
   78  190    4.104682e-13    1.068651e-13
   78  191    1.554090e-14    2.099262e-15
   78  192    2.083566e-12    1.718661e-13
   78  193    2.582375e-14   -7.096704e-17
   78  194    2.014622e-12   -1.136189e-13
   78  195    9.036528e-15   -2.070435e-15
   78  196    5.981033e-13   -1.751570e-13
   78  197    3.564584e-17   -1.272460e-17
   78  198    1.888671e-16   -1.327193e-16
   78  199    2.973642e-21   -2.192359e-21
   78  200    2.559971e-24   -2.042398e-24
   78  201    2.575630e-30   -2.104167e-30
   79  185    9.158431e-26    9.158431e-26
   79  186    9.986745e-25    7.878199e-25
   79  187    2.029850e-21    1.535062e-21
   79  188    2.613822e-21    1.836619e-21
   79  189    2.973296e-18    1.921258e-18
   79  190    2.494117e-18    1.404992e-18
   79  191    6.967919e-16    3.415800e-16
   79  192    7.223714e-17    2.678791e-17
   79  193    3.972491e-14    1.296830e-14
   79  194    2.146856e-15    3.421680e-16
   79  195    3.533171e-13    4.131386e-14
   79  196    6.460336e-15   -7.920847e-16
   79  197    3.084078e-13   -5.417567e-14
   79  198    1.273270e-16   -2.820228e-17
   79  199    1.854378e-18   -3.616302e-19
   79  200    1.127157e-22   -2.621999e-23
   79  201    3.029637e-25   -7.231944e-26
   79  202    6.714111e-30   -1.619532e-30
   80  188    5.454400e-25    4.731172e-25
   80  189    6.665830e-24    5.446942e-24
   80  190    1.337571e-20    1.024130e-20
   80  191    5.083623e-20    3.612299e-20
   80  192    2.366294e-17    1.504525e-17
   80  193    2.964089e-17    1.622842e-17
   80  194    6.596540e-15    3.047124e-15
   80  195    2.579352e-15    8.647798e-16
   80  196    3.881049e-13    1.010747e-13
   80  197    8.299059e-14    8.143880e-15
   80  198    4.061186e-12    1.664943e-13
   80  199    1.737782e-13    7.625442e-15
   80  200    5.615342e-12    5.418766e-14
   80  201    1.085290e-13   -6.608780e-15
   80  202    3.315762e-12   -3.287236e-13
   80  203    1.474274e-15   -1.548270e-16
   80  204    4.424543e-14   -5.981731e-15
   80  205    1.796332e-19   -2.835439e-20
   80  206    3.205496e-23   -4.470992e-24
   81  192    5.038099e-25    4.416392e-25
   81  193    2.676412e-22    2.244366e-22
   81  194    2.581086e-21    2.066296e-21
   81  195    1.855144e-18    1.379856e-18
   81  196    4.069504e-18    2.769715e-18
   81  197    6.007153e-16    3.657932e-16
   81  198    5.554502e-16    2.840540e-16
   81  199    5.301523e-14    2.282009e-14
   81  200    2.802406e-14    7.889241e-15
   81  201    9.207628e-13    1.827363e-13
   81  202    2.978481e-13   -6.591947e-15
   81  203    2.065339e-12   -1.927783e-13
   81  204    1.971017e-14   -8.260254e-16
   81  205    1.643732e-13   -1.389834e-14
   81  206    2.082720e-17   -2.656228e-18
   81  207    1.289670e-20   -3.567242e-22
   81  208    3.375412e-30    1.450422e-32
   82  195    6.842189e-27    6.023619e-27
   82  196    1.878444e-23    1.546385e-23
   82  197    1.779115e-22    1.387879e-22
   82  198    1.295767e-19    9.325909e-20
   82  199    4.198801e-19    2.749042e-19
   82  200    2.344142e-16    1.341811e-16
   82  201    7.164582e-16    3.394278e-16
   82  202    1.063065e-13    3.811254e-14
   82  203    2.162998e-13    4.685190e-14
   82  204    1.188001e-11    1.001253e-12
   82  205    5.788594e-12   -1.678299e-13
   82  206    9.407447e-11    4.673938e-12
   82  207    2.334264e-11   -3.522487e-12
   82  208    1.185122e-10   -2.070312e-12
   82  209    4.023235e-19    2.068776e-21
   82  210    8.013964e-27    1.021806e-30
   83  198    1.136521e-25    1.000920e-25
   83  199    1.646800e-22    1.386780e-22
   83  200    1.013171e-21    8.153065e-22
   83  201    3.479915e-19    2.619634e-19
   83  202    6.352825e-19    4.394315e-19
   83  203    1.227701e-16    7.727420e-17
   83  204    1.791671e-16    9.630219e-17
   83  205    1.294396e-14    5.860173e-15
   83  206    1.176926e-14    3.713034e-15
   83  207    5.091381e-13    1.097317e-13
   83  208    1.784418e-13    1.051708e-15
   83  209    2.393970e-12   -1.205335e-13
   83  210    3.952619e-20   -1.437178e-21
   83  211    3.461821e-27   -1.599857e-28
   84  204    2.257115e-30    1.633083e-30
   84  205    2.871950e-30    1.887910e-30
   84  206    2.336122e-28    1.386757e-28
   84  207    1.107800e-28    5.451660e-29
   84  208    3.531965e-26    3.016072e-26
   84  209    1.038015e-25   -8.852175e-27
   84  210    9.441085e-25   -9.465089e-26
    0    1    2.032323e-13    2.099265e-14
    1    1    2.303841e-11    2.405144e-12
    2    4    9.445364e-09    5.615879e-10
