5.9626e-01
1.1029e-03
2.2701e+00
2.8759e+05
    1    2    3.749898e-20   -1.124222e-21
    1    3    3.006099e-21   -5.367350e-23
    2    3    2.940402e-16   -3.530563e-19
    3    6    6.222611e-27   -2.778677e-28
    3    7    1.110162e-27   -9.429246e-29
    4    7    7.367686e-24   -2.684078e-25
    4    8    1.507305e-14    2.654028e-16
    4   10    9.810273e-25    9.801285e-25
    5   10    1.171369e-20   -3.928344e-22
    5   11    6.963037e-20   -1.221411e-21
    6   11    7.103897e-14    2.490118e-16
    6   12    5.810206e-04   -6.141857e-07
    6   13    3.596429e-11   -2.008082e-13
    6   14    3.219988e-13   -1.061028e-14
    6   15    1.154537e-28   -6.905627e-30
    7   12    1.891336e-24   -8.578733e-27
    7   13    3.912503e-11   -5.313628e-14
    7   14    1.283843e-09    3.548421e-12
    7   15    2.540752e-08    2.552787e-10
    7   16    6.966588e-21   -5.589068e-23
    7   17    9.734722e-27    2.350471e-29
    8   14    5.904343e-13    8.090576e-15
    8   15    2.628985e-08    1.824215e-10
    8   16    4.582162e-02   -2.954714e-08
    8   17    5.964510e-09   -1.002450e-10
    8   18    1.373238e-13   -4.973236e-15
    8   19    3.372321e-23   -1.821323e-24
    9   15    8.139705e-28   -5.306175e-30
    9   16    3.885162e-21   -3.435135e-23
    9   17    9.558006e-12   -7.763694e-14
    9   18    1.858255e-10   -4.546093e-12
    9   19    1.442815e-09   -6.206051e-11
    9   20    4.929444e-17   -2.980192e-18
    9   21    1.380938e-23   -8.200928e-25
   10   17    7.814735e-30   -8.368413e-32
   10   18    1.310970e-15    3.435375e-18
   10   19    7.260551e-11   -5.363421e-14
   10   20    8.405388e-03    1.345439e-07
   10   21    4.415288e-06   -3.659291e-08
   10   22    3.039039e-07   -7.795042e-09
   10   23    3.160627e-16   -1.371630e-17
   10   24    3.135210e-23   -1.476925e-24
   11   19    2.688886e-27   -3.074259e-29
   11   20    1.069452e-17    1.071767e-20
   11   21    1.668011e-08    3.533045e-11
   11   22    2.899247e-07   -3.090534e-09
   11   23    1.637489e-04    7.033906e-08
   11   24    7.892401e-12   -1.242864e-13
   11   25    3.061700e-17   -1.412694e-18
   11   26    1.665697e-25   -1.046760e-26
   12   21    1.909397e-22    1.550755e-24
   12   22    8.319044e-14   -1.789327e-16
   12   23    2.587115e-06    1.919855e-08
   12   24    2.134524e-03    1.712450e-07
   12   25    3.520582e-04   -1.755406e-07
   12   26    2.926163e-04    5.763062e-08
   12   27    9.218018e-13   -1.436612e-14
   12   28    4.048870e-20   -1.455597e-21
   12   29    8.822602e-30   -4.237539e-31
   13   23    4.561351e-27    1.050841e-29
   13   24    1.142875e-13    7.876503e-16
   13   25    2.241024e-09    3.630337e-12
   13   26    3.375683e-10   -1.561289e-11
   13   27    2.809866e-04    5.376070e-08
   13   28    1.633268e-10   -2.689999e-12
   13   29    5.452776e-15   -1.247679e-16
   13   30    1.144282e-22   -4.422900e-24
   13   31    3.516532e-30   -1.919164e-31
   14   25    1.749232e-18    4.460425e-20
   14   26    1.966786e-11    3.872805e-13
   14   27    9.154771e-06   -1.375074e-07
   14   28    2.638373e-04    1.149853e-07
   14   29    7.681185e-05    3.448259e-08
   14   30    3.485276e-05    2.030885e-08
   14   31    1.495304e-11   -2.188902e-13
   14   32    1.678555e-18   -5.490843e-20
   14   33    1.260025e-26   -5.445833e-28
   15   26    6.636826e-30    9.947659e-32
   15   27    7.306933e-21    9.317123e-23
   15   28    8.247951e-13   -1.221483e-14
   15   29    1.017552e-09    4.845669e-12
   15   30    2.526369e-09   -7.653796e-11
   15   31    1.703159e-07   -7.609835e-09
   15   32    9.507530e-13   -2.066907e-14
   15   33    4.623077e-14   -1.472510e-15
   15   34    7.754989e-21   -3.654053e-22
   15   35    1.294005e-27   -8.093565e-29
   16   28    1.274667e-27    2.314986e-29
   16   29    1.642781e-17   -1.139549e-19
   16   30    3.184876e-12    5.284931e-14
   16   31    5.897488e-08   -4.979099e-10
   16   32    4.327906e-06    1.168020e-08
   16   33    2.413060e-08   -4.131523e-10
   16   34    2.097118e-10   -3.506139e-12
   16   35    3.632785e-15   -8.706007e-17
   16   36    8.520540e-18   -3.005350e-19
   16   37    6.589892e-26   -2.926303e-27
   17   30    3.032208e-30   -6.260413e-32
   17   31    9.412714e-23    6.310565e-25
   17   32    7.224607e-16   -5.859247e-18
   17   33    5.116530e-15   -5.279482e-17
   17   34    3.361246e-09   -3.278162e-11
   17   35    7.497369e-10   -4.590330e-12
   17   36    4.050723e-14   -8.059649e-16
   17   37    1.028545e-14   -1.779869e-16
   17   38    4.916973e-21   -1.554796e-22
   17   39    8.411957e-27   -3.883060e-28
   18   32    7.809636e-30    7.359062e-32
   18   33    1.534002e-24    2.323864e-26
   18   34    4.304348e-17    2.179549e-19
   18   35    2.182962e-08    2.879562e-10
   18   36    2.830523e-08    3.706380e-11
   18   37    4.740401e-11   -1.168330e-13
   18   38    1.611504e-12   -2.903673e-14
   18   39    1.308210e-16   -5.456790e-18
   18   40    3.718276e-19   -1.890455e-20
   18   41    1.884556e-24   -9.509876e-26
   18   42    1.117477e-26   -5.445027e-28
   19   35    4.189898e-28   -2.558094e-30
   19   36    2.457996e-16    2.699905e-18
   19   37    2.255245e-15    1.153568e-18
   19   38    8.994875e-12    6.315102e-14
   19   39    1.083124e-10   -2.353327e-12
   19   40    8.876623e-15   -2.503494e-16
   19   41    1.668734e-14   -2.493584e-16
   19   42    2.643485e-19   -7.701783e-21
   19   43    1.418823e-22   -2.509433e-23
   19   44    1.133921e-27   -2.184036e-28
   20   38    1.048532e-17    1.591414e-19
   20   39    1.601327e-11    4.333092e-13
   20   40    4.604351e-08    1.187075e-11
   20   41    9.042391e-10    6.617550e-13
   20   42    4.118798e-11   -5.597644e-12
   20   43    2.885574e-13   -4.319689e-14
   20   44    2.571040e-14   -1.071240e-15
   20   45    1.233470e-16   -4.912531e-18
   20   46    6.880105e-19   -3.430152e-20
   20   47    5.410709e-24   -3.462935e-25
   20   48    2.677284e-27   -2.006271e-28
   21   39    3.260755e-30    5.758616e-34
   21   40    9.248868e-22    1.718288e-23
   21   41    1.413045e-16   -7.068361e-19
   21   42    9.162869e-13    1.114011e-14
   21   43    2.737122e-11   -3.542210e-12
   21   44    4.161951e-12   -1.016333e-13
   21   45    5.007692e-11   -1.093910e-12
   21   46    1.070700e-14   -3.777989e-16
   21   47    4.610130e-16   -2.025028e-17
   21   48    2.202957e-20   -1.251151e-21
   21   49    5.584752e-23   -2.761604e-24
   21   50    1.585440e-28   -9.375466e-30
   22   41    7.661980e-30    1.366433e-31
   22   42    5.639812e-21    2.888136e-23
   22   43    5.561235e-14    1.521570e-15
   22   44    1.079118e-08   -3.682508e-12
   22   45    5.481857e-09   -3.793208e-11
   22   46    8.267152e-09   -2.266695e-10
   22   47    9.926805e-10   -2.414920e-11
   22   48    4.355889e-11   -1.477171e-12
   22   49    1.334473e-13   -2.887311e-15
   22   50    8.821996e-16   -2.618145e-16
   22   51    1.487982e-20   -4.823971e-21
   22   52    2.337273e-25   -8.100973e-26
   23   44    4.095085e-21    1.124593e-22
   23   45    5.332146e-18    9.110862e-20
   23   46    3.402083e-10    2.778468e-12
   23   47    3.694208e-08   -3.638349e-10
   23   48    2.265029e-09   -4.356613e-11
   23   49    1.211406e-09   -9.035678e-12
   23   50    4.335450e-13   -8.229716e-15
   23   51    8.737928e-13   -2.446093e-14
   23   52    2.010553e-16   -8.379615e-18
   23   53    8.802961e-21   -4.936771e-22
   23   54    4.714670e-26   -2.872682e-27
   24   45    2.651880e-27    8.246917e-29
   24   46    3.239299e-20    1.072021e-21
   24   47    8.184700e-11    1.914791e-12
   24   48    1.931539e-08    2.923456e-10
   24   49    2.206675e-08    1.470623e-10
   24   50    9.241374e-09   -1.208948e-10
   24   51    1.946790e-09   -2.609840e-11
   24   52    7.276545e-10   -4.758255e-11
   24   53    9.297102e-13   -4.440657e-14
   24   54    4.880530e-15   -7.433497e-16
   24   55    1.450840e-19   -2.702628e-20
   24   56    4.718950e-24   -1.078339e-24
   24   57    4.327982e-30   -1.010097e-30
   25   47    3.943570e-30    9.579635e-32
   25   48    8.200507e-18    1.960660e-19
   25   49    8.896438e-15    1.390583e-16
   25   50    2.649369e-10    5.407889e-12
   25   51    1.949294e-08    5.940906e-11
   25   52    6.203151e-09   -1.563280e-10
   25   53    9.037241e-09   -2.650953e-10
   25   54    7.732018e-12   -3.522510e-13
   25   55    1.490760e-12   -6.079898e-14
   25   56    4.419499e-16   -2.463807e-17
   25   57    5.866722e-20   -4.333270e-21
   25   58    1.369906e-24   -1.122356e-25
   25   59    1.378288e-28   -1.490166e-29
   26   49    1.354680e-23    3.783550e-25
   26   50    2.841036e-18    8.015615e-20
   26   51    2.928976e-11    1.045821e-12
   26   52    3.153207e-09    7.576335e-11
   26   53    2.562813e-08    1.867515e-11
   26   54    8.250247e-08   -4.782179e-10
   26   55    1.686948e-08   -3.749222e-10
   26   56    1.271367e-07   -5.816655e-09
   26   57    4.385520e-10   -1.880860e-11
   26   58    1.180391e-09   -1.731918e-10
   26   59    1.476430e-13   -2.302335e-14
   26   60    2.642800e-17   -4.274750e-18
   26   61    7.996378e-23   -1.303733e-23
   26   62    4.755267e-27   -8.427637e-28
   27   51    1.939054e-28    3.667164e-30
   27   52    4.466389e-21    1.326824e-22
   27   53    1.349052e-16    2.990796e-18
   27   54    1.251676e-10    1.714520e-12
   27   55    4.935762e-08    7.364752e-10
   27   56    3.299155e-08   -4.415960e-10
   27   57    4.697790e-07   -1.334077e-08
   27   58    5.611696e-09   -4.396741e-10
   27   59    1.917257e-08   -1.552478e-09
   27   60    1.717548e-11   -1.821108e-12
   27   61    1.865519e-14   -2.183421e-15
   27   62    2.995202e-18   -3.693206e-19
   27   63    2.231460e-21   -3.244172e-22
   27   64    1.412787e-26   -2.045765e-27
   27   65    1.267991e-30   -4.454582e-31
   28   53    1.516174e-25    5.629562e-27
   28   54    8.921686e-21    2.912277e-22
   28   55    2.728108e-12    7.838719e-14
   28   56    1.860007e-09    5.495618e-11
   28   57    4.633859e-08    6.739340e-10
   28   58    2.446364e-06    2.093378e-08
   28   59    3.435406e-06   -2.294215e-09
   28   60    4.562462e-06   -2.686930e-08
   28   61    1.449200e-07   -2.218987e-09
   28   62    1.284745e-07   -6.020502e-09
   28   63    1.098490e-10   -5.926457e-12
   28   64    7.659464e-10   -9.734346e-11
   28   65    5.474581e-14   -6.964824e-15
   28   66    3.694142e-17   -5.259096e-18
   28   67    1.871183e-22   -2.660380e-23
   28   68    4.911434e-26   -8.636603e-27
   29   57    3.742745e-19    8.334685e-21
   29   58    1.620021e-13    3.090635e-15
   29   59    5.948611e-10    9.833003e-12
   29   60    8.572118e-08    1.090097e-09
   29   61    9.221019e-07    6.580842e-09
   29   62    2.494889e-07   -2.305121e-09
   29   63    4.554270e-07   -1.377103e-08
   29   64    3.177195e-09   -2.311925e-10
   29   65    5.660879e-09   -5.198624e-10
   29   66    6.949385e-12   -6.935173e-13
   29   67    6.026219e-14   -6.996633e-15
   29   68    3.233555e-18   -3.658563e-19
   29   69    1.122485e-20   -1.536334e-21
   29   70    7.594581e-27   -1.067870e-27
   29   71    1.468989e-29   -2.746869e-30
   30   58    1.590482e-26    3.794358e-28
   30   59    5.070730e-19    1.223346e-20
   30   60    7.568544e-12    2.671659e-13
   30   61    2.141885e-08    5.925578e-10
   30   62    7.762300e-07    1.914796e-08
   30   63    4.642832e-07    5.671781e-09
   30   64    3.986549e-06    2.386175e-08
   30   65    5.798382e-07   -6.230106e-09
   30   66    5.446776e-07   -1.438557e-08
   30   67    2.399680e-09   -5.594253e-11
   30   68    1.472496e-08   -1.118394e-09
   30   69    3.148598e-12   -2.370552e-13
   30   70    3.222699e-13   -2.956104e-14
   30   71    7.377757e-18   -6.754675e-19
   30   72    2.123521e-19   -2.332236e-20
   30   73    6.394041e-25   -7.103945e-26
   30   74    2.774349e-27   -3.209209e-28
   31   60    2.017563e-30    2.517868e-32
   31   61    9.768864e-25    1.554147e-26
   31   62    7.552760e-14    2.411921e-15
   31   63    5.596493e-12    1.569079e-13
   31   64    5.924267e-10    1.337522e-11
   31   65    2.539089e-08    4.227080e-10
   31   66    1.723786e-07    5.398796e-10
   31   67    7.511998e-07   -8.071862e-09
   31   68    9.470590e-09   -1.574253e-10
   31   69    9.103095e-08   -4.753942e-09
   31   70    6.358664e-10   -3.360775e-11
   31   71    5.678553e-10   -5.172155e-11
   31   72    2.584737e-13   -2.230788e-14
   31   73    2.884911e-14   -2.537009e-15
   31   74    4.954983e-18   -4.126851e-19
   31   75    1.634055e-19   -1.289735e-20
   31   76    5.091693e-25   -3.916274e-26
   31   77    1.025848e-26   -6.900266e-28
   32   63    6.019976e-21    2.036478e-22
   32   64    3.601732e-14    1.707212e-15
   32   65    2.187899e-11    8.507522e-13
   32   66    1.313559e-08    3.692564e-10
   32   67    1.362267e-07    3.068088e-09
   32   68    1.288165e-06    2.251043e-08
   32   69    1.151119e-07    8.990153e-10
   32   70    1.044436e-06   -1.991928e-09
   32   71    2.702008e-08   -5.165509e-10
   32   72    3.328080e-08   -1.122376e-09
   32   73    1.556881e-10   -5.452769e-12
   32   74    8.174463e-09   -4.195152e-10
   32   75    7.877060e-12   -3.772708e-13
   32   76    5.571079e-13   -3.059443e-14
   32   77    5.271668e-17   -2.749693e-18
   32   78    1.370588e-18   -6.662227e-20
   32   79    1.392317e-23   -6.730181e-25
   32   80    7.490820e-26   -3.035620e-27
   33   65    2.028222e-25    7.199100e-27
   33   66    1.119213e-16    4.791790e-18
   33   67    1.253491e-14    3.719777e-16
   33   68    1.767537e-11    5.431823e-13
   33   69    7.413490e-10    1.848265e-11
   33   70    3.358118e-09    7.038971e-11
   33   71    1.933354e-07    2.203681e-09
   33   72    3.028208e-08   -2.544735e-10
   33   73    8.005522e-08   -1.322495e-09
   33   74    2.627169e-09   -5.498469e-11
   33   75    3.315895e-08   -9.645656e-10
   33   76    5.942413e-10   -1.276693e-11
   33   77    1.790475e-11   -3.145397e-13
   33   78    1.046198e-14   -1.109716e-16
   33   79    4.305320e-16   -6.509417e-18
   33   80    7.889414e-20   -8.513243e-22
   33   81    1.618362e-21   -2.362847e-23
   33   82    2.263343e-27   -3.413284e-29
   34   67    1.069791e-24    4.525640e-26
   34   68    8.663433e-17    4.158214e-18
   34   69    3.504389e-13    1.616654e-14
   34   70    1.440405e-10    6.219930e-12
   34   71    1.657936e-09    5.979111e-11
   34   72    1.694523e-07    4.896541e-09
   34   73    3.357969e-08    6.397786e-10
   34   74    1.731043e-07    2.301387e-09
   34   75    6.808959e-08   -1.334023e-10
   34   76    4.174228e-08   -2.384461e-10
   34   77    1.593173e-09   -2.356069e-11
   34   78    1.663915e-08   -3.956526e-10
   34   79    1.712046e-10   -3.313624e-12
   34   80    1.086479e-09   -2.411607e-11
   34   81    2.055613e-12   -3.689345e-14
   34   82    1.051584e-12   -1.957811e-14
   34   83    2.672355e-17   -4.596346e-19
   34   84    4.039917e-19   -6.953399e-21
   34   85    1.126699e-26   -2.716287e-28
   35   70    2.976125e-19    1.421524e-20
   35   71    2.997808e-17    1.264743e-18
   35   72    4.678222e-14    1.994659e-15
   35   73    2.263957e-11    7.727223e-13
   35   74    3.194039e-10    1.010040e-11
   35   75    7.347387e-09    1.867622e-10
   35   76    2.952480e-08    4.408468e-10
   35   77    3.733020e-08    3.025026e-10
   35   78    2.310111e-09    1.287207e-11
   35   79    2.851308e-08   -1.724460e-10
   35   80    2.424962e-09   -2.810541e-12
   35   81    4.017187e-09   -4.460251e-11
   35   82    1.808586e-10   -1.253076e-12
   35   83    2.598308e-11   -2.454705e-13
   35   84    2.457864e-14   -1.027737e-16
   35   85    9.022933e-16   -3.974882e-18
   35   86    1.642063e-22   -1.336150e-24
   35   87    2.460034e-27   -7.472384e-30
   36   71    2.069261e-26    1.018442e-27
   36   72    6.622884e-20    4.019089e-21
   36   73    1.424490e-15    8.191021e-17
   36   74    2.541400e-12    1.306307e-13
   36   75    6.310324e-11    2.942847e-12
   36   76    6.078923e-09    2.308674e-10
   36   77    1.089556e-08    3.936510e-10
   36   78    2.281728e-08    5.984242e-10
   36   79    1.058525e-08    1.626221e-10
   36   80    2.860317e-08    1.822478e-10
   36   81    5.644978e-09    1.270763e-11
   36   82    2.946189e-08   -3.117717e-10
   36   83    4.232543e-09   -4.307128e-11
   36   84    3.029712e-08   -3.317460e-10
   36   85    4.322959e-10   -2.406342e-12
   36   86    2.992378e-10   -2.481047e-12
   36   87    9.792665e-16   -8.750818e-18
   36   88    2.332796e-19   -4.229820e-22
   36   89    4.074127e-26   -2.323564e-28
   37   74    2.115082e-21    1.275955e-22
   37   75    1.436113e-18    7.553218e-20
   37   76    3.078985e-15    1.664639e-16
   37   77    6.476607e-13    2.855690e-14
   37   78    7.739609e-12    3.613471e-13
   37   79    2.759603e-10    1.025279e-11
   37   80    8.416310e-10    2.506094e-11
   37   81    7.778167e-09    1.356169e-10
   37   82    2.799456e-09    4.599355e-11
   37   83    2.201327e-08    1.353015e-10
   37   84    2.625670e-09    2.479677e-11
   37   85    2.566489e-08    1.195397e-10
   37   86    2.341183e-09    1.060953e-11
   37   87    3.915698e-10    7.474855e-13
   37   88    1.454510e-14    5.785772e-17
   37   89    1.508154e-17    1.585685e-19
   37   90    3.822828e-23    3.992486e-25
   37   91    2.141478e-27    3.338998e-29
   38   75    4.568647e-29    2.786227e-30
   38   76    2.034115e-21    1.363215e-22
   38   77    5.359533e-17    3.670263e-18
   38   78    3.417550e-14    2.138829e-15
   38   79    7.312455e-13    4.514241e-14
   38   80    4.863971e-11    2.398103e-12
   38   81    1.267208e-10    5.753907e-12
   38   82    2.156376e-09    6.795835e-11
   38   83    9.662506e-10    2.703467e-11
   38   84    7.243586e-09    1.780527e-10
   38   85    4.704462e-09    9.003584e-11
   38   86    1.570317e-08    2.108578e-11
   38   87    9.484380e-09   -4.234860e-11
   38   88    2.956759e-08   -1.114196e-10
   38   89    6.932548e-12    4.766158e-16
   38   90    4.590889e-14    2.109270e-16
   38   91    7.742018e-19    4.194063e-21
   38   92    3.837183e-22    4.977815e-24
   38   93    4.351567e-28    4.724761e-30
   39   78    4.350533e-24    2.966413e-25
   39   79    6.545207e-20    4.289199e-21
   39   80    6.751968e-18    4.526830e-19
   39   81    4.880808e-16    2.609548e-17
   39   82    3.758138e-14    2.048298e-15
   39   83    3.616967e-12    1.449162e-13
   39   84    3.015758e-12    1.183315e-13
   39   85    4.301048e-10    1.666427e-11
   39   86    6.257334e-10    2.126140e-11
   39   87    3.733361e-09    5.071203e-11
   39   88    3.098408e-09    3.822859e-11
   39   89    1.225848e-08    9.288612e-11
   39   90    2.239929e-11    2.822986e-13
   39   91    4.013349e-13    6.325432e-15
   39   92    9.535976e-17    2.004618e-18
   39   93    3.558675e-19    9.912115e-21
   39   94    2.323452e-23    6.976103e-25
   39   95    4.144036e-27    1.575143e-28
   40   80    6.553378e-23    5.364265e-24
   40   81    8.724790e-21    7.136988e-22
   40   82    1.513303e-17    1.050064e-18
   40   83    1.361366e-15    9.282980e-17
   40   84    1.497599e-13    7.971005e-15
   40   85    1.885777e-13    9.906862e-15
   40   86    3.901082e-11    2.061003e-12
   40   87    4.829806e-11    2.352605e-12
   40   88    5.253902e-10    1.502423e-11
   40   89    3.479495e-10    9.688337e-12
   40   90    4.442519e-09    3.200262e-11
   40   91    8.638993e-11    9.525182e-14
   40   92    7.869584e-10   -1.888573e-12
   40   93    1.811577e-12   -1.534232e-15
   40   94    9.806869e-12   -7.181222e-14
   40   95    4.035037e-15   -1.139549e-17
   40   96    4.582289e-17    9.797905e-20
   40   97    6.744471e-23    1.190922e-25
   40   98    1.796470e-27    1.101610e-29
   41   82    1.190073e-27    9.526149e-29
   41   83    4.705323e-25    3.149993e-26
   41   84    9.416117e-20    6.978125e-21
   41   85    1.189684e-19    6.477600e-21
   41   86    1.014595e-17    5.963106e-19
   41   87    7.992203e-15    4.749675e-16
   41   88    2.493804e-13    1.490333e-14
   41   89    1.162817e-11    4.859579e-13
   41   90    1.842086e-11    7.858453e-13
   41   91    3.444531e-10    6.477947e-12
   41   92    2.964378e-11    4.770414e-13
   41   93    8.416233e-11    1.195254e-12
   41   94    9.869533e-13    1.847786e-14
   41   95    2.265982e-13    2.959766e-15
   41   96    4.224316e-16    8.177223e-18
   41   97    1.336493e-17    3.213864e-19
   41   98    1.277613e-22    3.161292e-24
   41   99    5.552218e-26    1.783719e-27
   42   84    2.906112e-29    2.782409e-30
   42   85    4.759017e-26    3.798883e-27
   42   86    7.998475e-22    5.635658e-23
   42   87    1.705939e-19    1.239370e-20
   42   88    1.436126e-16    1.068984e-17
   42   89    5.697466e-15    4.121087e-16
   42   90    3.463734e-13    1.956184e-14
   42   91    4.982657e-13    2.836771e-14
   42   92    1.524675e-11    5.004593e-13
   42   93    3.679827e-12    1.052968e-13
   42   94    4.001306e-11    1.485033e-14
   42   95    3.032304e-12   -1.017821e-15
   42   96    1.367098e-10   -9.472868e-14
   42   97    5.624008e-13   -6.751914e-17
   42   98    2.834328e-11   -5.756817e-14
   42   99    1.215157e-15   -1.674084e-18
   42  100    1.843756e-16   -4.012110e-19
   42  101    1.151728e-21   -4.529296e-24
   42  102    2.520324e-23    1.389132e-26
   42  103    6.791339e-29   -2.827585e-32
   43   88    2.468904e-26    1.777476e-27
   43   89    3.751406e-23    2.765488e-24
   43   90    1.167975e-20    8.944571e-22
   43   91    4.232338e-17    2.653398e-18
   43   92    1.220891e-15    8.251717e-17
   43   93    1.181207e-13    5.386447e-15
   43   94    8.152313e-14    3.398552e-15
   43   95    2.152618e-12    3.216743e-14
   43   96    4.636288e-13    7.010187e-15
   43   97    7.933537e-12    1.183145e-13
   43   98    1.659195e-13    2.807821e-15
   43   99    1.020546e-12    1.170808e-14
   43  100    6.383558e-16    1.057148e-17
   43  101    6.077674e-17    8.782384e-19
   43  102    1.514164e-21    2.483089e-23
   43  103    1.049454e-22    1.550990e-24
   43  104    1.610329e-27    2.592316e-29
   44   90    1.014848e-25    9.115844e-27
   44   91    7.423334e-23    6.693635e-24
   44   92    2.365588e-19    1.831839e-20
   44   93    8.911173e-18    7.159679e-19
   44   94    1.177318e-15    6.996528e-17
   44   95    3.352541e-15    1.171600e-16
   44   96    5.070695e-14    1.517361e-15
   44   97    9.327091e-14    2.547122e-15
   44   98    6.801676e-12   -1.668437e-15
   44   99    6.739676e-13    1.004088e-15
   44  100    4.018187e-11   -1.493051e-14
   44  101    1.685266e-13    7.989548e-16
   44  102    1.247044e-13    1.227657e-16
   44  103    4.968831e-17    2.075481e-19
   44  104    3.736062e-17    3.688872e-19
   44  105    2.416496e-21    2.774527e-23
   44  106    8.757842e-23    8.071948e-25
   44  107    5.167756e-28    4.785996e-30
   44  108    1.095615e-30    5.793245e-34
   45   92    4.928847e-30    4.406017e-31
   45   93    7.154183e-26    5.529892e-27
   45   94    9.769218e-23    8.261590e-24
   45   95    9.960630e-20    6.532447e-21
   45   96    1.401661e-18    6.092259e-20
   45   97    1.595803e-16    6.590029e-18
   45   98    5.162484e-16    2.016302e-17
   45   99    1.434529e-13    2.016586e-15
   45  100    3.047130e-14    4.741893e-16
   45  101    1.243183e-12    1.384966e-14
   45  102    3.334498e-14    4.745526e-16
   45  103    7.007075e-12   -2.008590e-15
   45  104    2.081819e-14    1.283050e-16
   45  105    1.204711e-14    5.229744e-17
   45  106    4.036860e-18    3.551885e-20
   45  107    8.265473e-19    7.966340e-21
   45  108    6.612845e-23    8.435736e-25
   45  109    2.634449e-24    4.907781e-26
   45  110    4.159975e-29    7.972498e-31
   46   95    1.462504e-25    1.426182e-26
   46   96    1.345039e-22    1.072823e-23
   46   97    6.078191e-21    3.345310e-22
   46   98    1.088626e-18    5.716545e-20
   46   99    1.430774e-17    4.068058e-19
   46  100    1.298105e-15    3.693379e-17
   46  101    4.184931e-15    9.469693e-17
   46  102    1.091547e-13    5.880763e-16
   46  103    1.174968e-13    9.123501e-16
   46  104    2.581358e-11   -6.156553e-15
   46  105    4.528985e-13    1.986113e-15
   46  106    2.605203e-11   -4.241300e-16
   46  107    4.182789e-14    5.596900e-17
   46  108    2.036042e-11   -8.878158e-15
   46  109    5.324807e-15    1.162363e-17
   46  110    5.016946e-15   -2.732876e-18
   46  111    1.138222e-19   -2.149225e-23
   46  112    5.953288e-21    3.626707e-23
   46  113    1.711061e-26    7.528627e-29
   47   97    3.701198e-29    2.961193e-30
   47   98    1.201972e-26    6.955061e-28
   47   99    1.623494e-23    9.110159e-25
   47  100    8.613595e-22    3.096999e-23
   47  101    7.251176e-19    2.725265e-20
   47  102    9.336295e-18    3.203262e-19
   47  103    8.084174e-16    1.330976e-17
   47  104    1.356472e-15    1.736969e-17
   47  105    3.923172e-13    4.033182e-15
   47  106    5.957222e-14    6.542473e-16
   47  107    5.456734e-12    6.325705e-15
   47  108    8.799556e-14    6.488465e-16
   47  109    5.723012e-12    5.143916e-16
   47  110    8.064264e-15    4.668851e-17
   47  111    5.025781e-15    2.268352e-17
   47  112    1.566798e-18    1.373527e-20
   47  113    2.343839e-19    2.424421e-21
   47  114    4.318734e-24    4.959335e-26
   47  115    1.632609e-25    2.775589e-27
   48  100    1.555571e-26    1.091895e-27
   48  101    1.485908e-24    7.246238e-26
   48  102    1.574040e-21    7.933252e-23
   48  103    2.172119e-20    9.312815e-22
   48  104    4.741416e-18    1.283111e-19
   48  105    1.637002e-16    3.282017e-18
   48  106    3.891442e-15    7.104565e-17
   48  107    2.210760e-14    2.965181e-16
   48  108    6.561201e-13    7.825787e-16
   48  109    6.182516e-14    2.751085e-16
   48  110    2.486385e-11   -1.305778e-15
   48  111    1.853054e-13    7.205162e-16
   48  112    2.910422e-11    5.288776e-15
   48  113    3.471800e-14   -3.743392e-17
   48  114    2.328281e-11   -1.340196e-14
   48  115    3.911603e-15    4.695748e-18
   48  116    1.143782e-15    1.733871e-18
   48  117    3.568450e-20    5.561648e-23
   48  118    1.416409e-21    1.032878e-23
   48  119    4.260323e-27    2.408326e-29
   49  103    2.436936e-27    1.265679e-28
   49  104    1.978524e-25    9.434235e-27
   49  105    2.277101e-22    7.494333e-24
   49  106    3.748849e-20    1.116071e-21
   49  107    4.779645e-18    1.332427e-19
   49  108    4.414011e-17    1.127684e-18
   49  109    3.562367e-15    4.275318e-17
   49  110    1.523148e-15    1.696990e-17
   49  111    4.694059e-13    2.678833e-15
   49  112    3.886436e-14    3.564849e-16
   49  113    5.973427e-12    3.508091e-15
   49  114    6.740577e-14    4.687639e-16
   49  115    1.245088e-13    1.238775e-15
   49  116    1.592240e-16    2.281225e-18
   49  117    3.704264e-17    5.391787e-19
   49  118    8.005017e-21    1.348671e-22
   49  119    7.678496e-22    1.431197e-23
   49  120    3.581518e-26    7.033442e-28
   49  121    1.137035e-27    3.688493e-30
   50  105    6.441282e-29    5.990396e-30
   50  106    3.335760e-25    1.446687e-26
   50  107    3.442738e-23    1.453996e-24
   50  108    8.819712e-21    3.485683e-22
   50  109    6.129074e-20    2.077745e-21
   50  110    1.216145e-17    2.712475e-19
   50  111    1.673566e-16    2.595548e-18
   50  112    8.445069e-15    7.125986e-17
   50  113    1.355947e-14    1.362805e-16
   50  114    5.323436e-12   -5.534384e-16
   50  115    2.475435e-13    8.253127e-16
   50  116    5.198663e-11    1.620047e-15
   50  117    2.898511e-13    9.196648e-16
   50  118    7.231921e-11    8.177018e-15
   50  119    1.066126e-13   -1.613078e-16
   50  120    4.966128e-11   -1.903710e-14
   50  121    1.329615e-14    2.936012e-17
   50  122    2.639358e-13   -2.513801e-16
   50  123    3.362213e-17   -1.848325e-19
   50  124    1.002497e-14   -2.625206e-17
   50  125    2.683725e-19   -5.622297e-22
   50  126    5.724437e-21    8.253576e-24
   50  127    5.195304e-26    4.093121e-29
   50  128    3.733237e-28    8.154417e-33
   51  109    1.431077e-28    5.233164e-30
   51  110    8.248109e-26    2.744202e-27
   51  111    1.258472e-23    3.015582e-25
   51  112    4.053637e-21    8.066985e-23
   51  113    4.624207e-19    6.631572e-21
   51  114    4.128190e-18    7.623733e-20
   51  115    5.668111e-15    5.864643e-17
   51  116    1.282797e-15    1.964406e-17
   51  117    1.699726e-13    2.070981e-15
   51  118    1.242895e-14    2.020208e-16
   51  119    8.471326e-13    4.513006e-15
   51  120    9.051554e-15    6.544257e-17
   51  121    3.044186e-12    1.548621e-15
   51  122    5.148384e-15    2.770875e-17
   51  123    5.366798e-14   -1.950930e-17
   51  124    3.282970e-17    1.212639e-19
   51  125    7.982387e-18    4.753549e-20
   51  126    1.062934e-21    9.210268e-24
   51  127    5.203184e-23    5.515566e-25
   51  128    1.208620e-27    1.433129e-29
   51  129    5.874544e-26    1.411973e-30
   51  130    2.558034e-28    4.972312e-33
   51  131    1.997569e-30    2.378343e-34
   52  112    1.907742e-28    3.648237e-30
   52  113    2.606766e-25    6.236614e-27
   52  114    2.034631e-22    4.094399e-24
   52  115    9.945706e-22    2.186487e-23
   52  116    6.527249e-18    1.449182e-19
   52  117    3.095607e-18    6.914933e-20
   52  118    8.606535e-16    9.866778e-18
   52  119    2.914499e-16    3.175503e-18
   52  120    2.735451e-13    3.280569e-16
   52  121    1.316166e-14    2.771937e-17
   52  122    1.421113e-11    1.757167e-15
   52  123    1.013748e-13    3.551206e-16
   52  124    2.734681e-11    4.788696e-15
   52  125    5.432044e-14    1.692242e-17
   52  126    1.823266e-11   -8.393411e-15
   52  127    8.325353e-15    6.792411e-18
   52  128    1.012267e-12   -8.488726e-16
   52  129    4.682244e-16   -5.482965e-18
   52  130    1.991663e-13   -6.620708e-16
   52  131    8.030520e-18   -1.669484e-20
   52  132    1.527412e-19    1.596384e-22
   52  133    2.646893e-24    4.772962e-27
   52  134    9.339546e-27    2.617213e-29
   53  115    2.489935e-29    4.652607e-31
   53  116    3.191403e-27    7.797660e-29
   53  117    4.261408e-23    1.069362e-24
   53  118    5.065612e-22    1.558515e-23
   53  119    3.497000e-19    6.610060e-21
   53  120    3.396329e-19    6.119918e-21
   53  121    6.799133e-16    8.396288e-18
   53  122    1.889326e-16    2.489156e-18
   53  123    7.274664e-14    6.992219e-16
   53  124    3.679016e-15    4.792183e-17
   53  125    8.619869e-13    2.218929e-15
   53  126    1.004855e-14    5.510710e-17
   53  127    2.846063e-12   -4.337395e-16
   53  128    5.697483e-15    3.303362e-17
   53  129    2.973504e-15    1.999337e-17
   53  130    4.357225e-18    3.150097e-20
   53  131    6.495192e-18    7.765432e-20
   53  132    8.317610e-22    1.295596e-23
   53  133    2.159561e-23    3.684592e-25
   53  134    1.665231e-27    3.262370e-29
   53  135    9.983551e-26    1.912448e-29
   54  118    1.628383e-26    5.855978e-28
   54  119    2.206583e-25    8.346192e-27
   54  120    5.558820e-22    1.443891e-23
   54  121    6.216676e-21    1.235147e-22
   54  122    3.165822e-18    4.876020e-20
   54  123    1.097788e-17    1.786073e-19
   54  124    5.027661e-15    1.410480e-17
   54  125    1.423349e-15    6.819784e-18
   54  126    1.004981e-12    1.126976e-15
   54  127    4.638804e-14    9.204481e-17
   54  128    1.999861e-11    7.092989e-15
   54  129    1.783326e-13    4.295995e-16
   54  130    3.352683e-11    8.856059e-15
   54  131    8.721462e-14   -1.619832e-16
   54  132    2.390038e-11   -1.401628e-14
   54  133    1.854470e-14   -4.953969e-17
   54  134    3.262587e-12   -1.265352e-15
   54  135    6.176650e-15   -6.377861e-17
   54  136    1.641425e-12   -4.151402e-15
   54  137    3.518236e-21   -4.186198e-23
   54  138    6.163945e-28   -7.604620e-30
   55  121    4.371350e-28    1.218801e-29
   55  122    6.975145e-26    1.751034e-27
   55  123    1.993988e-22    4.196526e-24
   55  124    2.762769e-21    6.914587e-23
   55  125    4.454495e-18    5.185088e-20
   55  126    3.811058e-18    4.121272e-20
   55  127    3.415650e-15    2.786290e-17
   55  128    7.234310e-16    6.260949e-18
   55  129    1.673962e-13    8.925509e-16
   55  130    7.689929e-15    5.572824e-17
   55  131    1.351793e-12    2.216231e-15
   55  132    1.235231e-14    4.811622e-17
   55  133    3.173583e-12   -1.225287e-15
   55  134    9.362305e-15    5.484009e-17
   55  135    5.733648e-15    5.338619e-17
   55  136    7.115891e-17    6.006097e-19
   55  137    1.164491e-17    1.469845e-19
   55  138    7.874896e-26    4.014895e-28
   56  123    5.492939e-30    1.027892e-31
   56  124    2.148974e-25    6.408701e-27
   56  125    3.385633e-24    6.365412e-26
   56  126    1.429652e-20    2.154333e-22
   56  127    1.137866e-19    1.658824e-21
   56  128    5.755113e-17    2.998913e-19
   56  129    5.732353e-17    3.935075e-19
   56  130    4.703748e-14    1.021589e-16
   56  131    6.237640e-15    1.842763e-17
   56  132    3.558164e-12    5.962092e-15
   56  133    1.318871e-13    1.747603e-16
   56  134    5.103995e-11    5.454686e-14
   56  135    6.502311e-13   -5.806186e-16
   56  136    1.721815e-10    8.801091e-14
   56  137    1.386868e-12   -3.897532e-15
   56  138    2.609429e-10   -1.495232e-13
   56  139    1.975400e-17   -1.146738e-19
   56  140    1.703821e-22   -3.135683e-25
   56  141    8.409470e-30   -6.744220e-32
   57  126    1.078954e-29    2.405206e-31
   57  127    5.739255e-26    1.039319e-27
   57  128    2.485231e-24    5.189686e-26
   57  129    7.633850e-21    7.715395e-23
   57  130    2.503091e-20    1.399763e-22
   57  131    7.999637e-17    2.961665e-19
   57  132    3.105466e-17    1.277915e-19
   57  133    3.616212e-14    9.481429e-17
   57  134    7.148336e-15    3.465021e-17
   57  135    1.361588e-12    3.257198e-15
   57  136    9.253821e-14    3.925242e-16
   57  137    9.593124e-12    1.145407e-14
   57  138    3.943924e-13    1.408384e-15
   57  139    2.624143e-11   -1.167038e-14
   57  140    1.386696e-17   -5.280444e-20
   57  141    5.746300e-22    1.424105e-24
   57  142    1.283978e-28   -1.646941e-31
   58  128    1.617328e-28    5.152622e-30
   58  129    5.910641e-28    1.145795e-29
   58  130    9.213436e-24    9.726036e-26
   58  131    1.430737e-22    1.202518e-24
   58  132    1.877793e-19    1.236281e-21
   58  133    4.929120e-19    3.426478e-21
   58  134    5.626243e-16    2.049328e-18
   58  135    3.840211e-16    2.308778e-18
   58  136    1.155577e-13    2.144426e-16
   58  137    1.462579e-14    3.616175e-17
   58  138    6.719093e-12    6.868317e-15
   58  139    5.150238e-13    6.363869e-16
   58  140    8.597809e-11   -7.837984e-15
   58  141    2.364971e-16   -3.103545e-19
   58  142    8.593458e-20    5.863178e-22
   58  143    9.949444e-26    4.224865e-28
   58  144    1.864487e-26   -3.079658e-31
   59  131    6.263497e-30    7.420348e-32
   59  132    5.632085e-28    7.242614e-30
   59  133    3.602562e-24    3.707911e-26
   59  134    6.305709e-23    4.217740e-26
   59  135    6.355400e-19   -3.124454e-21
   59  136    1.506679e-18   -7.110731e-21
   59  137    1.765688e-15   -2.208300e-18
   59  138    7.344702e-16    7.769961e-19
   59  139    2.819387e-13   -1.324544e-16
   59  140    9.621413e-14    2.899898e-16
   59  141    7.449283e-12    2.156925e-16
   59  142    1.727094e-16    9.261244e-20
   59  143    2.868160e-19    2.815397e-21
   59  144    1.135904e-24    1.069485e-26
   59  145    5.641174e-28    7.353740e-30
   59  146    7.176495e-30    1.138668e-34
   60  134    8.382953e-27   -4.926667e-29
   60  135    2.621137e-25   -2.430501e-27
   60  136    5.786902e-21   -3.025927e-23
   60  137    3.863761e-20   -2.036724e-22
   60  138    1.095753e-16   -4.225827e-19
   60  139    1.602528e-16   -4.479449e-19
   60  140    1.730747e-13   -8.467368e-17
   60  141    1.282590e-13   -4.227017e-17
   60  142    3.672749e-11    1.499193e-15
   60  143    3.570340e-15    9.896494e-18
   60  144    4.059583e-17    4.965185e-19
   60  145    1.047027e-21    1.344561e-23
   60  146    5.257970e-22    5.324114e-24
   60  147    1.318259e-27    1.104942e-29
   60  148    3.885300e-26    1.085213e-29
   61  137    6.909095e-27   -3.008293e-29
   61  138    3.718791e-25   -3.355620e-28
   61  139    2.841677e-21    1.349669e-25
   61  140    2.256951e-20   -1.029886e-22
   61  141    1.415795e-16   -6.824047e-19
   61  142    7.021823e-16   -2.392097e-18
   61  143    3.712364e-13    5.215948e-16
   61  144    2.595406e-16    1.452299e-18
   61  145    2.362780e-16    4.089353e-18
   61  146    3.492515e-20    6.736172e-22
   61  147    1.495742e-20    8.937461e-23
   61  148    3.543973e-25   -2.188730e-28
   61  149    7.564270e-24   -8.590533e-26
   61  150    3.241934e-29   -3.802107e-31
   61  151    7.634478e-26    1.348320e-30
   61  152    1.651363e-30    6.944510e-36
   62  139    5.940521e-27   -1.274951e-28
   62  140    3.749071e-22   -5.363903e-24
   62  141    5.307808e-21   -7.720425e-23
   62  142    2.292397e-16   -1.222199e-18
   62  143    2.089548e-15   -1.065379e-17
   62  144    9.572156e-12    3.229631e-15
   62  145    2.562347e-14    1.312414e-16
   62  146    5.263617e-14    7.200139e-17
   62  147    5.227374e-17    1.056190e-20
   62  148    1.021153e-15    5.435931e-18
   62  149    6.486511e-20    2.608865e-22
   62  150    1.964815e-18    1.463734e-21
   62  151    5.683700e-23    3.695862e-26
   62  152    4.533985e-23   -6.671747e-25
   62  153    1.691998e-27   -2.206165e-29
   62  154    1.494921e-27    1.515107e-30
   63  141    5.395201e-29   -8.272277e-31
   63  142    1.466514e-26   -1.791692e-28
   63  143    3.653274e-21   -4.988663e-23
   63  144    1.776417e-18   -2.403413e-20
   63  145    5.781705e-14   -1.369976e-16
   63  146    1.021738e-15    1.751283e-18
   63  147    3.410890e-15   -3.572356e-17
   63  148    6.085061e-17   -2.281355e-19
   63  149    5.217950e-15    3.597028e-17
   63  150    8.489478e-19    7.847655e-21
   63  151    2.142942e-17   -1.560719e-19
   63  152    2.147585e-20   -5.025782e-22
   63  153    4.189728e-17   -5.562224e-19
   63  154    7.632447e-21   -6.758443e-23
   63  155    8.660791e-22   -1.703900e-24
   63  156    6.023791e-26    1.093170e-28
   63  157    1.343184e-28    1.528358e-33
   64  143    6.857432e-27   -1.678636e-28
   64  144    4.201403e-21   -5.571295e-23
   64  145    8.504554e-19   -9.273552e-21
   64  146    1.557615e-13   -7.786799e-17
   64  147    6.570084e-15    2.724165e-17
   64  148    6.417863e-15   -1.743086e-16
   64  149    2.172711e-15   -3.415529e-17
   64  150    8.963302e-14   -4.819101e-16
   64  151    3.960335e-16   -5.287874e-18
   64  152    7.317951e-14   -4.590990e-16
   64  153    2.237639e-16   -3.356561e-18
   64  154    1.521917e-13   -8.163911e-16
   64  155    1.098897e-16   -8.511127e-20
   64  156    7.025625e-17   -7.335155e-19
   64  157    1.782482e-20   -1.150079e-22
   64  158    3.848179e-22    4.499651e-25
   64  159    1.070203e-26    3.221150e-29
   64  160    6.974237e-29    4.623956e-35
   65  145    1.563883e-28   -2.833249e-30
   65  146    4.292584e-25   -4.866404e-27
   65  147    6.363537e-20   -3.838673e-23
   65  148    2.004655e-20   -5.648865e-23
   65  149    3.974018e-19   -2.405345e-20
   65  150    1.091753e-18   -3.811499e-20
   65  151    6.044154e-16   -1.465854e-17
   65  152    1.351363e-17   -1.764809e-19
   65  153    6.734897e-14   -2.893219e-16
   65  154    2.970559e-16   -2.685657e-19
   65  155    1.220524e-13   -2.001944e-16
   65  156    3.325238e-16    1.693597e-18
   65  157    2.008026e-15   -1.145147e-17
   65  158    1.866821e-18    1.179172e-21
   65  159    2.011242e-19    1.498723e-21
   65  160    2.913953e-23    3.404040e-25
   65  161    2.808166e-25    5.847532e-27
   65  162    9.766240e-30    2.371888e-31
   65  163    3.420963e-29   -3.556299e-35
   66  147    4.575183e-29   -7.158755e-31
   66  148    2.302415e-22   -1.278429e-24
   66  149    6.768165e-23   -4.645691e-25
   66  150    1.201360e-22   -1.133709e-23
   66  151    1.359918e-20   -1.009991e-21
   66  152    1.473001e-16   -5.864402e-18
   66  153    2.640789e-16   -7.099866e-18
   66  154    1.377467e-13   -9.917606e-16
   66  155    3.439636e-15   -2.290656e-17
   66  156    2.069154e-12    2.645155e-16
   66  157    2.127930e-14    1.113275e-16
   66  158    7.287284e-13   -1.447575e-15
   66  159    2.179440e-15    9.146170e-18
   66  160    1.688581e-15   -5.838744e-18
   66  161    9.969169e-19    1.307722e-21
   66  162    5.113855e-20    3.927511e-22
   66  163    6.074985e-24    6.659664e-26
   66  164    7.594931e-26    2.142059e-27
   67  149    1.367785e-30   -1.470369e-32
   67  152    2.081147e-26   -1.721331e-27
   67  153    4.931607e-21   -2.309389e-22
   67  154    1.131840e-19   -3.296206e-21
   67  155    2.386333e-16   -1.969641e-18
   67  156    4.924811e-18   -1.883582e-20
   67  157    5.452813e-14    5.918025e-17
   67  158    1.239912e-15    8.206715e-18
   67  159    2.885287e-13    1.383390e-16
   67  160    1.145200e-15    8.391819e-18
   67  161    1.302110e-13   -2.428172e-16
   67  162    9.896307e-17    5.695182e-19
   67  163    1.149230e-16   -2.379123e-19
   67  164    4.754284e-20    1.669265e-22
   67  165    2.878919e-21    3.139555e-23
   67  166    1.073383e-25    1.440076e-27
   67  167    2.615573e-28    5.712728e-30
   68  153    1.385344e-28   -1.696993e-29
   68  154    2.168723e-22   -1.633655e-23
   68  155    2.629140e-20   -1.346108e-21
   68  156    1.804269e-16   -3.252203e-18
   68  157    4.927146e-17   -6.450724e-19
   68  158    1.848047e-13    1.630884e-16
   68  159    1.128301e-14    7.752811e-17
   68  160    1.836298e-12    1.922714e-15
   68  161    5.764640e-14    3.760776e-16
   68  162    1.884070e-12   -8.030608e-16
   68  163    1.269972e-14    7.409182e-17
   68  164    6.364069e-14   -2.643832e-16
   68  165    1.023467e-16    1.525057e-19
   68  166    2.144435e-17    9.067130e-20
   68  167    5.817139e-21    5.040982e-23
   68  168    6.393259e-23    1.119078e-24
   68  169    1.873465e-27    3.643832e-29
   68  170    2.419823e-29    4.952766e-34
   69  155    5.730747e-28   -3.271716e-29
   69  156    1.987481e-25   -9.165138e-27
   69  157    4.314972e-21   -1.004783e-22
   69  158    1.023987e-18   -1.256474e-20
   69  159    3.622039e-17   -2.606580e-19
   69  160    2.327526e-17   -1.143166e-19
   69  161    1.785970e-14    1.618293e-17
   69  162    1.089866e-15    6.674309e-18
   69  163    2.506335e-13    2.905172e-16
   69  164    2.646189e-15    1.962709e-17
   69  165    2.718258e-13   -1.953604e-16
   69  166    8.858629e-16    5.430605e-18
   69  167    5.727200e-15   -2.516576e-17
   69  168    7.090950e-18    1.568649e-20
   69  169    4.843567e-19    4.874908e-21
   69  170    1.046225e-22    1.594128e-24
   69  171    3.704104e-23    5.188428e-25
   69  172    8.954942e-28    1.521186e-29
   69  173    1.409007e-28    5.585699e-31
   69  174    1.373387e-30    3.478596e-36
   70  156    4.965184e-28   -1.335772e-31
   70  157    1.782207e-26   -4.671031e-28
   70  158    2.163063e-23   -1.470802e-24
   70  159    1.248121e-21   -6.133946e-23
   70  160    2.976539e-17   -5.515421e-19
   70  161    5.505773e-17   -5.921230e-19
   70  162    4.275733e-14   -1.028694e-16
   70  163    9.560686e-15    1.719626e-17
   70  164    1.888627e-12    2.367322e-15
   70  165    1.299543e-13    8.850739e-16
   70  166    4.810215e-12    4.810559e-15
   70  167    9.183892e-14    6.725416e-16
   70  168    9.443429e-13   -1.192844e-15
   70  169    3.662190e-15    2.014664e-17
   70  170    6.850282e-16    7.252698e-18
   70  171    6.032915e-19    9.566309e-21
   70  172    1.697808e-20    3.875778e-22
   70  173    2.338589e-24    6.250733e-26
   70  174    3.444626e-26    1.115989e-28
   70  175    2.793094e-28    1.905593e-30
   70  176    1.423267e-29    1.376494e-31
   71  160    2.493176e-29   -1.373885e-30
   71  161    3.150198e-24   -7.382191e-26
   71  162    3.967383e-23   -1.316416e-24
   71  163    6.995915e-19   -8.920861e-21
   71  164    6.935875e-19   -7.661434e-21
   71  165    5.076637e-16   -2.284563e-18
   71  166    5.786054e-17   -4.138888e-20
   71  167    9.952147e-14    5.732454e-17
   71  168    5.844759e-15    4.475373e-17
   71  169    4.070519e-13    7.856023e-16
   71  170    2.246079e-15    2.015809e-17
   71  171    5.495476e-14    1.276741e-16
   71  172    1.202445e-16    1.131734e-18
   71  173    2.291916e-16    1.565735e-18
   71  174    5.147445e-19    1.551810e-21
   71  175    1.309958e-17    8.729783e-20
   71  176    6.253281e-22    6.422750e-24
   71  177    6.054210e-25    1.108953e-26
   71  178    6.417386e-30    1.327364e-31
   71  179    1.021328e-28    3.181256e-34
   72  161    1.605780e-29   -6.714096e-32
   72  162    7.790952e-27   -6.860613e-28
   72  163    1.444388e-24   -9.631844e-26
   72  164    1.258430e-19   -4.446928e-21
   72  165    2.408969e-19   -6.862702e-21
   72  166    3.168500e-15   -3.391147e-17
   72  167    1.467802e-15   -9.449935e-18
   72  168    7.483398e-13   -1.596958e-15
   72  169    1.057401e-13    3.239752e-16
   72  170    7.296202e-12    8.510143e-15
   72  171    2.737230e-13    2.256349e-15
   72  172    1.533659e-12    5.028298e-15
   72  173    1.430717e-14    1.503601e-16
   72  174    5.935128e-15    7.956825e-17
   72  175    8.721392e-18    1.655969e-19
   72  176    6.693212e-19    1.413506e-20
   72  177    1.545703e-22    2.554030e-24
   72  178    8.861802e-22   -1.479723e-23
   72  179    1.303884e-25    1.954766e-27
   72  180    5.665723e-25    2.455149e-26
   72  181    3.046096e-30    1.331430e-31
   72  182    5.116100e-30   -3.491227e-37
   73  165    1.355442e-27   -5.511363e-29
   73  166    3.581732e-27   -1.501434e-28
   73  167    4.616627e-22   -9.934968e-24
   73  168    1.169570e-21   -3.182103e-23
   73  169    7.747768e-18   -8.322611e-20
   73  170    1.536497e-17   -1.275691e-19
   73  171    1.635036e-14    9.935958e-19
   73  172    3.268382e-16    3.424353e-18
   73  173    1.835231e-13    6.525172e-16
   73  174    1.858365e-16    2.380258e-18
   73  175    6.063745e-13    1.092113e-15
   73  176    1.052443e-15    7.678786e-18
   73  177    3.876903e-14   -1.743760e-17
   73  178    2.092157e-18   -6.150545e-21
   73  179    1.874518e-13   -4.811066e-16
   73  180    4.291784e-17    1.160649e-19
   73  181    5.325625e-19    6.944136e-21
   73  182    1.046357e-23    1.554479e-25
   73  183    3.190442e-27    7.139301e-29
   74  167    5.473068e-30   -6.747233e-31
   74  168    1.750175e-23   -1.346334e-24
   74  169    8.651192e-22   -4.842308e-23
   74  170    9.032136e-18   -3.394274e-19
   74  171    2.669231e-17   -7.535220e-19
   74  172    3.905975e-14   -5.888274e-16
   74  173    1.790203e-14   -1.871798e-16
   74  174    1.776293e-12   -9.124904e-15
   74  175    1.729308e-13    9.625191e-17
   74  176    3.355549e-12    5.245647e-15
   74  177    4.445926e-14    3.814063e-16
   74  178    1.692840e-13    1.265267e-15
   74  179    7.301823e-16    1.040705e-17
   74  180    4.235975e-16    5.327395e-18
   74  181    4.789465e-19    8.699857e-21
   74  182    2.341927e-20    5.865178e-22
   74  183    1.709366e-24    4.718580e-26
   74  184    3.150433e-27    1.150489e-28
   74  185    2.164005e-29    9.131699e-34
   75  170    2.266515e-30   -1.363699e-31
   75  171    7.386868e-26   -4.094447e-27
   75  172    8.734236e-24   -4.252326e-25
   75  173    4.609349e-19   -1.367538e-20
   75  174    2.927968e-18   -6.890699e-20
   75  175    3.593665e-15   -5.133908e-17
   75  176    9.493497e-16   -7.952567e-18
   75  177    1.527006e-13   -6.644622e-16
   75  178    5.235844e-15    1.524830e-17
   75  179    2.811513e-13    4.346269e-16
   75  180    4.410124e-15    4.131071e-17
   75  181    4.055279e-14    2.019091e-16
   75  182    1.198185e-16    1.488729e-18
   75  183    7.163247e-17    1.125050e-18
   75  184    1.364244e-20    2.658665e-22
   75  185    2.793799e-22    6.413673e-24
   75  186    1.584537e-26    4.075773e-28
   75  187    3.046178e-27    7.378565e-30
   75  188    1.269340e-29    6.442663e-35
   76  173    2.621687e-30   -3.832259e-31
   76  174    2.955917e-24   -3.271760e-25
   76  175    6.235955e-22   -5.317608e-23
   76  176    3.155782e-18   -1.934300e-19
   76  177    2.872997e-17   -1.313938e-18
   76  178    2.662610e-14   -6.655631e-16
   76  179    1.239988e-14   -2.125377e-16
   76  180    1.685394e-12   -1.052055e-14
   76  181    8.814966e-14   -8.553507e-17
   76  182    2.791239e-12    2.363269e-15
   76  183    4.460159e-14    3.296897e-16
   76  184    1.200363e-13    4.601055e-16
   76  185    1.412702e-16    1.281611e-18
   76  186    1.243821e-17    1.805499e-19
   76  187    2.669209e-21    4.850061e-23
   76  188    6.115596e-23    1.429737e-24
   76  189    2.408053e-27    6.069886e-29
   76  190    5.866469e-27    2.030589e-30
   76  191    3.718534e-30    2.489056e-35
   77  177    8.953223e-26   -1.045330e-26
   77  178    1.564052e-23   -1.490760e-24
   77  179    2.978320e-19   -1.866158e-20
   77  180    6.181888e-18   -2.562595e-19
   77  181    8.180647e-15   -1.602244e-16
   77  182    2.483912e-15   -2.801746e-17
   77  183    3.048458e-13   -8.890806e-16
   77  184    1.203774e-14    4.503727e-17
   77  185    1.996702e-13    4.550671e-16
   77  186    2.234793e-16    1.917621e-18
   77  187    6.698986e-16    4.441166e-18
   77  188    4.778038e-19    5.904134e-21
   77  189    1.578018e-18    2.902811e-21
   77  190    3.260895e-22    1.913379e-24
   77  191    1.513210e-23    2.184679e-25
   77  192    8.499274e-28    1.457821e-29
   77  193    6.928273e-27    4.063277e-31
   78  179    1.652990e-30   -2.808302e-31
   78  180    1.118858e-24   -1.483818e-25
   78  181    1.637107e-22   -1.716044e-23
   78  182    1.780248e-18   -1.230085e-19
   78  183    1.410996e-17   -6.924113e-19
   78  184    1.328082e-14   -3.239558e-16
   78  185    4.149160e-15   -5.622917e-17
   78  186    3.460930e-13   -1.516550e-15
   78  187    3.283416e-15   -5.751399e-19
   78  188    2.352291e-13   -1.783609e-15
   78  189    1.110111e-15   -1.157167e-18
   78  190    1.483770e-15    8.486485e-19
   78  191    1.872252e-18    9.639690e-21
   78  192    1.200594e-18    3.841093e-21
   78  193    5.732098e-22    4.598679e-24
   78  194    7.856849e-23    6.283193e-25
   78  195    1.024680e-26    1.061462e-28
   78  196    8.594859e-26    6.057974e-28
   78  197    3.025348e-30    6.097060e-32
   78  198    8.395968e-27    9.205614e-33
   78  199    6.486633e-30    5.323625e-37
   78  200    2.033459e-28    2.099580e-38
   79  182    1.986121e-29   -3.113140e-30
   79  183    1.662712e-24   -1.914018e-25
   79  184    9.434857e-23   -8.501316e-24
   79  185    1.689201e-18   -8.613095e-20
   79  186    5.921489e-18   -1.959870e-19
   79  187    3.274962e-15   -5.043559e-17
   79  188    2.130447e-16   -3.227504e-18
   79  189    7.628564e-14   -7.179075e-16
   79  190    3.076568e-15   -1.214983e-17
   79  191    1.656766e-13   -2.455240e-16
   79  192    5.918373e-16    2.819018e-18
   79  193    1.900637e-14   -9.928455e-17
   79  194    3.201767e-17    7.480601e-20
   79  195    1.220803e-17    6.086114e-20
   79  196    8.000065e-21    8.529148e-23
   79  197    3.679414e-22    6.925702e-24
   79  198    9.558856e-26    2.228705e-27
   79  199    5.538298e-27    1.737053e-29
   79  200    7.160310e-29    1.881533e-33
   79  201    4.230315e-26   -2.075655e-32
   79  202    1.643994e-28   -4.425538e-33
   80  185    7.864301e-27   -1.067620e-27
   80  186    6.514781e-21   -5.703038e-22
   80  187    2.191421e-19   -1.390472e-20
   80  188    2.784670e-15   -7.713263e-17
   80  189    5.302843e-15   -8.624962e-17
   80  190    1.716150e-12   -3.996857e-15
   80  191    1.937909e-13    1.359098e-16
   80  192    6.790713e-12    4.404252e-15
   80  193    2.140666e-13    1.180013e-15
   80  194    3.732014e-12   -3.285637e-15
   80  195    3.204465e-14    1.224094e-16
   80  196    3.758556e-13   -1.476895e-15
   80  197    1.292167e-15    1.821546e-18
   80  198    2.181549e-15    5.704748e-19
   80  199    2.996989e-18    8.889179e-21
   80  200    1.921131e-17    2.302216e-20
   80  201    4.688254e-21    1.480396e-23
   80  202    1.473623e-20   -4.215665e-23
   80  203    9.024546e-25   -2.471178e-27
   80  204    4.430705e-24   -4.457513e-26
   80  205    1.092040e-29   -1.102924e-31
   80  206    4.491544e-30    1.960056e-34
   81  187    2.651555e-27   -3.119395e-28
   81  188    6.965841e-25   -6.526186e-26
   81  189    5.787609e-19   -2.571565e-20
   81  190    1.544632e-17   -4.378742e-19
   81  191    2.210436e-14   -1.862912e-16
   81  192    1.360173e-14   -6.973077e-17
   81  193    3.883729e-13   -4.127045e-16
   81  194    1.040957e-13    1.970552e-16
   81  195    2.500595e-12    1.712840e-15
   81  196    1.115241e-13    7.684525e-16
   81  197    5.644590e-13   -3.512985e-16
   81  198    8.474276e-15    4.345887e-17
   81  199    4.252845e-14   -2.182657e-16
   81  200    2.193220e-16    4.286551e-19
   81  201    6.915021e-17   -2.833162e-19
   81  202    1.480721e-19    3.168419e-22
   81  203    1.532864e-19    1.920508e-21
   81  204    1.005660e-22    1.513814e-24
   81  205    5.712215e-24   -1.660648e-25
   81  206    4.729791e-28   -1.234767e-29
   81  207    3.441710e-28    3.071097e-31
   82  189    7.969511e-30   -9.382324e-33
   82  190    4.750928e-26   -4.871116e-27
   82  191    7.628045e-24   -6.058808e-25
   82  192    8.942975e-19   -3.413078e-20
   82  193    3.765455e-18   -1.037606e-19
   82  194    1.900246e-14   -1.052761e-16
   82  195    9.159467e-15   -3.863472e-17
   82  196    2.127423e-12    5.299273e-15
   82  197    3.749699e-13    6.591717e-16
   82  198    2.023436e-11    6.022866e-14
   82  199    9.399774e-13    5.983310e-16
   82  200    8.646849e-11    1.528479e-13
   82  201    3.027366e-12   -2.835752e-15
   82  202    8.574295e-11   -2.558560e-14
   82  203    2.069078e-12   -1.079805e-14
   82  204    4.189411e-11   -1.202388e-13
   82  205    5.732737e-13   -5.166383e-15
   82  206    9.627993e-12   -5.666390e-14
   82  207    2.670957e-14   -3.249690e-16
   82  208    2.846032e-13   -3.388461e-15
   82  209    4.825172e-22   -1.058778e-23
   82  210    5.394357e-30   -1.360067e-31
   83  193    9.689309e-27   -1.125173e-27
   83  194    5.459668e-24   -4.994678e-25
   83  195    1.357412e-19   -7.227226e-21
   83  196    7.399208e-18   -2.606005e-19
   83  197    5.365545e-15   -6.141497e-17
   83  198    3.030097e-15   -2.877503e-17
   83  199    3.697288e-13   -1.155164e-15
   83  200    6.884178e-14    3.278538e-17
   83  201    1.314008e-12    1.363831e-17
   83  202    4.712000e-14    2.480792e-16
   83  203    7.140820e-13   -1.502758e-15
   83  204    1.188959e-14    3.210017e-17
   83  205    6.306457e-14   -4.413634e-16
   83  206    4.012046e-16   -2.322375e-18
   83  207    3.580267e-15   -4.342214e-17
   83  208    4.002491e-18   -2.376545e-20
   83  209    2.256469e-19   -6.962971e-21
   83  210    1.933447e-27   -7.502257e-29
   84  196    2.867820e-30   -2.409590e-31
   84  197    6.805342e-29   -4.267522e-30
   84  198    4.219913e-25   -1.634771e-26
   84  199    4.803988e-25   -1.610281e-26
   84  200    9.252127e-24   -2.549605e-25
   84  201    4.781870e-23   -8.079075e-25
   84  202    1.453064e-21   -2.382419e-23
   84  203    1.764298e-22   -1.543571e-24
   84  204    1.974726e-21   -2.392571e-23
   84  205    6.488382e-23   -3.711292e-25
   84  206    2.849681e-22   -3.256715e-24
   84  207    2.205701e-24   -1.652112e-26
   84  208    1.302955e-23   -1.605956e-25
   84  209    2.152777e-26   -1.422691e-28
   84  210    2.415720e-28   -1.146469e-29
    0    1    7.095418e-14   -2.223197e-15
    1    1    3.424088e-07   -3.428291e-09
    2    4    7.720704e-09   -1.234506e-10
