1.1087e+01
3.7555e-01
4.8646e-01
4.1054e+03
    1    3    3.089979e-24   -2.187565e-30
    2    3    1.336919e-23   -1.611518e-31
    3    6    4.545495e-26   -5.351587e-36
    3    7    3.962594e-28    2.185548e-30
    4    7    1.849460e-29    1.631913e-31
    4    8    4.643808e-17    9.601916e-30
    4   10    2.874282e-28   -3.366435e-39
    5   10    6.552051e-24   -6.808987e-32
    5   11    2.053507e-17    2.265420e-19
    6   11    1.064159e-15   -2.265426e-19
    6   12    7.666947e-04   -2.168404e-19
    6   13    1.930092e-10   -1.132537e-19
    6   14    2.566518e-12   -3.507844e-24
    7   13    2.629192e-22   -1.831767e-23
    7   14    6.009912e-13    7.685445e-17
    7   15    1.005666e-11    9.028068e-20
    7   16    5.301200e-25   -1.935325e-26
    8   14    2.084080e-14   -7.671021e-17
    8   15    4.223161e-17   -9.025867e-20
    8   16    4.583180e-02    0.000000e+00
    8   17    1.112858e-09   -2.217258e-21
    8   18    3.124659e-10    2.637341e-18
    8   19    7.227993e-19   -6.942955e-21
    8   20    3.498789e-26   -6.746565e-28
    9   17    1.493490e-20    1.144792e-22
    9   18    6.669045e-14   -2.637552e-18
    9   19    7.658660e-14    7.480827e-21
    9   20    2.125101e-18   -4.955136e-20
    9   21    8.101861e-22   -5.069779e-23
    9   22    2.249894e-29   -1.384587e-30
   10   18    4.717504e-27   -7.353479e-28
   10   19    3.557977e-20   -5.378596e-22
   10   20    8.355095e-03    0.000000e+00
   10   21    2.959428e-05    3.436125e-15
   10   22    3.608505e-06    1.888883e-19
   10   23    3.200888e-12   -2.239882e-14
   10   24    4.529092e-18   -5.813563e-21
   11   21    2.967559e-13   -3.436362e-15
   11   22    7.077701e-11   -2.245113e-19
   11   23    1.469611e-04    1.882272e-09
   11   24    7.166210e-09   -3.463724e-14
   11   25    1.293630e-13   -5.650171e-16
   11   26    5.750279e-22   -1.398951e-22
   12   22    1.836330e-25   -1.238401e-26
   12   23    8.170718e-08   -1.882250e-09
   12   24    2.014035e-03    3.463766e-14
   12   25    4.439222e-04    9.718246e-16
   12   26    2.618816e-04    2.153793e-09
   12   27    4.582600e-10   -2.101683e-13
   12   28    7.917472e-15   -2.739137e-20
   12   29    1.168999e-26   -2.791805e-27
   13   24    2.006617e-21   -2.522947e-22
   13   25    1.121816e-14   -4.067198e-16
   13   26    1.357866e-04   -2.153793e-09
   13   27    2.037169e-04    3.402190e-08
   13   28    5.578998e-08   -1.077685e-10
   13   29    2.492341e-12   -1.638360e-15
   13   30    1.498232e-18   -1.083358e-19
   13   31    2.413848e-27   -9.757157e-28
   14   26    3.019112e-17   -3.556170e-18
   14   27    5.436905e-07   -3.402169e-08
   14   28    2.362024e-04    1.077685e-10
   14   29    6.538267e-05    3.948569e-15
   14   30    2.853953e-05    3.524924e-10
   14   31    3.763094e-09   -1.038573e-13
   14   32    6.346017e-14   -5.119934e-24
   14   33    1.168160e-21   -4.920533e-23
   14   34    2.818634e-28   -2.648847e-29
   15   28    1.515828e-26   -1.118956e-26
   15   29    3.638637e-14   -2.310210e-15
   15   30    2.031163e-07   -3.524924e-10
   15   31    2.105699e-06    2.300597e-12
   15   32    1.102873e-10   -2.323693e-17
   15   33    4.807317e-12   -5.724158e-19
   15   34    5.922472e-17   -1.243306e-18
   15   35    1.374748e-21   -7.549884e-24
   16   30    8.045285e-18   -1.774831e-18
   16   31    2.177211e-11   -2.196740e-12
   16   32    1.172733e-06    2.323708e-17
   16   33    2.147479e-08    1.121071e-18
   16   34    2.741726e-07    1.876799e-15
   16   35    2.168973e-11   -7.468243e-19
   16   36    5.368261e-15    3.082080e-27
   16   37    1.636446e-22   -1.419958e-25
   16   38    3.978094e-28   -1.016443e-32
   17   33    5.289535e-18   -5.485790e-19
   17   34    1.438543e-14   -1.875556e-15
   17   35    1.025462e-08    7.789014e-19
   17   36    2.220739e-12    7.564987e-25
   17   37    7.346272e-15    1.413115e-20
   17   38    1.558369e-19   -1.818469e-23
   17   39    8.194518e-24   -6.348658e-28
   17   40    6.549239e-29   -2.104767e-31
   18   34    6.963989e-26   -2.147896e-26
   18   35    2.191705e-19   -3.205236e-20
   18   36    8.452366e-10    1.033976e-25
   18   37    1.641558e-13   -1.412782e-20
   18   38    2.663282e-10    1.194190e-21
   18   39    2.184603e-14   -6.618606e-25
   18   40    5.641244e-15    1.041296e-28
   18   41    1.482371e-19   -5.857312e-24
   18   42    4.059345e-24   -1.008249e-33
   18   43    3.662365e-29   -2.958901e-32
   19   37    1.470220e-23   -3.127352e-24
   19   38    5.787945e-19   -1.175999e-21
   19   39    3.778182e-12    6.728920e-25
   19   40    1.004582e-15    3.648482e-28
   19   41    5.047746e-17    5.857333e-24
   19   42    1.821906e-19   -1.065828e-24
   19   43    3.546104e-17   -1.155023e-22
   19   44    4.157646e-21   -8.125327e-25
   19   45    4.509208e-25   -1.099069e-28
   19   46    7.055110e-30   -1.596987e-32
   20   39    3.336303e-27   -1.009867e-27
   20   40    2.865735e-14    6.310887e-30
   20   41    1.154179e-17    5.916457e-31
   20   42    4.762035e-08   -6.617445e-24
   20   43    1.463168e-08    6.060222e-17
   20   44    7.047640e-08    3.916177e-17
   20   45    1.332424e-11   -2.462818e-19
   20   46    2.019829e-10    4.584437e-19
   20   47    2.320334e-14   -1.539824e-20
   20   48    2.291524e-09    0.000000e+00
   20   49    3.687348e-15   -1.834606e-18
   20   50    1.771721e-20   -3.318018e-22
   20   51    3.650935e-28   -9.503874e-30
   21   42    1.264261e-28   -4.981486e-29
   21   43    3.260185e-12   -6.060210e-17
   21   44    2.146898e-12   -3.916178e-17
   21   45    6.666600e-09    3.667347e-19
   21   46    1.274993e-11   -9.167452e-19
   21   47    5.650135e-14   -3.541833e-20
   21   48    1.063138e-12   -1.760296e-18
   21   49    4.695213e-14   -1.726669e-18
   21   50    7.262893e-19   -1.521751e-21
   21   51    6.641854e-24   -1.394231e-25
   21   52    4.610782e-30   -1.500320e-31
   22   44    9.511926e-17   -1.659836e-26
   22   45    5.130625e-15   -1.204523e-19
   22   46    2.019284e-08    4.583011e-19
   22   47    7.854568e-09    9.424838e-17
   22   48    1.436097e-08    1.846112e-18
   22   49    1.733273e-08    3.581355e-18
   22   50    5.602367e-08    1.852885e-21
   22   51    4.510996e-12   -3.374333e-15
   22   52    1.743266e-16   -4.448964e-19
   22   53    9.101378e-22   -7.245285e-24
   23   46    2.521279e-27   -1.554163e-27
   23   47    7.078004e-13   -9.419756e-17
   23   48    4.548825e-13   -8.581182e-20
   23   49    2.199101e-12   -1.883146e-20
   23   50    8.641662e-13    2.524355e-27
   23   51    4.903024e-09    3.374356e-15
   23   52    4.231336e-12   -4.895011e-15
   23   53    4.078896e-16   -1.106029e-18
   23   54    8.823420e-21   -4.612160e-23
   23   55    1.984373e-25   -7.947075e-27
   24   48    9.807469e-19   -3.283191e-24
   24   49    1.207420e-17   -1.247253e-21
   24   50    9.374870e-13   -4.038968e-28
   24   51    2.099377e-13   -2.178684e-20
   24   52    5.578076e-08    4.895456e-15
   24   53    1.073805e-08    1.106035e-18
   24   54    1.368989e-07    1.368488e-20
   24   55    1.708307e-11   -2.117599e-14
   24   56    1.266729e-15   -9.314879e-19
   24   57    4.752746e-21   -5.863504e-23
   24   58    6.985130e-26   -1.397639e-27
   25   50    1.408558e-30   -1.138273e-30
   25   51    1.115500e-17   -1.047543e-21
   25   52    2.695998e-18   -1.766530e-24
   25   53    1.336990e-12    3.271564e-26
   25   54    1.413052e-12   -1.363670e-20
   25   55    3.453534e-08    2.117600e-14
   25   56    2.892578e-11   -8.097703e-16
   25   57    5.939758e-15   -1.718001e-17
   25   58    3.489623e-20   -3.027976e-21
   25   59    9.496899e-24   -5.374287e-25
   25   60    7.233300e-30   -1.046072e-30
   26   52    6.597614e-24   -5.768888e-29
   26   53    6.991359e-23   -3.564319e-26
   26   54    4.443556e-09   -8.271806e-25
   26   55    4.215590e-12    5.336906e-20
   26   56    1.766387e-06    8.107016e-16
   26   57    9.983193e-07    1.752172e-17
   26   58    5.173842e-06    5.488773e-19
   26   59    1.389617e-09   -9.283591e-17
   26   60    2.052472e-13    2.194422e-25
   26   61    2.885757e-18   -2.086665e-21
   26   62    1.029481e-22   -3.940987e-25
   26   63    5.153744e-29   -9.058638e-31
   27   55    1.607187e-14   -6.625609e-20
   27   56    3.484304e-17   -1.331876e-24
   27   57    3.076487e-11   -3.416498e-19
   27   58    1.283823e-11   -5.465009e-19
   27   59    2.033203e-06    9.283566e-17
   27   60    1.637378e-09   -2.601428e-14
   27   61    8.966780e-13   -3.929368e-17
   27   62    1.318983e-16   -1.902079e-19
   27   63    2.735533e-20   -2.589439e-22
   27   65    4.850596e-29   -1.470618e-30
   28   56    1.945595e-21   -9.610056e-28
   28   57    7.322170e-21   -1.470758e-26
   28   58    6.187275e-10   -2.067952e-25
   28   59    1.083147e-11    4.170684e-20
   28   60    2.666144e-06    2.601429e-14
   28   61    1.015078e-06    2.474590e-16
   28   62    2.259194e-06    3.742092e-15
   28   63    1.689065e-09   -1.385319e-19
   28   64    1.389385e-06    4.010081e-15
   28   65    2.493228e-10   -7.154130e-15
   28   66    3.460086e-14   -4.582525e-20
   28   67    4.042517e-19   -5.846274e-21
   28   68    1.875275e-23   -6.401273e-26
   28   69    3.137359e-30   -4.156228e-32
   29   59    1.313813e-17   -4.170786e-20
   29   60    1.423047e-17   -2.684340e-21
   29   61    9.787894e-12   -2.081632e-16
   29   62    8.400527e-12   -3.741902e-15
   29   63    8.699880e-07    2.102759e-19
   29   64    1.717818e-09   -7.922327e-15
   29   65    1.074662e-06    7.167162e-15
   29   66    1.157072e-09   -9.843169e-13
   29   67    1.279502e-12   -1.488854e-18
   29   68    1.592576e-16   -1.393211e-18
   29   69    9.793453e-20   -1.416319e-22
   29   70    2.143519e-25   -9.623415e-27
   29   71    1.410644e-29   -4.838729e-31
   30   60    1.055243e-24   -1.907591e-27
   30   61    1.270607e-23   -3.675086e-26
   30   62    1.898958e-17   -1.503920e-22
   30   63    6.281469e-16   -7.152927e-20
   30   64    8.414893e-07    3.912246e-15
   30   65    1.055442e-09    1.272082e-16
   30   66    1.302703e-06    9.843170e-13
   30   67    2.821727e-07    1.081338e-17
   30   68    1.323041e-06    1.149127e-16
   30   69    4.825911e-10   -3.806879e-14
   30   70    1.358466e-10    9.936526e-14
   30   71    1.533006e-14   -2.097083e-17
   30   72    7.444354e-18   -1.157576e-23
   30   73    9.668091e-23   -1.070955e-24
   30   74    8.306493e-27   -2.276099e-29
   31   63    3.460809e-27   -2.869104e-29
   31   64    9.146957e-23   -1.514684e-25
   31   65    4.848639e-13   -1.402406e-16
   31   66    3.555590e-15   -2.733300e-20
   31   67    1.009018e-11   -9.318672e-18
   31   68    1.787092e-12   -1.135194e-16
   31   69    1.590088e-07    3.806883e-14
   31   70    4.841630e-10   -1.986829e-13
   31   71    1.404971e-07    1.339252e-16
   31   72    2.662511e-10   -1.365395e-15
   31   73    4.563012e-13   -6.789347e-18
   31   74    1.140275e-16   -5.920640e-20
   31   75    4.155726e-20   -8.585695e-23
   31   76    6.179923e-25   -5.936215e-27
   31   77    8.427853e-29   -1.687608e-30
   32   65    3.299417e-29   -2.770595e-31
   32   66    5.932738e-19   -1.865188e-23
   32   67    5.675209e-21   -1.316700e-24
   32   68    2.958041e-17   -3.094586e-25
   32   69    2.484590e-14   -4.606484e-20
   32   70    2.282520e-07    9.931762e-14
   32   71    4.199053e-10   -1.120621e-16
   32   72    2.367770e-07    1.365406e-15
   32   73    4.455947e-08    6.845773e-18
   32   74    1.756597e-07    6.980081e-20
   32   75    1.881616e-10   -7.443233e-15
   32   76    1.260316e-11    6.635913e-16
   32   77    3.198920e-15   -5.965045e-20
   32   78    1.101205e-18   -5.429151e-23
   32   79    2.466722e-23   -3.379597e-25
   32   80    1.779486e-27   -1.570259e-29
   33   67    5.772982e-30   -3.535961e-32
   33   68    8.086440e-29   -1.386696e-31
   33   69    1.176138e-24   -3.379313e-28
   33   70    3.909694e-20   -3.200467e-24
   33   71    7.897618e-13   -8.922880e-19
   33   72    4.153466e-15   -1.155087e-20
   33   73    1.502557e-12   -5.637781e-20
   33   74    6.248513e-14   -1.398416e-20
   33   75    1.977176e-08    7.443235e-15
   33   76    2.373914e-10   -1.313783e-15
   33   77    5.053633e-13   -8.821865e-19
   33   78    2.664204e-16   -1.278879e-20
   33   79    4.129081e-19   -2.181296e-22
   33   80    4.310668e-23   -7.382242e-25
   33   81    2.660878e-26   -2.037257e-28
   34   70    8.814272e-29   -9.304398e-33
   34   71    1.566344e-25   -1.433696e-28
   34   72    1.259198e-18   -4.463428e-25
   34   73    2.148200e-20   -2.481237e-25
   34   74    5.947117e-18    3.390184e-21
   34   75    6.736123e-14   -1.691347e-21
   34   76    4.978662e-08    6.501915e-16
   34   77    1.822507e-08    1.121879e-18
   34   78    7.035921e-08    2.085374e-17
   34   79    1.222123e-10    2.441475e-22
   34   80    4.235653e-09    1.548677e-15
   34   81    3.829759e-12   -5.767983e-16
   34   82    3.176635e-12    9.911090e-17
   34   83    4.401395e-16   -8.727115e-20
   34   84    1.043270e-19   -1.460096e-22
   34   85    1.472218e-26   -1.161332e-28
   35   73    7.429984e-27   -9.768314e-30
   35   74    1.148138e-26   -1.856497e-30
   35   75    6.211389e-23   -2.807136e-27
   35   76    1.526638e-19   -6.899333e-25
   35   77    1.419268e-13   -1.800379e-19
   35   78    3.103160e-14   -2.084090e-17
   35   79    8.233927e-09    7.360253e-21
   35   80    1.102224e-10   -2.646448e-14
   35   81    7.226713e-09    5.767983e-16
   35   82    4.838471e-11   -2.830709e-16
   35   83    1.612350e-13   -4.770569e-18
   35   84    8.802978e-17   -1.248782e-20
   35   85    6.264014e-20   -9.469256e-23
   35   86    1.142764e-25   -5.508816e-28
   36   76    2.626915e-26   -1.301058e-31
   36   77    1.249806e-22   -7.288130e-27
   36   78    2.147756e-19    5.946309e-33
   36   79    3.565028e-15   -7.386311e-21
   36   80    2.115002e-08    2.491580e-14
   36   81    1.091710e-10    3.544684e-19
   36   82    5.098456e-08    1.839633e-16
   36   83    1.573067e-08    4.860417e-18
   36   84    5.822216e-08    1.339371e-20
   36   85    9.036542e-11   -6.953327e-20
   36   86    4.642452e-10    1.047853e-17
   36   87    1.001600e-14   -5.717774e-19
   36   88    1.406655e-18   -3.582909e-23
   36   89    2.132210e-24   -2.909030e-27
   36   90    2.331896e-29   -1.879337e-31
   37   78    9.077767e-30   -6.564050e-33
   37   79    2.609707e-25   -4.922780e-29
   37   80    1.953858e-21   -1.695387e-23
   37   81    2.244973e-14   -3.544382e-19
   37   82    2.938179e-16   -3.372188e-21
   37   83    7.339629e-14   -2.565438e-21
   37   84    8.189385e-15   -7.525444e-22
   37   85    8.397362e-09    6.976441e-20
   37   86    6.479785e-11   -2.086522e-17
   37   87    5.883209e-11    5.717777e-19
   37   88    1.481149e-14   -3.610098e-18
   37   89    9.421868e-18   -2.689307e-21
   37   90    3.307093e-22   -5.626688e-25
   37   91    3.897858e-26   -1.749423e-28
   38   80    4.309664e-29   -1.731271e-33
   38   81    2.820137e-25   -5.511420e-29
   38   82    1.031833e-20   -1.219179e-27
   38   83    8.396312e-22   -1.872837e-27
   38   84    5.189356e-20    3.075418e-25
   38   85    2.955421e-15   -1.372015e-22
   38   86    1.967444e-08    1.038668e-17
   38   87    1.266499e-08    9.003034e-21
   38   88    3.417904e-08    3.610359e-18
   38   89    1.173174e-11   -6.972584e-19
   38   90    4.897319e-15   -8.359165e-25
   38   91    3.947956e-19   -3.004794e-24
   38   92    5.900691e-23   -1.574448e-27
   38   93    5.832933e-28   -3.419800e-31
   39   83    6.258031e-28   -9.526594e-31
   39   84    2.760506e-29   -1.562168e-30
   39   85    4.310351e-25   -1.154371e-29
   39   86    2.447402e-21   -1.200568e-26
   39   87    9.997468e-15   -9.002368e-21
   39   88    6.924271e-15   -1.957120e-22
   39   89    5.037203e-09    6.999528e-19
   39   90    9.872605e-12   -1.113531e-17
   39   91    2.061820e-14   -1.058954e-21
   39   92    1.255720e-17   -2.565784e-22
   39   93    1.986196e-20   -1.408031e-25
   39   94    7.402407e-24   -1.717426e-27
   39   95    3.147276e-27   -1.325698e-30
   40   86    6.125862e-29   -2.684489e-34
   40   87    5.283499e-25   -2.387791e-29
   40   88    2.276913e-21   -8.225568e-29
   40   89    4.940091e-18   -4.556429e-24
   40   90    2.224068e-09    1.113531e-17
   40   91    5.682010e-10    1.062203e-21
   40   92    6.718538e-10    2.568396e-22
   40   93    1.747472e-10   -7.237830e-25
   40   94    4.132893e-10    5.169879e-26
   40   95    5.836359e-13   -2.747352e-20
   40   96    7.634793e-13   -8.255880e-22
   40   97    1.351452e-17   -5.782476e-23
   40   98    7.648065e-22   -6.422254e-24
   41   89    1.596407e-28   -1.049417e-32
   41   90    2.061136e-24   -1.020840e-29
   41   91    4.220139e-16   -5.120545e-27
   41   92    8.514452e-17   -4.097671e-23
   41   93    7.156449e-14    9.606559e-25
   41   94    5.837037e-16   -1.163570e-29
   41   95    1.914301e-17    2.747207e-20
   41   96    1.808099e-19    8.250297e-22
   41   97    5.537404e-21    5.749117e-23
   41   98    6.977740e-23    1.587776e-25
   41   99    6.425230e-28   -1.115056e-29
   42   91    1.598881e-28   -4.475376e-32
   42   92    3.783477e-17    4.097671e-23
   42   93    2.848812e-19    6.856031e-29
   42   94    3.170524e-13   -1.009742e-28
   42   95    3.528075e-11    3.851560e-24
   42   96    8.569259e-11    2.055027e-24
   42   97    2.241574e-11    3.651227e-25
   42   98    7.554282e-11    6.281403e-24
   42   99    2.464645e-14   -2.699053e-20
   42  100    2.098316e-15    8.311066e-18
   42  101    9.177246e-20   -2.727125e-23
   42  102    4.913607e-23   -1.938013e-26
   42  103    1.190749e-27   -5.166117e-30
   43   93    2.583689e-24   -6.919471e-29
   43   94    1.200514e-24   -1.771666e-29
   43   95    6.444992e-19   -2.330247e-24
   43   96    2.099401e-18   -1.616753e-24
   43   97    8.908772e-18    1.396359e-27
   43   98    1.722555e-17   -1.664003e-31
   43   99    2.715864e-13    2.699057e-20
   43  100    5.044467e-16   -1.662213e-17
   43  101    7.745247e-18   -2.322599e-21
   43  102    6.928619e-22   -3.401098e-23
   43  103    3.901964e-24   -2.030948e-26
   43  104    7.643066e-28   -1.832041e-31
   44   95    3.257898e-28   -1.427732e-32
   44   96    4.147430e-24    1.458042e-25
   44   97    1.344148e-21   -1.396428e-27
   44   98    2.910585e-14   -5.679799e-29
   44   99    7.967419e-12   -2.584939e-26
   44  100    3.471076e-11    8.311067e-18
   44  101    6.255436e-12    2.349901e-21
   44  102    6.325495e-14    3.420409e-23
   44  103    8.538671e-17   -6.509219e-24
   44  104    1.151512e-14    3.543185e-16
   44  105    5.877552e-20   -9.574494e-25
   44  106    2.737501e-23   -2.245874e-31
   44  107    1.440075e-27   -1.487588e-30
   45   98    3.307716e-27   -4.100211e-30
   45   99    4.824895e-20   -9.085963e-27
   45  100    1.384533e-19   -4.812994e-25
   45  101    2.319130e-18   -5.796764e-27
   45  102    5.010227e-17   -1.444016e-25
   45  103    7.387650e-12    8.383282e-24
   45  104    5.757523e-14   -7.086370e-16
   45  105    8.770697e-16   -1.791142e-21
   45  106    1.482362e-18   -1.294899e-20
   45  107    8.415468e-21   -1.682535e-24
   45  108    4.054667e-24   -6.282662e-26
   45  109    1.275769e-26   -4.151254e-29
   46   99    1.022110e-30   -2.072188e-34
   46  100    1.128655e-27   -9.190489e-34
   46  101    4.663196e-27   -3.981150e-32
   46  102    1.263876e-20    1.881516e-27
   46  103    1.069961e-17   -1.900777e-24
   46  104    2.121774e-11    3.543185e-16
   46  105    4.826186e-12    1.792138e-21
   46  106    2.262919e-11    1.595845e-20
   46  107    9.751408e-14    1.720613e-24
   46  108    2.497590e-11    1.597677e-16
   46  109    3.883210e-14    3.025439e-26
   46  110    2.662132e-14    5.200982e-16
   46  111    2.222543e-18    2.168944e-29
   46  112    4.801193e-21    7.555513e-33
   46  113    1.564894e-25    2.351448e-36
   46  114    8.348217e-30    0.000000e+00
   47  103    1.906736e-26   -1.259129e-30
   47  104    8.247233e-23   -5.170688e-27
   47  105    3.477884e-19   -2.537722e-26
   47  106    1.661988e-17   -3.009457e-21
   47  107    4.198298e-12    5.452607e-25
   47  108    8.727553e-14   -1.597677e-16
   47  109    6.534072e-12    2.302373e-23
   47  110    4.914998e-14   -5.200982e-16
   47  111    8.706924e-16    6.227071e-28
   47  112    2.054564e-18    4.911892e-30
   47  113    7.941904e-21    1.908777e-32
   47  114    2.170707e-24    2.789632e-35
   47  115    2.009543e-27    0.000000e+00
   48  105    4.436880e-29   -3.468408e-33
   48  106    1.570849e-23   -5.583598e-38
   48  107    5.196321e-20   -5.780685e-25
   48  108    3.567766e-13   -1.060229e-27
   48  109    3.542052e-15   -2.303773e-23
   48  110    1.956595e-11   -4.200527e-26
   48  111    4.048364e-12    1.081636e-24
   48  112    2.053410e-11    1.069554e-20
   48  113    8.426831e-14    3.493707e-26
   48  114    3.411472e-11    5.898509e-16
   48  115    3.766272e-14    3.729734e-26
   48  116    2.851444e-15    2.312849e-19
   48  117    7.141204e-19    1.988908e-30
   48  118    1.444692e-21    1.624439e-33
   48  119    4.710377e-26    0.000000e+00
   49  108    1.818672e-26   -1.360417e-30
   49  109    1.795014e-21   -3.090379e-26
   49  110    1.597974e-22   -2.358221e-27
   49  111    9.892539e-19   -1.062634e-24
   49  112    3.690461e-17   -1.069555e-20
   49  113    5.916633e-12   -5.573776e-26
   49  114    1.629198e-13   -5.898509e-16
   49  115    3.334083e-15    2.297557e-27
   49  116    1.252765e-17   -2.312849e-19
   49  117    1.440310e-19    1.503670e-31
   49  118    2.421637e-22    7.597455e-34
   49  119    7.612785e-25    2.455589e-36
   49  120    3.803692e-28    0.000000e+00
   49  121    1.352932e-30    0.000000e+00
   50  110    3.256223e-30   -5.728818e-35
   50  111    9.196503e-29   -1.130301e-32
   50  112    2.619181e-23   -7.934587e-38
   50  113    2.780545e-20   -7.278861e-28
   50  114    1.639576e-13   -3.534097e-28
   50  115    5.243225e-12    5.573776e-26
   50  116    4.037285e-11    3.140701e-24
   50  117    7.749577e-12    2.790119e-24
   50  118    5.315265e-11    2.239204e-23
   50  119    7.724673e-12    3.576264e-23
   50  120    6.577545e-11    2.172311e-20
   50  121    7.176853e-14    3.113792e-26
   50  122    5.074750e-13    3.820263e-20
   50  123    2.236870e-16    1.506231e-28
   50  124    5.877179e-14    2.028944e-23
   50  125    8.477059e-18    9.574183e-30
   50  126    4.189358e-21    3.447114e-33
   50  127    1.479640e-25    3.022306e-37
   50  128    4.441267e-30    0.000000e+00
   51  114    7.882167e-29   -9.798656e-32
   51  115    5.716000e-22   -7.725652e-26
   51  116    1.155352e-20   -3.172504e-24
   51  117    1.069491e-19   -2.761941e-24
   51  118    1.859319e-20   -2.240775e-23
   51  119    1.887611e-17   -3.573936e-23
   51  120    7.956115e-17   -2.172312e-20
   51  121    3.429198e-12    2.812737e-24
   51  122    3.453758e-14   -3.820262e-20
   51  123    8.950425e-14    2.271919e-28
   51  124    4.053895e-16   -2.028909e-23
   51  125    2.171969e-18    2.563028e-30
   51  126    1.989503e-21    4.425125e-33
   51  127    2.694046e-24    6.240773e-36
   51  128    4.937982e-28    0.000000e+00
   51  129    1.042754e-30    0.000000e+00
   52  116    2.531095e-30   -7.350315e-35
   52  117    8.761368e-30   -6.130933e-34
   52  118    1.381697e-28   -6.938282e-35
   52  119    3.823831e-26   -1.724829e-31
   52  120    4.751558e-19   -2.118523e-33
   52  121    1.576851e-17   -2.831399e-24
   52  122    9.491932e-12   -1.130911e-26
   52  123    2.472944e-12    1.563081e-25
   52  124    1.790246e-11   -9.693523e-27
   52  125    3.110626e-12    1.243598e-24
   52  126    2.619600e-11    3.048936e-23
   52  127    5.256849e-14    2.309154e-26
   52  128    5.705697e-13    6.149619e-18
   52  129    8.491163e-16    2.345875e-28
   52  130    1.845074e-12    2.397935e-24
   52  131    3.999366e-16    3.436968e-28
   52  132    1.984556e-19    1.368614e-31
   52  133    9.900264e-24    1.405744e-35
   53  121    6.462212e-26   -2.204141e-30
   53  122    1.207674e-23   -1.443406e-26
   53  123    2.684416e-20   -1.462774e-25
   53  124    3.730302e-21   -2.691351e-27
   53  125    2.419892e-17   -1.227231e-24
   53  126    1.327098e-16   -3.049982e-23
   53  127    3.579718e-12    5.347190e-24
   53  128    3.542146e-14   -6.149619e-18
   53  129    2.408725e-16    2.760520e-28
   53  130    4.099539e-19   -2.398259e-24
   53  131    8.570618e-22    1.812894e-33
   53  132    4.395372e-25    1.160801e-36
   53  133    9.420085e-28    0.000000e+00
   53  135    1.699781e-30    0.000000e+00
   54  123    1.440514e-30   -5.007822e-35
   54  124    2.106801e-27   -1.363183e-41
   54  125    5.921588e-25   -2.533681e-30
   54  126    1.912701e-18   -8.088906e-33
   54  127    6.474667e-17   -5.367382e-24
   54  128    1.005064e-11   -2.423381e-26
   54  129    4.138562e-12    3.231174e-27
   54  130    1.706900e-11    0.000000e+00
   54  131    4.218958e-12    7.270142e-27
   54  132    4.006691e-11   -6.462349e-27
   54  133    6.354577e-14    2.276968e-26
   54  134    1.288096e-13    5.048710e-29
   54  135    4.084143e-15    3.392102e-29
   54  136    8.085766e-12    0.000000e+00
   54  137    8.010585e-20    9.841021e-29
   55  127    3.138803e-25   -5.464212e-39
   55  128    3.562370e-23   -2.086502e-36
   55  129    2.040187e-20   -2.768524e-34
   55  130    3.844408e-21    2.016208e-34
   55  131    5.348494e-17   -4.868751e-31
   55  132    2.823357e-16   -3.352659e-30
   55  133    4.537392e-12   -2.261822e-26
   55  134    4.293107e-14    2.254880e-26
   55  135    2.305825e-16    3.005067e-28
   55  136    3.947950e-19    4.992010e-31
   55  137    4.834280e-22    7.396210e-34
   55  138    3.275924e-29    0.000000e+00
   56  129    1.691751e-30    0.000000e+00
   56  130    5.063836e-26   -2.984654e-40
   56  131    6.605177e-24   -8.375397e-38
   56  132    6.178562e-18   -2.311116e-32
   56  133    1.552144e-16   -1.109336e-30
   56  134    1.100817e-11   -1.938705e-26
   56  135    4.489313e-12    2.423381e-27
   56  136    3.920306e-11   -1.292470e-26
   56  137    3.757844e-11    0.000000e+00
   56  138    3.980542e-10    0.000000e+00
   56  139    2.606758e-16    1.839510e-26
   56  140    8.384116e-21    5.213853e-32
   56  141    3.470860e-27    0.000000e+00
   57  133    6.211291e-25   -1.441817e-38
   57  134    4.968757e-23   -1.269534e-36
   57  135    7.368797e-21   -9.178260e-35
   57  136    3.963230e-21    3.084497e-35
   57  137    8.879438e-17   -4.930381e-31
   57  138    3.377236e-15   -1.893266e-29
   57  139    3.735021e-11   -1.938705e-26
   57  140    2.897635e-16    2.037179e-26
   57  141    4.227971e-20    4.534602e-31
   57  142    1.951783e-25    3.825525e-35
   57  143    1.853974e-30    0.000000e+00
   58  136    9.996889e-26   -4.706569e-40
   58  137    1.358795e-23   -1.469368e-37
   58  138    1.112301e-17   -2.619265e-32
   58  139    1.233320e-15   -3.155444e-30
   58  140    9.307848e-11   -1.292470e-26
   58  141    2.748070e-15    1.655306e-26
   58  142    4.311379e-14   -1.262177e-29
   58  143    6.249451e-19    1.272780e-29
   58  144    2.999347e-21    4.675646e-34
   58  145    3.581679e-27    0.000000e+00
   58  146    5.476205e-29    0.000000e+00
   59  137    2.163467e-28   -5.919085e-42
   59  138    1.382869e-25   -4.890240e-39
   59  139    2.228012e-19   -3.081488e-33
   59  140    5.974567e-17   -7.395571e-31
   59  141    7.802307e-12   -1.454028e-26
   59  142    2.356543e-15    1.510787e-26
   59  143    6.003526e-18    1.290219e-29
   59  144    5.770206e-22    1.870259e-32
   59  145    1.999615e-24    3.718236e-36
   59  146    9.829977e-30    0.000000e+00
   60  139    1.966516e-27   -4.878761e-41
   60  140    1.687698e-20   -7.523164e-35
   60  141    2.167428e-17   -1.571559e-31
   60  142    2.217903e-11   -1.292470e-26
   60  143    1.181424e-13    1.411114e-26
   60  144    9.198759e-12   -8.077936e-27
   60  145    1.477562e-14    8.175754e-27
   60  146    3.294270e-12   -2.827277e-27
   60  147    1.357404e-16    2.731801e-27
   60  148    7.357082e-16   -1.972152e-31
   60  149    8.332359e-21    5.414647e-31
   60  150    1.818846e-21    2.896418e-35
   60  151    5.836560e-26    0.000000e+00
   61  141    1.999180e-28   -5.582773e-42
   61  142    1.855537e-24   -4.518306e-38
   61  143    8.321340e-18   -4.930381e-32
   61  144    1.455472e-18    2.445931e-32
   61  145    1.181722e-16   -9.614242e-31
   61  146    2.223724e-18    8.882389e-31
   61  147    2.854467e-16   -2.465190e-30
   61  148    1.173915e-19    2.555420e-30
   61  149    3.794730e-20    1.588892e-33
   61  150    4.970109e-24    3.162763e-34
   61  151    1.467818e-25    3.678241e-37
   61  152    2.719158e-29    0.000000e+00
   62  142    2.697614e-28   -3.273433e-42
   62  143    8.236534e-24   -1.395900e-37
   62  144    7.277777e-16   -1.281899e-30
   62  145    3.133266e-15   -2.406026e-29
   62  146    7.601755e-13   -1.716561e-27
   62  147    3.327394e-14    1.369463e-27
   62  148    3.142236e-12   -6.462349e-27
   62  149    2.919311e-15    6.707684e-27
   62  150    1.512182e-12   -3.029226e-27
   62  151    5.632164e-16    3.043130e-27
   62  152    2.589731e-13   -6.058452e-28
   62  153    1.481235e-16    6.114165e-28
   62  154    1.368700e-15   -1.380507e-30
   62  155    3.414522e-19    2.364368e-30
   62  156    2.982702e-22    6.702199e-34
   62  157    6.368872e-27    0.000000e+00
   63  144    8.311072e-30   -3.685415e-43
   63  145    2.270368e-21   -3.234960e-35
   63  146    2.328053e-20   -7.824090e-34
   63  147    1.481726e-17   -2.804154e-31
   63  148    6.307841e-18   -7.241497e-32
   63  149    3.332870e-15   -6.113672e-29
   63  150    3.954756e-17    6.045263e-29
   63  151    1.686361e-13   -2.978739e-27
   63  152    5.219193e-16    2.946494e-27
   63  153    2.267624e-13   -3.811776e-27
   63  154    7.149732e-16    3.820651e-27
   63  155    1.143637e-17    1.909444e-29
   63  156    1.445882e-20    1.046773e-31
   63  157    4.909922e-23    1.472189e-34
   63  158    6.361538e-27    0.000000e+00
   64  146    2.170716e-25   -8.265195e-40
   64  147    2.299466e-23   -3.849744e-37
   64  148    1.317126e-19   -6.259272e-34
   64  149    1.562775e-18   -3.408896e-32
   64  150    1.717600e-15   -9.269116e-30
   64  151    4.621284e-16   -9.860761e-32
   64  152    5.889478e-13   -2.827277e-27
   64  153    4.288479e-15    2.766535e-27
   64  154    1.030569e-12   -5.250658e-27
   64  155    1.063400e-14    5.182816e-27
   64  156    1.676517e-12   -6.866245e-27
   64  157    1.210036e-14    7.031906e-27
   64  158    2.778781e-12   -6.058452e-27
   64  159    1.367842e-15    6.328834e-27
   64  160    6.540675e-17    5.867153e-30
   64  161    5.385141e-21    1.056282e-31
   64  162    2.093843e-24    1.194192e-35
   64  163    1.957666e-29    0.000000e+00
   65  151    1.479625e-26    0.000000e+00
   65  152    5.565202e-26   -3.202763e-39
   65  153    1.004212e-22   -3.455953e-36
   65  154    9.721243e-23   -1.087332e-35
   65  155    2.584421e-18   -6.008901e-32
   65  156    2.420150e-18   -4.814825e-32
   65  157    7.110577e-15   -1.135960e-28
   65  158    1.285602e-15    7.513900e-29
   65  159    3.611963e-13   -3.786532e-27
   65  160    9.888130e-16    3.825187e-27
   65  161    1.108975e-17    1.902819e-29
   65  162    9.059563e-21    7.069968e-32
   65  163    1.893031e-23    7.191674e-35
   65  164    1.296399e-27    0.000000e+00
   66  153    3.420681e-28   -1.313857e-41
   66  154    3.392822e-23   -3.761582e-37
   66  155    1.765249e-22   -5.830452e-36
   66  156    8.359979e-18   -8.165943e-32
   66  157    2.373704e-17   -5.515863e-31
   66  158    8.825712e-14   -8.330371e-28
   66  159    3.399664e-15    7.793946e-28
   66  160    1.219627e-12   -6.462349e-27
   66  161    1.285389e-14    6.302999e-27
   66  162    1.642650e-12   -5.856503e-27
   66  163    4.648270e-15    6.006387e-27
   66  164    5.279769e-13   -8.077936e-28
   66  165    7.947354e-17    8.580958e-28
   66  166    5.618349e-20    2.501783e-31
   66  167    1.104212e-24    5.376436e-35
   66  168    2.698382e-28    0.000000e+00
   67  157    1.389678e-28    0.000000e+00
   67  158    1.819469e-26   -9.384440e-40
   67  159    1.315471e-21   -4.081316e-35
   67  160    1.871191e-21   -3.949661e-35
   67  161    2.834030e-17   -6.409495e-31
   67  162    6.465088e-18    4.514380e-31
   67  163    1.778359e-14   -2.871454e-28
   67  164    1.025001e-15    2.668322e-28
   67  165    4.651393e-13   -4.240916e-27
   67  166    4.629187e-16    4.243776e-27
   67  167    2.971177e-18    1.371570e-29
   67  168    5.165693e-22    1.505394e-32
   67  169    4.341366e-25    4.609958e-36
   67  170    1.313990e-29    0.000000e+00
   68  159    6.762913e-27   -2.453730e-40
   68  160    1.093481e-21   -1.410593e-35
   68  161    1.456360e-20   -3.821767e-34
   68  162    2.673342e-16   -2.514494e-30
   68  163    4.879286e-16   -7.987217e-30
   68  164    6.663233e-13   -5.351632e-27
   68  165    1.215705e-14    5.155995e-27
   68  166    1.581022e-12   -6.058452e-27
   68  167    1.664253e-14    6.146804e-27
   68  168    1.493710e-12   -3.231174e-27
   68  169    7.851732e-16    3.387665e-27
   68  170    1.591728e-15    1.972152e-31
   68  171    1.595365e-19    2.186147e-30
   68  172    6.800699e-23    3.352627e-34
   68  173    6.507798e-28    0.000000e+00
   69  162    1.010403e-28   -3.430379e-42
   69  163    2.591539e-23   -7.229290e-37
   69  164    1.213730e-22   -9.521504e-36
   69  165    3.678084e-18   -7.241497e-32
   69  166    4.550267e-18   -6.471125e-32
   69  167    1.572965e-14   -1.893266e-28
   69  168    4.521090e-15    9.702989e-29
   69  169    5.100899e-13   -3.736045e-27
   69  170    1.811216e-15    3.790477e-27
   69  171    1.941923e-17    1.976774e-29
   69  172    1.177964e-20    8.338675e-32
   69  173    2.529347e-23    1.147694e-34
   69  174    2.797266e-27    0.000000e+00
   70  164    2.433603e-26   -4.103899e-40
   70  165    9.181216e-25   -2.718331e-38
   70  166    5.263873e-20   -6.018531e-34
   70  167    4.660974e-19   -1.020743e-32
   70  168    3.336272e-15   -2.682127e-29
   70  169    4.223143e-15   -4.180963e-29
   70  170    1.277950e-12   -7.674039e-27
   70  171    4.151424e-14    7.314318e-27
   70  172    2.882128e-12   -8.885729e-27
   70  173    3.662860e-14    9.093989e-27
   70  174    2.246565e-12   -2.827277e-27
   70  175    4.075850e-16    3.217271e-27
   70  176    7.164674e-18    1.491440e-30
   70  177    4.557676e-22    6.661668e-33
   70  178    2.871159e-25    9.543086e-37
   71  167    1.902340e-27   -7.856240e-41
   71  168    1.373143e-25   -4.637693e-39
   71  169    1.036544e-20   -2.407412e-34
   71  170    2.860659e-20   -5.175937e-34
   71  171    1.780486e-16   -3.204747e-30
   71  172    1.641325e-16   -5.669938e-31
   71  173    5.721490e-14   -7.699282e-28
   71  174    5.208593e-15    6.918310e-28
   71  175    3.943641e-13   -3.231174e-27
   71  176    4.878814e-16    3.308778e-27
   71  177    2.223959e-18    5.871005e-30
   71  178    7.013559e-22    1.286894e-32
   71  179    8.392689e-25    5.062707e-36
   71  180    6.122116e-29    0.000000e+00
   72  169    2.682906e-28   -7.802430e-42
   72  170    4.990730e-23   -6.935417e-37
   72  171    1.019695e-21   -2.369797e-35
   72  172    9.398390e-18   -9.552613e-32
   72  173    4.381274e-17   -5.669938e-31
   72  174    3.038887e-14   -2.082593e-28
   72  175    1.224313e-14    4.733165e-29
   72  176    2.224969e-12   -1.009742e-26
   72  177    3.264436e-14    9.762943e-27
   72  178    3.000268e-12   -8.077936e-27
   72  179    1.351064e-14    8.325638e-27
   72  180    1.213875e-12   -1.615587e-27
   72  181    1.530110e-16    1.793672e-27
   72  182    5.365866e-20    2.737589e-31
   72  183    7.021331e-25    4.504898e-35
   72  184    1.885231e-29    0.000000e+00
   73  173    1.178753e-25    0.000000e+00
   73  174    9.478897e-26   -2.410682e-39
   73  175    4.484161e-20   -8.305573e-34
   73  176    2.785663e-20   -5.296307e-34
   73  177    6.877047e-17   -3.944305e-31
   73  178    5.988584e-19    3.874008e-31
   73  179    1.259602e-13   -1.438882e-27
   73  180    4.877672e-15    1.381295e-27
   73  181    5.907582e-13   -3.837019e-27
   73  182    3.113213e-16    3.918765e-27
   73  183    4.989702e-19    3.014754e-30
   73  184    2.119054e-23    2.131377e-33
   73  185    8.121194e-27    0.000000e+00
   74  174    3.364874e-26   -5.739719e-40
   74  175    1.630900e-24   -3.728521e-38
   74  176    2.558571e-20   -3.219914e-34
   74  177    1.386208e-19   -5.200011e-33
   74  178    2.824857e-16   -2.317279e-30
   74  179    4.324969e-16   -4.979684e-30
   74  180    1.552043e-13   -8.582807e-28
   74  181    3.460042e-14    4.165186e-28
   74  182    3.520276e-12   -1.090521e-26
   74  183    1.338436e-14    1.129491e-26
   74  184    1.202569e-12   -2.423381e-27
   74  185    3.218502e-16    2.403018e-27
   74  186    1.169195e-14   -1.262177e-29
   74  187    4.915948e-19    1.330933e-29
   74  188    1.835752e-22    1.115709e-33
   74  189    3.003632e-28    0.000000e+00
   75  177    9.157404e-27   -3.042051e-40
   75  178    2.095426e-25   -8.678454e-39
   75  179    4.026301e-21   -1.120951e-34
   75  180    2.370376e-20   -1.014122e-33
   75  181    9.748154e-17   -1.614700e-30
   75  182    9.659117e-17   -1.170965e-30
   75  183    5.120649e-14   -5.427363e-28
   75  184    9.781028e-16    5.336644e-28
   75  185    2.598383e-13   -2.221432e-27
   75  186    3.672668e-16    2.222418e-27
   75  187    2.065518e-15   -8.283040e-30
   75  188    5.361732e-19    1.273107e-29
   75  189    1.556689e-21    1.030655e-32
   75  190    9.033177e-26    0.000000e+00
   75  191    3.529670e-30    0.000000e+00
   76  179    1.265724e-28   -3.094067e-42
   76  180    1.111148e-23   -1.484062e-37
   76  181    2.584319e-22   -5.642373e-36
   76  182    3.585234e-18   -3.389637e-32
   76  183    2.762005e-17   -5.022825e-31
   76  184    2.605366e-14   -1.640831e-28
   76  185    6.896845e-15    8.914128e-29
   76  186    1.664547e-12   -8.481832e-27
   76  187    9.128849e-15    8.418724e-27
   76  188    1.643825e-12   -4.644813e-27
   76  189    2.394263e-15    4.650729e-27
   76  190    1.218486e-12   -2.019484e-27
   76  191    3.743254e-16    2.088904e-27
   76  192    2.031279e-14   -1.893266e-29
   76  193    1.416490e-18    1.969206e-29
   76  194    8.759364e-22    2.271431e-33
   76  195    2.089422e-26    0.000000e+00
   77  182    1.531142e-29   -7.034518e-43
   77  183    9.977873e-25   -2.424457e-38
   77  184    1.728758e-23   -6.465219e-37
   77  185    1.042167e-19   -1.974078e-33
   77  186    3.358956e-20    8.546314e-34
   77  187    8.022398e-17   -1.183291e-30
   77  188    1.410192e-17    9.090389e-31
   77  189    1.936499e-14   -2.082593e-28
   77  190    4.316533e-16    1.986943e-28
   77  191    3.410075e-13   -2.675816e-27
   77  192    5.792254e-16    2.695439e-27
   77  193    2.887156e-13   -1.615587e-27
   77  194    1.247635e-16    1.604938e-27
   77  195    2.900506e-19    6.575125e-31
   77  196    3.226542e-23    9.185901e-34
   77  197    3.401405e-26    0.000000e+00
   78  185    1.980879e-27   -5.201620e-41
   78  186    5.366914e-23   -6.230120e-37
   78  187    2.223053e-22   -3.573503e-36
   78  188    3.043378e-18   -3.466674e-32
   78  189    4.293037e-18   -5.161492e-32
   78  190    7.100005e-15   -5.127596e-29
   78  191    1.252293e-15    3.194887e-29
   78  192    1.119731e-12   -5.452607e-27
   78  193    8.560088e-15    5.455762e-27
   78  194    1.835922e-12   -4.846761e-27
   78  195    6.573719e-15    4.763142e-27
   78  196    2.198261e-12   -2.827277e-27
   78  197    8.908408e-16    2.937718e-27
   78  198    3.558952e-15    0.000000e+00
   78  199    3.811486e-19    1.911823e-30
   78  200    1.918065e-22    2.972120e-34
   78  201    1.404865e-27    0.000000e+00
   79  189    1.338217e-26   -3.242941e-40
   79  190    2.542997e-25   -6.198896e-39
   79  191    4.072244e-21   -6.695616e-35
   79  192    5.769739e-21   -7.222237e-35
   79  193    3.320158e-17   -4.129194e-31
   79  194    2.391479e-17   -2.157042e-32
   79  195    2.101240e-14   -1.577722e-28
   79  196    3.674268e-15    1.112294e-28
   79  197    6.841676e-13   -2.625329e-27
   79  198    2.038623e-15    2.672661e-27
   79  199    1.127947e-17    1.190071e-29
   79  200    4.773920e-21    1.648701e-32
   79  201    7.295748e-24    1.046484e-35
   79  202    8.390414e-28    0.000000e+00
   80  191    1.065657e-29   -3.699428e-43
   80  192    6.986570e-25   -6.795827e-39
   80  193    1.371640e-23   -2.586088e-37
   80  194    1.807131e-19   -1.179632e-33
   80  195    8.509543e-19   -8.281499e-33
   80  196    2.996483e-15   -1.025519e-29
   80  197    6.913222e-15   -3.076558e-29
   80  198    2.970916e-12   -5.654555e-27
   80  199    4.312859e-13    4.543839e-27
   80  200    4.791873e-12   -3.231174e-27
   80  201    2.038305e-13    4.089455e-27
   80  202    5.305703e-12   -1.615587e-27
   80  203    2.666308e-15    2.115725e-27
   80  204    8.445293e-14   -1.262177e-29
   80  205    2.080961e-18    1.059993e-29
   80  206    1.317845e-22    1.992933e-34
   81  196    5.196934e-27   -1.076197e-40
   81  197    5.666744e-23   -4.466879e-37
   81  198    8.449301e-22   -1.156686e-35
   81  199    3.009970e-18   -1.194077e-32
   81  200    2.479204e-17   -1.725633e-31
   81  201    1.343437e-14   -2.208811e-29
   81  202    6.149912e-14   -1.767048e-28
   81  203    3.216745e-12   -3.231174e-27
   81  204    1.159083e-14    3.224863e-27
   81  205    2.468360e-13   -1.009742e-28
   81  206    1.114620e-16    9.912530e-29
   81  207    2.396133e-20    3.029428e-32
   81  208    1.485091e-29    0.000000e+00
   82  199    2.285663e-26   -2.008901e-40
   82  200    9.888232e-22   -2.068870e-36
   82  201    3.918865e-20   -1.685189e-34
   82  202    2.581210e-16   -2.465190e-31
   82  203    5.595459e-15   -1.104405e-29
   82  204    5.813338e-12   -3.231174e-27
   82  205    8.440998e-12   -1.615587e-27
   82  206    5.496533e-11   -6.462349e-27
   82  207    5.554762e-11    6.462349e-27
   82  208    1.291483e-10    0.000000e+00
   82  209    6.708937e-19    4.502468e-28
   82  210    8.195612e-26    0.000000e+00
   83  202    1.001695e-27   -1.614296e-41
   83  203    1.102801e-23   -8.081524e-38
   83  204    2.730705e-22   -2.115890e-36
   83  205    7.084452e-19   -2.407412e-33
   83  206    9.013758e-18   -2.465190e-32
   83  207    7.955517e-15   -1.104405e-29
   83  208    3.997447e-14   -1.893266e-29
   83  209    3.058638e-12    0.000000e+00
   83  210    2.328106e-19    1.937905e-28
   83  211    1.787668e-26    0.000000e+00
   84  208    2.453668e-30    0.000000e+00
   84  209    7.313863e-30    0.000000e+00
   84  210    1.032124e-27    0.000000e+00
    0    1    3.526264e-26   -7.823135e-27
    1    1    4.975301e-20   -7.624026e-21
    2    4    1.226233e-11   -5.864663e-19
