6.9113e-01
2.8530e-03
1.2464e+00
7.6543e+04
    1    2    3.242036e-25   -2.694304e-25
    4    8    8.951569e-20    1.150332e-20
    5   10    8.024942e-28    1.877072e-28
    5   11    4.866094e-19    1.647167e-20
    5   12    1.914340e-29    5.727381e-30
    6   11    3.002239e-15   -2.221956e-18
    6   12    7.736613e-04    2.042312e-11
    6   13    9.184188e-12    5.177660e-13
    6   14    1.774285e-18    2.330556e-19
    7   13    3.442865e-13   -1.463812e-12
    7   14    5.788083e-13    3.196235e-17
    7   15    9.647703e-18    1.013664e-18
    7   16    1.787712e-28   -1.372946e-28
    8   14    7.252519e-13   -2.098038e-11
    8   15    8.780240e-19    9.557158e-22
    8   16    4.583193e-02    2.347428e-14
    8   17    5.659377e-13    3.199819e-14
    8   18    5.731821e-14    6.356057e-15
    8   19    6.974973e-23    9.691926e-24
    9   17    5.939669e-17   -4.039060e-17
    9   18    1.344450e-16    1.638259e-17
    9   19    2.499840e-19    3.257116e-20
    9   20    5.710068e-26    1.443768e-26
   10   18    4.563659e-22   -4.500537e-25
   10   19    1.873123e-25    2.738884e-26
   10   20    8.353541e-03   -4.099373e-11
   10   21    3.015328e-05   -1.252137e-10
   10   22    3.692214e-06   -1.461788e-11
   10   23    1.073530e-14    6.732294e-16
   10   24    3.795430e-24    4.445713e-25
   11   21    2.618539e-11    1.342765e-12
   11   22    1.527386e-13    9.317109e-15
   11   23    1.457131e-04   -5.409304e-11
   11   24    2.049637e-11    1.145078e-12
   11   25    1.089720e-18    1.128538e-19
   11   26    1.136972e-26    1.743792e-27
   12   22    4.530324e-26    2.644819e-28
   12   23    7.678995e-17    6.745900e-17
   12   24    2.013355e-03    7.015673e-11
   12   25    4.441885e-04    3.665469e-13
   12   26    2.598642e-04    9.221432e-10
   12   27    1.331004e-12    7.439425e-14
   12   28    6.799667e-20    7.056493e-21
   12   29    3.109289e-28    5.010020e-29
   13   24    1.720291e-27    1.463168e-27
   13   25    8.355793e-13    5.471944e-14
   13   26    1.406878e-04   -1.112855e-09
   13   27    2.011965e-04   -4.914088e-13
   13   28    4.935048e-11    3.169909e-12
   13   29    6.426261e-18    7.126808e-19
   13   30    1.101015e-25    1.655781e-26
   14   26    3.125304e-23    4.478536e-24
   14   27    2.969725e-09    2.317844e-10
   14   28    2.358161e-04    9.635401e-11
   14   29    6.520027e-05    1.642321e-11
   14   30    2.844623e-05    1.034277e-11
   14   31    1.090699e-11    6.093146e-13
   14   32    5.810866e-19    5.936110e-20
   14   33    4.258692e-27    6.508593e-28
   15   28    1.577159e-19    2.486036e-20
   15   29    4.906113e-14    6.492172e-15
   15   30    2.306497e-07   -5.642286e-12
   15   31    2.104179e-06    3.307927e-13
   15   32    2.227395e-13    1.245418e-14
   15   33    2.604659e-15    2.107088e-16
   15   34    1.619840e-22    1.804413e-23
   15   35    8.826446e-30    1.297075e-30
   16   29    3.297351e-29    5.820897e-30
   16   30    1.347119e-24    4.512252e-25
   16   31    2.924889e-10   -2.222173e-13
   16   32    1.166124e-06    4.456746e-13
   16   33    2.100973e-08    5.709666e-14
   16   34    2.736457e-07    3.164673e-14
   16   35    5.228034e-14    2.961442e-15
   16   36    3.731694e-20    4.104522e-21
   16   37    2.581789e-28    4.050142e-29
   17   32    1.687245e-23    6.349866e-25
   17   33    2.985037e-25    2.172592e-25
   17   34    1.110251e-15    6.061642e-17
   17   35    1.020448e-08    9.489991e-15
   17   36    6.197772e-15    3.464197e-16
   17   37    8.159265e-21    1.276604e-21
   17   38    3.619979e-28    5.945975e-29
   18   35    3.747003e-22    3.957959e-23
   18   36    8.448030e-10    3.583372e-17
   18   37    4.172243e-16    2.361743e-17
   18   38    2.659022e-10    4.993290e-18
   18   39    5.846174e-17    3.289809e-18
   18   40    2.198679e-18    1.862307e-19
   18   41    1.530423e-25    1.734818e-26
   19   37    1.040695e-19   -1.297212e-19
   19   38    5.894698e-24    6.108472e-25
   19   39    3.745239e-12    4.331322e-18
   19   40    2.679779e-18    1.497085e-19
   19   41    6.767776e-23    8.983844e-24
   19   42    8.741820e-29    4.890576e-29
   19   43    8.702141e-24    4.564114e-24
   20   38    8.807970e-27    1.211509e-28
   20   40    2.851216e-14    4.573784e-21
   20   41    1.158060e-20    6.470724e-22
   20   42    4.763919e-08   -2.857850e-15
   20   43    1.463411e-08   -1.629635e-16
   20   44    7.048443e-08   -2.310637e-16
   20   45    3.758618e-14    2.101087e-15
   20   46    2.020421e-10   -5.652266e-18
   20   47    6.602976e-17    3.688624e-18
   20   48    2.292638e-09   -4.528379e-17
   20   49    1.233790e-16    6.894821e-18
   20   50    3.470377e-24    3.593712e-25
   21   41    3.006352e-27    1.615740e-28
   21   42    2.866927e-29    3.532209e-30
   21   43    4.165916e-15    3.429097e-16
   21   44    1.701499e-15    1.527090e-16
   21   45    6.669465e-09   -1.411251e-15
   21   46    3.629454e-14    2.027517e-15
   21   47    2.082814e-17    2.081111e-18
   21   48    2.452558e-16    3.165985e-17
   21   49    9.239582e-17    6.727965e-18
   21   50    5.536245e-24    6.304562e-25
   22   44    3.380737e-23    5.989589e-24
   22   45    6.923097e-22    3.399315e-22
   22   46    2.020418e-08   -1.814331e-15
   22   47    7.854395e-09    7.898309e-17
   22   48    1.436026e-08    1.795139e-16
   22   49    1.733388e-08    1.465140e-16
   22   50    5.602376e-08    3.946156e-16
   22   51    1.354150e-14    7.568822e-16
   22   52    1.728771e-21    1.796001e-22
   22   53    8.665882e-29    1.318074e-29
   23   47    4.479633e-16    4.295007e-17
   23   48    2.057135e-16    2.123774e-17
   23   49    3.882550e-16    4.568372e-17
   23   50    2.423213e-15    4.378762e-17
   23   51    4.904029e-09   -5.605156e-16
   23   52    1.243963e-14    6.955005e-16
   23   53    4.913271e-21    4.841277e-22
   23   54    5.838367e-28    8.233119e-29
   24   48    7.333225e-25    1.165203e-25
   24   49    1.456961e-24    3.193519e-25
   24   50    9.383948e-13   -1.660340e-19
   24   51    6.980931e-18    1.145338e-18
   24   52    5.579285e-08   -1.874663e-15
   24   53    1.074040e-08   -2.666495e-16
   24   54    1.369099e-07   -1.157163e-15
   24   55    5.536686e-14    3.095753e-15
   24   56    1.526673e-20    1.528732e-21
   24   57    1.153383e-27    1.726931e-28
   25   51    4.636628e-21    4.981845e-22
   25   52    2.678393e-26    5.815310e-27
   25   53    3.167959e-16    3.682252e-17
   25   54    7.406198e-17    8.876995e-18
   25   55    3.456002e-08   -4.483009e-15
   25   56    8.268210e-14    4.618960e-15
   25   57    8.174009e-20    7.871314e-21
   25   58    1.808263e-26    2.623926e-27
   26   52    2.129081e-30    3.897145e-31
   26   54    4.446322e-09   -4.373600e-16
   26   55    7.921759e-15    4.535245e-16
   26   56    1.766819e-06   -7.845860e-14
   26   57    9.986683e-07   -4.022286e-14
   26   58    5.174606e-06   -1.114463e-13
   26   59    4.062074e-12    2.269197e-13
   26   60    2.231077e-18    2.248019e-19
   26   61    2.502124e-25    3.744584e-26
   27   55    4.931213e-18    5.732581e-19
   27   56    1.395493e-23    2.415535e-24
   27   57    3.116452e-15    4.204101e-16
   27   58    2.769899e-15    3.427093e-16
   27   59    2.034756e-06   -2.587999e-13
   27   60    4.668249e-12    2.607866e-13
   27   61    9.659005e-18    9.756768e-19
   27   62    4.813974e-24    7.165997e-25
   27   63    5.654316e-30    1.529538e-30
   28   56    3.832000e-28    7.400427e-29
   28   58    6.192266e-10   -7.900152e-17
   28   59    1.446437e-15    9.011442e-17
   28   60    2.667793e-06   -2.750264e-13
   28   61    1.015184e-06   -6.331811e-15
   28   62    2.259022e-06    1.101343e-14
   28   63    4.840752e-12    2.704569e-13
   28   64    1.389651e-06   -4.858981e-14
   28   65    8.720186e-13    4.871460e-14
   28   66    4.148574e-19    4.196979e-20
   28   67    3.529109e-26    5.323421e-27
   29   59    2.063113e-19    2.643464e-20
   29   60    5.197781e-25    1.077076e-25
   29   61    1.473417e-15    2.037349e-16
   29   62    1.024091e-15    1.481208e-16
   29   63    8.717933e-07   -2.731489e-13
   29   64    4.892577e-12    2.733144e-13
   29   65    1.075837e-06   -1.920397e-13
   29   66    3.437663e-12    1.921564e-13
   29   67    1.247607e-17    1.336528e-18
   29   68    7.691450e-24    1.167952e-24
   29   69    3.485056e-26    6.122280e-27
   30   60    7.134701e-30    1.554968e-30
   30   62    3.370270e-25    9.114934e-26
   30   63    8.282192e-25    4.369136e-25
   30   64    8.425417e-07   -1.677593e-13
   30   65    2.999344e-12    1.675535e-13
   30   66    1.302064e-06   -1.535066e-13
   30   67    2.837025e-07    6.845063e-15
   30   68    1.322621e-06    6.054272e-14
   30   69    1.531555e-12    8.556156e-14
   30   70    1.327707e-10   -5.359859e-18
   30   71    1.404417e-16    7.938944e-18
   30   72    1.620257e-22    1.635657e-23
   30   73    3.305305e-29    5.004685e-30
   31   65    2.853530e-16    4.241965e-17
   31   66    1.487636e-21    3.168707e-22
   31   67    7.628174e-16    1.188844e-16
   31   68    1.870373e-16    2.847754e-17
   31   69    1.594865e-07   -7.829562e-14
   31   70    1.403644e-12    7.843423e-14
   31   71    1.407628e-07   -5.927876e-14
   31   72    1.060927e-12    5.926630e-14
   31   73    6.739315e-18    6.766775e-19
   31   74    6.771822e-24    9.743985e-25
   31   75    9.508617e-30    1.746306e-30
   32   66    2.914045e-26    8.390303e-27
   32   68    2.008589e-24    6.634482e-25
   32   69    1.485807e-21    8.143518e-22
   32   70    2.286672e-07   -6.677698e-14
   32   71    1.195514e-12    6.679133e-14
   32   72    2.362104e-07   -4.997801e-14
   32   73    4.522515e-08    3.058211e-14
   32   74    1.757500e-07   -1.281944e-14
   32   75    5.762666e-13    3.219250e-14
   32   76    1.249213e-11   -5.427206e-19
   32   77    1.204509e-17    6.729111e-19
   32   78    1.510617e-23    1.512945e-24
   32   79    2.443859e-30    3.741865e-31
   33   71    5.955694e-17    9.779927e-18
   33   72    7.685810e-22    1.423117e-22
   33   73    8.623777e-17    1.461325e-17
   33   74    8.785614e-18    1.218009e-18
   33   75    2.000779e-08   -3.879218e-14
   33   76    6.946121e-13    3.880240e-14
   33   77    6.657520e-18    6.364366e-19
   33   78    1.477341e-23    2.068632e-24
   33   79    8.608070e-29    1.601237e-29
   34   72    5.594855e-27    1.780913e-27
   34   74    1.831661e-24    2.430384e-26
   34   75    6.536400e-19    1.830136e-19
   34   76    4.988920e-08   -2.094526e-14
   34   77    1.818963e-08    7.351305e-15
   34   78    7.041441e-08   -4.746282e-15
   34   79    3.240106e-13    1.833728e-14
   34   80    4.239286e-09   -6.276227e-16
   34   81    1.123635e-14    6.277325e-16
   34   82    3.172073e-12   -1.982454e-19
   34   83    3.629582e-18    2.027927e-19
   34   84    2.574885e-24    2.679308e-25
   35   76    3.857402e-29    1.564897e-29
   35   77    6.226790e-18    1.103149e-18
   35   78    2.235677e-18    3.791476e-19
   35   79    8.344990e-09   -1.786171e-14
   35   80    3.196990e-13    1.786186e-14
   35   81    7.274550e-09   -7.759907e-15
   35   82    1.389205e-13    7.760416e-15
   35   83    1.669620e-18    1.706912e-19
   35   84    3.020086e-24    4.504742e-25
   35   85    8.372743e-30    1.584615e-30
   36   78    8.138619e-26    1.260853e-27
   36   79    2.196804e-21    9.726691e-22
   36   80    2.125873e-08   -1.594427e-14
   36   81    2.802680e-13    1.594441e-14
   36   82    5.111886e-08   -2.134074e-14
   36   83    1.566943e-08    8.588363e-15
   36   84    5.823899e-08    1.628245e-16
   36   85    2.193951e-13    1.258899e-14
   36   86    4.641500e-10   -1.242204e-17
   36   87    2.198097e-16    1.249643e-17
   36   88    9.600282e-23    1.017843e-23
   36   89    1.530799e-29    2.377957e-30
   37   81    7.519123e-19    1.446980e-19
   37   82    2.305825e-23    4.746272e-24
   37   83    2.118678e-18    4.136886e-19
   37   84    4.899221e-19    8.493705e-20
   37   85    8.462204e-09   -1.128107e-14
   37   86    2.072118e-13    1.128114e-14
   37   87    5.853041e-11   -7.841255e-18
   37   88    1.488708e-16    8.176648e-18
   37   89    3.478908e-22    3.483825e-23
   37   90    4.407754e-28    6.544290e-29
   38   82    9.191007e-30    3.392756e-30
   38   84    2.620183e-24    2.752150e-29
   38   85    8.330426e-21    2.850951e-21
   38   86    1.977558e-08   -1.418832e-14
   38   87    1.264906e-08    1.146857e-15
   38   88    3.410557e-08    1.124323e-14
   38   89    3.153173e-14    1.798107e-15
   38   90    3.647204e-20    3.859086e-21
   38   91    1.621657e-26    2.549565e-27
   39   87    2.638962e-19    5.315332e-20
   39   88    1.805635e-19    3.675473e-20
   39   89    5.047059e-09   -1.413051e-15
   39   90    2.463198e-14    1.413108e-15
   39   91    1.596220e-19    1.679480e-20
   39   92    2.767650e-25    4.402838e-26
   40   88    1.285024e-30    4.927968e-31
   40   89    2.777807e-26    1.746472e-26
   40   90    2.223158e-09   -3.704634e-16
   40   91    5.705738e-10    1.348221e-16
   40   92    6.513648e-10    8.844261e-17
   40   93    1.936313e-10    5.316692e-17
   40   94    4.140054e-10   -1.779089e-18
   40   95    1.617627e-15    9.580161e-17
   40   96    7.701175e-13   -4.097994e-20
   40   97    6.902007e-19    4.152035e-20
   40   98    3.127068e-25    3.593073e-26
   41   91    9.491329e-21    1.971157e-21
   41   92    2.157530e-21    4.431098e-22
   41   93    7.196434e-14   -9.116944e-20
   41   94    1.655466e-18    9.184303e-20
   41   95    9.514777e-22    1.642009e-22
   41   96    1.533758e-21    6.602917e-24
   41   97    2.806496e-24    6.734708e-26
   41   98    8.503552e-28    2.105397e-29
   42   92    3.795059e-17   -1.617987e-23
   42   93    2.841600e-22    1.619082e-23
   42   94    1.277127e-13   -6.080334e-20
   42   95    3.569856e-11   -4.152753e-17
   42   96    8.222243e-11    1.044074e-18
   42   97    2.578431e-11    1.204343e-17
   42   98    7.544027e-11    5.377183e-18
   42   99    3.988729e-16    2.311946e-17
   42  100    1.700837e-15    9.124580e-22
   42  101    5.870500e-21    3.330208e-22
   42  102    1.819128e-26    1.790949e-27
   43   93    5.886966e-29    1.264495e-29
   43   95    3.811511e-25    1.360915e-25
   43   96    4.314615e-23    9.544125e-24
   43   97    9.843774e-23    2.327670e-23
   43   98    5.043436e-24    9.771370e-25
   43   99    2.728344e-13   -4.488827e-19
   43  100    8.276921e-18    4.468062e-19
   43  101    2.327707e-22    2.217046e-23
   43  102    1.236627e-27    1.810301e-28
   44   96    3.532880e-26    2.275757e-32
   44   98    6.627097e-24    1.750769e-27
   44   99    8.073848e-12   -1.478202e-17
   44  100    3.391426e-11   -8.127114e-18
   44  101    7.022976e-12    1.226432e-17
   44  102    1.462462e-14    1.063771e-17
   44  103    1.205050e-19    6.853965e-21
   44  104    1.748972e-18    1.527202e-20
   44  105    4.476578e-24    5.504742e-25
   44  106    1.582431e-29    2.825431e-30
   45   99    4.884133e-27    2.554432e-27
   45  100    1.350174e-24    3.128803e-25
   45  101    6.304080e-24    1.568819e-24
   45  102    3.591435e-25    6.896096e-26
   45  103    7.468856e-12   -1.785145e-17
   45  104    3.266737e-16    1.781955e-17
   45  105    1.349956e-20    1.357492e-21
   45  106    1.776256e-25    2.592294e-26
   45  107    3.719418e-29    5.656817e-30
   46  103    5.121977e-25    1.401423e-25
   46  104    2.116244e-11   -2.211242e-17
   46  105    4.945071e-12    7.875270e-18
   46  106    2.265108e-11   -3.046470e-18
   46  107    3.002831e-16    1.729814e-17
   46  108    2.501037e-11   -1.346286e-17
   46  109    2.350276e-16    1.346708e-17
   46  110    1.000748e-14    2.549532e-20
   46  111    6.348601e-20    3.639408e-21
   46  112    6.852163e-25    6.886508e-26
   47  105    1.107225e-24    2.906385e-25
   47  106    1.978199e-25    4.565450e-26
   47  107    4.291263e-12   -1.571271e-17
   47  108    2.752038e-16    1.570344e-17
   47  109    6.598763e-12   -2.014981e-17
   47  110    3.586014e-16    2.009222e-17
   47  111    1.746320e-20    1.776825e-21
   47  112    2.688163e-25    3.977554e-26
   47  113    2.633311e-30    8.638851e-31
   48  107    1.063812e-26    4.397408e-27
   48  108    3.603300e-13   -4.804100e-19
   48  109    8.369645e-18    4.840755e-19
   48  110    1.909865e-11   -2.127106e-17
   48  111    4.587658e-12    8.218154e-18
   48  112    2.054437e-11   -3.843412e-18
   48  113    2.874045e-16    1.692446e-17
   48  114    3.413697e-11   -1.803920e-17
   48  115    3.066184e-16    1.805353e-17
   48  116    2.673536e-15   -4.478079e-22
   48  117    1.549074e-20    9.136012e-22
   48  118    1.303413e-25    1.349238e-26
   49  109    6.014233e-27    1.618848e-27
   49  111    3.689349e-25    1.035234e-25
   49  112    6.901492e-26    1.732608e-26
   49  113    6.099413e-12   -3.063486e-17
   49  114    5.150293e-16    3.060319e-17
   49  115    3.259210e-20    3.410390e-21
   49  116    7.865917e-25    1.255889e-25
   49  117    3.859546e-25    3.428796e-27
   49  118    6.972517e-30    1.061627e-30
   50  112    1.518468e-24   -2.057928e-30
   50  113    1.448113e-26    5.420495e-27
   50  114    1.053077e-13   -8.537418e-20
   50  115    5.384708e-12   -1.089406e-17
   50  116    3.958553e-11   -1.243060e-17
   50  117    8.542263e-12    1.060159e-17
   50  118    4.908853e-11   -4.835296e-18
   50  119    1.176977e-11    4.473617e-18
   50  120    6.577787e-11   -1.141765e-18
   50  121    2.437116e-16    1.432586e-17
   50  122    5.075911e-13   -6.652377e-20
   50  123    1.147678e-18    6.668645e-20
   50  124    5.881518e-14   -4.189564e-21
   50  125    7.268074e-20    4.189937e-21
   50  126    9.904435e-26    1.035684e-26
   51  115    5.817895e-28    1.632080e-28
   51  116    3.089238e-26    8.729007e-27
   51  117    2.236265e-25    6.426484e-26
   51  118    5.199827e-26    1.458952e-26
   51  119    3.503441e-25    1.025911e-25
   51  120    4.809449e-26    1.279826e-26
   51  121    3.464131e-12   -8.541858e-18
   51  122    1.478981e-16    8.541070e-18
   51  123    8.946616e-14   -1.505483e-19
   51  124    2.673617e-18    1.513340e-19
   51  125    5.241368e-23    5.267839e-24
   51  126    2.904910e-28    4.437110e-29
   52  120    1.000424e-30    1.631304e-38
   52  121    3.025994e-27    1.216188e-27
   52  122    9.020007e-12   -1.260021e-17
   52  123    3.001316e-12    2.929446e-18
   52  124    1.532904e-11   -2.763532e-18
   52  125    5.674427e-12    1.705550e-18
   52  126    2.620157e-11   -9.310836e-19
   52  127    1.961745e-16    1.165958e-17
   52  128    5.697709e-13   -1.101991e-19
   52  129    1.889090e-18    1.105876e-19
   52  130    1.846934e-12   -1.577224e-19
   52  131    2.721330e-18    1.577192e-19
   52  132    3.529556e-24    3.776543e-25
   53  123    3.590323e-26    1.137000e-26
   53  124    8.737382e-27    2.433394e-27
   53  125    8.694401e-26    2.623258e-26
   53  126    6.233701e-27    1.927800e-27
   53  127    3.615559e-12   -8.167489e-18
   53  128    1.466382e-16    8.166768e-18
   53  129    3.665791e-21    3.605509e-22
   53  130    3.788173e-26    7.237058e-27
   53  131    4.060615e-22    3.587716e-24
   53  132    1.643787e-27    1.980903e-28
   54  126    1.587975e-27    1.024181e-39
   54  127    8.259138e-27    2.901696e-27
   54  128    9.378767e-12   -1.256804e-17
   54  129    4.878039e-12    7.863703e-19
   54  130    1.462163e-11    2.001367e-18
   54  131    6.636394e-12    3.612225e-19
   54  132    4.009274e-11   -1.633224e-18
   54  133    1.880000e-16    1.105238e-17
   54  134    1.269192e-13   -1.558042e-20
   54  135    2.708372e-19    1.568190e-20
   54  136    8.091665e-12   -4.879802e-20
   54  137    8.382008e-19    4.879080e-20
   54  138    1.280610e-25    1.369804e-26
   55  129    2.127522e-26    7.126449e-27
   55  130    6.424917e-27    1.837046e-27
   55  131    4.638246e-26    1.450040e-26
   55  132    3.301171e-27    1.069227e-27
   55  133    4.580732e-12   -8.640350e-18
   55  134    1.569145e-16    8.640021e-18
   55  135    3.324626e-21    3.295099e-22
   55  136    3.946783e-26    8.978356e-27
   55  137    8.187803e-22    7.239441e-24
   55  138    2.013131e-28    2.472744e-29
   56  132    1.667374e-27    3.802564e-41
   56  133    5.308215e-27    1.792320e-27
   56  134    1.045202e-11   -1.067589e-17
   56  135    5.105877e-12    9.338000e-19
   56  136    3.449985e-11   -4.477037e-18
   56  137    4.228065e-11   -2.123852e-18
   56  138    3.979949e-10    6.935289e-18
   56  139    1.585858e-16    9.407613e-18
   56  140    1.184639e-22    1.298114e-23
   56  141    3.009344e-29    4.870166e-30
   57  135    4.451205e-27    1.541979e-27
   57  136    8.705369e-28    2.237186e-28
   57  137    4.153628e-26    1.368835e-26
   57  138    3.434433e-25    3.894555e-26
   57  139    3.735383e-11   -7.325196e-18
   57  140    1.333448e-16    7.325200e-18
   57  141    5.720832e-22    5.688393e-23
   57  142    1.303759e-27    1.938206e-28
   58  138    2.102298e-25   -2.568018e-31
   58  139    4.619568e-24    3.476825e-25
   58  140    9.289638e-11   -8.575698e-18
   58  141    1.426812e-16    8.577321e-18
   58  142    9.158788e-14   -1.480580e-20
   58  143    2.445580e-19    1.488424e-20
   58  144    6.516766e-25    7.141145e-26
   59  141    7.804619e-12   -6.118348e-18
   59  142    1.080619e-16    6.118171e-18
   59  143    1.723268e-21    1.734375e-22
   59  144    1.349432e-26    2.027576e-27
   60  141    6.695332e-29    3.375411e-29
   60  142    1.831752e-11   -6.478519e-18
   60  143    3.281130e-12    1.323792e-18
   60  144    6.940471e-12    1.468496e-18
   60  145    1.586900e-12    1.475692e-18
   60  146    4.721181e-12   -4.996808e-20
   60  147    3.725268e-17    2.259507e-18
   60  148    1.554703e-15   -5.558511e-22
   60  149    1.003693e-20    5.891388e-22
   60  150    2.527816e-21    8.420267e-27
   60  151    1.681513e-26    9.627049e-28
   61  143    6.497756e-28    2.250025e-28
   61  144    5.436313e-29    1.724549e-29
   61  145    5.635129e-28    1.787272e-28
   61  146    4.864096e-28    2.174556e-28
   61  147    1.127753e-23    1.775384e-24
   61  148    7.912215e-24    4.830163e-25
   61  149    3.654228e-25    3.692582e-27
   61  150    3.889317e-28    3.381167e-29
   61  151    7.534991e-30    8.467704e-31
   62  144    3.536163e-20   -3.612284e-26
   62  145    5.860716e-25    3.612036e-26
   62  146    9.049999e-24    7.871034e-24
   62  147    7.485563e-13   -3.457434e-18
   62  148    2.697089e-12   -3.535766e-19
   62  149    4.962163e-13    2.271286e-18
   62  150    1.600675e-12   -3.794986e-19
   62  151    3.169566e-17    1.918425e-18
   62  152    2.626057e-13   -3.331521e-19
   62  153    5.620097e-18    3.332295e-19
   62  154    1.429156e-15   -1.243106e-21
   62  155    2.128652e-20    1.256567e-21
   62  156    1.291993e-25    1.357299e-26
   63  147    9.928477e-30    4.841579e-30
   63  148    1.173062e-29    3.424393e-30
   63  149    1.349512e-28    4.516614e-29
   63  150    4.717140e-29    3.952489e-29
   63  151    1.722381e-13   -1.095994e-18
   63  152    2.035771e-17    1.095769e-18
   63  153    2.281815e-13   -1.040418e-18
   63  154    1.984602e-17    1.040479e-18
   63  155    1.609667e-21    1.617404e-22
   63  156    3.300818e-26    4.810251e-27
   63  157    2.389115e-30    2.801401e-31
   64  151    2.161636e-29    9.118105e-30
   64  152    5.982501e-13   -1.842418e-18
   64  153    2.988828e-17    1.842162e-18
   64  154    7.795116e-13   -2.413651e-18
   64  155    2.575408e-13    9.218560e-19
   64  156    1.090189e-12   -1.193828e-18
   64  157    4.772895e-13    1.187203e-18
   64  158    2.906262e-12   -2.139923e-18
   64  159    6.061893e-17    3.638477e-18
   64  160    8.753670e-17    1.339574e-23
   64  161    1.229582e-21    7.307808e-23
   64  162    9.059073e-27    9.469473e-28
   65  153    6.705503e-30    2.100910e-30
   65  155    2.618895e-29    8.819253e-30
   65  156    1.616885e-30    5.086027e-31
   65  157    3.892033e-29    1.231330e-29
   65  158    1.392716e-28    8.345580e-29
   65  159    3.705693e-13   -1.563491e-18
   65  160    2.800853e-17    1.563316e-18
   65  161    1.726827e-21    1.768950e-22
   65  162    2.958931e-26    4.461489e-27
   66  156    1.026076e-30   -1.860574e-42
   66  158    8.863764e-14   -4.506999e-19
   66  159    7.536265e-18    4.506465e-19
   66  160    8.753254e-13   -2.792965e-18
   66  161    3.287320e-13    1.442459e-18
   66  162    1.358577e-12   -1.547423e-18
   66  163    2.449245e-13    2.225104e-18
   66  164    6.033085e-13    1.704199e-19
   66  165    8.479244e-18    5.024488e-19
   66  166    7.798305e-23    7.966294e-24
   66  167    2.331738e-28    3.687473e-29
   67  161    9.682684e-30    3.342957e-30
   67  163    8.771725e-30    2.821944e-30
   67  164    1.488983e-28    1.336383e-28
   67  165    4.844148e-13   -1.873355e-18
   67  166    3.304190e-17    1.873095e-18
   67  167    2.680134e-21    2.634637e-22
   67  168    3.619838e-26    5.444224e-27
   68  164    6.709678e-13   -2.904617e-18
   68  165    4.837002e-17    2.904322e-18
   68  166    1.024490e-12   -2.497328e-18
   68  167    4.067725e-13    9.803193e-19
   68  168    1.667366e-12   -5.721697e-19
   68  169    3.472234e-17    2.089431e-18
   68  170    3.289590e-15   -2.367042e-21
   68  171    4.023589e-20    2.408838e-21
   68  172    2.818405e-25    2.979551e-26
   69  167    2.916620e-30    1.010250e-30
   69  168    1.860714e-28    1.706971e-28
   69  169    5.321467e-13   -1.796408e-18
   69  170    3.157026e-17    1.796265e-18
   69  171    1.342743e-21    1.426764e-22
   69  172    9.194169e-26    7.599301e-27
   69  173    1.471063e-27    9.543960e-29
   70  168    1.012334e-30   -1.789283e-42
   70  169    1.135520e-29    9.226183e-30
   70  170    8.238345e-13   -2.663899e-18
   70  171    4.206643e-13    1.172641e-18
   70  172    1.395923e-12   -1.180074e-18
   70  173    6.939471e-13    8.553730e-19
   70  174    3.156501e-12   -7.432175e-19
   70  175    4.190889e-17    2.559118e-18
   70  176    1.591571e-15   -7.368240e-22
   70  177    1.321054e-20    7.960824e-22
   70  178    8.814459e-26    9.262602e-27
   71  173    1.850059e-30    6.595488e-31
   71  174    1.612185e-27    1.474742e-27
   71  175    4.567361e-13   -1.607653e-18
   71  176    8.815616e-16    1.603097e-18
   71  177    8.153922e-20    4.556338e-21
   71  178    1.668861e-24    1.749980e-25
   71  179    4.144962e-29    6.348651e-30
   72  175    1.122321e-28    1.036920e-28
   72  176    1.193637e-12   -3.115314e-18
   72  177    3.951048e-13    1.483300e-18
   72  178    1.686090e-12   -1.239975e-18
   72  179    4.801130e-13    1.472050e-18
   72  180    2.773386e-12   -9.047009e-19
   72  181    3.782782e-17    2.304804e-18
   72  182    2.803060e-22    3.093103e-23
   72  183    7.614417e-28    1.239372e-28
   73  179    9.357370e-26    8.214987e-26
   73  180    3.439876e-15   -2.387814e-20
   73  181    7.185026e-13   -1.915161e-18
   73  182    3.442579e-17    1.938697e-18
   73  183    1.081735e-21    1.105990e-22
   73  184    1.177621e-26    1.780444e-27
   74  180    5.385297e-14   -2.010289e-19
   74  181    3.204652e-18    2.010405e-19
   74  182    1.813899e-12   -3.547675e-18
   74  183    9.293753e-13    1.402302e-18
   74  184    2.060655e-12   -2.335366e-19
   74  185    3.894689e-17    2.378874e-18
   74  186    8.067854e-14   -4.970111e-20
   74  187    8.261766e-19    4.975749e-20
   74  188    6.630866e-24    7.164104e-25
   74  189    8.421716e-30    1.375848e-30
   75  184    1.019745e-27    9.352549e-28
   75  185    3.076754e-13   -1.311368e-18
   75  186    2.257891e-17    1.311237e-18
   75  187    6.954492e-15   -1.842974e-20
   75  188    3.287585e-19    1.855792e-20
   75  189    2.226181e-23    2.257048e-24
   75  190    2.247975e-28    3.387075e-29
   76  185    5.829416e-29    5.419095e-29
   76  186    1.075672e-12   -3.248463e-18
   76  187    5.077190e-13    1.109889e-18
   76  188    1.117501e-12    2.872133e-19
   76  189    3.858858e-13    6.185593e-19
   76  190    1.474308e-12   -1.765991e-19
   76  191    2.328859e-17    1.409350e-18
   76  192    3.121090e-14   -1.440821e-20
   76  193    2.485469e-19    1.445701e-20
   76  194    1.297631e-24    1.385813e-25
   76  195    1.918709e-30    3.183395e-31
   77  190    1.514231e-28    1.398065e-28
   77  191    3.294364e-13   -1.317174e-18
   77  192    2.260165e-17    1.317017e-18
   77  193    3.208475e-13   -7.796231e-19
   77  194    1.392099e-17    7.797502e-19
   77  195    2.738483e-22    2.971904e-23
   77  196    2.552848e-27    3.961299e-28
   78  190    1.000424e-30   -4.967778e-42
   78  191    6.078504e-30    5.688453e-30
   78  192    1.094161e-12   -3.242873e-18
   78  193    5.249911e-17    3.242631e-18
   78  194    1.340741e-12   -2.040408e-18
   78  195    3.996777e-13    1.354569e-18
   78  196    2.342814e-12   -9.963963e-19
   78  197    2.809841e-17    1.682458e-18
   78  198    4.390731e-15   -1.141745e-21
   78  199    1.984706e-20    1.160450e-21
   78  200    4.720777e-26    4.964790e-27
   79  196    1.479751e-28    1.369236e-28
   79  197    7.109391e-13   -1.289911e-18
   79  198    2.224467e-17    1.289866e-18
   79  199    4.397368e-22    4.535042e-23
   79  200    1.666179e-27    2.541044e-28
   80  196    1.378088e-17   -2.921129e-23
   80  197    4.694686e-22    2.920978e-23
   80  198    2.319126e-12   -2.323173e-18
   80  199    1.055742e-12    1.155527e-18
   80  200    3.396435e-12   -2.921765e-19
   80  201    1.493188e-12    1.050820e-18
   80  202    5.447844e-12   -6.021944e-19
   80  203    1.778879e-17    1.011194e-18
   80  204    8.827263e-14   -4.709261e-21
   80  205    8.536030e-20    4.711263e-21
   80  206    2.644774e-26    2.675633e-27
   81  202    9.632918e-28    8.856333e-28
   81  203    3.296939e-12   -1.386746e-18
   81  204    2.498193e-17    1.386736e-18
   81  205    2.532774e-13   -3.585237e-20
   81  206    6.696916e-19    3.585761e-20
   81  207    5.724273e-25    5.591293e-26
   82  203    1.049723e-29    9.747106e-30
   82  204    4.899111e-12   -1.425426e-18
   82  205    9.272210e-12   -5.877115e-19
   82  206    4.705874e-11   -2.835571e-18
   82  207    6.282861e-11    2.518569e-18
   82  208    1.298628e-10    2.060899e-18
   82  209    4.495101e-18    2.692455e-19
   82  210    3.720661e-25    3.883967e-26
   83  208    2.872714e-27    2.606987e-27
   83  209    3.106579e-12   -7.416674e-20
   83  210    1.352799e-18    7.416742e-20
   83  211    5.288743e-25    5.402858e-26
   84  210    7.048852e-25    6.178476e-27
   84  211    1.368263e-30    4.192934e-33
    0    1    1.056954e-16    3.528550e-17
    1    1    2.672904e-13   -1.036953e-13
    2    4    1.437960e-08   -3.527813e-10
