7.4314e-01
9.7469e-04
1.9851e+00
2.1153e+05
    1    2    5.193607e-26    6.183363e-27
    3    6    3.111043e-27    1.192313e-27
    3    7    7.927612e-27    2.984018e-27
    4    7    1.334742e-25    3.622793e-26
    4    8    3.996719e-18    4.778496e-19
    4   10    3.210060e-26    7.960679e-27
    5   10    5.676515e-24    1.491247e-24
    5   11    4.875577e-18    5.072778e-19
    5   12    2.845555e-29    3.458353e-30
    6   11    2.775053e-15   -1.791853e-17
    6   12    7.733108e-04   -4.746757e-08
    6   13    9.993499e-11    3.516031e-12
    6   14    6.361122e-15    1.850423e-15
    7   13    8.282533e-16    2.326631e-17
    7   14    5.795921e-13    1.073091e-16
    7   15    2.037676e-14    5.076705e-15
    7   16    2.410252e-27    6.595799e-28
    8   14    1.423505e-21   -2.488808e-23
    8   15    1.053123e-18    2.755535e-20
    8   16    4.583192e-02   -9.016982e-10
    8   17    8.247536e-11    1.481761e-11
    8   18    1.616204e-11    2.528737e-12
    8   19    2.917022e-20    4.761310e-21
    8   20    1.639582e-28    4.610089e-29
    9   17    5.647560e-17    3.604744e-18
    9   18    2.677241e-15    4.211564e-16
    9   19    2.722445e-16    6.483866e-17
    9   20    5.278704e-21    1.440613e-21
    9   21    9.696390e-23    2.641608e-23
   10   18    6.257774e-23   -2.117750e-23
   10   19    1.036247e-22    2.469394e-23
   10   20    8.353616e-03    1.044498e-08
   10   21    3.012259e-05   -3.564079e-09
   10   22    3.687535e-06   -5.579458e-10
   10   23    3.252722e-13    4.022698e-14
   10   24    1.695155e-20    4.732766e-21
   10   25    2.668510e-29    7.534342e-30
   11   21    3.600974e-13    5.918143e-15
   11   22    3.978134e-12    4.747194e-13
   11   23    1.457711e-04    8.155393e-09
   11   24    4.336401e-10    5.206893e-11
   11   25    1.498212e-15    3.127550e-16
   11   26    3.128524e-22    9.619222e-23
   11   27    5.459234e-29    2.195369e-29
   12   22    4.795433e-26    9.354979e-28
   12   23    7.793987e-09    1.124149e-09
   12   24    2.013387e-03    4.203706e-09
   12   25    4.441778e-04   -1.712932e-09
   12   26    2.599446e-04    8.385708e-09
   12   27    2.792035e-11    3.341417e-12
   12   28    2.873609e-17    6.603933e-18
   12   29    5.995323e-27    1.434441e-27
   13   24    5.296363e-21    8.979210e-22
   13   25    4.245081e-14    8.333550e-16
   13   26    1.404615e-04   -2.781460e-08
   13   27    2.011974e-04    2.193029e-10
   13   28    2.944040e-09    4.108487e-10
   13   29    2.192215e-14    4.427710e-15
   13   30    7.173164e-21    2.209830e-21
   13   31    2.716506e-27    1.096087e-27
   14   26    1.803057e-18    5.535358e-19
   14   27    1.596911e-07    2.053901e-08
   14   28    2.358377e-04    2.506302e-09
   14   29    6.520972e-05    1.223569e-09
   14   30    2.845065e-05    5.770599e-10
   14   31    2.286025e-10    2.733680e-11
   14   32    2.298259e-16    5.230953e-17
   14   33    4.647636e-24    1.066575e-24
   15   28    2.442824e-19    3.690136e-20
   15   29    2.646286e-13    4.769535e-15
   15   30    2.295600e-07   -1.325327e-10
   15   31    2.104242e-06    7.947635e-12
   15   32    5.909353e-12    7.798205e-13
   15   33    2.360841e-13    3.446641e-14
   15   34    2.774835e-19    7.136147e-20
   15   35    2.407962e-25    8.489706e-26
   16   29    1.407521e-28    2.209343e-29
   16   30    8.009177e-18    2.327216e-18
   16   31    2.900416e-10    2.091831e-13
   16   32    1.166457e-06    4.429012e-11
   16   33    2.103427e-08    3.110535e-12
   16   34    2.736724e-07    3.532506e-12
   16   35    1.256372e-12    1.556874e-13
   16   36    1.916171e-17    4.394983e-18
   16   37    2.435373e-25    5.626701e-26
   17   32    2.839494e-23    1.119387e-24
   17   33    2.848774e-18    6.038721e-19
   17   34    1.426998e-14    1.461369e-15
   17   35    1.020734e-08    3.173636e-13
   17   36    1.318356e-13    1.586510e-14
   17   37    2.269833e-16    4.319387e-17
   17   38    2.404294e-22    7.346562e-23
   17   39    6.539407e-28    2.622387e-28
   18   34    7.968521e-25    2.200473e-25
   18   35    6.970838e-20    1.238665e-20
   18   36    8.448245e-10    2.762899e-15
   18   37    9.576874e-15    1.170513e-15
   18   38    2.659214e-10    2.897532e-15
   18   39    1.293031e-15    1.567908e-16
   18   40    2.726103e-16    4.102006e-17
   18   41    3.673444e-22    9.645871e-23
   18   42    7.272307e-28    2.571410e-28
   19   37    1.005277e-21    3.063504e-23
   19   38    3.515612e-21    7.893939e-22
   19   39    3.747010e-12    2.130842e-16
   19   40    5.655354e-17    6.808694e-18
   19   41    1.610971e-19    3.991104e-20
   19   42    4.626564e-21    1.105548e-21
   19   43    1.277332e-18    2.511102e-19
   19   44    5.857515e-24    1.820181e-24
   19   45    7.826034e-29    2.714159e-29
   20   38    4.723925e-27   -4.979938e-28
   20   39    2.244068e-27    7.135363e-28
   20   40    2.851408e-14    2.769216e-19
   20   41    2.665960e-19    3.511740e-20
   20   42    4.763810e-08   -1.365864e-13
   20   43    1.463399e-08   -1.625011e-14
   20   44    7.048404e-08   -5.172521e-14
   20   45    7.936323e-13    9.520616e-14
   20   46    2.020388e-10   -4.283707e-16
   20   47    1.384741e-15    1.657744e-16
   20   48    2.292583e-09   -7.490762e-15
   20   49    1.553957e-15    8.062034e-17
   20   50    9.945644e-22    1.841229e-22
   20   51    8.509900e-30    1.552612e-30
   21   41    7.409533e-28    3.783596e-29
   21   42    2.059945e-26    4.641212e-27
   21   43    2.049587e-13    2.507846e-14
   21   44    1.125406e-13    1.429962e-14
   21   45    6.669237e-09   -2.610655e-14
   21   46    7.611808e-13    9.112330e-14
   21   47    2.566771e-15    3.605022e-16
   21   48    5.138209e-14    7.106119e-15
   21   49    2.634494e-15    3.021840e-16
   21   50    3.200963e-21    7.236800e-22
   21   51    3.164188e-27    1.025152e-27
   22   44    2.743592e-19    6.782430e-20
   22   45    1.839899e-16    3.459232e-17
   22   46    2.020354e-08   -8.137102e-14
   22   47    7.854408e-09    1.374944e-15
   22   48    1.436030e-08    5.280337e-15
   22   49    1.733385e-08   -7.084772e-15
   22   50    5.602377e-08    1.761993e-16
   22   51    2.836532e-13    3.387307e-14
   22   52    7.000992e-19    1.582926e-19
   22   53    6.394030e-25    1.952505e-25
   23   46    1.132554e-23    3.342084e-24
   23   47    3.749835e-14    4.865941e-15
   23   48    2.300778e-14    3.064884e-15
   23   49    1.019349e-13    1.480522e-14
   23   50    4.546206e-14    5.702903e-15
   23   51    4.903940e-09   -9.578978e-15
   23   52    2.610837e-13    3.125170e-14
   23   53    1.602429e-18    3.589973e-19
   23   54    2.975120e-24    9.350881e-25
   23   55    1.141363e-29    4.591811e-30
   24   47    4.702559e-30    1.843891e-30
   24   48    2.664040e-21    6.425623e-22
   24   49    1.631782e-19    3.467736e-20
   24   50    9.383385e-13   -6.923883e-18
   24   51    9.176363e-15    1.428797e-15
   24   52    5.579215e-08   -8.738321e-14
   24   53    1.074028e-08   -1.640613e-14
   24   54    1.369092e-07   -8.684000e-14
   24   55    1.156122e-12    1.374031e-13
   24   56    5.107057e-18    1.141265e-18
   24   57    5.639453e-24    1.604183e-24
   24   58    9.356327e-30    3.544957e-30
   25   50    5.456392e-27    1.730568e-27
   25   51    5.763549e-19    7.713266e-20
   25   52    6.994460e-21    1.883757e-21
   25   53    6.345072e-14    8.964831e-15
   25   54    5.760017e-14    9.595878e-15
   25   55    3.455855e-08   -1.835320e-13
   25   56    1.733626e-12    2.074754e-13
   25   57    2.361932e-17    5.252610e-18
   25   58    9.047469e-23    2.850942e-23
   25   59    7.438953e-28    2.962394e-28
   26   52    1.718322e-26    4.215334e-27
   26   53    4.000918e-25    1.010452e-25
   26   54    4.446164e-09   -1.980836e-14
   26   55    2.299884e-13    2.957042e-14
   26   56    1.766792e-06   -3.147678e-12
   26   57    9.986508e-07   -2.430233e-12
   26   58    5.174561e-06   -5.652294e-12
   26   59    8.506624e-11    1.016283e-11
   26   60    7.647094e-16    1.713308e-16
   26   61    1.540792e-21    4.695130e-22
   26   62    4.607830e-27    1.810971e-27
   27   55    8.071768e-16    1.102208e-16
   27   56    3.001877e-19    7.401343e-20
   27   57    1.383447e-12    2.081063e-13
   27   58    5.983917e-13    8.577078e-14
   27   59    2.034667e-06   -1.117069e-11
   27   60    9.789200e-11    1.171767e-11
   27   61    3.433273e-15    7.624806e-16
   27   62    3.451572e-20    1.096475e-20
   27   63    3.294006e-24    1.023416e-24
   27   64    1.303582e-29    5.076421e-30
   28   56    4.853646e-24    1.211325e-24
   28   57    6.756962e-23    1.691532e-23
   28   58    6.191982e-10   -3.577055e-15
   28   59    4.471893e-13    7.406908e-14
   28   60    2.667697e-06   -1.188028e-11
   28   61    1.015180e-06   -7.026753e-13
   28   62    2.259028e-06    1.038084e-12
   28   63    1.017255e-10    1.218005e-11
   28   64    1.389633e-06   -2.255834e-12
   28   65    1.807640e-11    2.129973e-12
   28   66    1.492679e-16    3.345598e-17
   28   67    2.573814e-22    8.074870e-23
   28   68    7.189059e-28    2.729001e-28
   29   59    7.044880e-18   -8.327724e-20
   29   60    3.447796e-20    9.774695e-21
   29   61    4.863764e-13    6.976412e-14
   29   62    4.014346e-13    5.813481e-14
   29   63    8.716931e-07   -1.287334e-11
   29   64    1.027236e-10    1.230361e-11
   29   65    1.075769e-06   -8.588043e-12
   29   66    7.206369e-11    8.613900e-12
   29   67    5.768659e-15    1.240413e-15
   29   68    7.526002e-20    2.333422e-20
   29   69    2.295846e-22    5.856300e-23
   29   70    3.426536e-28    8.841031e-29
   30   60    4.945207e-26    7.330018e-27
   30   61    1.638635e-27    6.353122e-28
   30   62    4.566640e-20    1.229443e-20
   30   63    1.801593e-17    3.980014e-18
   30   64    8.424816e-07   -7.553419e-12
   30   65    6.306730e-11    7.558005e-12
   30   66    1.302058e-06    3.497955e-12
   30   67    2.836568e-07   -1.010419e-11
   30   68    1.322642e-06    2.695091e-12
   30   69    3.193436e-11    3.791934e-12
   30   70    1.327696e-10    3.311818e-17
   30   71    2.791090e-15    2.927537e-16
   30   72    6.399711e-20    1.426187e-20
   30   73    2.112458e-25    6.147278e-26
   31   63    8.427079e-30    2.337327e-30
   31   64    6.218093e-25    1.840264e-25
   31   65    1.014479e-13    1.235481e-14
   31   66    1.419411e-17    3.429571e-18
   31   67    4.565802e-13    6.864771e-14
   31   68    8.292878e-14    1.204988e-14
   31   69    1.594590e-07   -3.447604e-12
   31   70    2.943484e-11    3.522242e-12
   31   71    1.407420e-07   -2.549471e-12
   31   72    2.181848e-11    2.539465e-12
   31   73    2.227044e-15    4.939886e-16
   31   74    3.818033e-20    1.202596e-20
   31   75    9.267171e-25    3.698667e-25
   31   76    1.778895e-30    9.010017e-31
   32   66    5.269593e-21    1.351508e-21
   32   67    1.375212e-24    4.841507e-25
   32   68    1.072499e-19    2.585144e-20
   32   69    8.715578e-16    1.683697e-16
   32   70    2.286433e-07   -2.998254e-12
   32   71    2.512603e-11    3.009371e-12
   32   72    2.362197e-07    3.632630e-12
   32   73    4.520992e-08   -4.352144e-12
   32   74    1.757443e-07   -7.306972e-13
   32   75    1.203842e-11    1.433268e-12
   32   76    1.249226e-11    5.351155e-17
   32   77    2.485277e-16    2.909527e-17
   32   78    5.074906e-21    1.130291e-21
   32   79    1.741106e-26    5.425158e-27
   33   69    1.911139e-27    5.476012e-28
   33   70    7.312471e-23    2.294671e-23
   33   71    3.830517e-14    5.695993e-15
   33   72    1.143921e-17    2.949682e-18
   33   73    6.727460e-14    1.020138e-14
   33   74    2.700493e-15    3.973441e-16
   33   75    1.999398e-08   -1.731185e-12
   33   76    1.454579e-11    1.737869e-12
   33   77    1.897854e-15    4.212535e-16
   33   78    6.615193e-20    2.079454e-20
   33   79    7.023026e-24    2.772307e-24
   33   80    9.096289e-29    4.114682e-29
   34   71    2.275631e-28    8.224640e-29
   34   72    2.850906e-21    7.904719e-22
   34   73    3.011928e-23    9.719737e-24
   34   74    1.351974e-20    3.922985e-21
   34   75    2.868431e-15    4.626541e-16
   34   76    4.988234e-08   -7.645781e-13
   34   77    1.819256e-08    2.862815e-13
   34   78    7.041140e-08   -4.042090e-13
   34   79    7.255397e-12    8.802419e-13
   34   80    4.239062e-09   -2.805501e-14
   34   81    2.353143e-13    2.811190e-14
   34   82    3.172015e-12   -5.557386e-18
   34   83    6.983370e-17    7.419658e-18
   34   84    9.837364e-22    2.148154e-22
   34   85    4.531547e-29    9.614696e-30
   35   73    1.072628e-29    3.181921e-30
   35   74    1.015798e-30    4.298377e-31
   35   75    1.257493e-25    4.238457e-26
   35   76    1.342339e-21    3.510645e-22
   35   77    6.261190e-15    9.676463e-16
   35   78    1.435309e-15    2.118046e-16
   35   79    8.338614e-09   -8.010859e-13
   35   80    6.700812e-12    8.016012e-13
   35   81    7.271778e-09   -3.480850e-13
   35   82    2.911883e-12    3.483982e-13
   35   83    5.917855e-16    1.325973e-16
   35   84    2.123460e-20    6.764109e-21
   35   85    1.001042e-24    4.020473e-25
   36   76    9.534681e-30    3.727102e-30
   36   77    2.469017e-25    8.155976e-26
   36   78    4.121284e-22    1.226801e-22
   36   79    1.377509e-16    2.452186e-17
   36   80    2.125257e-08   -7.867973e-13
   36   81    6.444408e-12    7.864062e-13
   36   82    5.111085e-08   -9.813542e-13
   36   83    1.567321e-08    4.566373e-13
   36   84    5.823815e-08   -1.259877e-13
   36   85    5.280759e-12    6.499927e-13
   36   86    4.641471e-10   -1.507870e-16
   36   87    3.502970e-15    2.320859e-16
   36   88    3.726971e-20    7.375508e-21
   36   89    1.462615e-26    2.753402e-27
   37   79    4.371977e-28    1.571218e-28
   37   80    6.439615e-24    1.893044e-24
   37   81    9.953783e-16    1.549071e-16
   37   82    7.334216e-19    1.941810e-19
   37   83    3.190039e-15    5.016860e-16
   37   84    3.519360e-16    5.293693e-17
   37   85    8.458454e-09   -4.653094e-13
   37   86    3.958493e-12    4.654911e-13
   37   87    5.852905e-11   -7.556443e-18
   37   88    2.705429e-15    2.747551e-16
   37   89    1.073227e-19    2.288857e-20
   37   90    8.301908e-25    1.796491e-25
   37   91    2.052247e-29    6.762328e-30
   38   81    5.259958e-28    1.837687e-28
   38   82    2.079999e-23    6.006874e-24
   38   83    1.518869e-24    4.788145e-25
   38   84    1.035562e-22    3.029043e-23
   38   85    1.192633e-16    2.034309e-17
   38   86    1.976991e-08   -7.281112e-13
   38   87    1.264990e-08    1.177569e-13
   38   88    3.410967e-08    5.176672e-13
   38   89    7.545072e-13    9.248862e-14
   38   90    1.853331e-17    4.289669e-18
   38   91    1.872483e-22    5.924627e-23
   38   92    2.317415e-27    9.036277e-28
   39   85    6.880400e-28    2.407031e-28
   39   86    3.261195e-23    8.686190e-24
   39   87    4.360667e-16    6.882776e-17
   39   88    2.979246e-16    4.675104e-17
   39   89    5.046481e-09   -7.428984e-14
   39   90    6.032496e-13    7.436349e-14
   39   91    7.456015e-17    1.715327e-17
   39   92    3.329262e-21    1.082477e-21
   39   93    3.487312e-25    1.419789e-25
   39   94    1.247089e-29    7.436663e-30
   40   87    9.676241e-28    3.340778e-28
   40   88    4.467720e-24    1.306203e-24
   40   89    1.553427e-19    3.247170e-20
   40   90    2.223112e-09    3.986172e-15
   40   91    5.705341e-10   -1.461756e-14
   40   92    6.520532e-10    1.434977e-13
   40   93    1.930124e-10   -1.328385e-13
   40   94    4.139802e-10   -5.278643e-15
   40   95    4.310699e-14    5.301245e-15
   40   96    7.699242e-13   -4.480158e-17
   40   97    4.620558e-18   -1.955753e-19
   40   98    9.683466e-23    1.223421e-23
   40   99    1.939349e-30    2.402584e-31
   41   90    2.496319e-26    7.106922e-27
   41   91    1.806338e-17    2.874967e-18
   41   92    3.562020e-18    5.689518e-19
   41   93    7.193854e-14   -3.014877e-18
   41   94    3.527322e-17    4.266440e-18
   41   95    7.222076e-19    1.076712e-19
   41   96    5.766789e-21    6.937326e-22
   41   97    1.572930e-22    2.277075e-23
   41   98    8.831241e-27    6.649612e-28
   42   92    3.794406e-17   -8.413833e-22
   42   93    8.945913e-21    1.413207e-21
   42   94    1.331090e-13    1.223507e-15
   42   95    3.567983e-11   -2.868481e-15
   42   96    8.233738e-11    2.469560e-14
   42   97    2.567387e-11   -2.407239e-14
   42   98    7.544213e-11    4.444269e-16
   42   99    7.354023e-15    5.767919e-16
   42  100    1.701545e-15    1.391525e-19
   42  101    3.534636e-20   -1.014203e-21
   42  102    2.772951e-24    3.693118e-25
   42  103    2.032575e-29    3.112141e-30
   43   93    1.149055e-25    1.812327e-26
   43   94    1.639096e-26    4.029587e-27
   43   95    2.371628e-20    4.342019e-21
   43   96    9.127547e-20    1.441072e-20
   43   97    3.417510e-19    5.585478e-20
   43   98    4.201625e-19    1.053522e-19
   43   99    2.727035e-13   -1.506867e-17
   43  100    1.387745e-16    1.497271e-17
   43  101    5.436386e-20    1.155731e-20
   43  102    3.372071e-24    8.626664e-25
   43  103    6.713862e-28    2.384655e-28
   44   96    3.550538e-26    4.051556e-29
   44   97    9.360802e-25    4.178645e-25
   44   98    8.263901e-16    1.878698e-16
   44   99    8.068492e-12   -7.435370e-16
   44  100    3.393922e-11    5.623946e-15
   44  101    6.999480e-12   -5.439492e-15
   44  102    1.768753e-14    3.707705e-16
   44  103    2.942126e-18    3.750909e-19
   44  104    2.968947e-18    9.632105e-20
   44  105    2.618567e-22    3.201538e-23
   44  106    2.631471e-26    6.189451e-27
   45   98    2.757279e-30    1.172731e-30
   45   99    1.708263e-21    3.255696e-22
   45  100    5.744519e-21    9.609232e-22
   45  101    4.206090e-20    7.393278e-21
   45  102    1.077075e-18    2.896837e-19
   45  103    7.463148e-12   -6.930804e-16
   45  104    6.026757e-15    6.917115e-16
   45  105    4.033416e-18    8.830220e-19
   45  106    8.740438e-22    2.657643e-22
   45  107    3.617153e-25    1.299703e-25
   45  108    3.034881e-29    1.551272e-29
   46  100    1.786242e-30    5.676701e-31
   46  101    4.283439e-30    1.385910e-30
   46  102    6.034792e-24    2.687525e-24
   46  103    2.031207e-19    5.673735e-20
   46  104    2.115971e-11    2.082448e-16
   46  105    4.943356e-12   -7.529648e-16
   46  106    2.264863e-11   -3.232164e-16
   46  107    7.205534e-15    8.723510e-16
   46  108    2.500538e-11   -5.860986e-16
   46  109    5.201712e-15    5.815481e-16
   46  110    1.001007e-14    3.682764e-19
   46  111    8.010970e-19    2.586712e-20
   46  112    1.723766e-22    3.023260e-23
   46  113    1.374249e-27    2.348603e-28
   47  103    1.248282e-29    5.333997e-30
   47  104    2.112898e-24    5.077116e-25
   47  105    1.123996e-20    1.976369e-21
   47  106    3.442138e-19    9.409109e-20
   47  107    4.285571e-12   -7.108910e-16
   47  108    5.963894e-15    7.104063e-16
   47  109    6.592318e-12   -7.560578e-16
   47  110    6.794921e-15    7.548193e-16
   47  111    5.482424e-18    1.191192e-18
   47  112    1.423877e-21    4.281541e-22
   47  113    4.057379e-25    1.572015e-25
   47  114    1.614403e-29    9.517057e-30
   48  106    1.613950e-26    6.045721e-27
   48  107    1.261165e-21    2.969829e-22
   48  108    3.601304e-13   -2.574727e-17
   48  109    2.086023e-16    2.586278e-17
   48  110    1.911064e-11    3.305748e-15
   48  111    4.571201e-12   -3.859821e-15
   48  112    2.054176e-11   -3.311052e-16
   48  113    7.418152e-15    8.975996e-16
   48  114    3.413013e-11   -7.591765e-16
   48  115    7.100779e-15    7.465631e-16
   48  116    2.675163e-15    3.940417e-19
   48  117    2.461492e-19    1.276796e-20
   48  118    4.257088e-23    8.018576e-24
   48  119    3.479436e-28    6.503176e-29
   49  108    4.037178e-28    1.052380e-28
   49  109    7.048620e-23    1.246924e-23
   49  110    3.019494e-24    7.133951e-25
   49  111    5.702983e-21    1.132880e-21
   49  112    7.755309e-19    2.131533e-19
   49  113    6.087329e-12   -1.516003e-15
   49  114    1.258105e-14    1.512424e-15
   49  115    1.385551e-17    3.128731e-18
   49  116    7.702599e-21    2.435846e-21
   49  117    4.975697e-24    1.624442e-24
   49  118    1.843561e-27    5.369049e-28
   49  119    1.204931e-27    2.949910e-28
   50  112    2.388590e-24    2.643668e-25
   50  113    7.090859e-22    1.510214e-22
   50  114    1.069535e-13    3.799493e-16
   50  115    5.378382e-12   -9.834107e-16
   50  116    3.960894e-11    5.470345e-15
   50  117    8.518292e-12   -5.537631e-15
   50  118    4.925130e-11    3.354794e-14
   50  119    1.160715e-11   -3.351027e-14
   50  120    6.577680e-11   -1.417116e-16
   50  121    6.405863e-15    7.752961e-16
   50  122    5.075631e-13   -3.549897e-18
   50  123    2.862504e-17    3.385050e-18
   50  124    5.881282e-14   -3.780989e-19
   50  125    1.601829e-18    1.691402e-19
   50  126    4.463279e-23    9.860901e-24
   50  127    1.942584e-28    6.025068e-29
   51  115    1.617833e-23    3.170570e-24
   51  116    4.623976e-22    8.243138e-23
   51  117    4.039095e-21    7.286878e-22
   51  118    7.039653e-22    1.250937e-22
   51  119    1.849018e-20    6.313100e-21
   51  120    2.066646e-18    5.539220e-19
   51  121    3.460949e-12   -3.858390e-16
   51  122    3.325232e-15    3.847730e-16
   51  123    8.941661e-14   -5.441550e-18
   51  124    5.453461e-17    5.944148e-18
   51  125    1.745115e-20    3.804737e-21
   51  126    1.946652e-24    5.874600e-25
   51  127    1.927072e-28    7.604060e-29
   52  120    2.264805e-22    9.986154e-23
   52  121    2.952104e-19    8.376534e-20
   52  122    9.034151e-12    3.478980e-15
   52  123    2.983563e-12   -3.931013e-15
   52  124    1.544120e-11    2.313268e-14
   52  125    5.562035e-12   -2.315002e-14
   52  126    2.620047e-11   -1.439807e-16
   52  127    5.143276e-15    6.139567e-16
   52  128    5.697256e-13   -5.450799e-18
   52  129    7.939958e-17    1.346281e-17
   52  130    1.846840e-12   -1.553279e-17
   52  131    6.189751e-17    6.816138e-18
   52  132    1.717927e-21    3.840710e-22
   52  133    7.270198e-27    2.313553e-27
   53  121    4.051655e-29    1.898733e-29
   53  122    3.109046e-25    7.534140e-26
   53  123    1.009999e-21    1.841269e-22
   53  124    1.252045e-22    2.304807e-23
   53  125    1.761102e-20    7.036543e-21
   53  126    3.363875e-18    8.916407e-19
   53  127    3.612748e-12   -3.421947e-16
   53  128    2.952985e-15    3.410281e-16
   53  129    1.201487e-18    2.660684e-19
   53  130    3.297644e-22    8.083460e-23
   53  131    7.446537e-22    2.839574e-23
   53  132    9.626218e-26    1.289759e-26
   53  133    2.699013e-30    8.441793e-31
   54  125    8.968688e-30    5.332183e-30
   54  126    9.668417e-22    4.231940e-22
   54  127    1.262243e-18    3.500887e-19
   54  128    9.399152e-12    4.841704e-15
   54  129    4.853385e-12   -5.374608e-15
   54  130    1.472046e-11    2.044702e-14
   54  131    6.538760e-12   -2.027654e-14
   54  132    4.009116e-11   -2.264389e-16
   54  133    4.834372e-15    5.886486e-16
   54  134    1.269142e-13   -2.132746e-19
   54  135    1.524684e-16    3.601805e-17
   54  136    8.091518e-12   -3.594205e-17
   54  137    2.100432e-20    3.430706e-23
   54  138    2.287629e-26   -1.023986e-26
   55  127    2.396673e-28    9.992689e-29
   55  128    9.503339e-25    2.223147e-25
   55  129    7.561264e-22    1.386851e-22
   55  130    1.169379e-22    2.186443e-23
   55  131    3.720125e-20    1.545366e-20
   55  132    7.334084e-18    1.922178e-18
   55  133    4.577779e-12   -3.641890e-16
   55  134    3.102409e-15    3.620280e-16
   55  135    1.012819e-18    2.236946e-19
   55  136    5.179206e-22    1.085694e-22
   55  137    9.291725e-22    7.370021e-25
   55  138    9.483565e-30   -5.658696e-32
   56  130    3.568976e-30    7.269278e-31
   56  131    1.049424e-28    6.218032e-29
   56  132    3.271228e-21    1.424996e-21
   56  133    3.157835e-18    8.651059e-19
   56  134    1.046815e-11    3.904906e-15
   56  135    5.085990e-12   -4.375351e-15
   56  136    3.465145e-11    3.292462e-14
   56  137    4.212753e-11   -3.299157e-14
   56  138    3.980003e-10    5.389357e-16
   56  139    6.123444e-17   -1.125187e-18
   56  140    2.997085e-21    3.491231e-23
   56  141    2.644979e-28   -2.130503e-31
   57  133    4.945816e-28    2.038411e-28
   57  134    1.357253e-24    3.130122e-25
   57  135    2.671864e-22    5.061370e-23
   57  136    7.903628e-23    1.632065e-23
   57  137    5.824843e-20    2.437032e-20
   57  138    7.878404e-17    2.022467e-17
   57  139    3.735383e-11   -1.874396e-17
   57  140    5.155681e-17   -1.503646e-18
   57  141    1.252627e-20    2.651115e-22
   57  142    6.894891e-27   -2.723933e-29
   58  137    3.236039e-28    1.763996e-28
   58  138    7.407355e-21    2.973839e-21
   58  139    2.618650e-17    6.987660e-18
   58  140    9.290227e-11    1.307774e-15
   58  141    1.592970e-15    1.739298e-17
   58  142    8.954308e-14   -4.483866e-16
   58  143    2.965292e-19   -1.167839e-20
   58  144    6.435608e-22    1.044478e-22
   58  145    1.203395e-28    1.780478e-29
   58  146    2.420245e-30    4.504662e-31
   59  138    2.073656e-30    1.243112e-30
   59  139    1.184086e-22    5.242909e-23
   59  140    1.232328e-18    3.340583e-19
   59  141    7.803903e-12    1.863629e-17
   59  142    8.229820e-16   -1.902460e-17
   59  143    3.352103e-19    4.786401e-20
   59  144    4.862106e-24    5.531293e-25
   59  145    6.676691e-27    2.060112e-27
   60  140    6.987858e-24    3.189612e-24
   60  141    3.649358e-19    1.033973e-19
   60  142    1.890809e-11    1.083405e-13
   60  143    2.704636e-12   -1.047198e-13
   60  144    8.173537e-12    1.132617e-13
   60  145    3.836625e-13   -1.066071e-13
   60  146    4.673938e-12   -1.081599e-14
   60  147    3.943597e-17   -1.420268e-18
   60  148    1.520623e-15   -7.508973e-18
   60  149    2.938724e-21   -9.238717e-23
   60  150    2.505433e-21   -5.346320e-24
   60  151    1.499566e-26   -6.515094e-28
   61  142    7.721082e-27    1.995264e-27
   61  143    6.209375e-23    1.598875e-23
   61  144    9.985939e-23    5.094092e-23
   61  145    8.736659e-20    3.766963e-20
   61  146    1.239181e-19    3.445974e-20
   61  147    1.496672e-17    2.366935e-18
   61  148    1.171538e-21    1.362840e-22
   61  149    1.926836e-21    3.853482e-22
   61  150    3.289168e-26    5.194809e-27
   61  151    4.212575e-27    8.216976e-28
   62  143    4.877841e-29    2.213370e-29
   62  144    9.611313e-20    3.180033e-20
   62  145    1.074598e-17    4.215098e-18
   62  146    1.083346e-13    2.057910e-14
   62  147    6.409475e-13   -2.014847e-14
   62  148    3.098922e-12    3.217436e-14
   62  149    9.404390e-14   -3.234271e-14
   62  150    1.598375e-12   -5.497362e-16
   62  151    2.244422e-16   -5.345930e-18
   62  152    2.624724e-13   -2.039883e-17
   62  153    5.130300e-17   -9.808058e-19
   62  154    1.427489e-15   -3.743582e-19
   62  155    9.773325e-20   -6.458127e-21
   62  156    2.287054e-23    2.566229e-24
   62  157    6.657043e-29    5.491194e-30
   63  145    1.629544e-30    8.426488e-31
   63  146    2.444377e-26    1.674449e-26
   63  147    5.540720e-22    3.312443e-22
   63  148    9.297874e-21    4.573632e-21
   63  149    4.666014e-17    1.539090e-17
   63  150    4.418034e-17    6.248252e-18
   63  151    1.719895e-13   -2.175082e-17
   63  152    1.796639e-16    1.899430e-18
   63  153    2.279631e-13   -1.368590e-17
   63  154    2.211505e-16    9.386639e-18
   63  155    3.697141e-19    6.659991e-20
   63  156    8.975752e-23    2.014278e-23
   63  157    4.047379e-26    1.329588e-26
   64  147    1.519584e-30    1.519537e-30
   64  148    5.331839e-25    3.452804e-25
   64  149    1.319721e-22    7.266178e-23
   64  150    3.539172e-18    1.410560e-18
   64  151    5.308342e-17    1.277423e-17
   64  152    5.972954e-13   -1.200120e-16
   64  153    7.843106e-16    8.525277e-17
   64  154    8.180982e-13    7.427924e-15
   64  155    2.185907e-13   -7.453034e-15
   64  156    1.248564e-12    2.688114e-14
   64  157    3.222035e-13   -2.609748e-14
   64  158    2.902938e-12   -7.430368e-16
   64  159    4.430788e-16   -1.996313e-17
   64  160    8.689439e-17   -1.637163e-19
   64  161    1.105768e-21   -5.499269e-23
   64  162    4.647893e-25    2.365950e-26
   65  151    1.770381e-29    7.188314e-30
   65  152    4.248575e-27    9.655722e-28
   65  153    6.858326e-25    1.390561e-25
   65  154    3.182719e-26    7.201126e-27
   65  155    9.787122e-24    5.628999e-24
   65  156    3.374178e-22    1.834998e-22
   65  157    1.892675e-17    7.430587e-18
   65  158    1.990326e-16    4.511827e-17
   65  159    3.700584e-13   -6.105679e-17
   65  160    3.205672e-16    8.431661e-18
   65  161    4.399457e-19    7.608253e-20
   65  162    6.953510e-23    1.305807e-23
   65  163    2.974682e-26    9.006929e-27
   66  155    4.741805e-27    2.739212e-27
   66  156    6.205608e-21    2.622867e-21
   66  157    7.077441e-19    1.854506e-19
   66  158    8.845193e-14   -2.246968e-17
   66  159    2.497087e-16    3.713364e-17
   66  160    9.354673e-13    1.139495e-14
   66  161    2.688335e-13   -1.127272e-14
   66  162    1.493141e-12    1.851156e-14
   66  163    1.120926e-13   -1.815148e-14
   66  164    6.012649e-13   -4.958856e-16
   66  165    1.937101e-17   -1.257718e-18
   66  166    7.492141e-21    5.934552e-22
   66  167    1.938110e-26    9.314093e-28
   67  158    7.050514e-29    1.709102e-29
   67  159    4.303643e-26    8.719955e-27
   67  160    1.281522e-26    3.473941e-27
   67  161    3.542559e-22    2.221481e-22
   67  162    4.270953e-21    2.238117e-21
   67  163    9.771174e-17    3.688207e-17
   67  164    3.965733e-16    8.175948e-17
   67  165    4.838428e-13   -1.094298e-16
   67  166    1.104593e-16   -9.235820e-18
   67  167    2.826313e-19    2.656319e-20
   67  168    6.656312e-24    3.631766e-25
   67  169    3.784126e-27    6.410530e-28
   68  160    5.679394e-28    5.679394e-28
   68  161    4.002592e-25    2.287619e-25
   68  162    2.283014e-19    9.534243e-20
   68  163    1.708629e-17    4.379066e-18
   68  164    6.697734e-13   -1.419295e-16
   68  165    1.376356e-15    1.767232e-16
   68  166    1.146710e-12    2.152921e-14
   68  167    2.889217e-13   -2.044965e-14
   68  168    1.662653e-12   -1.094926e-15
   68  169    2.981838e-16   -8.463981e-18
   68  170    3.220426e-15   -1.534708e-17
   68  171    5.852140e-20   -3.472411e-21
   68  172    2.174384e-23    1.303972e-24
   68  173    3.057855e-29    9.766826e-31
   69  163    1.005515e-30    4.124300e-31
   69  164    7.435887e-28    1.830180e-28
   69  165    9.155548e-24    5.897813e-24
   69  166    4.648634e-22    2.545026e-22
   69  167    3.381762e-17    1.334824e-17
   69  168    5.068772e-16    1.156845e-16
   69  169    5.311320e-13   -1.640820e-16
   69  170    5.050936e-16    3.495031e-17
   69  171    5.276773e-19    1.032791e-19
   69  172    6.280070e-23    1.067860e-23
   69  173    1.001814e-25    1.701667e-26
   69  174    1.065353e-30    2.095993e-31
   70  166    4.127740e-26    2.739037e-26
   70  167    1.265140e-23    7.157448e-24
   70  168    2.647255e-18    1.094059e-18
   70  169    1.334406e-16    3.365146e-17
   70  170    8.720437e-13    9.622638e-15
   70  171    3.731963e-13   -9.355901e-15
   70  172    1.708062e-12    4.992307e-14
   70  173    4.106269e-13   -4.340732e-14
   70  174    3.126963e-12   -6.753510e-15
   70  175    1.648594e-16   -8.850984e-18
   70  176    1.318616e-15   -5.349440e-17
   70  177    1.557448e-20   -1.453360e-21
   70  178    5.701563e-24    2.099313e-25
   71  169    4.678899e-30    1.897167e-30
   71  170    1.026492e-26    5.909250e-27
   71  171    1.006989e-21    6.340767e-22
   71  172    3.928318e-20    2.072304e-20
   71  173    2.691860e-16    1.016893e-16
   71  174    1.565832e-15    3.247235e-16
   71  175    4.555252e-13   -3.693534e-16
   71  176    2.563804e-16   -5.712138e-17
   71  177    1.015119e-18    3.437475e-20
   71  178    5.838831e-23   -8.579101e-25
   71  179    4.918636e-26    6.060415e-27
   72  171    4.994678e-29    3.721228e-29
   72  172    1.184501e-23    7.720045e-24
   72  173    1.938583e-21    1.075570e-21
   72  174    3.820201e-17    1.554227e-17
   72  175    7.190733e-16    1.785222e-16
   72  176    1.380046e-12    2.904806e-14
   72  177    2.218038e-13   -2.576711e-14
   72  178    2.092953e-12    4.036489e-14
   72  179    1.247548e-13   -2.919706e-14
   72  180    2.707982e-12   -1.464038e-14
   72  181    6.249359e-17   -3.894460e-18
   72  182    2.283315e-20    7.351044e-22
   72  183    3.166945e-26   -9.357042e-29
   73  175    3.236455e-26    2.438665e-26
   73  176    8.982405e-25    5.274004e-25
   73  177    2.878121e-20    1.317439e-20
   73  178    1.243945e-20    3.707243e-21
   73  179    2.501157e-15    5.940273e-16
   73  180    4.747888e-15    2.904812e-16
   73  181    7.146524e-13   -8.784306e-16
   73  182    7.550945e-17   -6.071799e-18
   73  183    9.287857e-20    5.696235e-21
   73  184    2.901831e-25    6.439476e-27
   73  185    1.722781e-28    1.293265e-29
   74  176    2.149240e-26    1.431395e-26
   74  177    3.890704e-24    2.184022e-24
   74  178    1.953372e-19    8.027015e-20
   74  179    9.884909e-18    2.440361e-18
   74  180    5.389985e-14    4.700863e-17
   74  181    2.518725e-15    6.254751e-16
   74  182    2.518579e-12    7.369899e-14
   74  183    2.552292e-13   -6.678461e-14
   74  184    2.031393e-12   -6.613461e-15
   74  185    8.111247e-16    2.107053e-17
   74  186    7.607009e-14   -9.954100e-16
   74  187    4.667271e-19   -2.535401e-20
   74  188    2.618413e-22    6.515490e-24
   74  189    4.499685e-29    1.897462e-31
   75  180    1.080655e-26    7.719707e-27
   75  181    1.204067e-21    7.436915e-22
   75  182    5.270630e-20    2.685447e-20
   75  183    5.968200e-16    2.062131e-16
   75  184    9.199970e-16    1.495214e-16
   75  185    3.062362e-13   -3.002261e-16
   75  186    1.870086e-16   -1.725487e-18
   75  187    6.712380e-15   -5.382583e-17
   75  188    2.432221e-19   -1.520012e-20
   75  189    8.891862e-22    3.222958e-23
   75  190    5.138734e-27   -2.452934e-29
   76  181    1.250534e-29    9.473933e-30
   76  182    4.627405e-24    3.032028e-24
   76  183    1.282973e-21    7.160287e-22
   76  184    3.942105e-17    1.612749e-17
   76  185    5.840359e-16    1.474906e-16
   76  186    1.306845e-12    3.525971e-14
   76  187    2.780536e-13   -3.476847e-14
   76  188    1.466214e-12    2.056195e-14
   76  189    4.272439e-14   -1.938274e-14
   76  190    1.466802e-12   -1.750472e-15
   76  191    2.167434e-16    4.047901e-19
   76  192    3.083246e-14   -8.556921e-17
   76  193    4.185813e-19   -2.623427e-20
   76  194    1.269941e-22    9.932667e-24
   76  195    5.694313e-28    2.598663e-29
   77  185    3.408775e-30    1.393703e-30
   77  186    9.665286e-26    6.844161e-26
   77  187    1.999076e-21    1.225303e-21
   77  188    1.919363e-20    9.699509e-21
   77  189    1.788021e-16    6.350538e-17
   77  190    3.223898e-16    5.688540e-17
   77  191    3.294389e-13    6.810621e-17
   77  192    4.164520e-16    2.243777e-17
   77  193    3.199377e-13   -2.088895e-16
   77  194    2.615729e-17   -2.060441e-18
   77  195    3.048392e-20    2.478215e-21
   77  196    4.657730e-25    1.958027e-26
   77  197    3.301452e-28    5.331861e-29
   78  187    2.538510e-29    1.911556e-29
   78  188    7.040085e-24    4.569610e-24
   78  189    4.133191e-22    2.292505e-22
   78  190    1.571641e-17    6.295863e-18
   78  191    1.769386e-16    4.263399e-17
   78  192    1.092865e-12   -1.202681e-16
   78  193    2.016221e-15    2.929965e-16
   78  194    1.530031e-12    2.760956e-14
   78  195    2.131807e-13   -2.692552e-14
   78  196    2.338862e-12   -9.048061e-16
   78  197    3.526376e-16    4.911877e-18
   78  198    4.365175e-15   -5.841506e-18
   78  199    1.732713e-19   -2.694195e-21
   78  200    1.287888e-23    1.934339e-24
   78  201    2.139653e-29    2.904844e-30
   79  192    1.741589e-27    1.005079e-27
   79  193    1.250180e-22    7.984003e-23
   79  194    3.857975e-21    2.078759e-21
   79  195    5.568815e-17    2.181080e-17
   79  196    5.865644e-16    1.333452e-16
   79  197    7.098710e-13   -1.974928e-16
   79  198    4.479069e-16    4.229806e-17
   79  199    1.719095e-19    3.656665e-20
   79  200    1.151235e-23    3.271893e-24
   79  201    3.188483e-27    9.448742e-28
   80  193    1.276367e-29    7.429424e-30
   80  194    3.212529e-24    1.382355e-24
   80  195    3.473491e-22    9.739726e-23
   80  196    1.603463e-17    9.323377e-19
   80  197    1.996200e-16    5.051455e-17
   80  198    2.351310e-12    6.718117e-15
   80  199    1.023758e-12   -6.616389e-15
   80  200    3.511326e-12    2.241814e-14
   80  201    1.381689e-12   -2.166951e-14
   80  202    5.443712e-12   -9.365760e-16
   80  203    4.662137e-16    5.976168e-17
   80  204    8.816186e-14   -2.500102e-17
   80  205    8.233187e-19    1.118717e-20
   80  206    6.134086e-24    1.010550e-24
   81  198    1.256971e-27    3.055174e-28
   81  199    3.224880e-24    2.075570e-24
   81  200    8.381649e-22    4.572479e-22
   81  201    1.226416e-17    4.906657e-18
   81  202    1.977275e-15    4.682335e-16
   81  203    3.294471e-12   -5.317193e-16
   81  204    6.821329e-16    9.943572e-17
   81  205    2.530883e-13   -4.216669e-17
   81  206    1.192077e-17    1.323247e-18
   81  207    1.613086e-22    3.411265e-23
   82  200    6.112123e-28    4.548421e-28
   82  201    8.885014e-25    4.998081e-25
   82  202    1.733275e-19    7.143610e-20
   82  203    1.288810e-16    3.218469e-17
   82  204    4.929169e-12    6.388417e-15
   82  205    9.243710e-12   -5.935416e-15
   82  206    4.732500e-11    5.612478e-14
   82  207    6.258046e-11   -5.203862e-14
   82  208    1.298430e-10   -4.571418e-15
   82  209    2.483890e-19    1.039706e-21
   82  210    7.480745e-27   -1.929237e-28
   83  204    1.417858e-28    4.204508e-29
   83  205    8.349883e-25    5.279447e-25
   83  206    3.252153e-22    1.752790e-22
   83  207    7.924409e-18    3.110286e-18
   83  208    1.340785e-15    3.051103e-16
   83  209    3.105231e-12   -3.082343e-16
   83  210    3.990921e-20   -2.739588e-22
   83  211    4.721017e-27   -8.335482e-29
   84  209    1.208058e-28    2.805354e-29
   84  210    7.863976e-25   -2.946396e-27
    0    1    5.031240e-15    5.058859e-16
    1    1    1.454368e-12    1.056591e-13
    2    4    1.875619e-09    8.469841e-11
