3.7799e-01
1.5205e-04
2.5067e+00
3.6550e+05
    1    2    2.894981e-18    1.117668e-19
    1    3    3.963863e-17    1.281403e-18
    2    3    3.303139e-16    1.948142e-17
    3    6    3.414601e-22    1.520015e-23
    3    7    2.378668e-22    8.114259e-24
    4    7    8.778480e-23    5.067276e-24
    4    9    3.752914e-23    1.900361e-24
    4   10    3.579774e-22   -1.488740e-24
    5   10    1.275551e-18    3.182870e-20
    5   11    1.268333e-12   -2.420815e-14
    5   12    3.684030e-21   -9.804354e-23
    5   13    2.182140e-26   -9.473583e-28
    6   11    4.117038e-15    1.337802e-16
    6   12    7.357775e-04   -1.263442e-06
    6   13    3.160689e-09   -5.006684e-11
    6   14    2.618549e-09   -8.298186e-11
    6   15    1.097731e-21   -2.457510e-23
    6   16    1.176281e-28   -4.213569e-30
    7   12    9.916288e-27    6.570536e-28
    7   13    2.344590e-12    5.650885e-14
    7   14    1.256128e-07   -5.317446e-10
    7   15    1.551169e-10   -6.218609e-12
    7   16    3.139779e-20   -1.155121e-21
    7   17    1.857649e-22   -6.180960e-24
    8   14    4.582165e-16    1.431367e-17
    8   15    5.236670e-10    1.098885e-11
    8   16    4.736214e-02    5.842696e-05
    8   17    4.322825e-08   -4.655931e-10
    8   18    1.091127e-10   -5.633526e-12
    8   19    4.170710e-17   -2.760710e-18
    8   20    2.549950e-22   -2.192045e-23
    8   21    1.422346e-29   -1.381800e-30
    9   16    1.343884e-23    8.616835e-25
    9   17    8.994417e-13    3.257615e-14
    9   18    2.380562e-10   -1.345157e-12
    9   19    3.401864e-10   -1.050599e-11
    9   20    1.047219e-13   -6.151178e-15
    9   21    1.169745e-17   -9.356439e-19
    9   22    2.481427e-24   -2.523099e-25
    9   23    3.641292e-30   -2.047665e-31
   10   18    2.237648e-18    1.078162e-19
   10   19    9.097162e-14    2.282322e-15
   10   20    6.319909e-03   -8.039916e-05
   10   21    2.840038e-06   -9.659965e-08
   10   22    1.285040e-07   -4.380978e-09
   10   23    2.627823e-12   -1.595488e-13
   10   24    1.211885e-15   -6.117793e-17
   10   25    3.901641e-22   -2.482479e-23
   10   26    6.061203e-28   -5.571625e-29
   11   20    5.339763e-22    2.553709e-23
   11   21    4.858654e-10    5.120498e-12
   11   22    3.094455e-08   -3.096213e-10
   11   23    1.810327e-05   -1.806414e-07
   11   24    8.748771e-09   -3.425936e-10
   11   25    3.150371e-12   -1.771639e-13
   11   26    1.220454e-16   -1.034181e-17
   11   27    6.952843e-21   -8.139280e-22
   11   28    3.458096e-29   -4.335167e-30
   12   21    2.421565e-28    1.550337e-29
   12   22    1.235838e-13    4.169585e-15
   12   23    4.744951e-09    4.858498e-11
   12   24    2.176202e-03    1.250618e-06
   12   25    2.290110e-04   -5.320873e-06
   12   26    1.582017e-04   -5.359921e-06
   12   27    3.610155e-08   -2.300778e-09
   12   28    1.463084e-11   -1.214875e-12
   12   29    1.171777e-18   -1.080015e-19
   12   30    6.274088e-23   -7.820045e-24
   13   23    2.680921e-25    1.886813e-26
   13   24    1.011595e-17    3.646571e-19
   13   25    9.264203e-11    2.237653e-12
   13   26    5.574958e-06    3.240216e-09
   13   27    2.551361e-04   -9.472010e-07
   13   28    1.457789e-06   -3.955498e-08
   13   29    7.248971e-09   -2.758010e-10
   13   30    9.060038e-13   -5.988828e-14
   13   31    2.946293e-16   -2.908583e-17
   13   32    4.268292e-23   -4.773148e-24
   13   33    2.092992e-27   -2.890932e-28
   14   25    9.115596e-24    4.675880e-25
   14   26    1.189489e-14    5.470136e-16
   14   27    1.603337e-08    4.029283e-10
   14   28    7.303278e-04    1.917396e-05
   14   29    2.890544e-04    4.901263e-06
   14   30    1.572038e-04    5.348574e-06
   14   31    6.346648e-08    3.927605e-10
   14   32    1.176525e-09   -9.029393e-12
   14   33    3.482708e-15   -7.813226e-17
   14   34    6.035043e-19   -3.165084e-20
   14   35    2.197381e-28   -1.155091e-29
   15   27    3.695751e-25    2.892865e-26
   15   28    6.556662e-17    3.258956e-18
   15   29    9.132469e-11    4.168092e-12
   15   30    3.927555e-07    1.483260e-08
   15   31    2.169383e-05    8.318203e-07
   15   32    1.636801e-07    3.028565e-09
   15   33    3.532816e-08    1.297652e-09
   15   34    4.384159e-11    4.257038e-13
   15   35    7.149308e-14   -1.353775e-15
   15   36    1.407042e-21   -3.605075e-23
   15   37    1.312037e-24   -7.075285e-26
   16   29    3.196530e-23    2.086709e-24
   16   30    5.207647e-15    3.076237e-16
   16   31    2.176379e-10    1.251523e-11
   16   32    4.241627e-05    2.622690e-06
   16   33    1.863240e-06    1.125717e-07
   16   34    2.861347e-06    1.826266e-07
   16   35    4.214764e-08    3.028169e-09
   16   36    1.506932e-08    1.322676e-09
   16   37    3.505726e-14    2.660643e-15
   16   38    3.629896e-17    2.093489e-18
   16   39    6.124656e-23    2.759398e-24
   16   40    1.066462e-25    3.346163e-27
   17   31    1.645167e-26    1.548566e-27
   17   32    1.588793e-19    1.342556e-20
   17   33    1.178829e-12    9.896313e-14
   17   34    5.919760e-10    4.900697e-11
   17   35    7.440464e-07    6.975155e-08
   17   36    1.307525e-08    1.140724e-09
   17   37    5.403691e-09    5.604627e-10
   17   38    5.020004e-12    4.250659e-13
   17   39    6.816273e-14    4.950737e-15
   17   40    3.113318e-17    1.615912e-18
   17   41    4.398731e-19    2.102067e-20
   17   42    1.420836e-22    3.821592e-24
   17   43    7.094645e-25    2.143502e-26
   17   44    1.008015e-30    1.814455e-32
   18   33    7.696945e-26    7.676804e-27
   18   34    9.296116e-17    8.825959e-18
   18   35    1.307475e-12    1.382121e-13
   18   36    6.746089e-08    7.943954e-09
   18   37    1.315545e-09    1.557009e-10
   18   38    9.352383e-09    1.004416e-09
   18   39    1.259542e-10    1.259629e-11
   18   40    3.972116e-11    3.706562e-12
   18   41    2.287594e-13    1.702909e-14
   18   42    3.217981e-15    2.121918e-16
   18   43    2.103649e-18    9.715244e-20
   18   44    2.344492e-20    1.239157e-21
   18   45    8.206957e-25    2.890358e-26
   18   46    6.070842e-27    3.343607e-28
   19   35    1.064342e-28    1.382074e-29
   19   36    8.242740e-22    1.079055e-22
   19   37    2.654803e-16    3.744681e-17
   19   38    3.177684e-13    4.466805e-14
   19   39    1.373329e-09    1.834859e-10
   19   40    4.767984e-11    5.873953e-12
   19   41    1.260632e-11    1.066963e-12
   19   42    1.142932e-12    7.844818e-14
   19   43    2.814800e-13    6.620138e-15
   19   44    1.333518e-14    3.672464e-16
   19   45    9.118205e-16    4.406980e-17
   19   46    9.417486e-18    6.156463e-19
   19   47    6.515322e-20    6.193000e-21
   19   48    2.782739e-25    2.262077e-26
   19   49    7.246087e-30    4.483531e-31
   20   37    1.144436e-28    1.680310e-29
   20   38    1.313232e-20    1.986115e-21
   20   39    2.631090e-16    4.289575e-17
   20   40    6.386092e-11    5.526193e-12
   20   41    6.396168e-12    6.568779e-13
   20   42    2.740196e-08   -6.551064e-10
   20   43    1.443699e-08   -1.742014e-10
   20   44    4.963467e-08   -8.006717e-10
   20   45    4.990157e-09   -4.263523e-11
   20   46    2.568112e-09    1.207100e-10
   20   47    6.226121e-11    4.082169e-12
   20   48    2.923368e-10   -3.062781e-11
   20   49    1.644672e-14   -2.069729e-15
   20   50    1.787259e-17   -2.785447e-18
   20   51    2.428038e-23   -4.172871e-24
   20   52    1.110161e-29   -2.115176e-30
   21   40    1.452845e-27    2.802666e-28
   21   41    1.403797e-20    1.620303e-21
   21   42    9.198800e-17    1.067279e-17
   21   43    1.309771e-10   -1.750830e-13
   21   44    2.120926e-10    3.587341e-12
   21   45    1.931955e-08    3.439214e-10
   21   46    7.579133e-09    1.791201e-10
   21   47    2.273077e-09    1.316219e-10
   21   48    1.106547e-09    5.309449e-12
   21   49    2.370618e-10   -9.904743e-13
   21   50    3.884833e-13   -1.053990e-14
   21   51    4.148691e-15   -1.207740e-16
   21   52    9.120251e-20   -4.424666e-21
   21   53    2.481598e-24   -1.749407e-25
   21   54    4.413998e-30   -3.777172e-31
   22   42    1.098945e-26    1.399703e-27
   22   43    3.277515e-20    4.300600e-21
   22   44    1.565297e-11    6.610867e-13
   22   45    1.475118e-11    8.346577e-13
   22   46    1.574140e-08    1.484600e-10
   22   47    1.027819e-08    9.893912e-11
   22   48    1.673128e-08    1.199540e-10
   22   49    1.164808e-08   -1.350834e-10
   22   50    4.900183e-08   -3.361603e-10
   22   51    7.628000e-10   -2.310607e-11
   22   52    4.567995e-11    7.522809e-13
   22   53    9.722476e-15   -3.775082e-17
   22   54    6.418643e-17   -1.684913e-19
   22   55    1.912492e-23   -2.710598e-25
   22   56    2.961901e-28   -1.037671e-29
   23   44    1.106072e-28    1.694938e-29
   23   45    8.198958e-20    5.668566e-21
   23   46    9.978824e-16    8.007221e-17
   23   47    3.587507e-11    1.330338e-12
   23   48    5.336752e-11    2.072827e-12
   23   49    4.612650e-09    1.280426e-10
   23   50    2.288291e-09    6.943600e-11
   23   51    1.229864e-08    3.311720e-10
   23   52    3.770465e-09    1.230242e-10
   23   53    3.473207e-10    2.318006e-11
   23   54    3.675432e-13    1.639249e-14
   23   55    2.216380e-14    1.598497e-15
   23   56    1.463124e-19    8.205376e-21
   23   57    1.588262e-22    5.218872e-24
   23   58    2.266332e-29    4.953130e-31
   24   46    5.562942e-25    5.158668e-26
   24   47    1.735419e-19    1.811782e-20
   24   48    3.385289e-14    2.253540e-15
   24   49    1.911804e-13    1.333121e-14
   24   50    5.483571e-10    4.137383e-11
   24   51    1.132175e-09    6.913459e-11
   24   52    3.960752e-08   -4.667292e-10
   24   53    1.288228e-08   -4.395295e-11
   24   54    1.165046e-07   -9.045959e-10
   24   55    1.340243e-09   -4.614196e-11
   24   56    1.664823e-10    2.272824e-12
   24   57    2.628772e-14   -1.531096e-16
   24   58    8.955593e-16    2.316007e-17
   24   59    7.194911e-22    1.094914e-23
   24   60    1.822454e-24   -1.320580e-26
   25   48    7.680542e-28    9.726993e-29
   25   49    6.864350e-22    6.152193e-23
   25   50    4.295699e-18    4.013099e-19
   25   51    3.303399e-13    3.418954e-14
   25   52    2.971966e-12    2.656302e-13
   25   53    3.249110e-09    9.878471e-11
   25   54    8.261111e-09    2.863959e-10
   25   55    3.302461e-08    2.814221e-10
   25   56    9.874924e-09    7.393723e-11
   25   57    2.383115e-09    1.177446e-10
   25   58    1.188374e-11    3.203263e-13
   25   59    2.079005e-12    1.457659e-13
   25   60    3.022361e-16    1.519287e-17
   25   61    7.148574e-18    2.839744e-19
   25   62    8.091859e-24    2.114728e-25
   25   63    1.422059e-25    3.461894e-27
   26   50    2.853682e-27    2.900570e-28
   26   51    3.637398e-22    4.337356e-23
   26   52    5.577440e-17    7.182317e-18
   26   53    2.020763e-15    2.136756e-16
   26   54    2.609954e-09   -1.452489e-11
   26   55    5.609655e-09    1.756251e-10
   26   56    1.209654e-06   -1.912725e-08
   26   57    6.766309e-07   -1.130603e-08
   26   58    5.021977e-06    8.449651e-10
   26   59    2.743103e-07   -6.940077e-09
   26   60    6.812637e-08    2.133274e-09
   26   61    3.063202e-11    3.134578e-13
   26   62    2.636043e-12    1.679929e-13
   26   63    6.357514e-17    3.065086e-18
   26   64    1.592062e-18    1.268869e-19
   26   65    1.482887e-24    1.018555e-25
   26   66    1.937782e-26    1.386940e-27
   27   53    1.283295e-25    1.960068e-26
   27   54    2.475439e-20    3.191417e-21
   27   55    7.982121e-13    1.971445e-14
   27   56    3.683174e-12    2.247179e-13
   27   57    4.940299e-08    8.123833e-10
   27   58    3.622601e-08    9.832445e-10
   27   59    1.797620e-06   -1.652492e-09
   27   60    3.761638e-07    5.867035e-09
   27   61    2.349380e-07    1.380225e-08
   27   62    5.355376e-09    2.066806e-10
   27   63    2.139189e-09    1.923652e-10
   27   64    1.718369e-12    1.182958e-13
   27   65    3.336319e-13    3.618887e-14
   27   66    1.994274e-17    1.828653e-18
   27   67    5.372339e-19    4.557558e-20
   27   68    2.304627e-24    1.650119e-25
   27   69    1.173577e-27    5.467098e-29
   28   55    4.442850e-25    6.839199e-26
   28   56    1.499011e-16    1.189044e-17
   28   57    5.271665e-14    3.486557e-15
   28   58    1.807781e-09    9.572606e-11
   28   59    3.053975e-08    1.014665e-09
   28   60    1.147344e-06   -3.523017e-08
   28   61    1.007298e-06   -1.663157e-08
   28   62    3.380589e-06    3.952335e-08
   28   63    5.068706e-07    9.813901e-09
   28   64    1.640131e-06    8.882194e-09
   28   65    1.604500e-08   -3.086986e-10
   28   66    4.442378e-09    1.587925e-10
   28   67    2.967169e-12    4.139336e-14
   28   68    2.284323e-13    1.562559e-14
   28   69    2.366527e-18    1.288087e-19
   28   70    3.222638e-20    2.760509e-21
   28   71    1.616170e-26    1.200912e-27
   29   57    2.618848e-27    2.905196e-28
   29   58    5.641935e-21    4.801084e-22
   29   59    9.529588e-15    6.592188e-16
   29   60    3.728742e-12    2.126232e-13
   29   61    5.884387e-10    1.636787e-12
   29   62    1.400208e-09    2.346344e-11
   29   63    1.373784e-07   -2.707908e-09
   29   64    1.377786e-07   -5.114137e-09
   29   65    1.190174e-06    3.407642e-09
   29   66    1.825138e-07   -2.975131e-09
   29   67    3.468879e-07    1.482040e-08
   29   68    1.950614e-09    3.595217e-11
   29   69    1.016854e-09    7.495340e-11
   29   70    1.240256e-13    7.065251e-15
   29   71    2.841250e-14    2.900807e-15
   29   72    7.815945e-19    6.719019e-20
   29   73    7.896910e-20    8.221366e-21
   29   74    1.236992e-24    1.086779e-25
   29   75    6.970489e-27    4.728317e-28
   30   59    5.225186e-28    5.374446e-29
   30   60    9.036310e-20    8.806161e-21
   30   61    3.779447e-16    3.256075e-17
   30   62    7.516731e-13    3.218385e-14
   30   63    9.614572e-13    4.151564e-14
   30   64    1.451553e-07   -1.055445e-08
   30   65    7.189942e-08   -3.713019e-09
   30   66    7.888280e-07   -1.411221e-08
   30   67    2.653813e-07   -5.565265e-09
   30   68    2.000428e-06    2.345093e-08
   30   69    5.140932e-08   -5.977249e-10
   30   70    7.226645e-08    3.045790e-09
   30   71    2.177222e-10    4.483884e-12
   30   72    7.210229e-11    5.461749e-12
   30   73    3.241606e-14    1.834995e-15
   30   74    3.536820e-15    3.875781e-16
   30   75    9.760137e-20    9.169733e-21
   30   76    4.129190e-21    5.874236e-22
   30   77    2.290702e-26    2.946799e-27
   31   62    4.252968e-23    4.456935e-24
   31   63    1.864152e-19    1.179256e-20
   31   64    1.945023e-17    1.141063e-18
   31   65    1.190964e-11   -6.221911e-13
   31   66    3.752754e-11   -7.863457e-13
   31   67    7.112176e-09    8.267649e-11
   31   68    3.224474e-09    4.074219e-11
   31   69    5.913053e-08    1.186530e-09
   31   70    2.394009e-08    4.940993e-11
   31   71    2.736316e-07    3.788829e-09
   31   72    1.094615e-08   -1.381798e-10
   31   73    3.132708e-08    1.331357e-09
   31   74    4.868248e-10    8.828046e-12
   31   75    3.717498e-10    2.796495e-11
   31   76    1.336026e-13    7.033720e-15
   31   77    6.737838e-14    6.912535e-15
   31   78    1.360838e-17    1.108815e-18
   31   79    7.022744e-19    6.277083e-20
   31   80    1.599079e-24    1.218265e-25
   31   81    5.738486e-27    3.009093e-28
   32   64    7.912768e-25    7.172102e-26
   32   65    6.038583e-22    5.009940e-23
   32   66    3.430792e-15   -3.230948e-17
   32   67    1.047945e-14    1.395929e-16
   32   68    6.041825e-11    2.598460e-12
   32   69    3.258836e-11    1.655004e-12
   32   70    2.685256e-08   -2.136321e-09
   32   71    2.269952e-08   -1.282092e-09
   32   72    1.725413e-07   -3.098110e-09
   32   73    5.461608e-08   -1.451873e-09
   32   74    3.547678e-07    7.209530e-09
   32   75    3.225466e-08   -1.067512e-10
   32   76    2.300378e-08    1.165132e-09
   32   77    2.309637e-10    6.318066e-12
   32   78    7.731792e-11    6.369989e-12
   32   79    1.034374e-13    6.476656e-15
   32   80    9.034524e-15    1.038506e-15
   32   81    2.394722e-19    2.381109e-20
   32   82    2.630282e-21    2.984164e-22
   32   83    2.398890e-28    2.556294e-29
   33   66    9.664601e-29    9.904398e-30
   33   67    1.318414e-22    1.886511e-24
   33   68    2.988833e-20    8.731029e-22
   33   69    7.673485e-16    4.631658e-17
   33   70    5.304226e-15    3.920886e-16
   33   71    2.945700e-11   -1.307462e-12
   33   72    2.779627e-11   -7.717201e-13
   33   73    1.946027e-09    3.081985e-11
   33   74    6.515558e-10    1.374280e-11
   33   75    6.216641e-09    2.499856e-10
   33   76    5.406198e-09    7.644217e-11
   33   77    2.209440e-08    6.874299e-10
   33   78    8.308787e-10    4.037327e-12
   33   79    3.221491e-09    1.931253e-10
   33   80    5.239494e-11    1.939802e-12
   33   81    5.321155e-11    5.025905e-12
   33   82    1.054392e-14    7.896118e-16
   33   83    2.655510e-15    3.120133e-16
   33   84    6.763623e-22    7.276339e-23
   33   85    2.485943e-26    2.184615e-27
   34   68    3.712072e-28    1.621330e-29
   34   69    1.449652e-24    8.235411e-26
   34   70    1.092593e-19    1.039218e-20
   34   71    7.947648e-19    7.635321e-20
   34   72    1.603733e-13   -6.160433e-16
   34   73    1.174911e-13    4.275021e-15
   34   74    1.129003e-11    5.919455e-13
   34   75    3.238524e-11    2.034574e-12
   34   76    8.176306e-10   -1.192383e-10
   34   77    9.756096e-10   -1.434928e-10
   34   78    4.540929e-08   -1.898121e-09
   34   79    1.442456e-08   -6.443987e-10
   34   80    6.557189e-08    2.073096e-09
   34   81    8.604730e-09    2.033022e-10
   34   82    5.259263e-09    4.455054e-10
   34   83    1.574843e-11    1.021671e-12
   34   84    2.703360e-12    3.228779e-13
   34   85    1.812105e-17    1.941888e-18
   34   86    3.288618e-21    2.762550e-22
   34   87    2.329493e-27    1.747589e-28
   35   71    1.143357e-27    1.363116e-28
   35   72    5.755424e-25    6.443380e-26
   35   73    5.835446e-19    9.442207e-21
   35   74    7.340325e-18    4.364903e-19
   35   75    2.095239e-15    1.706641e-16
   35   76    9.878884e-15    9.263861e-16
   35   77    4.745194e-12   -5.618523e-13
   35   78    2.207537e-12   -2.398794e-13
   35   79    1.419124e-10   -7.803401e-13
   35   80    2.153712e-10    1.460260e-13
   35   81    7.572352e-10   -2.318425e-11
   35   82    8.116738e-10   -5.826764e-11
   35   83    1.316677e-08    1.233530e-10
   35   84    9.571171e-10   -1.478179e-11
   35   85    1.838547e-09    1.061505e-10
   35   86    6.241963e-14    2.565114e-15
   35   87    8.381579e-17    1.227877e-18
   35   88    8.427100e-22   -3.525674e-25
   35   89    7.442265e-26   -1.794183e-27
   36   73    1.407240e-29    1.968821e-30
   36   74    3.408141e-23    1.769403e-24
   36   75    5.115878e-22    4.672686e-23
   36   76    3.040308e-18    3.711890e-19
   36   77    1.815845e-17   -6.710462e-19
   36   78    1.133798e-14   -9.709770e-16
   36   79    6.745378e-14    1.433747e-15
   36   80    1.795951e-11   -5.440251e-12
   36   81    2.591026e-11   -7.682522e-12
   36   82    6.390738e-09   -6.992528e-10
   36   83    6.488339e-09   -6.277114e-10
   36   84    7.799241e-08   -6.691663e-10
   36   85    3.042098e-08    3.423371e-10
   36   86    2.437929e-08    1.611759e-09
   36   87    1.138877e-11    5.322087e-13
   36   88    1.933843e-13    4.526969e-15
   36   89    6.325015e-18    3.847212e-20
   36   90    7.090332e-21   -1.456638e-22
   36   91    3.738938e-27   -1.235564e-28
   37   76    5.612839e-28    6.000501e-29
   37   77    7.621144e-24    1.063212e-24
   37   78    1.702613e-22   -2.965285e-24
   37   79    8.351138e-19   -4.441510e-20
   37   80    6.247673e-18    3.236938e-19
   37   81    1.316249e-14   -3.431985e-15
   37   82    1.454881e-14   -3.630896e-15
   37   83    1.210130e-11   -7.666433e-13
   37   84    9.567142e-12   -4.930679e-13
   37   85    3.309847e-10   -1.095929e-11
   37   86    5.283512e-10   -3.965756e-11
   37   87    8.801909e-09    1.174720e-10
   37   88    3.761602e-11   -4.115356e-13
   37   89    2.953445e-12   -1.229312e-13
   37   90    1.023622e-15   -6.646198e-17
   37   91    5.052942e-18   -4.838453e-19
   37   92    4.991914e-23   -5.686563e-24
   37   93    2.881834e-26   -4.125256e-27
   38   78    7.596431e-29    1.152441e-29
   38   79    5.443519e-27    9.028306e-29
   38   80    3.331349e-22    1.417795e-23
   38   81    2.437101e-21   -2.667033e-22
   38   82    1.222762e-17   -2.678733e-18
   38   83    3.869103e-16   -8.666865e-18
   38   84    2.907591e-14   -6.640591e-16
   38   85    1.075433e-13   -6.773603e-16
   38   86    4.380967e-09   -2.852099e-10
   38   87    7.065535e-09   -3.084607e-10
   38   88    5.335089e-08    5.812269e-10
   38   89    1.208108e-09   -1.070588e-11
   38   90    3.128582e-10    1.149776e-11
   38   91    6.677266e-13    9.629706e-15
   38   92    2.228889e-14   -2.911370e-16
   38   93    4.102016e-18   -1.360571e-19
   38   94    1.994601e-20   -1.279316e-21
   38   95    1.882727e-26   -1.458489e-27
   39   81    1.030524e-28    6.419982e-30
   39   82    1.208485e-26   -1.079383e-27
   39   83    2.463614e-22   -4.635569e-23
   39   84    9.605086e-21    3.613367e-23
   39   85    2.830193e-18    3.899283e-20
   39   86    2.236963e-17    3.696184e-19
   39   87    9.503458e-13   -2.151660e-14
   39   88    2.353418e-12   -2.875924e-14
   39   89    3.971587e-09   -5.126668e-12
   39   90    4.977552e-10    6.976988e-12
   39   91    8.043216e-10    1.248020e-11
   39   92    1.630628e-11   -2.118843e-13
   39   93    4.140659e-12   -1.846500e-13
   39   94    3.062117e-14   -2.164523e-15
   39   95    3.599290e-16   -3.834365e-17
   39   96    5.296937e-20   -6.670085e-21
   39   97    2.722155e-24   -4.207788e-25
   39   98    1.062040e-29   -1.784311e-30
   40   84    8.306499e-26    2.060013e-27
   40   85    3.607835e-25    1.408279e-26
   40   86    1.487005e-21    7.512962e-23
   40   87    3.678274e-19    1.134662e-20
   40   88    3.893816e-16    6.966630e-18
   40   89    1.722988e-14    7.786103e-16
   40   90    1.364735e-09   -2.377801e-11
   40   91    5.393859e-10   -8.264349e-12
   40   92    1.423320e-09    2.932092e-11
   40   93    1.951808e-10    6.890963e-13
   40   94    5.057603e-10    3.074035e-12
   40   95    1.937179e-11   -3.652771e-13
   40   96    1.302547e-11   -2.390939e-13
   40   97    2.694524e-15   -1.093309e-16
   40   98    6.778053e-18   -4.695130e-19
   40   99    2.829334e-23   -2.309434e-24
   40  100    4.073046e-25   -4.529568e-26
   40  101    7.231572e-30   -9.424521e-31
   41   87    5.591187e-27    4.035436e-28
   41   88    5.227546e-24    3.321608e-25
   41   89    1.061306e-20    5.725715e-22
   41   90    1.100437e-18    8.586991e-20
   41   91    4.573717e-13    1.044382e-14
   41   92    4.645761e-13    1.206269e-14
   41   93    1.756402e-12    8.689657e-14
   41   94    7.528092e-13    3.124278e-14
   41   95    2.044476e-12    1.575190e-13
   41   96    2.740218e-13    1.592255e-14
   41   97    5.592455e-13    3.470380e-14
   41   98    6.932146e-16    2.812208e-17
   41   99    2.129767e-17    2.228422e-19
   41  100    2.522208e-21   -2.087921e-23
   41  101    4.218561e-22   -1.360757e-23
   41  102    8.302135e-26   -4.517434e-27
   42   89    5.292514e-29    5.162702e-30
   42   90    7.968476e-25    7.932401e-26
   42   91    2.343800e-21    1.858609e-22
   42   92    3.586588e-16    1.989180e-17
   42   93    4.617984e-16    1.846182e-17
   42   94    4.315989e-13   -3.800612e-14
   42   95    5.097575e-13   -3.675825e-14
   42   96    5.026673e-11   -6.934049e-13
   42   97    9.849674e-12   -1.866660e-13
   42   98    1.546108e-10    9.356881e-13
   42   99    8.539907e-13   -1.389812e-14
   42  100    2.600363e-12    2.502101e-14
   42  101    2.542921e-15   -2.687975e-17
   42  102    1.686352e-15    6.546499e-17
   42  103    6.681955e-19    1.231732e-20
   42  104    9.284840e-20    5.645338e-22
   42  105    4.612280e-24   -5.770896e-26
   42  106    3.828253e-26   -1.601395e-27
   43   91    1.182786e-30    1.475322e-31
   43   92    1.558780e-26    1.725436e-27
   43   93    1.231018e-20    1.063395e-21
   43   94    7.232681e-20    8.206044e-22
   43   95    5.341679e-17   -1.477162e-18
   43   96    2.864060e-16    4.063467e-18
   43   97    9.250624e-15    4.451940e-16
   43   98    5.986691e-15    2.264755e-16
   43   99    2.364237e-13    4.022534e-15
   43  100    1.274331e-14   -1.279459e-16
   43  101    1.460113e-13    3.601854e-15
   43  102    4.202070e-16    3.709553e-19
   43  103    2.132326e-15    9.762065e-17
   43  104    3.972528e-18    9.140854e-20
   43  105    5.175062e-18    1.702224e-19
   43  106    1.094044e-21    1.370467e-23
   43  107    1.874223e-23   -3.583243e-25
   43  108    2.499866e-27   -9.673640e-29
   44   94    1.251521e-24    1.041308e-25
   44   95    1.668444e-22    2.456077e-24
   44   96    3.644699e-20    3.736650e-22
   44   97    7.415850e-19   -2.159079e-20
   44   98    8.548170e-15   -1.403506e-15
   44   99    5.779913e-15   -8.933401e-16
   44  100    1.902650e-12   -1.847527e-13
   44  101    3.904517e-13   -2.930720e-14
   44  102    3.639987e-11   -9.946475e-14
   44  103    1.410887e-12   -3.647366e-14
   44  104    8.725951e-12    3.434080e-13
   44  105    6.620859e-14    1.074159e-15
   44  106    9.780888e-14    6.770624e-15
   44  107    7.802311e-17    3.777799e-18
   44  108    4.359649e-17    2.189681e-18
   44  109    4.008268e-21    1.282551e-22
   44  110    3.114614e-22    2.412348e-24
   44  111    5.894100e-27   -5.343001e-29
   45   95    1.459042e-30    1.545812e-31
   45   96    5.202320e-28    2.284159e-29
   45   97    6.777866e-25    1.636248e-26
   45   98    3.705155e-23   -2.845029e-24
   45   99    2.832107e-19   -3.085489e-20
   45  100    9.500242e-19   -5.699830e-20
   45  101    2.379608e-16    1.781457e-18
   45  102    3.150909e-16    2.077002e-18
   45  103    1.985733e-13   -1.200219e-14
   45  104    4.221662e-14   -3.417112e-15
   45  105    4.728431e-12   -3.641053e-14
   45  106    1.438423e-13   -4.739035e-15
   45  107    2.300756e-12    5.775227e-14
   45  108    1.921816e-14    9.193781e-19
   45  109    4.980196e-14   -2.742865e-16
   45  110    1.021829e-16   -2.932742e-18
   45  111    1.997355e-17   -1.205139e-18
   45  112    5.090729e-21   -4.204237e-22
   45  113    2.216444e-22   -2.592362e-23
   45  114    2.943264e-27   -3.994467e-28
   46   98    6.567248e-28    9.693481e-29
   46   99    8.026049e-26   -4.392023e-27
   46  100    2.720328e-23   -6.403495e-25
   46  101    1.881161e-21    7.543048e-23
   46  102    1.199371e-18   -1.654082e-19
   46  103    1.195973e-17   -1.758258e-18
   46  104    3.590931e-14   -8.947638e-15
   46  105    1.313942e-14   -2.279195e-15
   46  106    5.126670e-12   -2.733562e-13
   46  107    4.948268e-13   -2.123878e-14
   46  108    5.742959e-11    2.715554e-14
   46  109    1.591164e-12   -3.758286e-14
   46  110    8.995954e-12    3.125531e-13
   46  111    2.675660e-14    3.438958e-16
   46  112    5.253694e-14    2.482472e-15
   46  113    2.358736e-17    6.569723e-19
   46  114    1.112892e-17    3.399002e-19
   46  115    1.179091e-21    1.524704e-23
   46  116    4.982500e-23   -6.646651e-25
   46  117    9.694690e-28   -2.862518e-29
   47  101    1.847977e-28    5.712360e-30
   47  102    5.649652e-27    3.463292e-28
   47  103    3.793561e-23   -4.265891e-24
   47  104    1.446400e-21   -2.553146e-22
   47  105    8.213656e-19   -7.427131e-20
   47  106    4.379520e-18   -4.409680e-20
   47  107    1.330430e-15    6.349497e-17
   47  108    1.286440e-15    4.179650e-17
   47  109    5.529958e-13    5.155893e-15
   47  110    6.555770e-14   -7.449039e-16
   47  111    7.399744e-12   -4.449376e-14
   47  112    2.161249e-13   -6.855157e-15
   47  113    2.644870e-12    4.746480e-14
   47  114    6.009573e-15   -3.194989e-17
   47  115    1.542270e-14    2.601269e-16
   47  116    4.012043e-18   -1.435793e-20
   47  117    4.030364e-18   -4.882377e-20
   47  118    6.087710e-22   -1.988686e-23
   47  119    5.070467e-23   -3.115156e-24
   47  120    1.348560e-27   -1.081875e-28
   48  104    7.532303e-27   -9.504213e-28
   48  105    5.819519e-25   -3.157622e-26
   48  106    1.645748e-21   -2.002374e-22
   48  107    6.454505e-20   -9.422076e-21
   48  108    1.746265e-15   -4.067558e-16
   48  109    5.438450e-16   -1.147143e-16
   48  110    3.540389e-13   -5.257666e-14
   48  111    9.391268e-14   -1.275541e-14
   48  112    1.316577e-11   -3.659706e-13
   48  113    9.925440e-13   -3.532205e-14
   48  114    5.527056e-11    2.722285e-13
   48  115    1.061841e-12   -1.765259e-14
   48  116    7.693981e-12    2.097433e-13
   48  117    3.237477e-14    1.953469e-16
   48  118    5.534793e-14    2.054354e-15
   48  119    2.580450e-17    4.477964e-19
   48  120    1.526940e-17    4.872752e-19
   48  121    2.994309e-21    4.084152e-23
   48  122    2.693748e-22    1.435561e-24
   48  123    7.018814e-27   -7.185458e-29
   49  107    1.017436e-26   -9.358984e-28
   49  108    1.691347e-24   -2.553368e-25
   49  109    5.006645e-21   -8.595200e-22
   49  110    1.570785e-20   -1.803331e-21
   49  111    3.345427e-18   -3.540262e-20
   49  112    1.053970e-17    1.105518e-19
   49  113    3.229676e-15    1.020768e-16
   49  114    2.712311e-15    4.403779e-17
   49  115    7.390196e-13   -1.473716e-14
   49  116    8.724132e-14   -3.519103e-15
   49  117    4.208456e-12   -4.399560e-16
   49  118    1.015396e-13   -2.439448e-15
   49  119    9.469894e-13    2.130285e-14
   49  120    5.537808e-15   -8.319889e-19
   49  121    1.527854e-14    3.695147e-16
   49  122    2.040823e-17    6.800135e-20
   49  123    2.119156e-17    4.692840e-19
   49  124    5.915999e-21    1.709890e-23
   49  125    2.439578e-21    5.684625e-23
   49  126    1.775974e-25    9.607617e-28
   49  127    1.557642e-26    1.611160e-28
   50  108    4.251857e-29   -4.801368e-31
   50  109    3.460876e-28    2.121388e-29
   50  110    6.313923e-26   -5.251517e-27
   50  111    1.410334e-24    3.709498e-26
   50  112    4.017667e-20   -1.815642e-21
   50  113    6.935510e-19   -5.407201e-20
   50  114    2.225316e-14   -3.127071e-15
   50  115    1.414088e-14   -1.756291e-15
   50  116    9.700347e-12   -5.626454e-13
   50  117    2.013656e-12   -1.420022e-13
   50  118    6.265906e-11   -3.272657e-13
   50  119    4.688506e-12   -1.057953e-13
   50  120    9.010895e-11    8.401367e-13
   50  121    2.350188e-12   -2.900887e-14
   50  122    9.025045e-12    3.241912e-13
   50  123    8.416985e-14    1.287043e-15
   50  124    1.450116e-13    5.423474e-15
   50  125    4.989180e-16    8.465770e-18
   50  126    2.855086e-16    1.195346e-17
   50  127    3.721927e-19    8.169717e-21
   50  128    5.808262e-20    3.445982e-21
   50  129    2.743210e-23    1.121092e-24
   50  130    1.341087e-24    9.683977e-26
   50  131    1.976748e-28    1.091992e-29
   51  113    2.666225e-26   -3.118211e-28
   51  114    1.114331e-24   -5.013696e-26
   51  115    2.251626e-20   -1.959567e-21
   51  116    5.007752e-20   -3.290104e-21
   51  117    1.791642e-17   -1.081847e-19
   51  118    2.202767e-17   -9.692048e-20
   51  119    1.288433e-15    3.869165e-17
   51  120    7.839335e-16    3.583589e-18
   51  121    2.416375e-13   -1.094885e-14
   51  122    3.370926e-14   -2.080725e-15
   51  123    2.147373e-12   -1.110539e-14
   51  124    1.222091e-13   -3.492610e-15
   51  125    9.695651e-13    2.640189e-14
   51  126    1.391610e-14    4.117329e-17
   51  127    3.228788e-14    1.704333e-15
   51  128    9.174133e-17    2.797457e-18
   51  129    8.014864e-17    6.733776e-18
   51  130    5.407748e-20    3.439265e-21
   51  131    1.385832e-20    1.560970e-21
   51  132    5.301822e-24    4.913925e-25
   51  133    2.178941e-25    3.274500e-26
   52  115    3.248258e-29   -8.070442e-31
   52  116    5.248883e-26   -8.463253e-28
   52  117    3.951539e-25    1.466182e-26
   52  118    1.247773e-22    6.259384e-24
   52  119    8.803201e-22    2.957651e-23
   52  120    8.193079e-18   -5.748158e-19
   52  121    1.788370e-17   -1.376656e-18
   52  122    5.607847e-14   -6.697328e-15
   52  123    2.027615e-14   -1.501356e-15
   52  124    7.532111e-12   -2.576320e-13
   52  125    8.626682e-13   -3.444488e-14
   52  126    4.029906e-11    5.418752e-14
   52  127    1.551542e-12   -3.057761e-14
   52  128    9.835683e-12    3.002268e-13
   52  129    1.462594e-13    1.027161e-15
   52  130    1.324113e-12   -2.450819e-14
   52  131    6.591178e-15   -2.766046e-16
   52  132    5.768245e-15    7.849867e-18
   52  133    1.281343e-17   -2.689822e-19
   52  134    1.607418e-18    6.266581e-20
   52  135    5.798673e-26    1.872373e-27
   53  119    1.264864e-27    6.452183e-29
   53  120    3.407394e-27    4.102908e-29
   53  121    4.852493e-23   -8.508875e-25
   53  122    6.196830e-22   -2.667227e-23
   53  123    1.037115e-18    5.979847e-20
   53  124    2.529857e-18    1.049448e-19
   53  125    2.375710e-15    7.523758e-17
   53  126    1.506082e-15    5.252297e-18
   53  127    5.361778e-13   -2.051089e-14
   53  128    8.162358e-14   -5.144504e-15
   53  129    2.419545e-12    9.748662e-15
   53  130    8.717413e-14   -1.957471e-15
   53  131    4.757312e-13    1.732385e-14
   53  132    6.007830e-15    6.810427e-17
   53  133    8.500094e-15    5.792319e-16
   53  134    6.548609e-17    2.924358e-18
   53  135    1.194006e-17    1.183607e-18
   53  136    2.615214e-25    2.381630e-26
   53  137    4.418720e-30    3.295185e-31
   54  121    1.317731e-29   -3.098158e-31
   54  122    7.661023e-27   -1.484846e-26
   54  123    1.229982e-25    1.598401e-26
   54  124    8.936454e-22    5.837156e-23
   54  125    1.006321e-20    4.361876e-22
   54  126    7.905259e-17   -7.243451e-19
   54  127    1.739809e-16   -2.070970e-18
   54  128    1.963442e-13   -9.353919e-15
   54  129    9.351841e-14   -2.284373e-15
   54  130    1.466189e-11   -2.038907e-13
   54  131    1.864016e-12   -5.099935e-14
   54  132    4.968886e-11    1.132450e-13
   54  133    2.170856e-12   -4.375423e-14
   54  134    8.966425e-12    3.089586e-13
   54  135    2.640746e-13    1.562488e-15
   54  136    5.917935e-12   -1.136112e-13
   54  137    3.758042e-18   -1.140932e-19
   54  138    9.325060e-23   -4.923989e-24
   54  139    2.619580e-29   -1.648641e-30
   55  125    2.054328e-26    1.951637e-27
   55  126    9.904795e-26    6.161216e-27
   55  127    6.768546e-22    3.817042e-23
   55  128    5.823180e-21    1.831027e-22
   55  129    4.616690e-18    4.309365e-19
   55  130    9.261774e-18    6.781398e-19
   55  131    4.293384e-15    2.295438e-16
   55  132    2.076631e-15    6.315389e-17
   55  133    4.369976e-13    4.709352e-16
   55  134    9.900592e-14   -1.373070e-15
   55  135    2.982130e-12   -1.555976e-14
   55  136    2.724367e-13   -8.420975e-15
   55  137    7.861690e-13    2.472442e-14
   55  138    1.367449e-18    2.580266e-20
   55  139    2.480545e-22   -1.210036e-24
   55  140    3.807456e-28   -7.110113e-30
   56  127    6.552869e-28    1.802733e-29
   56  128    9.934526e-26    1.760353e-26
   56  129    3.116690e-24    4.672024e-25
   56  130    5.742771e-20    6.242793e-21
   56  131    3.237557e-19    2.690269e-20
   56  132    9.920830e-16    3.760175e-17
   56  133    1.636769e-15    3.407478e-17
   56  134    1.014579e-12   -1.891845e-14
   56  135    4.838284e-13    4.886415e-16
   56  136    5.959975e-11    4.335114e-13
   56  137    1.584991e-11   -1.360625e-13
   56  138    4.133681e-10   -2.795092e-13
   56  139    6.582468e-15   -1.096809e-16
   56  140    5.603436e-18   -2.480754e-19
   56  141    6.257399e-23   -3.750389e-24
   56  142    1.209330e-26   -1.052892e-27
   57  130    7.819618e-30   -2.672520e-29
   57  131    1.180973e-25    1.647956e-26
   57  132    1.426777e-24    1.586854e-25
   57  133    5.619255e-21    6.346514e-22
   57  134    3.836783e-20    3.668769e-21
   57  135    2.766094e-17    3.976545e-18
   57  136    8.555272e-17    1.015095e-17
   57  137    2.325938e-14    2.037665e-15
   57  138    3.985114e-14    2.155462e-15
   57  139    3.729548e-11   -3.622873e-15
   57  140    3.562916e-15   -6.505953e-17
   57  141    1.191199e-17   -5.843540e-19
   57  142    4.969476e-22   -3.361457e-23
   57  143    6.464443e-25   -6.277347e-26
   57  144    2.871407e-30   -3.273156e-31
   58  132    8.560231e-30    1.030005e-30
   58  133    3.053902e-28    7.873647e-29
   58  134    1.515452e-23    3.521532e-24
   58  135    4.184475e-22    8.475637e-23
   58  136    2.989481e-18    4.728538e-19
   58  137    2.010340e-17    2.550613e-18
   58  138    5.634313e-14    4.494830e-15
   58  139    1.958491e-13    8.960092e-15
   58  140    9.325937e-11   -1.057597e-14
   58  141    3.867336e-14   -8.132120e-16
   58  142    9.770618e-16   -5.323472e-17
   58  143    1.905205e-19   -1.426136e-20
   58  144    9.036011e-22   -9.767216e-23
   58  145    1.883280e-26   -2.358859e-27
   58  146    2.077687e-28    2.440032e-33
   59  135    7.163594e-29    1.858011e-29
   59  136    7.722069e-26    1.611407e-26
   59  137    1.977363e-21    3.246956e-22
   59  138    4.801719e-20    6.383562e-21
   59  139    3.486935e-16    2.950217e-17
   59  140    6.361172e-15    3.152674e-16
   59  141    7.776783e-12    6.710292e-16
   59  142    2.365742e-14   -5.397059e-16
   59  143    2.384335e-15   -1.401761e-16
   59  144    1.330620e-18   -1.090753e-19
   59  145    3.587610e-20   -4.216885e-21
   59  146    9.714743e-25   -1.325415e-25
   59  147    2.967957e-26   -5.191357e-27
   59  148    3.562276e-30    3.212211e-34
   60  137    5.273565e-28    1.159265e-28
   60  138    5.166200e-23    8.949092e-24
   60  139    4.863473e-21    6.836287e-22
   60  140    1.364059e-16    1.227822e-17
   60  141    5.345623e-15    2.881610e-16
   60  142    3.659167e-11    9.676030e-14
   60  143    3.904280e-13   -9.195343e-15
   60  144    2.029927e-13   -1.349179e-14
   60  145    6.572034e-16   -6.018480e-17
   60  146    6.906367e-17   -9.054796e-18
   60  147    2.696849e-20   -4.160031e-21
   60  148    9.923969e-22   -1.922134e-22
   60  149    1.393258e-25   -3.001426e-26
   60  150    8.726442e-27   -2.270634e-27
   60  151    3.077937e-29    1.720114e-32
   60  152    9.768379e-27    1.175470e-33
   61  139    3.624529e-28    8.474432e-29
   61  140    1.933804e-25    3.817456e-26
   61  141    3.305395e-20    4.984284e-21
   61  142    1.018484e-17    1.160606e-18
   61  143    1.717175e-13    1.082402e-14
   61  144    1.133944e-14    4.181356e-16
   61  145    1.466871e-14   -6.642067e-17
   61  146    2.318283e-16   -7.111243e-18
   61  147    7.124863e-17   -5.421370e-18
   61  148    1.608770e-19   -1.627529e-20
   61  149    1.936196e-20   -2.706205e-21
   61  150    1.136962e-23   -1.876855e-24
   61  151    1.767436e-23   -4.521467e-24
   61  152    1.424658e-26   -4.065674e-27
   61  153    9.445389e-26    3.469071e-27
   61  154    6.451625e-29    2.081806e-30
   61  155    5.791120e-29    9.109661e-32
   62  141    9.563333e-27    1.747555e-27
   62  142    9.408543e-21    1.221248e-21
   62  143    5.976786e-18    5.465070e-19
   62  144    9.161043e-13    3.402709e-14
   62  145    2.196517e-13    6.538480e-16
   62  146    1.749888e-12   -6.784900e-14
   62  147    7.948501e-14   -5.344117e-15
   62  148    1.263695e-13   -1.384903e-14
   62  149    8.557318e-16   -1.164529e-16
   62  150    5.934207e-16   -1.073365e-16
   62  151    2.315545e-18   -4.807928e-19
   62  152    4.241610e-18   -1.092886e-18
   62  153    1.864974e-20   -5.382757e-21
   62  154    1.450620e-20   -4.915884e-21
   62  155    2.461116e-23   -9.126617e-24
   62  156    1.112537e-24   -4.624955e-25
   62  157    1.592053e-28   -7.073856e-29
   62  158    3.962185e-28    2.497621e-31
   63  143    1.306966e-24    2.172361e-25
   63  144    7.403748e-21    9.396581e-22
   63  145    3.026818e-15    2.191170e-16
   63  146    3.507038e-15    1.444101e-16
   63  147    6.209514e-14   -1.742143e-16
   63  148    9.520884e-15   -3.093823e-16
   63  149    8.999978e-14   -6.901277e-15
   63  150    1.481855e-15   -1.580100e-16
   63  151    1.792599e-14   -2.966830e-15
   63  152    2.729188e-16   -5.385921e-17
   63  153    5.678441e-15   -1.421921e-15
   63  154    9.774616e-17   -2.788745e-17
   63  155    4.625109e-16   -1.560047e-16
   63  156    3.188302e-18   -1.191082e-18
   63  157    7.601790e-19   -3.203034e-19
   63  158    4.450235e-22   -2.019165e-22
   63  159    1.117462e-23   -5.602800e-24
   63  160    7.055544e-28   -3.737184e-28
   63  161    8.085722e-28   -2.363424e-33
   64  144    6.745789e-28    2.174548e-28
   64  145    8.795311e-24    2.550060e-24
   64  146    3.877497e-17    9.520934e-18
   64  147    1.360875e-16    2.963056e-17
   64  148    1.482172e-14    2.685493e-15
   64  149    1.104275e-14    1.718488e-15
   64  150    2.881214e-13    3.523174e-14
   64  151    3.648050e-14    3.571650e-15
   64  152    9.125049e-13    6.235022e-14
   64  153    7.710326e-14    3.317279e-15
   64  154    2.646833e-12    2.154666e-15
   64  155    1.772064e-13   -4.895532e-15
   64  156    1.674659e-12   -1.195621e-13
   64  157    4.135569e-14   -4.170782e-15
   64  158    4.033878e-14   -5.814522e-15
   64  159    1.301905e-16   -2.246853e-17
   64  160    1.447486e-17   -3.099574e-18
   64  161    6.550687e-21   -1.578045e-21
   64  162    6.776519e-23   -1.903125e-23
   64  163    5.258442e-27   -1.604170e-27
   64  164    8.144486e-29   -1.828770e-34
   65  147    9.221088e-25    2.737913e-25
   65  148    1.801897e-23    5.094572e-24
   65  149    6.143546e-21    1.560358e-21
   65  150    5.951017e-21    1.362198e-21
   65  151    3.210210e-18    6.537200e-19
   65  152    3.717788e-19    6.582595e-20
   65  153    3.030343e-16    4.600819e-17
   65  154    8.244314e-17    1.031008e-17
   65  155    2.111536e-14    1.796644e-15
   65  156    4.378079e-15    2.459244e-16
   65  157    2.341738e-13    3.555239e-15
   65  158    1.758395e-14   -2.639770e-16
   65  159    9.106735e-14   -5.205304e-15
   65  160    1.251950e-15   -1.083631e-16
   65  161    6.291524e-16   -8.011748e-17
   65  162    2.215296e-18   -3.490433e-19
   65  163    9.189168e-20   -1.805153e-20
   65  164    3.728826e-23   -8.266387e-24
   65  165    2.011368e-25   -5.196752e-26
   65  166    1.352476e-29   -3.834775e-30
   66  149    9.888210e-29    3.449745e-29
   66  150    2.510940e-25    7.848040e-26
   66  151    7.208707e-24    2.101915e-24
   66  152    1.026695e-20    2.657157e-21
   66  153    3.201651e-20    7.566684e-21
   66  154    1.169284e-17    2.342307e-18
   66  155    1.255598e-17    2.200704e-18
   66  156    6.004018e-15    8.075176e-16
   66  157    4.214936e-15    4.495576e-16
   66  158    5.146470e-13    3.338876e-14
   66  159    1.238007e-13    4.467237e-15
   66  160    2.424550e-12   -1.188189e-14
   66  161    1.301338e-13   -4.377470e-15
   66  162    2.916496e-13   -2.227530e-14
   66  163    3.558514e-15   -3.740353e-16
   66  164    1.259725e-15   -1.849584e-16
   66  165    1.195514e-18   -2.073074e-19
   66  166    1.985779e-20   -4.211938e-21
   66  167    2.650098e-24   -6.261765e-25
   66  168    1.054992e-26   -2.890175e-27
   66  169    5.472402e-30   -1.215632e-35
   67  153    8.864659e-29    2.571936e-29
   67  154    1.389107e-25    4.075196e-26
   67  155    4.047375e-22    1.041695e-22
   67  156    2.298878e-22    5.291608e-23
   67  157    1.501193e-18    2.892475e-19
   67  158    2.163590e-18    3.594924e-19
   67  159    1.905888e-15    2.371088e-16
   67  160    4.981104e-16    4.767709e-17
   67  161    1.262320e-13    6.966932e-15
   67  162    7.032160e-15    1.747875e-16
   67  163    3.064102e-13   -4.198801e-15
   67  164    1.079036e-14   -4.694436e-16
   67  165    3.148520e-14   -2.738829e-15
   67  166    1.293110e-16   -1.483671e-17
   67  167    1.801036e-17   -2.787437e-18
   67  168    1.246559e-20   -2.265838e-21
   67  169    2.270079e-22   -4.971340e-23
   67  170    2.925797e-26   -7.166107e-27
   67  171    2.899020e-28    1.793213e-33
   68  155    1.259158e-28    4.308279e-29
   68  156    7.134913e-25    2.183968e-25
   68  157    2.807458e-24    7.924638e-25
   68  158    2.801772e-20    6.836464e-21
   68  159    9.416224e-20    2.040177e-20
   68  160    1.374906e-16    2.430070e-17
   68  161    2.764549e-16    4.118224e-17
   68  162    6.722716e-14    7.220694e-15
   68  163    3.366106e-14    2.667140e-15
   68  164    1.460448e-12    5.561995e-14
   68  165    1.983230e-13    1.857881e-15
   68  166    1.940021e-12   -6.147361e-14
   68  167    4.906337e-14   -2.978301e-15
   68  168    2.726696e-14   -2.760610e-15
   68  169    9.162307e-17   -1.180298e-17
   68  170    4.754922e-18   -7.978706e-19
   68  171    2.777186e-21   -5.397045e-22
   68  172    2.176105e-23   -5.070885e-24
   68  173    1.944558e-27   -4.975255e-28
   68  174    6.298665e-29   -7.235472e-36
   69  158    1.932220e-28    1.923411e-28
   69  159    1.817912e-25    5.244186e-26
   69  160    4.154687e-24    1.095886e-24
   69  161    1.828544e-20    4.068603e-21
   69  162    6.366054e-20    1.244432e-20
   69  163    1.027267e-16    1.583492e-17
   69  164    6.910936e-17    8.701753e-18
   69  165    2.678826e-14    2.257297e-15
   69  166    6.541111e-15    3.606334e-16
   69  167    3.517213e-13    4.702679e-15
   69  168    3.418576e-14   -5.902130e-16
   69  169    1.105781e-13   -6.463242e-15
   69  170    2.029612e-15   -1.813826e-16
   69  171    6.286432e-16   -8.115820e-17
   69  172    1.580478e-18   -2.507593e-19
   69  173    7.206647e-20   -1.419079e-20
   69  174    4.313011e-23   -9.647906e-24
   69  175    4.002357e-26   -1.039738e-26
   69  176    7.914584e-30    3.890317e-34
   70  161    1.726221e-26    5.270082e-27
   70  162    1.567601e-22    4.180889e-23
   70  163    1.904018e-21    4.567362e-22
   70  164    5.603361e-18    1.116829e-18
   70  165    2.379684e-17    4.083227e-18
   70  166    1.110804e-14    1.443501e-15
   70  167    1.454961e-14    1.471328e-15
   70  168    1.408691e-12    8.283488e-14
   70  169    4.157333e-13    1.213015e-14
   70  170    3.936709e-12   -4.686645e-14
   70  171    2.995016e-13   -1.249820e-14
   70  172    4.296190e-13   -3.597722e-14
   70  173    5.733050e-15   -6.512652e-16
   70  174    1.055447e-15   -1.626610e-16
   70  175    1.084008e-18   -1.966942e-19
   70  176    1.262242e-20   -2.758332e-21
   70  177    5.027609e-24   -1.236323e-24
   70  178    2.900318e-26   -8.251744e-27
   71  163    3.772846e-30    1.111258e-30
   71  164    1.353344e-26    3.893142e-27
   71  165    7.186027e-23    1.787868e-23
   71  166    3.745926e-22    8.345194e-23
   71  167    2.623373e-18    4.773494e-19
   71  168    8.432338e-18    1.286969e-18
   71  169    5.608713e-15    6.212570e-16
   71  170    2.107626e-15    1.722140e-16
   71  171    1.759861e-13    7.216226e-15
   71  172    2.781140e-14    2.828329e-16
   71  173    2.310056e-13   -6.937822e-15
   71  174    8.734877e-15   -5.315102e-16
   71  175    7.344655e-15   -7.433437e-16
   71  176    3.476948e-17   -4.554151e-18
   71  177    2.017085e-18   -3.406101e-19
   71  178    2.358400e-21   -4.686578e-22
   71  179    4.361520e-23   -1.032364e-23
   71  180    1.590838e-26   -4.188392e-27
   71  181    7.405860e-29    1.047637e-31
   72  165    2.601920e-29    8.492904e-30
   72  166    1.401087e-24    4.045707e-25
   72  167    2.822423e-23    7.372995e-24
   72  168    2.016139e-19    4.470594e-20
   72  169    1.633899e-18    3.167169e-19
   72  170    1.730876e-15    2.634711e-16
   72  171    4.222012e-15    5.207368e-16
   72  172    4.286949e-13    3.511339e-14
   72  173    2.896508e-13    1.506425e-14
   72  174    3.947867e-12    4.249551e-14
   72  175    4.849299e-13   -9.112630e-15
   72  176    1.325524e-12   -8.182473e-14
   72  177    2.324196e-14   -2.105645e-15
   72  178    6.982589e-15   -9.188851e-16
   72  179    4.092212e-17   -6.566501e-18
   72  180    3.418013e-18   -6.900555e-19
   72  181    2.413116e-21   -5.538362e-22
   72  182    1.189559e-23   -3.172249e-24
   72  183    7.592451e-28   -2.223987e-28
   72  184    1.386573e-28    3.102120e-34
   73  169    9.919415e-26    2.968154e-26
   73  170    3.537927e-24    9.749687e-25
   73  171    2.449197e-20    5.788715e-21
   73  172    2.128054e-20    4.384587e-21
   73  173    6.904368e-17    1.175558e-17
   73  174    4.401214e-18    6.258997e-19
   73  175    2.390082e-14    2.566791e-15
   73  176    2.971653e-15    2.344640e-16
   73  177    1.258789e-13    5.046008e-15
   73  178    7.420463e-17    4.625900e-19
   73  179    5.499867e-13   -6.906168e-15
   73  180    1.100843e-14   -4.616616e-16
   73  181    6.916199e-15   -5.685681e-16
   73  182    1.583078e-17   -1.725366e-18
   73  183    3.411011e-19   -4.938958e-20
   73  184    4.300554e-23   -7.257018e-24
   73  185    3.500183e-25   -7.157100e-26
   73  186    2.839152e-29   -6.486842e-30
   74  171    9.179200e-26    2.822121e-26
   74  172    1.043851e-21    2.799900e-22
   74  173    2.027398e-20    4.898921e-21
   74  174    2.478508e-17    5.001763e-18
   74  175    1.299075e-16    2.260745e-17
   74  176    2.299098e-14    3.083728e-15
   74  177    2.116700e-14    2.237520e-15
   74  178    8.654178e-13    5.594033e-14
   74  179    2.811609e-13    9.790611e-15
   74  180    2.921206e-12   -1.764969e-14
   74  181    2.769452e-13   -1.000948e-14
   74  182    5.475379e-13   -4.316980e-14
   74  183    4.354436e-15   -4.642400e-16
   74  184    4.454760e-16   -6.518564e-17
   74  185    6.542122e-19   -1.132749e-19
   74  186    1.749836e-20   -3.720735e-21
   74  187    4.549740e-24   -1.084673e-24
   74  188    2.931352e-26   -8.137560e-27
   74  189    1.577012e-30    1.708138e-34
   75  173    2.890052e-30    8.743481e-31
   75  174    3.221959e-26    9.622082e-27
   75  175    2.536218e-22    6.632308e-23
   75  176    2.050668e-21    4.804547e-22
   75  177    2.097463e-18    4.112284e-19
   75  178    3.780077e-18    6.346023e-19
   75  179    9.400721e-16    1.208350e-16
   75  180    9.255816e-16    9.159406e-17
   75  181    7.532348e-14    4.365142e-15
   75  182    1.613961e-14    4.459088e-16
   75  183    2.357448e-13   -3.160948e-15
   75  184    4.423088e-15   -1.814009e-16
   75  185    2.745258e-15   -2.232457e-16
   75  186    1.647606e-17   -1.806871e-18
   75  187    1.950066e-18   -2.904315e-19
   75  188    1.993855e-21   -3.508792e-22
   75  189    8.499049e-23   -1.828934e-23
   75  190    1.837433e-26   -4.440800e-27
   75  191    1.933929e-27    2.011771e-30
   75  192    1.914600e-29    4.340771e-32
   76  175    6.674078e-29    2.202496e-29
   76  176    6.270409e-25    1.832296e-25
   76  177    2.758934e-23    7.331883e-24
   76  178    7.204606e-20    1.635530e-20
   76  179    6.987345e-19    1.393305e-19
   76  180    3.379156e-16    5.359536e-17
   76  181    9.354423e-16    1.217091e-16
   76  182    1.255114e-13    1.103154e-14
   76  183    1.351870e-13    7.833151e-15
   76  184    3.013446e-12    4.755874e-14
   76  185    3.087143e-13   -4.108150e-15
   76  186    9.830601e-13   -5.591862e-14
   76  187    2.095281e-14   -1.795321e-15
   76  188    1.838874e-14   -2.369246e-15
   76  189    8.376287e-17   -1.313310e-17
   76  190    2.360576e-17   -4.734487e-18
   76  191    4.559274e-20   -1.045860e-20
   76  192    5.267843e-21   -1.440659e-21
   76  193    2.095296e-24   -6.354183e-25
   76  194    5.278977e-26   -1.828681e-26
   76  195    1.962165e-29    1.117084e-32
   76  196    1.394006e-28    2.681177e-35
   77  178    1.257526e-28    4.033205e-29
   77  179    1.154242e-24    3.296538e-25
   77  180    4.559630e-23    1.180630e-23
   77  181    1.442592e-19    3.176710e-20
   77  182    1.001758e-18    1.924475e-19
   77  183    4.752895e-16    7.207211e-17
   77  184    1.025308e-15    1.252037e-16
   77  185    9.998584e-14    8.077067e-15
   77  186    9.073019e-15    4.766297e-16
   77  187    2.768415e-13    3.531252e-15
   77  188    1.669199e-14   -2.736052e-16
   77  189    2.114510e-13   -1.206283e-14
   77  190    4.232292e-15   -3.650148e-16
   77  191    8.224314e-15   -1.074531e-15
   77  192    4.974112e-17   -7.956450e-18
   77  193    4.395645e-17   -9.030491e-18
   77  194    7.811925e-20   -1.837911e-20
   77  195    6.877696e-21   -1.918236e-21
   77  196    3.498262e-24   -1.077101e-24
   77  197    7.317723e-26   -2.563206e-26
   77  198    2.022522e-29    3.836612e-34
   78  181    1.529821e-26    5.113752e-27
   78  182    7.983834e-23    2.385803e-23
   78  183    1.500375e-21    4.092839e-22
   78  184    2.051934e-18    4.825074e-19
   78  185    1.065664e-17    2.217540e-18
   78  186    2.661752e-15    4.514241e-16
   78  187    1.588908e-15    2.256203e-16
   78  188    2.354895e-13    2.452731e-14
   78  189    8.622602e-14    6.510027e-15
   78  190    2.125807e-12    7.133595e-14
   78  191    2.475880e-13    1.452194e-15
   78  192    2.163987e-12   -8.086374e-14
   78  193    9.670186e-14   -6.377039e-15
   78  194    1.825542e-13   -2.025077e-14
   78  195    2.611267e-15   -3.641837e-16
   78  196    9.909725e-16   -1.828653e-16
   78  197    3.852666e-18   -8.219866e-19
   78  198    3.129418e-19   -8.073982e-20
   78  199    3.741006e-22   -1.075680e-22
   78  200    6.630175e-24   -2.192969e-24
   78  201    6.031385e-28   -2.158187e-28
   78  202    7.906401e-28    2.009179e-35
   79  184    3.739528e-28    1.310785e-28
   79  185    2.272028e-24    7.174322e-25
   79  186    3.163485e-23    9.201802e-24
   79  187    3.451141e-20    8.781849e-21
   79  188    8.463082e-20    1.936801e-20
   79  189    3.629315e-17    6.904051e-18
   79  190    7.413095e-17    1.207896e-17
   79  191    9.263073e-15    1.131275e-15
   79  192    2.399776e-15    2.265248e-16
   79  193    1.834772e-13    1.011559e-14
   79  194    2.255933e-14    5.517400e-16
   79  195    4.185167e-13   -6.329812e-15
   79  196    2.304752e-14   -1.053261e-15
   79  197    5.000369e-14   -4.463084e-15
   79  198    1.186576e-15   -1.428230e-16
   79  199    3.626692e-16   -5.902110e-17
   79  200    1.417509e-18   -2.745818e-19
   79  201    1.082412e-19   -2.550745e-20
   79  202    1.440466e-22   -3.840696e-23
   79  203    3.312870e-24   -1.018886e-24
   79  204    8.827308e-28   -2.971475e-28
   80  187    1.171739e-27    4.207557e-28
   80  188    8.227906e-24    2.661673e-24
   80  189    1.548536e-22    4.634700e-23
   80  190    2.009510e-19    5.246608e-20
   80  191    1.363914e-18    3.221837e-19
   80  192    4.593447e-16    9.023454e-17
   80  193    9.206530e-16    1.558064e-16
   80  194    1.250980e-13    1.614428e-14
   80  195    8.112548e-14    8.243205e-15
   80  196    3.070057e-12    1.856974e-13
   80  197    8.610076e-13    2.716384e-14
   80  198    7.435639e-12   -7.688437e-14
   80  199    7.492655e-13   -3.130822e-14
   80  200    1.439604e-12   -1.245776e-13
   80  201    3.028926e-14   -3.533403e-15
   80  202    7.266054e-15   -1.161388e-15
   80  203    4.066557e-17   -7.757885e-18
   80  204    6.082618e-18   -1.993502e-18
   80  205    1.939052e-21   -6.950081e-22
   80  206    1.743182e-23   -7.898231e-24
   81  190    3.482080e-28    1.264256e-28
   81  191    1.662615e-24    5.440228e-25
   81  192    4.356257e-23    1.319290e-23
   81  193    1.702321e-20    4.525532e-21
   81  194    2.889692e-19    6.950965e-20
   81  195    1.213743e-16    2.448816e-17
   81  196    3.371727e-16    5.849639e-17
   81  197    2.315321e-14    3.090557e-15
   81  198    2.336822e-14    2.439764e-15
   81  199    7.132987e-13    4.544001e-14
   81  200    2.737823e-13    8.861773e-15
   81  201    1.828433e-12   -1.269284e-14
   81  202    2.716234e-13   -1.106664e-14
   81  203    3.844862e-13   -3.198107e-14
   81  204    2.311679e-14   -2.717382e-15
   81  205    8.740291e-15   -1.417752e-15
   81  206    6.660335e-17   -1.295672e-17
   81  207    2.470653e-18   -5.765993e-19
   81  208    1.166467e-25   -2.828246e-26
   82  193    5.336075e-28    2.164261e-28
   82  194    5.688630e-24    2.119576e-24
   82  195    8.757131e-23    3.060202e-23
   82  196    1.457783e-19    4.578564e-20
   82  197    1.074099e-18    3.099192e-19
   82  198    4.618192e-16    1.165046e-16
   82  199    9.223442e-16    2.086185e-16
   82  200    1.785143e-13    3.346457e-14
   82  201    2.458272e-13    3.892035e-14
   82  202    8.055392e-12    9.639071e-13
   82  203    5.541506e-12    4.829610e-13
   82  204    6.491963e-11    3.267719e-12
   82  205    2.170868e-11    3.098927e-13
   82  206    9.326620e-11   -1.729610e-12
   82  207    1.122193e-11   -5.403389e-13
   82  208    4.878253e-11   -2.827227e-12
   82  209    2.568956e-17   -1.768040e-18
   82  210    5.181215e-23   -4.561057e-24
   82  211    1.326057e-29   -1.327293e-30
   83  196    2.656703e-27    9.648000e-28
   83  197    5.000833e-24    1.632330e-24
   83  198    1.140530e-22    3.455605e-23
   83  199    1.069116e-19    2.832429e-20
   83  200    1.069934e-18    2.555772e-19
   83  201    2.294816e-16    4.595686e-17
   83  202    4.365800e-16    7.449860e-17
   83  203    4.692394e-14    6.219855e-15
   83  204    4.720150e-14    4.768808e-15
   83  205    8.097492e-13    4.912003e-14
   83  206    2.861888e-13    7.306403e-15
   83  207    1.610415e-12   -3.435617e-14
   83  208    1.480005e-13   -9.153805e-15
   83  209    1.568106e-13   -2.408830e-14
   83  210    3.484022e-19   -5.869192e-20
   83  211    2.768813e-24   -5.312338e-25
   83  212    1.042437e-30   -2.137430e-31
   84  201    1.493868e-28    4.405173e-29
   84  202    3.869627e-26    1.014768e-26
   84  203    4.193550e-26    1.008860e-26
   84  204    4.774809e-24    9.740160e-25
   84  205    7.380579e-24    1.338454e-24
   84  206    1.557299e-22    2.270645e-23
   84  207    5.757030e-23    6.942469e-24
   84  208    4.629996e-22    3.889572e-23
   84  209    5.533936e-23    3.197134e-24
   84  210    2.870104e-23   -3.345071e-25
   84  211    1.397740e-28   -2.510494e-30
    0    1    1.325056e-10    2.001603e-12
    1    1    3.779713e-08    1.402643e-09
    2    4    4.717814e-06    1.112204e-07
