3.9269e-01
2.2454e-04
2.7523e+00
4.7858e+05
    1    2    5.477477e-20   -6.120578e-21
    1    3    1.650433e-19   -1.980436e-20
    2    3    5.991618e-18   -7.569123e-19
    3    6    2.245405e-22   -1.234406e-23
    3    7    1.183639e-24   -1.147936e-25
    4    7    3.334856e-24   -3.969148e-25
    4    9    2.433168e-23   -1.296130e-24
    4   10    2.509830e-23   -1.219741e-24
    5   10    2.576703e-19   -1.560045e-20
    5   11    1.094290e-14   -5.584410e-16
    5   12    1.060393e-24   -1.172794e-25
    6   11    4.256010e-16   -1.946377e-17
    6   12    4.368192e-04   -5.230123e-06
    6   13    1.083041e-10   -6.558110e-12
    6   14    1.210208e-11   -6.601442e-13
    6   15    3.996108e-25   -4.413177e-26
    7   12    3.411129e-28   -3.495783e-29
    7   13    2.659490e-13   -1.848820e-14
    7   14    2.546020e-09   -1.419712e-10
    7   15    2.400911e-11   -1.911024e-13
    7   16    1.840471e-22   -1.180512e-23
    7   17    3.998534e-28   -5.312364e-29
    8   14    3.282161e-18   -4.460443e-19
    8   15    1.401667e-11   -1.243949e-12
    8   16    5.228437e-02    9.908964e-06
    8   17    1.035875e-09   -6.084147e-11
    8   18    1.380994e-13   -1.059525e-14
    8   19    1.673780e-21   -2.295437e-22
    8   20    7.800598e-27   -7.859931e-28
    9   16    2.107502e-25   -3.054566e-26
    9   17    3.337904e-13   -1.802876e-14
    9   18    7.715939e-13   -9.131047e-14
    9   19    1.734018e-13   -1.608225e-14
    9   20    8.271988e-18   -9.329026e-19
    9   21    1.472465e-20   -7.428200e-22
    9   22    6.261071e-28   -3.754925e-29
   10   18    6.619663e-20   -7.827087e-21
   10   19    2.584961e-16   -4.007708e-17
   10   20    1.189429e-04   -9.481646e-06
   10   21    9.699606e-09   -7.723897e-10
   10   22    6.006918e-10   -1.726717e-11
   10   23    8.418435e-16   -6.266819e-17
   10   24    8.839112e-18   -2.037577e-19
   10   25    6.606380e-26   -5.488328e-27
   11   20    2.497465e-25   -5.530898e-26
   11   21    1.476208e-12   -2.095653e-13
   11   22    4.009063e-10   -1.495065e-11
   11   23    1.335532e-06   -2.861208e-08
   11   24    1.126283e-10   -3.193272e-12
   11   25    3.742706e-14   -9.271977e-16
   11   26    5.328411e-20   -4.216674e-21
   11   27    5.367570e-25   -4.522540e-26
   12   22    2.297818e-16   -4.686626e-17
   12   23    8.117391e-08    2.716343e-09
   12   24    1.047679e-03   -7.294479e-06
   12   25    8.606105e-06   -2.778652e-07
   12   26    5.018505e-06   -1.415413e-07
   12   27    1.830267e-10   -8.110165e-12
   12   28    1.316445e-13   -2.562806e-15
   12   29    2.967448e-22   -2.326967e-23
   12   30    1.216983e-27   -1.463942e-28
   13   23    1.996161e-28   -5.354771e-29
   13   24    3.374934e-17   -7.221158e-19
   13   25    7.474302e-12   -4.846161e-13
   13   26    3.813091e-07   -2.402346e-08
   13   27    1.605472e-04   -1.021568e-06
   13   28    1.122829e-07   -2.420475e-09
   13   29    3.889993e-10   -1.048597e-11
   13   30    1.262439e-15   -1.077028e-16
   13   31    7.083826e-20   -6.416440e-21
   13   32    2.363364e-28   -3.655113e-29
   14   25    3.208643e-24   -2.643335e-25
   14   26    4.544106e-13   -7.392179e-16
   14   27    9.009029e-08    3.697916e-09
   14   28    2.870740e-03    7.611525e-06
   14   29    1.760113e-04   -7.417063e-07
   14   30    3.972619e-04   -2.519757e-07
   14   31    3.093408e-08   -2.682110e-10
   14   32    3.442714e-10    5.739393e-13
   14   33    2.051254e-17   -1.181355e-18
   14   34    8.210871e-22   -4.493424e-23
   15   27    4.416069e-24   -2.484422e-25
   15   28    6.811491e-17   -9.281378e-19
   15   29    4.857033e-11   -2.702766e-12
   15   30    3.970341e-07   -1.854336e-08
   15   31    8.001407e-05    5.459449e-09
   15   32    2.151894e-07    1.769053e-10
   15   33    1.434785e-07    7.045590e-10
   15   34    6.127666e-12   -2.982865e-13
   15   35    2.024382e-15   -9.196613e-17
   15   36    1.256188e-24   -1.322759e-25
   15   37    6.838956e-29   -1.057066e-29
   16   29    3.605037e-24   -2.666346e-25
   16   30    1.681869e-14   -2.417155e-16
   16   31    3.712386e-09    1.175394e-10
   16   32    5.950955e-04    2.481703e-06
   16   33    3.099573e-05    1.227059e-07
   16   34    8.779578e-05    1.658720e-06
   16   35    2.216433e-07   -7.523055e-09
   16   36    8.202403e-08   -4.719752e-10
   16   37    4.158194e-15   -2.707073e-16
   16   38    9.429255e-19   -6.062570e-20
   16   39    3.356953e-26   -4.272513e-27
   17   31    2.044366e-26   -1.405010e-27
   17   32    6.170420e-19   -1.394509e-20
   17   33    2.766527e-12   -1.468338e-13
   17   34    7.105209e-09   -3.400895e-10
   17   35    1.602235e-05   -5.780782e-07
   17   36    2.238308e-07   -1.750288e-09
   17   37    1.316595e-07    7.260727e-10
   17   38    2.337125e-12   -1.262293e-13
   17   39    6.733837e-15   -3.715326e-16
   17   40    3.917366e-20   -4.709960e-21
   17   41    1.009858e-22   -1.351257e-23
   17   42    4.120530e-28   -8.394641e-29
   18   33    3.338707e-26   -2.784914e-27
   18   34    1.830386e-17   -2.157566e-18
   18   35    1.897387e-11   -1.828334e-12
   18   36    1.840642e-05    1.024195e-07
   18   37    2.651455e-07    1.652842e-09
   18   38    3.300097e-06    6.978872e-08
   18   39    2.938577e-09   -1.188420e-10
   18   40    1.733339e-09   -1.155944e-11
   18   41    2.222081e-13   -1.475429e-14
   18   42    2.149412e-15   -8.326014e-17
   18   43    1.888773e-20   -1.936254e-21
   18   44    7.103282e-23   -6.179885e-24
   18   45    3.850706e-29   -5.888017e-30
   19   35    8.735558e-30   -1.549285e-30
   19   36    2.649333e-21   -4.184293e-22
   19   37    1.440633e-14   -7.316737e-16
   19   38    7.912657e-11   -3.061892e-12
   19   39    7.045211e-07   -1.997759e-08
   19   40    1.159347e-08   -3.002931e-10
   19   41    7.287572e-10   -3.722766e-12
   19   42    8.227346e-12   -3.186728e-13
   19   43    2.383083e-13   -5.814553e-15
   19   44    6.524490e-16   -4.914801e-17
   19   45    1.449644e-17   -8.309193e-19
   19   46    5.992820e-21   -7.058830e-22
   19   47    2.044383e-23   -1.881616e-24
   19   48    1.654525e-30   -2.600907e-31
   20   37    4.486837e-29   -1.015076e-29
   20   38    5.870435e-20   -6.788005e-21
   20   39    8.396231e-14   -7.252268e-15
   20   40    1.343169e-07    1.242950e-09
   20   41    6.913951e-09    1.126700e-11
   20   42    4.766028e-08    6.015838e-10
   20   43    4.505804e-09    6.174582e-12
   20   44    4.808091e-09    4.266545e-12
   20   45    8.761468e-11   -1.819501e-12
   20   46    1.400598e-10   -2.723223e-12
   20   47    8.420302e-13   -3.477435e-14
   20   48    1.285158e-14   -4.328240e-16
   20   49    1.089055e-20   -1.050551e-21
   20   50    1.046916e-25   -1.731659e-26
   21   40    1.622067e-25   -2.353071e-26
   21   41    8.047074e-18   -3.656336e-19
   21   42    1.052910e-14   -6.171879e-16
   21   43    4.308398e-11   -2.063649e-12
   21   44    2.598663e-10   -2.050989e-12
   21   45    5.551977e-09   -5.388061e-11
   21   46    8.408477e-10   -1.214957e-11
   21   47    2.247186e-10   -4.115468e-12
   21   48    1.696579e-11   -5.290632e-13
   21   49    6.879082e-13   -2.203219e-14
   21   50    1.249663e-17   -1.203935e-18
   21   51    1.316336e-21   -2.197837e-22
   21   52    4.415695e-28   -1.050104e-28
   22   42    5.774853e-25   -6.266394e-26
   22   43    4.622044e-19   -5.722527e-20
   22   44    1.174147e-10    1.487942e-13
   22   45    5.580847e-11   -2.796209e-13
   22   46    2.858083e-08   -4.708859e-11
   22   47    1.650273e-08   -1.080973e-10
   22   48    2.705560e-08    2.161067e-11
   22   49    5.215278e-09   -3.423945e-11
   22   50    8.236996e-09   -6.978122e-11
   22   51    1.238261e-12   -8.925655e-14
   22   52    8.868715e-15   -1.273642e-15
   22   53    2.534510e-20   -5.418196e-21
   22   54    1.591660e-24   -4.661078e-25
   23   44    2.910266e-28   -5.466254e-29
   23   45    1.345521e-19   -7.389058e-21
   23   46    2.140533e-15   -1.298293e-16
   23   47    6.859693e-11   -3.613066e-12
   23   48    4.429495e-10   -4.364300e-12
   23   49    2.101569e-08   -4.971131e-11
   23   50    5.237174e-09   -1.169285e-11
   23   51    1.751015e-08   -5.390671e-11
   23   52    1.078835e-10   -7.400998e-12
   23   53    2.698985e-11   -1.249092e-12
   23   54    3.076607e-16   -3.434357e-17
   23   55    6.104532e-19   -1.148237e-19
   23   56    6.775886e-26   -1.759421e-26
   24   46    4.818430e-25   -5.496083e-26
   24   47    2.968242e-19   -3.454634e-20
   24   48    1.306411e-12   -1.534726e-14
   24   49    1.063483e-11   -2.013446e-14
   24   50    1.852597e-08    1.105359e-10
   24   51    1.584172e-08    1.622412e-11
   24   52    5.267483e-08    2.527943e-10
   24   53    5.352131e-09   -7.284447e-11
   24   54    1.378174e-08   -1.718526e-10
   24   55    1.559630e-12   -1.186631e-13
   24   56    1.413120e-13   -1.504947e-14
   24   57    3.220428e-19   -5.602543e-20
   24   58    1.648222e-22   -4.194011e-23
   24   59    3.235174e-30   -1.060480e-30
   25   48    2.378987e-28   -4.285476e-29
   25   49    4.723892e-21   -3.289357e-22
   25   50    1.293270e-16   -7.390079e-18
   25   51    2.799896e-11   -7.810603e-13
   25   52    2.172949e-10   -7.267298e-13
   25   53    1.676790e-08   -1.654581e-12
   25   54    1.326028e-08   -8.164625e-11
   25   55    2.151727e-08   -1.553152e-10
   25   56    8.667391e-11   -6.309179e-12
   25   57    9.080903e-11   -4.341365e-12
   25   58    4.417498e-15   -5.031068e-16
   25   59    4.680948e-17   -9.734766e-18
   25   60    8.925041e-23   -2.518546e-23
   25   61    1.864333e-26   -6.820114e-27
   26   50    1.745191e-27   -2.356678e-28
   26   51    1.032274e-20   -1.157477e-21
   26   52    3.673920e-14   -2.766035e-16
   26   53    6.544607e-13   -9.549057e-16
   26   54    2.041601e-08    7.867023e-11
   26   55    3.604164e-08   -2.350167e-11
   26   56    6.870863e-07    5.011736e-09
   26   57    9.822957e-08   -2.489696e-09
   26   58    2.088504e-06   -1.337890e-08
   26   59    1.006068e-09   -7.070781e-11
   26   60    1.886443e-09   -7.866083e-11
   26   61    1.075035e-14   -1.138305e-15
   26   62    1.187551e-15   -2.499328e-16
   26   63    5.003933e-22   -1.416953e-22
   26   64    1.900867e-25   -7.055853e-26
   26   66    1.116887e-29   -3.754580e-31
   27   53    1.784097e-23   -1.148614e-24
   27   54    3.889427e-18   -2.234315e-19
   27   55    1.468153e-11   -4.756858e-13
   27   56    1.092055e-10   -1.483323e-12
   27   57    6.791926e-08   -1.143212e-09
   27   58    9.988523e-08   -8.563152e-10
   27   59    2.556033e-06   -7.874464e-10
   27   60    3.930982e-08   -2.547595e-09
   27   61    1.414063e-07   -2.678169e-09
   27   62    3.123187e-11   -2.611820e-12
   27   63    1.395663e-10   -1.265493e-11
   27   64    1.306758e-15   -2.068202e-16
   27   65    6.686511e-18   -1.609163e-18
   27   66    6.135360e-24   -1.938296e-24
   27   67    1.351623e-27   -5.438463e-28
   28   54    1.934901e-30   -2.490857e-31
   28   55    7.355478e-23   -8.143960e-24
   28   56    3.951732e-14   -2.910865e-16
   28   57    1.579867e-12   -1.546716e-14
   28   58    4.992792e-08    3.583926e-10
   28   59    3.837140e-07    1.400429e-09
   28   60    2.060030e-06    2.527073e-08
   28   61    4.880622e-07   -1.324254e-08
   28   62    5.581196e-06    3.064521e-08
   28   63    1.366381e-08   -7.826451e-10
   28   64    8.508080e-07   -7.149135e-09
   28   65    8.760253e-11   -6.243391e-12
   28   66    7.720133e-10   -2.129258e-11
   28   67    6.190378e-15   -5.642888e-16
   28   68    5.121935e-16   -1.152448e-16
   28   69    1.015475e-22   -3.026724e-23
   28   70    2.240727e-26   -8.667523e-27
   29   57    2.223931e-25   -1.382804e-26
   29   58    2.360738e-20   -1.623280e-21
   29   59    3.016450e-14   -1.566364e-15
   29   60    9.812245e-12   -5.522068e-13
   29   61    4.386921e-10   -2.138070e-11
   29   62    2.107999e-09   -1.248317e-10
   29   63    5.717307e-07   -1.428189e-08
   29   64    5.585027e-08   -4.351068e-09
   29   65    1.439997e-06   -5.473634e-09
   29   66    2.459938e-09   -1.555330e-10
   29   67    1.783860e-07   -3.280673e-09
   29   68    1.010709e-11   -8.328156e-13
   29   69    6.750554e-12   -1.407107e-12
   29   70    1.327465e-17   -3.736043e-18
   29   71    1.086681e-19   -4.149088e-20
   29   72    4.830516e-26   -2.247659e-26
   29   73    8.548766e-29   -7.213092e-31
   29   75    4.187675e-29   -4.339187e-31
   30   59    2.860032e-28   -3.760245e-29
   30   60    9.816907e-19   -8.251787e-20
   30   61    1.970705e-15   -1.992953e-16
   30   62    5.922420e-12   -3.499117e-13
   30   63    2.967802e-11   -7.631028e-13
   30   64    2.441353e-07    3.716696e-09
   30   65    1.452042e-07   -1.948509e-09
   30   66    1.864184e-06    1.201315e-08
   30   67    1.543955e-08   -8.631987e-10
   30   68    1.709380e-06   -1.108820e-09
   30   69    4.835749e-10   -2.962948e-11
   30   70    4.147419e-08   -7.447948e-10
   30   71    1.510600e-12   -1.219065e-13
   30   72    3.911675e-11   -1.527707e-12
   30   73    2.387539e-16   -2.452882e-17
   30   74    1.833672e-16   -3.044453e-17
   30   75    8.318576e-23   -1.966620e-23
   30   76    5.588004e-25   -2.115365e-25
   31   62    3.084657e-23   -5.101325e-24
   31   63    2.153552e-19   -2.598008e-20
   31   64    6.391673e-17   -5.594952e-18
   31   65    2.524330e-12   -1.119566e-13
   31   66    3.484684e-11   -2.533687e-12
   31   67    4.335491e-09   -2.342356e-10
   31   68    1.881260e-09   -8.072132e-11
   31   69    7.841202e-07   -4.420385e-10
   31   70    6.652601e-09   -4.101290e-10
   31   71    3.344599e-07   -3.637400e-09
   31   72    1.288379e-10   -9.335563e-12
   31   73    2.001101e-08   -4.933794e-10
   31   74    2.978334e-12   -2.687938e-13
   31   75    3.618773e-11   -4.434955e-12
   31   76    1.411077e-16   -2.717030e-17
   31   77    4.376143e-18   -1.312171e-18
   31   78    9.982943e-24   -3.800476e-24
   31   79    5.438628e-27   -2.572568e-27
   31   81    4.210833e-29   -1.938023e-31
   32   64    2.997185e-24   -4.388633e-25
   32   65    2.185733e-21   -3.075174e-22
   32   66    8.225411e-15   -6.781910e-16
   32   67    6.049115e-14   -4.571742e-15
   32   68    1.643681e-09    4.963180e-11
   32   69    2.420345e-09   -8.081699e-12
   32   70    3.614902e-07    5.088044e-09
   32   71    1.672663e-08   -8.735102e-10
   32   72    3.819721e-07    2.180581e-09
   32   73    2.231112e-09   -1.178024e-10
   32   74    3.694301e-07   -1.543049e-09
   32   75    3.244340e-10   -2.131216e-11
   32   76    2.656112e-08   -2.980918e-10
   32   77    2.754572e-12   -2.058988e-13
   32   78    2.387041e-11   -2.158666e-12
   32   79    3.921850e-16   -6.192355e-17
   32   80    3.576815e-17   -1.080725e-17
   32   81    1.554654e-23   -5.919887e-24
   32   82    1.894863e-27   -8.947956e-28
   33   66    5.267662e-29   -1.090101e-29
   33   67    5.258384e-23   -7.610126e-24
   33   68    1.845528e-20   -2.580057e-21
   33   69    2.537000e-15   -6.967604e-17
   33   70    7.463136e-14   -4.773484e-15
   33   71    8.003354e-11   -3.782337e-12
   33   72    4.135198e-11   -3.962353e-12
   33   73    1.272385e-08   -3.325607e-10
   33   74    1.554908e-09   -8.309921e-11
   33   75    1.848109e-07    8.238954e-10
   33   76    1.528102e-09   -9.077671e-11
   33   77    7.618731e-08   -2.900864e-10
   33   78    2.604709e-11   -1.667973e-12
   33   79    4.574923e-09   -1.223226e-10
   33   80    7.120967e-13   -6.616688e-14
   33   81    2.746652e-12   -5.030047e-13
   33   82    7.067495e-18   -1.808209e-18
   33   83    4.149137e-20   -1.433679e-20
   33   84    2.533035e-28   -1.074829e-28
   34   68    4.192558e-28   -7.555509e-29
   34   69    2.965859e-25   -6.155989e-26
   34   70    3.693056e-18   -2.740195e-19
   34   71    6.853715e-17   -4.567857e-18
   34   72    4.157686e-12   -1.192650e-13
   34   73    7.992377e-12   -1.601296e-13
   34   74    5.009755e-09    2.233787e-10
   34   75    4.741690e-09   -4.336610e-11
   34   76    3.335220e-08    6.042497e-10
   34   77    1.521866e-09   -6.680763e-11
   34   78    4.378820e-08    5.132256e-10
   34   79    5.015499e-10   -1.541199e-11
   34   80    8.254670e-08   -4.386428e-10
   34   81    1.378553e-10   -8.251737e-12
   34   82    1.193558e-08   -1.788442e-10
   34   83    4.129201e-13   -3.227788e-14
   34   84    1.925469e-12   -1.781652e-13
   34   85    2.640868e-19   -4.154558e-20
   34   86    4.562328e-25   -1.050480e-25
   35   71    7.776302e-27   -1.050042e-27
   35   72    5.796283e-24   -7.524403e-25
   35   73    2.051156e-18   -1.827718e-19
   35   74    8.923081e-17   -7.276168e-18
   35   75    3.176020e-13   -4.508390e-15
   35   76    3.744965e-12   -1.831838e-13
   35   77    2.200431e-10   -4.977503e-12
   35   78    3.341123e-11   -1.800298e-12
   35   79    5.279183e-09    1.201933e-10
   35   80    4.299686e-10   -1.642436e-11
   35   81    1.786503e-08    2.983231e-10
   35   82    4.617656e-10   -1.856338e-11
   35   83    2.192574e-08   -1.675400e-10
   35   84    1.648586e-11   -1.109542e-12
   35   85    1.394628e-09   -6.234641e-11
   35   86    7.808813e-16   -8.410719e-17
   35   87    8.998512e-21   -1.602301e-21
   35   88    1.715206e-27   -4.259336e-28
   36   73    1.442414e-28   -2.731284e-29
   36   74    8.095108e-22   -8.534956e-23
   36   75    5.455881e-20   -3.554261e-21
   36   76    9.871164e-15   -3.066341e-16
   36   77    2.023070e-14   -4.770212e-16
   36   78    8.683477e-12    4.351336e-13
   36   79    2.067539e-11    4.189544e-13
   36   80    3.690360e-10    1.731815e-11
   36   81    1.537181e-10   -6.729236e-13
   36   82    2.719755e-09    7.412668e-11
   36   83    3.242020e-10   -8.445264e-12
   36   84    6.142321e-08    5.733207e-11
   36   85    6.173685e-10   -3.393041e-11
   36   86    6.963627e-08   -1.518274e-10
   36   87    4.285927e-13   -2.732482e-14
   36   88    5.353538e-17   -7.085231e-18
   36   89    2.849673e-23   -5.721015e-24
   36   90    2.898672e-28   -8.018946e-29
   37   75    3.224737e-30   -5.446506e-31
   37   76    6.777818e-27   -8.714379e-28
   37   77    3.329217e-21   -3.060247e-22
   37   78    2.261356e-20   -1.930333e-21
   37   79    1.729116e-16   -1.177447e-18
   37   80    1.676570e-15   -5.628789e-17
   37   81    3.260919e-13   -7.354137e-16
   37   82    3.117941e-13   -5.546467e-15
   37   83    4.119388e-11    1.595496e-12
   37   84    1.941581e-11    7.064247e-15
   37   85    2.557265e-09    6.979651e-11
   37   86    1.393625e-09   -2.023300e-11
   37   87    2.120285e-08    4.460532e-11
   37   88    9.756622e-13   -5.864025e-14
   37   89    4.741068e-16   -6.113288e-17
   37   90    2.049757e-21   -4.069743e-22
   37   91    8.462798e-26   -2.324881e-26
   37   93    1.416597e-29   -5.247672e-36
   38   78    1.695149e-25   -1.682725e-26
   38   79    5.430056e-24   -4.199162e-25
   38   80    7.438178e-19   -1.633998e-20
   38   81    2.552581e-18   -3.836021e-20
   38   82    2.208361e-15    5.934722e-17
   38   83    1.538140e-14    5.772780e-16
   38   84    1.137658e-12    6.513673e-14
   38   85    5.962428e-12    1.531472e-13
   38   86    2.253398e-10    3.321143e-12
   38   87    6.264714e-10   -6.815232e-13
   38   88    6.328869e-08   -9.823823e-12
   38   89    1.331135e-11   -8.463873e-13
   38   90    4.537267e-14   -6.336549e-15
   38   91    1.126120e-18   -2.368888e-19
   38   92    2.357651e-22   -6.822433e-23
   38   93    6.237792e-28   -2.295653e-28
   38   94    8.044027e-30   -3.554368e-33
   39   81    3.220069e-26   -2.631182e-27
   39   82    1.519020e-24   -1.151213e-25
   39   83    8.314120e-21   -2.549318e-22
   39   84    7.370317e-20   -1.470249e-21
   39   85    1.900573e-16    1.721046e-18
   39   86    3.692960e-15    3.854472e-17
   39   87    4.652610e-13    5.616665e-15
   39   88    2.379420e-12    4.862867e-14
   39   89    8.668110e-09    2.083626e-11
   39   90    1.110690e-11   -6.864057e-13
   39   91    1.029805e-13   -1.375593e-14
   39   92    1.666443e-17   -3.432229e-18
   39   93    2.502132e-20   -7.122922e-21
   39   94    1.961397e-24   -7.157171e-25
   39   95    1.459714e-28   -6.620069e-29
   40   83    1.292057e-28   -1.321731e-29
   40   84    8.298081e-24   -1.852930e-25
   40   85    3.302743e-23   -2.057289e-25
   40   86    1.867012e-18    2.985594e-20
   40   87    6.578398e-18    1.092544e-19
   40   88    7.018082e-15    3.796474e-16
   40   89    6.407797e-13    8.086466e-15
   40   90    4.140253e-09    2.502403e-11
   40   91    5.199845e-11   -4.939732e-12
   40   92    1.031608e-10   -1.574397e-11
   40   93    1.180428e-13   -2.675889e-14
   40   94    2.149747e-15   -6.869249e-16
   40   95    7.193804e-19   -2.902518e-19
   40   96    2.135962e-21   -1.070607e-21
   40   97    5.677039e-27   -3.369844e-27
   40   98    2.153262e-30   -5.769223e-34
   41   86    5.577001e-30   -3.658231e-31
   41   87    1.127022e-24   -4.733729e-26
   41   88    5.643437e-23   -2.204385e-24
   41   89    5.425121e-19    5.082632e-21
   41   90    2.714949e-16    4.967049e-19
   41   91    3.882354e-11   -6.481541e-13
   41   92    2.895389e-12   -2.565183e-13
   41   93    8.064893e-12   -9.652052e-13
   41   94    4.408541e-14   -8.489649e-15
   41   95    3.546079e-15   -1.000926e-15
   41   96    3.954306e-18   -1.441367e-18
   41   97    5.215440e-20   -2.392130e-20
   41   98    7.904711e-25   -4.336985e-25
   41   99    1.688900e-28   -1.095490e-28
   41  101    7.376449e-28   -2.107372e-31
   42   88    1.340331e-28   -6.028144e-30
   42   89    5.502195e-27   -1.474665e-28
   42   90    3.206662e-21    1.716540e-22
   42   91    7.124402e-18    1.710793e-19
   42   92    4.818820e-12    5.233113e-13
   42   93    8.500557e-12    5.483590e-13
   42   94    1.558633e-10    2.635172e-12
   42   95    5.105483e-12   -2.992611e-13
   42   96    4.189618e-11   -3.494284e-12
   42   97    7.284916e-14   -1.113900e-14
   42   98    7.366599e-15   -1.796145e-15
   42   99    4.837483e-19   -1.552032e-19
   42  100    7.581733e-21   -3.161870e-21
   42  101    1.031396e-25   -5.195355e-26
   42  102    6.699273e-28   -4.211210e-28
   43   91    1.315556e-27   -1.910972e-30
   43   92    3.473259e-23   -8.854158e-25
   43   93    2.224879e-16    1.255296e-17
   43   94    3.473409e-15    1.595892e-16
   43   95    4.849688e-13    1.371366e-14
   43   96    9.309148e-14   -2.073663e-15
   43   97    1.476608e-12   -3.735130e-14
   43   98    9.324562e-15   -8.802170e-16
   43   99    2.091074e-14   -4.134691e-15
   43  100    9.759457e-18   -2.672134e-18
   43  101    1.899395e-18   -7.467800e-19
   43  102    6.017250e-23   -2.887616e-23
   43  103    4.399188e-24   -2.709608e-24
   43  104    9.276756e-29   -6.645283e-29
   43  105    1.096886e-27   -1.316474e-31
   44   93    1.676901e-26    1.550966e-27
   44   94    1.941957e-18    3.139065e-19
   44   95    6.736719e-17    1.019441e-17
   44   96    6.307204e-14    9.291038e-15
   44   97    1.278595e-13    1.323459e-14
   44   98    1.241311e-11    7.220313e-13
   44   99    1.228674e-12   -3.233829e-15
   44  100    3.506406e-11   -6.607374e-13
   44  101    9.907148e-14   -8.654709e-15
   44  102    1.491728e-13   -3.448295e-14
   44  103    6.059203e-17   -1.885848e-17
   44  104    8.762468e-17   -4.915044e-17
   44  105    7.333869e-21   -4.826878e-21
   44  106    3.727985e-22   -3.058948e-22
   44  107    3.687783e-27   -3.440191e-27
   44  108    2.717482e-28    1.523493e-32
   45   95    5.965434e-25    6.749045e-26
   45   96    7.201857e-23    7.391824e-24
   45   97    1.698256e-18    1.791261e-19
   45   98    2.191740e-17    2.194132e-18
   45   99    1.252269e-13    1.075973e-14
   45  100    3.933033e-14    1.629763e-15
   45  101    4.599918e-12    1.184163e-13
   45  102    6.039495e-14   -2.456996e-15
   45  103    2.461955e-12   -1.596466e-13
   45  104    4.260292e-15   -5.734475e-16
   45  105    2.439156e-14   -6.339454e-15
   45  106    6.840582e-18   -2.322888e-18
   45  107    1.297421e-18   -5.838488e-19
   45  108    1.076636e-22   -5.824353e-23
   45  109    1.266711e-24   -8.195378e-25
   45  110    3.111920e-29   -2.330365e-29
   45  111    2.646572e-28   -2.811413e-32
   45  112    1.255085e-30   -1.821198e-34
   46   96    3.551249e-29    2.217674e-29
   46   97    1.366552e-25    3.018383e-26
   46   98    2.478839e-20    5.227329e-21
   46   99    1.537605e-18    2.829502e-19
   46  100    5.221464e-15    9.554852e-16
   46  101    1.657057e-14    2.289866e-15
   46  102    5.567435e-12    5.160709e-13
   46  103    9.660519e-13    3.325414e-14
   46  104    5.695990e-11    6.794456e-13
   46  105    6.800414e-13   -4.234671e-14
   46  106    9.919354e-12   -1.123110e-12
   46  107    1.069464e-14   -1.973186e-15
   46  108    9.674655e-15   -2.906428e-15
   46  109    2.792579e-18   -1.070224e-18
   46  110    2.065919e-18   -1.523495e-18
   46  111    7.386995e-23   -6.241583e-23
   46  112    1.364932e-24   -1.347048e-24
   46  113    8.559884e-30   -9.487507e-30
   46  114    5.449794e-28   -4.204829e-32
   47   99    1.875070e-27    3.091278e-28
   47  100    2.501683e-25    3.406819e-26
   47  101    1.606490e-20    2.277505e-21
   47  102    2.489797e-18    3.529856e-19
   47  103    1.267258e-14    1.551482e-15
   47  104    1.900057e-14    1.753540e-15
   47  105    3.203359e-12    1.980781e-13
   47  106    2.360109e-13   -1.162012e-16
   47  107    6.503692e-12   -1.770344e-13
   47  108    4.529839e-14   -4.372033e-15
   47  109    5.104080e-13   -8.191780e-14
   47  110    4.939972e-16   -1.157957e-16
   47  111    2.412945e-16   -8.031063e-17
   47  112    6.471726e-20   -2.699089e-20
   47  113    6.258867e-21   -3.353495e-21
   47  114    1.628124e-25   -1.027546e-25
   47  115    2.236400e-27   -1.679501e-27
   47  117    3.238176e-27   -2.110933e-31
   48  101    6.033803e-29    1.316128e-29
   48  102    4.237678e-23    8.909524e-24
   48  103    4.673357e-21    8.707128e-22
   48  104    3.285601e-17    7.253827e-18
   48  105    2.180446e-16    4.087738e-17
   48  106    1.707576e-13    2.702845e-14
   48  107    1.352925e-13    1.498656e-14
   48  108    1.725869e-11    1.218070e-12
   48  109    9.972351e-13    9.325120e-15
   48  110    5.442791e-11   -4.568261e-13
   48  111    3.102157e-13   -2.574801e-14
   48  112    5.532460e-12   -7.564817e-13
   48  113    4.612230e-15   -9.628571e-16
   48  114    2.244722e-15   -7.281370e-16
   48  115    4.816757e-19   -1.960582e-19
   48  116    2.976456e-20   -1.573032e-20
   48  117    1.555335e-24   -9.688251e-25
   48  118    1.809706e-26   -1.359003e-26
   48  120    1.182449e-27    8.338480e-36
   49  104    1.727928e-28    2.410630e-29
   49  105    5.758985e-24    1.005991e-24
   49  106    2.642780e-22    4.162327e-23
   49  107    1.980231e-17    3.168087e-18
   49  108    2.581731e-16    3.789979e-17
   49  109    1.365133e-13    1.490097e-14
   49  110    3.857365e-14    2.229405e-15
   49  111    3.452294e-12    1.165893e-13
   49  112    1.165422e-13   -3.565508e-15
   49  113    2.229164e-12   -1.509364e-13
   49  114    1.469368e-14   -2.025195e-15
   49  115    2.430452e-14   -6.095056e-15
   49  116    2.659913e-17   -8.775257e-18
   49  117    7.241854e-18   -3.259730e-18
   49  118    1.861498e-21   -1.006495e-21
   49  119    1.080774e-22   -7.195419e-23
   49  120    7.400371e-27   -5.689876e-27
   49  121    1.871095e-27    3.633029e-29
   49  122    4.119452e-30    6.589937e-33
   49  123    4.181064e-27   -2.131005e-31
   49  124    2.545915e-30   -2.066431e-34
   50  106    7.454806e-28    1.976654e-28
   50  107    2.958589e-25    5.991545e-26
   50  108    7.921759e-21    1.717936e-21
   50  109    5.915422e-20    1.145226e-20
   50  110    2.664805e-16    6.210541e-17
   50  111    5.184414e-16    1.017180e-16
   50  112    3.304211e-13    5.267221e-14
   50  113    1.360647e-13    1.553920e-14
   50  114    1.957379e-11    1.584195e-12
   50  115    1.120268e-12    2.856365e-14
   50  116    1.127549e-10    1.891647e-12
   50  117    7.372829e-13   -3.855880e-14
   50  118    4.857917e-11   -3.156100e-12
   50  119    4.551236e-14   -6.612080e-15
   50  120    4.292127e-13   -1.120694e-13
   50  121    1.225971e-16   -4.193644e-17
   50  122    6.989956e-17   -3.955141e-17
   50  123    7.509818e-21   -4.983279e-21
   50  124    2.661977e-22   -2.199607e-22
   50  125    1.125565e-26   -1.057938e-26
   50  126    1.020073e-27   -1.340386e-32
   50  127    2.313334e-30    5.575336e-38
   51  109    1.813786e-30    3.139873e-31
   51  110    7.704886e-28    1.142317e-28
   51  111    1.874442e-24    3.540446e-25
   51  112    7.121635e-23    9.666402e-24
   51  113    2.787717e-19    1.114299e-20
   51  114    5.260106e-18    6.804667e-20
   51  115    1.106452e-14   -3.517024e-17
   51  116    5.611444e-15   -1.394920e-16
   51  117    9.182453e-13   -2.511698e-14
   51  118    4.072394e-14   -3.785859e-15
   51  119    7.090794e-13   -7.647141e-14
   51  120    4.025231e-15   -7.250274e-16
   51  121    7.180783e-14   -1.523139e-14
   51  122    9.416016e-17   -2.724976e-17
   51  123    6.860325e-17   -2.972857e-17
   51  124    3.801293e-20   -1.991345e-20
   51  125    4.077526e-21   -2.789363e-21
   51  126    6.063326e-25   -4.787378e-25
   51  127    1.938594e-26   -1.892234e-26
   51  128    2.976856e-30    3.016349e-32
   51  129    4.523841e-26   -7.037146e-31
   52  113    3.982457e-26    8.218898e-27
   52  114    1.153425e-20    2.238149e-21
   52  115    1.156369e-19    2.109790e-20
   52  116    2.750561e-15    4.466921e-16
   52  117    1.370582e-15    1.738857e-16
   52  118    1.258212e-12    1.392146e-13
   52  119    1.298323e-13    7.718091e-15
   52  120    2.314799e-11    1.132821e-12
   52  121    5.618565e-13   -7.910406e-15
   52  122    3.417517e-11   -1.089816e-12
   52  123    1.552514e-13   -1.648058e-14
   52  124    1.348628e-12   -2.717617e-13
   52  125    1.649981e-15   -4.610710e-16
   52  126    1.220476e-15   -5.466757e-16
   52  127    4.877196e-19   -2.639262e-19
   52  128    1.720923e-19   -1.488203e-19
   52  129    2.641450e-23   -2.593649e-23
   52  130    1.486479e-24   -1.938276e-24
   52  131    8.416105e-29   -1.218811e-28
   52  132    5.564422e-27   -5.475688e-32
   52  133    3.141605e-30    4.565112e-35
   53  115    1.537697e-29    2.283224e-30
   53  116    2.353203e-27    3.185745e-28
   53  117    1.177791e-22    1.396453e-23
   53  118    1.472546e-20    1.965756e-21
   53  119    6.270857e-17    7.425177e-18
   53  120    1.386877e-16    1.453052e-17
   53  121    1.241479e-13    1.100705e-14
   53  122    1.653329e-14    5.952656e-16
   53  123    2.084469e-12    5.606003e-14
   53  124    3.672298e-14   -1.413113e-15
   53  125    1.098227e-12   -8.013015e-14
   53  126    5.106466e-15   -7.386505e-16
   53  127    5.704254e-14   -1.249032e-14
   53  128    7.282921e-17   -2.169697e-17
   53  129    1.158678e-16   -5.470788e-17
   53  130    3.806595e-20   -2.152180e-20
   53  131    6.885438e-21   -5.300926e-21
   53  132    8.418876e-25   -7.434452e-25
   53  133    6.164647e-25   -7.993397e-25
   53  134    4.654070e-29   -6.707585e-29
   53  135    7.605888e-26   -7.030211e-31
   54  117    4.381970e-28    1.687298e-28
   54  118    1.064960e-22    3.651692e-23
   54  119    3.782480e-21    1.206299e-21
   54  120    3.981610e-17    1.108803e-17
   54  121    1.224090e-16    2.911961e-17
   54  122    1.366334e-13    2.630224e-14
   54  123    6.613866e-14    9.362009e-15
   54  124    1.096085e-11    1.111075e-12
   54  125    9.793344e-13    4.134275e-14
   54  126    5.322070e-11    7.554790e-13
   54  127    1.018769e-12   -5.736439e-14
   54  128    1.838073e-11   -1.719061e-12
   54  129    7.887980e-14   -1.323709e-14
   54  130    1.265839e-13   -3.918563e-14
   54  131    1.540546e-16   -6.142923e-17
   54  132    1.783367e-16   -1.141305e-16
   54  133    8.350323e-20   -6.357148e-20
   54  134    3.314946e-19   -3.136284e-19
   54  135    1.849315e-22   -1.960019e-22
   54  136    3.525380e-21   -3.746155e-21
   54  137    5.433803e-29   -6.429925e-29
   55  121    1.979095e-25    4.693934e-26
   55  122    6.313266e-24    1.223519e-24
   55  123    1.536997e-19    2.103969e-20
   55  124    3.038589e-18    3.512186e-19
   55  125    7.185228e-15    6.808655e-16
   55  126    6.209208e-15    3.935194e-16
   55  127    1.153017e-12    5.297563e-14
   55  128    7.137498e-14   -1.174557e-15
   55  129    2.398660e-12   -9.188730e-14
   55  130    3.145358e-14   -3.426524e-15
   55  131    1.408791e-13   -2.820599e-14
   55  132    4.696046e-16   -1.313406e-16
   55  133    1.167065e-15   -4.830321e-16
   55  134    2.022631e-18   -1.017963e-18
   55  135    5.536513e-19   -2.109026e-19
   55  136    5.613945e-22   -2.814229e-22
   55  137    4.140033e-21   -3.956689e-21
   55  138    1.557411e-28   -1.668184e-28
   56  121    5.649566e-30    2.104558e-30
   56  122    1.302722e-24    5.228582e-25
   56  123    9.032189e-23    3.335688e-23
   56  124    1.796692e-18    5.910635e-19
   56  125    9.838371e-18    2.849675e-18
   56  126    4.507222e-14    1.102227e-14
   56  127    4.323850e-14    8.516873e-15
   56  128    1.111839e-11    1.698376e-12
   56  129    2.145273e-12    2.091144e-13
   56  130    2.023293e-10    1.287080e-11
   56  131    7.666154e-12   -1.395711e-14
   56  132    2.277017e-10   -7.863679e-12
   56  133    2.883654e-12   -3.187919e-13
   56  134    3.364748e-11   -5.623630e-12
   56  135    1.920111e-13   -4.799548e-14
   56  136    2.271614e-12   -6.249878e-13
   56  137    2.617488e-14   -7.573856e-15
   56  138    7.506856e-13   -2.106198e-13
   56  139    2.171024e-19   -7.755578e-20
   56  140    1.757765e-24   -7.780146e-25
   56  142    2.176576e-30   -4.793891e-40
   57  125    3.057244e-27    8.898206e-28
   57  126    1.642160e-25    4.080516e-26
   57  127    1.019004e-21    2.042959e-22
   57  128    6.937075e-21    1.046494e-21
   57  129    6.304393e-17    8.622597e-18
   57  130    2.613951e-16    3.262397e-17
   57  131    1.165642e-13    1.201381e-14
   57  132    1.663872e-14    9.984927e-16
   57  133    2.741205e-12    1.698386e-13
   57  134    1.395586e-13    2.656303e-16
   57  135    2.469144e-12   -2.629572e-14
   57  136    6.003739e-14   -3.623775e-15
   57  137    8.170344e-13   -1.703450e-14
   57  138    2.243445e-14   -7.498944e-16
   57  139    3.011958e-11   -2.619460e-13
   57  140    4.612977e-17   -3.213631e-18
   57  141    1.228657e-21   -1.693698e-22
   57  142    8.407882e-28   -1.736419e-28
   57  143    4.264020e-30   -3.020429e-41
   58  127    6.398147e-27    1.269721e-27
   58  128    5.340460e-22    2.084122e-22
   58  129    8.214999e-21    2.938040e-21
   58  130    3.077889e-17    9.769777e-18
   58  131    8.567166e-17    2.372406e-17
   58  132    3.957880e-14    9.196397e-15
   58  133    2.253152e-14    4.181604e-15
   58  134    3.311820e-12    4.811639e-13
   58  135    5.830083e-13    5.312417e-14
   58  136    2.283945e-11    1.510711e-12
   58  137    1.221486e-12    9.494476e-15
   58  138    3.829505e-11   -2.625397e-13
   58  139    1.027613e-12   -6.664743e-14
   58  140    2.711862e-11   -1.647006e-12
   58  141    1.532585e-16   -1.925949e-17
   58  142    2.671485e-20   -5.293599e-21
   58  143    7.766062e-26   -2.104691e-26
   58  144    3.789058e-30   -5.652467e-34
   59  130    1.812113e-29    5.823928e-30
   59  131    1.535888e-25    4.292605e-26
   59  132    2.121610e-24    4.685090e-25
   59  133    6.311166e-20    1.018660e-20
   59  134    2.537091e-18    3.884514e-19
   59  135    3.354878e-15    4.478236e-16
   59  136    3.317929e-15    3.462083e-16
   59  137    4.465961e-13    3.955249e-14
   59  138    7.125714e-14    2.482753e-15
   59  139    3.060537e-12    6.665748e-14
   59  140    3.104151e-13   -1.303332e-14
   59  141    3.031537e-12   -1.939798e-13
   59  142    1.124429e-16   -1.457981e-17
   59  143    6.807639e-20   -1.382986e-20
   59  144    4.891712e-25   -1.355669e-25
   59  145    8.995876e-29   -3.234037e-29
   60  132    1.168025e-25    2.412946e-26
   60  133    5.455734e-24    2.082732e-24
   60  134    4.248815e-20    1.477489e-20
   60  135    3.624483e-19    1.125931e-19
   60  136    3.905971e-16    1.039317e-16
   60  137    7.996450e-16    1.765587e-16
   60  138    1.467861e-13    2.534384e-14
   60  139    7.423663e-14    8.911689e-15
   60  140    4.927601e-12    3.778201e-13
   60  141    1.084631e-12    1.947794e-14
   60  142    3.398251e-11   -4.228789e-13
   60  143    3.719687e-15   -2.816420e-16
   60  144    9.195263e-18   -1.348288e-18
   60  145    3.484913e-22   -7.585046e-23
   60  146    2.110085e-25   -6.268762e-26
   60  147    1.146064e-30   -4.313896e-31
   61  135    4.685155e-29    1.457071e-29
   61  136    1.136539e-27    3.082018e-28
   61  137    4.103642e-24    9.304668e-25
   61  138    1.190787e-22    1.923268e-23
   61  139    4.663804e-19    5.709884e-20
   61  140    5.573773e-18    5.873690e-19
   61  141    4.652525e-15    3.706968e-16
   61  142    7.404620e-15    2.236369e-16
   61  143    3.113982e-13   -4.306674e-15
   61  144    1.919504e-16   -1.490676e-17
   61  145    1.099873e-18   -1.621307e-19
   61  146    1.779875e-22   -3.899677e-23
   61  147    2.709968e-25   -7.957776e-26
   61  148    7.201262e-30   -2.691652e-30
   61  149    3.338627e-27   -3.693448e-33
   62  137    2.133312e-27    7.989541e-28
   62  138    6.010496e-23    2.006210e-23
   62  139    1.477973e-21    4.416888e-22
   62  140    3.135729e-18    7.997065e-19
   62  141    1.724978e-17    3.629622e-18
   62  142    2.216036e-14    3.538991e-15
   62  143    6.012664e-14    6.668115e-15
   62  144    1.678847e-11    1.055142e-12
   62  145    2.642316e-14    1.135447e-16
   62  146    1.189328e-15   -5.076905e-18
   62  147    5.173443e-19   -3.359630e-20
   62  148    1.356817e-20   -5.620456e-22
   62  149    1.088955e-24   -1.139456e-25
   62  150    3.708068e-27   -6.529610e-28
   62  151    1.181251e-27    2.211298e-29
   62  152    7.720870e-28    9.476295e-32
   63  141    1.937083e-26    5.870608e-27
   63  142    1.902520e-23    5.433879e-24
   63  143    6.409028e-19    1.528872e-19
   63  144    4.801686e-17    1.015802e-17
   63  145    4.216647e-14    7.050304e-15
   63  146    3.788401e-16    4.304077e-17
   63  147    2.233914e-16    2.221554e-17
   63  148    5.130011e-19    1.107575e-20
   63  149    3.701419e-18   -4.687310e-20
   63  150    5.887712e-22   -4.490154e-23
   63  151    9.790801e-23   -1.420669e-23
   63  152    1.401389e-26   -3.046005e-27
   63  153    3.289218e-26    2.988340e-26
   63  154    8.246817e-30    7.741448e-30
   63  155    1.294732e-26    7.290461e-32
   64  141    3.680028e-28    1.381409e-28
   64  142    6.075561e-24    2.022130e-24
   64  143    1.129031e-21    3.430709e-22
   64  144    1.900493e-17    5.008963e-18
   64  145    8.191422e-16    1.808609e-16
   64  146    4.964208e-12    8.563701e-13
   64  147    1.369530e-13    1.849460e-14
   64  148    2.886758e-13    4.374666e-14
   64  149    2.465900e-15    2.588963e-16
   64  150    8.808354e-15    9.552586e-16
   64  151    9.705656e-18    4.938391e-19
   64  152    1.062979e-17   -5.900482e-20
   64  153    8.125573e-21   -5.611621e-22
   64  154    1.208981e-21   -1.707570e-22
   64  155    7.122296e-25   -1.520123e-25
   64  156    2.951727e-26   -8.707424e-27
   64  157    5.861822e-28    1.305039e-28
   64  158    1.653835e-26    3.880747e-31
   65  145    6.352928e-26    1.707104e-26
   65  146    3.057165e-22    8.090938e-23
   65  147    3.765960e-18    8.543802e-19
   65  148    5.611938e-18    9.459577e-19
   65  149    8.427513e-17    1.163356e-17
   65  150    4.313825e-18    4.972237e-19
   65  151    9.162873e-16    1.043105e-16
   65  152    9.840115e-19    3.271902e-20
   65  153    5.907017e-16   -4.258581e-18
   65  154    1.155426e-18   -8.356804e-20
   65  155    3.389637e-18   -4.765486e-19
   65  156    5.142699e-21   -1.098599e-21
   65  157    1.267025e-21   -3.772795e-22
   65  158    7.511910e-25   -2.857897e-25
   65  159    1.609097e-26   -7.604031e-27
   65  160    6.043150e-29    4.982347e-30
   65  161    8.936476e-28    8.441210e-33
   66  145    7.130619e-30    2.309619e-30
   66  146    2.422881e-24    6.741456e-25
   66  147    3.230382e-21    8.542871e-22
   66  148    6.996825e-16    1.732946e-16
   66  149    2.442093e-16    5.213010e-17
   66  150    2.121311e-15    4.072038e-16
   66  151    3.967559e-15    6.979989e-16
   66  152    2.037621e-13    3.291249e-14
   66  153    1.123559e-14    1.319727e-15
   66  154    2.756451e-13    3.173852e-14
   66  155    2.360703e-15    1.293059e-16
   66  156    2.813714e-14    5.052423e-17
   66  157    1.387237e-16   -8.674980e-18
   66  158    8.646810e-17   -1.157380e-17
   66  159    1.593311e-19   -3.286876e-20
   66  160    1.162369e-20   -3.362164e-21
   66  161    5.454551e-24   -2.023096e-24
   66  162    5.186004e-26   -2.397948e-26
   66  163    1.688116e-29    7.302600e-30
   66  164    3.864455e-28    1.641702e-32
   67  149    2.776548e-25    6.650588e-26
   67  150    1.549546e-24    3.574133e-25
   67  151    2.699889e-21    4.656324e-22
   67  152    2.003567e-20    3.309073e-21
   67  153    3.040968e-17    4.725381e-18
   67  154    9.689750e-17    1.412221e-17
   67  155    9.040424e-15    1.152268e-15
   67  156    3.831132e-17    2.143718e-18
   67  157    3.805701e-14    5.652819e-16
   67  158    3.893030e-16   -1.844340e-17
   67  159    3.260618e-15   -3.561807e-16
   67  160    5.876040e-18   -1.061366e-18
   67  161    6.822647e-18   -1.845470e-18
   67  162    2.754184e-21   -9.690279e-22
   67  163    4.464371e-22   -1.940330e-22
   67  164    1.319577e-25   -6.937027e-26
   67  165    1.560496e-27   -9.752556e-28
   67  166    5.640194e-30    7.788167e-32
   67  167    1.668573e-28   -2.286739e-35
   68  149    1.450844e-29    4.428928e-30
   68  150    8.939286e-24    2.387616e-24
   68  151    1.893377e-22    4.941215e-23
   68  152    2.645169e-20    5.848925e-21
   68  153    2.098743e-18    4.404962e-19
   68  154    6.093794e-15    1.209228e-15
   68  155    2.534694e-14    4.726256e-15
   68  156    1.470786e-12    2.511955e-13
   68  157    6.172032e-14    7.910703e-15
   68  158    1.141701e-11    1.461872e-12
   68  159    2.145265e-13    1.517018e-14
   68  160    2.053830e-12    8.518087e-14
   68  161    2.638929e-14   -5.455728e-16
   68  162    2.678069e-14   -2.076150e-15
   68  163    9.813140e-17   -1.438675e-17
   68  164    1.494095e-17   -3.301866e-18
   68  165    1.647038e-20   -4.919328e-21
   68  166    5.666402e-22   -2.166740e-22
   68  167    1.287533e-25   -6.047630e-26
   68  168    3.608747e-28   -2.044428e-28
   68  169    7.774100e-30    1.417675e-32
   69  154    5.629180e-27    1.328543e-27
   69  155    5.401985e-22    1.200701e-22
   69  156    4.402609e-20    9.620085e-21
   69  157    5.418613e-17    1.130713e-17
   69  158    4.110282e-15    8.361241e-16
   69  159    9.844432e-15    1.536572e-15
   69  160    3.546863e-15    4.134594e-16
   69  161    2.507611e-13    2.726397e-14
   69  162    5.818771e-15    2.886466e-16
   69  163    1.219821e-13    2.636476e-15
   69  164    5.387017e-16   -2.245868e-17
   69  165    1.137247e-15   -1.168269e-16
   69  166    2.010153e-18   -3.482372e-19
   69  167    7.426833e-19   -1.375934e-19
   69  168    5.571312e-22   -1.452164e-22
   69  169    8.328263e-24   -2.828070e-24
   69  170    1.292700e-27   -5.488688e-28
   69  171    6.703377e-26    4.776344e-27
   69  172    4.963659e-30    2.959541e-31
   70  154    1.058053e-28    2.836905e-29
   70  155    8.239759e-25    2.151551e-25
   70  156    2.271475e-20    5.666485e-21
   70  157    9.403786e-19    2.271002e-19
   70  158    1.918497e-15    4.359894e-16
   70  159    5.392327e-15    1.138509e-15
   70  160    1.117458e-12    2.165469e-13
   70  161    3.918793e-13    6.099623e-14
   70  162    1.858777e-11    2.699263e-12
   70  163    1.370015e-12    1.254656e-13
   70  164    2.333267e-11    1.780770e-12
   70  165    6.130356e-13    9.860321e-15
   70  166    1.270848e-12   -4.151165e-14
   70  167    1.105866e-14   -1.097736e-15
   70  168    4.108454e-15   -6.783522e-16
   70  169    8.976303e-18   -2.151823e-18
   70  170    3.494122e-19   -1.045699e-19
   70  171    2.216466e-22   -8.453681e-23
   70  172    1.437064e-24   -6.760010e-25
   70  173    1.781979e-28   -1.002914e-28
   70  174    4.803716e-27    2.973273e-29
   70  175    3.848269e-29    5.473063e-33
   71  158    2.924375e-29    5.851400e-30
   71  159    4.442558e-25    9.891390e-26
   71  160    5.164158e-23    1.192586e-23
   71  161    4.972675e-19    1.064380e-19
   71  162    4.539353e-18    8.720484e-19
   71  163    2.077673e-15    3.477716e-16
   71  164    6.201290e-16    7.763935e-17
   71  165    4.596192e-14    5.217652e-15
   71  166    2.425529e-15    1.478781e-16
   71  167    5.443210e-13    3.044093e-14
   71  168    1.035871e-14   -7.112820e-17
   71  169    6.539196e-14   -3.313452e-15
   71  170    1.751662e-16   -2.063946e-17
   71  171    6.360049e-16   -7.463002e-17
   71  172    7.242079e-19   -1.368715e-19
   71  173    2.681870e-20   -7.255106e-21
   71  174    1.151820e-23   -4.577751e-24
   71  175    3.977466e-23   -2.056824e-23
   71  176    1.807335e-27   -1.107004e-27
   71  177    8.770837e-27    7.123922e-29
   71  178    4.468970e-28    1.014180e-33
   72  159    2.872003e-28    7.292194e-29
   72  160    3.659927e-23    8.871365e-24
   72  161    4.855579e-21    1.142199e-21
   72  162    1.919521e-17    4.225653e-18
   72  163    1.527763e-16    3.132096e-17
   72  164    8.822154e-14    1.603638e-14
   72  165    2.183093e-14    3.127801e-15
   72  166    1.001200e-11    1.394197e-12
   72  167    1.172869e-12    1.016262e-13
   72  168    5.227111e-11    3.812454e-12
   72  169    2.542719e-12    3.088660e-14
   72  170    1.458769e-11   -3.533360e-13
   72  171    2.264895e-13   -2.048834e-14
   72  172    9.574965e-14   -1.406923e-14
   72  173    4.513084e-16   -9.926473e-17
   72  174    4.551684e-17   -9.237725e-18
   72  175    4.575934e-20   -1.276489e-20
   72  176    5.632169e-22   -1.980297e-22
   72  177    9.892979e-26   -4.350187e-26
   72  178    7.705742e-27   -3.884960e-27
   72  179    6.491496e-26    2.327055e-27
   72  180    1.507096e-26    2.533298e-30
   73  163    3.211321e-28    5.719039e-29
   73  164    1.361129e-26    2.294482e-27
   73  165    4.324697e-22    7.193099e-23
   73  166    4.313985e-21    6.780938e-22
   73  167    2.829813e-17    3.956889e-18
   73  168    1.759456e-17    1.858178e-18
   73  169    1.679043e-15    1.144751e-16
   73  170    2.323777e-15    1.058178e-16
   73  171    2.314034e-13    8.302773e-15
   73  172    9.763358e-16   -2.736652e-17
   73  173    1.851757e-13   -6.105539e-15
   73  174    8.438198e-17   -8.358343e-18
   73  175    8.295395e-14   -8.731386e-15
   73  176    7.527708e-17   -1.324808e-17
   73  177    1.002465e-17   -2.614990e-18
   73  178    5.834576e-23   -2.403164e-23
   73  179    2.010288e-18   -1.034919e-18
   73  180    3.441760e-22   -2.102490e-22
   73  181    1.066544e-24   -7.649773e-25
   73  182    2.663928e-29   -2.195601e-29
   74  164    1.284013e-27    2.418340e-28
   74  165    4.407638e-25    7.861990e-26
   74  166    1.107504e-20    1.840192e-21
   74  167    2.870645e-19    4.530328e-20
   74  168    1.726224e-15    2.440648e-16
   74  169    3.679247e-15    4.309681e-16
   74  170    8.501863e-13    7.737266e-14
   74  171    3.402998e-13    1.601547e-14
   74  172    2.008329e-11    6.193266e-13
   74  173    2.733722e-12   -7.339925e-14
   74  174    2.184285e-11   -9.428976e-13
   74  175    7.442345e-13   -8.091928e-14
   74  176    1.135210e-12   -1.346792e-13
   74  177    7.180885e-15   -1.365297e-15
   74  178    1.650815e-15   -3.739534e-16
   74  179    3.910047e-18   -1.190216e-18
   74  180    1.906314e-19   -7.116886e-20
   74  181    1.480505e-22   -6.814116e-23
   74  182    1.303921e-24   -7.191849e-25
   74  183    1.069860e-28   -6.937891e-29
   74  184    4.987875e-28    1.090856e-31
   75  168    2.887881e-30    3.230961e-31
   75  169    3.027830e-26    2.862088e-27
   75  170    2.013253e-25    1.309627e-26
   75  171    1.972838e-21    5.998139e-23
   75  172    7.777320e-20    1.305169e-21
   75  173    2.240711e-16    9.259324e-19
   75  174    4.374188e-16   -5.352919e-18
   75  175    6.374558e-14   -1.571742e-15
   75  176    4.863425e-15   -3.438123e-16
   75  177    1.386766e-13   -8.076366e-15
   75  178    1.572704e-15   -1.969714e-16
   75  179    7.563732e-15   -8.798732e-16
   75  180    4.783781e-17   -9.014286e-18
   75  181    2.809037e-17   -6.416492e-18
   75  182    4.287383e-20   -1.316496e-20
   75  183    2.731719e-21   -1.051712e-21
   75  184    4.864168e-25   -2.296280e-25
   75  185    1.514367e-27   -8.593272e-28
   75  186    3.071260e-29    2.618065e-31
   75  187    3.379596e-28    7.956025e-35
   76  170    9.940515e-28    8.533386e-29
   76  171    1.419182e-25    1.088503e-26
   76  172    2.383354e-20    1.566556e-21
   76  173    9.067354e-19    5.075645e-20
   76  174    2.232625e-15    8.831917e-17
   76  175    1.244158e-14    2.598557e-16
   76  176    6.959420e-13   -4.435754e-15
   76  177    4.214085e-13   -1.582969e-14
   76  178    1.186337e-11   -5.469047e-13
   76  179    9.433301e-13   -9.403242e-14
   76  180    8.072270e-12   -7.123550e-13
   76  181    1.500622e-13   -2.362610e-14
   76  182    2.015659e-13   -3.412140e-14
   76  183    1.508088e-15   -3.680854e-16
   76  184    1.680860e-16   -5.223153e-17
   76  185    1.443167e-19   -5.682688e-20
   76  186    1.951733e-21   -9.409802e-22
   76  187    3.941674e-25   -2.267653e-25
   76  188    1.610849e-27   -1.094319e-27
   76  189    3.217056e-29    2.584481e-31
   77  174    6.733085e-30    3.357448e-32
   77  175    4.108981e-26   -5.967894e-28
   77  176    1.419674e-24   -5.057733e-26
   77  177    1.406706e-19   -6.024697e-21
   77  178    2.021310e-18   -9.764686e-20
   77  179    8.072409e-16   -4.579208e-17
   77  180    1.356107e-15   -9.127851e-17
   77  181    8.462361e-14   -6.443448e-15
   77  182    5.249300e-15   -6.606883e-16
   77  183    6.703476e-14   -7.158360e-15
   77  184    9.200073e-16   -1.636124e-16
   77  185    9.095230e-16   -1.758282e-16
   77  186    6.494367e-19   -1.747303e-19
   77  187    8.948969e-20   -3.051912e-20
   77  188    4.570059e-23   -1.945702e-23
   77  189    2.631491e-24   -1.330889e-24
   77  190    4.882103e-28   -2.932085e-28
   77  191    5.898238e-27    2.365656e-29
   77  192    4.567234e-29    1.730724e-33
   78  176    1.518765e-26    4.422280e-28
   78  177    7.022083e-24    1.382423e-25
   78  178    6.554986e-20    3.094143e-22
   78  179    2.440147e-18   -1.286262e-20
   78  180    3.679331e-15   -7.303704e-17
   78  181    1.069698e-14   -3.898681e-16
   78  182    7.825640e-13   -4.080377e-14
   78  183    2.392847e-13   -1.918586e-14
   78  184    7.146561e-12   -5.688717e-13
   78  185    2.560086e-13   -3.685310e-14
   78  186    9.871523e-13   -1.370384e-13
   78  187    3.845184e-15   -8.169137e-16
   78  188    4.650951e-15   -1.243138e-15
   78  189    1.186082e-17   -4.137397e-18
   78  190    1.049239e-18   -4.578496e-19
   78  191    1.065359e-21   -5.616979e-22
   78  192    3.352242e-23   -2.104574e-23
   78  193    1.388064e-26   -1.013875e-26
   78  194    2.860074e-27    3.502619e-28
   78  195    1.134737e-28    6.639041e-32
   78  196    1.337257e-27    1.065830e-34
   79  180    2.578450e-27   -1.237271e-28
   79  181    7.265011e-23   -4.011088e-24
   79  182    1.466673e-20   -8.725420e-22
   79  183    1.123605e-17   -7.696560e-19
   79  184    3.654183e-17   -2.793676e-18
   79  185    5.120592e-15   -4.488956e-16
   79  186    1.203781e-15   -1.394286e-16
   79  187    3.954336e-14   -4.370108e-15
   79  188    6.466404e-16   -1.158488e-16
   79  189    6.079524e-15   -1.025621e-15
   79  190    8.100104e-17   -1.980943e-17
   79  191    6.093614e-17   -1.864245e-17
   79  192    1.168947e-19   -4.551408e-20
   79  193    4.762903e-20   -2.259544e-20
   79  194    4.102475e-23   -2.334766e-23
   79  195    3.173820e-24   -2.133991e-24
   79  196    1.409308e-27   -1.097561e-27
   79  197    2.716487e-27    3.790208e-29
   79  198    6.142872e-29    5.966384e-33
   79  199    7.367651e-28    3.104035e-36
   80  181    1.297514e-29    1.633225e-31
   80  182    1.366657e-24   -2.931479e-27
   80  183    4.412988e-22   -5.371339e-24
   80  184    3.234265e-18   -8.660132e-20
   80  185    3.365088e-17   -1.244931e-18
   80  186    5.402235e-14   -2.743884e-15
   80  187    5.165726e-14   -3.578939e-15
   80  188    5.756720e-12   -4.579600e-13
   80  189    1.143102e-12   -1.427366e-13
   80  190    1.635743e-11   -2.017114e-12
   80  191    7.683138e-13   -1.508756e-13
   80  192    1.181153e-12   -2.975594e-13
   80  193    1.534465e-14   -5.109810e-15
   80  194    9.202018e-15   -3.798712e-15
   80  195    4.420151e-17   -2.223836e-17
   80  196    7.107622e-18   -4.292925e-18
   80  197    1.548010e-20   -1.093344e-20
   80  198    5.080183e-22   -4.190013e-22
   80  199    4.128100e-25   -3.884992e-25
   80  200    3.257466e-27   -3.507328e-27
   80  201    5.545495e-29    1.871930e-30
   80  202    7.659587e-28    2.527780e-33
   80  203    5.888791e-29    1.972487e-37
   81  185    1.514162e-26   -1.265005e-27
   81  186    4.559730e-25   -4.253558e-26
   81  187    9.115157e-21   -1.048268e-21
   81  188    2.091382e-19   -2.532059e-20
   81  189    3.709930e-16   -4.952939e-17
   81  190    1.760054e-15   -2.488907e-16
   81  191    7.805138e-14   -1.261035e-14
   81  192    1.678660e-14   -3.798291e-15
   81  193    4.162787e-14   -1.073638e-14
   81  194    7.381051e-15   -2.211820e-15
   81  195    3.566541e-14   -1.018894e-14
   81  196    5.760172e-16   -2.128247e-16
   81  197    1.270323e-16   -5.930969e-17
   81  198    8.431491e-19   -4.731743e-19
   81  199    1.078572e-19   -7.099623e-20
   81  200    2.815651e-22   -2.151025e-22
   81  201    8.503053e-24   -7.457505e-24
   81  202    8.917483e-27   -8.888793e-27
   81  203    1.701994e-27    1.493775e-28
   81  204    1.010744e-28    7.328595e-32
   81  205    4.934921e-28    1.427585e-34
   81  206    2.021142e-29   -1.250306e-35
   82  186    1.567566e-26    2.381630e-28
   82  187    8.276181e-25    1.897930e-28
   82  188    4.226227e-21   -5.261251e-23
   82  189    2.709632e-20   -6.722466e-22
   82  190    2.462106e-16   -9.736393e-18
   82  191    1.364800e-15   -6.975791e-17
   82  192    4.937358e-13   -3.430007e-14
   82  193    1.477866e-13   -1.531835e-14
   82  194    2.124380e-11   -2.261048e-12
   82  195    2.182337e-12   -3.888685e-13
   82  196    2.014565e-11   -4.320846e-12
   82  197    8.259081e-13   -2.453327e-13
   82  198    1.516259e-12   -5.769624e-13
   82  199    1.898436e-14   -8.955889e-15
   82  200    1.831166e-14   -1.070223e-14
   82  201    1.463598e-16   -1.006441e-16
   82  202    1.920283e-17   -1.578790e-17
   82  203    7.148678e-20   -6.728826e-20
   82  204    2.835131e-21   -3.171582e-21
   82  205    4.550885e-24   -5.731765e-24
   82  206    4.128235e-26   -6.036277e-26
   82  207    1.702129e-29   -2.800337e-29
   83  191    1.173594e-27   -1.653204e-28
   83  192    1.147622e-25   -5.957660e-26
   83  193    5.750544e-22   -3.600764e-22
   83  194    2.400612e-20   -1.543421e-20
   83  195    3.800643e-18   -2.528291e-18
   83  196    1.215825e-17   -8.588619e-18
   83  197    1.011503e-16   -7.740691e-17
   83  198    3.392908e-17   -2.783380e-17
   83  199    3.683955e-16   -3.016000e-16
   83  200    2.450285e-17   -2.303661e-17
   83  201    2.980965e-17   -3.110502e-17
   83  202    3.128216e-19   -3.686883e-19
   83  203    2.241451e-19   -2.943820e-19
   83  204    1.351318e-21   -1.977913e-21
   83  205    1.181855e-22   -1.930326e-22
   83  206    2.656312e-25   -4.790808e-25
   83  207    6.444805e-27   -1.295828e-26
   83  208    4.258115e-29   -1.956213e-42
   83  209    2.583737e-28   -2.008901e-41
   84  196    8.386830e-29   -6.216458e-29
   84  197    7.917516e-29   -6.198142e-29
   84  198    6.780800e-27   -5.724112e-27
   84  199    3.790308e-27   -3.327393e-27
   84  200    5.166593e-27   -9.412145e-27
   84  201    1.386905e-26   -1.097155e-26
   84  202    4.220213e-26   -3.591099e-26
   84  203    2.991207e-27   -1.033852e-27
   84  204    5.411076e-27   -3.277987e-27
   84  205    2.848497e-28   -1.095557e-28
   84  206    9.158507e-28   -3.393104e-28
   84  207    4.538644e-30   -2.176202e-30
   84  208    2.589557e-28   -7.244175e-29
    0    1    1.473055e-11   -7.569403e-13
    1    1    1.416584e-08   -7.605705e-10
    2    4    1.327376e-06   -7.731372e-08
