4.4150e-01
3.5643e-03
2.5846e+00
3.9776e+05
    1    2    7.044141e-23   -1.848757e-23
    1    3    6.126834e-22   -1.052647e-22
    2    3    5.080219e-21   -1.239290e-21
    3    6    3.432478e-25   -1.090913e-25
    3    7    2.821999e-27   -7.529378e-28
    4    7    8.536341e-28   -2.984062e-28
    4    9    4.914828e-26   -1.542164e-26
    4   10    1.866090e-25   -4.195433e-26
    5   10    8.615538e-22   -2.135584e-22
    5   11    4.219057e-16   -5.005280e-17
    5   12    2.248687e-27   -4.944857e-28
    6   11    9.317482e-18   -1.591934e-18
    6   12    1.695677e-04   -3.889770e-06
    6   13    4.010056e-12   -3.774352e-13
    6   14    7.484056e-13   -5.998886e-14
    6   15    7.328478e-28   -1.677196e-28
    7   13    5.180282e-15   -6.372882e-16
    7   14    1.759688e-10   -1.295083e-11
    7   15    4.067478e-12   -3.163532e-13
    7   16    1.333678e-24   -2.605129e-25
    8   14    6.682237e-21   -1.145986e-21
    8   15    6.704514e-13   -2.715567e-14
    8   16    5.240423e-02    4.966536e-08
    8   17    6.983293e-11   -5.213894e-12
    8   18    6.525750e-15   -3.965342e-16
    8   19    5.189278e-24   -7.498688e-25
    8   20    8.995481e-29   -1.642782e-29
    9   16    2.407136e-28   -4.881489e-29
    9   17    1.154314e-14   -1.463420e-15
    9   18    8.259016e-15   -7.422269e-16
    9   19    2.724956e-14   -1.667384e-15
    9   20    3.134040e-19   -2.776531e-20
    9   21    9.534695e-22   -1.041533e-22
    9   22    1.844337e-29   -2.648965e-30
   10   18    1.984743e-22   -3.785250e-23
   10   19    1.899653e-18   -1.840730e-19
   10   20    1.164889e-05   -1.686741e-07
   10   21    7.440086e-10   -2.011677e-11
   10   22    4.482238e-10   -7.280020e-12
   10   23    6.682804e-17   -4.776210e-18
   10   24    2.524078e-18   -1.402594e-19
   10   25    1.280929e-27   -1.714854e-28
   11   20    1.023684e-28   -2.012180e-29
   11   21    8.111671e-15   -8.523914e-16
   11   22    7.676887e-10    1.473168e-12
   11   23    1.284199e-06    9.640045e-09
   11   24    6.748030e-11   -1.391927e-13
   11   25    6.481258e-15   -2.762062e-16
   11   26    1.031536e-21   -9.314011e-23
   11   27    6.638782e-27   -6.820148e-28
   12   22    2.261813e-19   -2.963308e-20
   12   23    1.576240e-07    2.063101e-09
   12   24    8.927910e-04   -1.294491e-06
   12   25    1.861231e-06   -2.688168e-08
   12   26    3.337616e-06   -1.998311e-09
   12   27    3.642052e-11   -9.890579e-13
   12   28    3.261190e-14   -1.423677e-15
   12   29    4.315281e-24   -5.710052e-25
   12   30    3.211742e-30   -5.271378e-31
   13   24    3.242607e-18   -2.738843e-19
   13   25    3.485335e-13   -3.234177e-14
   13   26    3.545310e-08   -6.697960e-10
   13   27    1.349483e-04   -9.328692e-08
   13   28    5.013527e-08   -2.691107e-10
   13   29    1.860586e-10   -2.804877e-12
   13   30    6.610065e-17   -3.909687e-18
   13   31    2.460217e-21   -1.583301e-22
   14   25    2.318221e-26   -3.653433e-27
   14   26    9.391257e-14   -4.682982e-15
   14   27    3.209529e-07    5.638867e-09
   14   28    3.077919e-03    2.102771e-06
   14   29    1.564042e-04   -2.319674e-07
   14   30    3.847850e-04   -2.755525e-07
   14   31    1.335226e-08   -2.733920e-10
   14   32    2.217423e-10   -4.023229e-12
   14   33    9.772095e-19   -8.505069e-20
   14   34    3.486614e-23   -2.986660e-24
   15   27    3.302604e-26   -5.912363e-27
   15   28    1.244159e-17   -9.567309e-19
   15   29    3.259944e-12   -2.617403e-13
   15   30    5.929841e-08   -1.753987e-09
   15   31    7.490517e-05    6.693156e-08
   15   32    1.556832e-07   -1.934525e-09
   15   33    1.257110e-07   -1.121780e-09
   15   34    7.203673e-13   -3.005777e-14
   15   35    2.468943e-16   -9.162793e-18
   15   36    8.322886e-27   -1.091098e-27
   16   29    4.811421e-26   -7.301613e-27
   16   30    3.332746e-15   -2.192710e-16
   16   31    1.004203e-08    5.133792e-11
   16   32    6.583763e-04    7.250611e-07
   16   33    3.162334e-05   -2.043697e-08
   16   34    1.368256e-04    4.469525e-07
   16   35    4.391685e-08   -7.431479e-10
   16   36    5.807170e-08   -2.995289e-10
   16   37    2.058808e-16   -1.592900e-17
   16   38    4.730311e-20   -2.815199e-21
   16   39    1.196371e-28   -1.606932e-29
   17   31    1.278549e-28   -2.664739e-29
   17   32    7.455104e-20   -7.534477e-21
   17   33    1.677242e-13   -1.508106e-14
   17   34    9.769112e-10   -3.492167e-11
   17   35    3.650317e-06   -3.473939e-08
   17   36    1.369547e-07   -1.321243e-09
   17   37    1.370210e-07   -1.177321e-10
   17   38    2.810662e-13   -1.066857e-14
   17   39    6.914197e-16   -2.077380e-17
   17   40    4.268994e-22   -3.099428e-23
   17   41    4.829081e-25   -3.364525e-26
   18   33    2.947362e-28   -5.234251e-29
   18   34    1.226897e-19   -1.660240e-20
   18   35    5.210869e-13   -2.625664e-14
   18   36    1.986589e-05    9.200589e-09
   18   37    2.733416e-07   -5.030557e-10
   18   38    5.406780e-06    1.964898e-08
   18   39    5.672205e-10   -1.279378e-11
   18   40    8.863065e-10   -8.355390e-12
   18   41    1.339381e-14   -6.146134e-16
   18   42    2.693160e-16   -7.400237e-18
   18   43    2.386211e-22   -1.759295e-23
   18   44    1.641797e-24   -8.590363e-26
   19   36    3.310432e-24   -5.329505e-25
   19   37    7.594592e-16   -7.544073e-17
   19   38    1.275053e-11   -4.302467e-13
   19   39    1.491605e-07   -1.471534e-09
   19   40    1.421706e-09   -3.023780e-11
   19   41    4.230472e-10   -2.374726e-12
   19   42    1.143218e-12   -1.910902e-14
   19   43    5.749497e-14   -1.057135e-15
   19   44    2.846033e-17   -8.984981e-19
   19   45    1.015843e-18   -3.156609e-20
   19   46    6.119193e-23   -3.285691e-24
   19   47    4.579662e-25   -2.147919e-26
   20   38    3.181949e-22   -4.721487e-23
   20   39    2.523164e-15   -1.344831e-16
   20   40    1.488885e-07    1.148541e-11
   20   41    5.177497e-09   -2.130780e-11
   20   42    6.331631e-08    1.492647e-10
   20   43    3.204886e-09   -1.966973e-11
   20   44    5.536327e-09    6.692116e-12
   20   45    2.983720e-11   -3.505165e-13
   20   46    8.108706e-11   -4.087248e-13
   20   47    1.509759e-13   -2.560330e-15
   20   48    3.690316e-15   -5.720081e-17
   20   49    2.771165e-22   -1.957329e-23
   20   50    3.225868e-28   -3.363381e-29
   21   40    1.638433e-28   -3.096783e-29
   21   41    3.538133e-19   -4.099699e-20
   21   42    6.815375e-16   -4.186319e-17
   21   43    6.407883e-12   -2.317630e-13
   21   44    1.016582e-10   -1.237466e-12
   21   45    3.593465e-09   -1.918009e-11
   21   46    4.841692e-10   -2.587890e-12
   21   47    1.408095e-10   -4.925460e-13
   21   48    5.381419e-12   -5.051947e-14
   21   49    2.575252e-13   -2.552698e-15
   21   50    5.197675e-19   -2.494856e-20
   21   51    7.510096e-24   -5.314440e-25
   22   42    2.083575e-27   -3.828616e-28
   22   43    3.339229e-21   -3.447593e-22
   22   44    8.162298e-11   -5.488016e-13
   22   45    2.853846e-11   -5.259589e-13
   22   46    2.729630e-08   -1.630407e-11
   22   47    1.352971e-08   -2.514194e-11
   22   48    3.250191e-08    8.187052e-11
   22   49    3.394285e-09   -1.584440e-11
   22   50    6.456342e-09   -1.591481e-11
   22   51    1.199218e-13   -3.907733e-15
   22   52    9.546014e-17   -3.519450e-18
   22   53    2.619580e-23   -2.281876e-24
   22   54    2.264438e-28   -2.473501e-29
   23   45    4.298089e-21   -4.821443e-22
   23   46    1.433657e-16   -7.518386e-18
   23   47    9.227773e-12   -3.076149e-13
   23   48    2.766610e-10   -1.394534e-12
   23   49    1.554703e-08   -7.835702e-11
   23   50    4.502489e-09   -7.289273e-12
   23   51    1.626472e-08   -2.400211e-12
   23   52    1.548079e-11   -1.937711e-13
   23   53    2.902904e-12   -8.648249e-14
   23   54    3.726362e-18   -2.517699e-19
   23   55    1.118520e-21   -8.753071e-23
   23   56    1.023320e-29   -1.457159e-30
   24   46    1.921863e-27   -2.938297e-28
   24   47    2.686323e-21   -2.400161e-22
   24   48    6.222963e-13   -1.018457e-14
   24   49    5.604852e-12   -1.201423e-13
   24   50    2.106939e-08    1.036437e-11
   24   51    1.561476e-08   -1.488603e-11
   24   52    6.787769e-08    1.943065e-10
   24   53    2.024923e-09   -2.154355e-11
   24   54    9.347840e-09   -3.128123e-11
   24   55    1.245211e-13   -4.600444e-15
   24   56    7.008938e-16   -3.493903e-17
   24   57    1.458782e-22   -1.523973e-23
   24   58    1.160749e-26   -1.327750e-27
   25   49    1.183844e-22   -1.329333e-23
   25   50    7.381460e-18   -5.121671e-19
   25   51    6.395715e-12   -1.732454e-13
   25   52    1.494606e-10   -8.144232e-13
   25   53    1.281534e-08   -7.404586e-11
   25   54    9.360807e-09   -4.624362e-11
   25   55    1.741712e-08   -3.079091e-11
   25   56    1.046842e-11   -1.753602e-13
   25   57    8.948387e-12   -2.741450e-13
   25   58    5.299785e-17   -3.311717e-18
   25   59    7.662851e-20   -5.143801e-21
   25   60    1.422556e-26   -1.674040e-27
   25   61    2.702665e-30   -5.018417e-32
   26   50    4.134868e-30   -6.975838e-31
   26   51    8.093398e-23   -8.541784e-24
   26   52    1.504862e-14   -3.701627e-16
   26   53    4.183089e-13   -4.635516e-15
   26   54    2.200891e-08   -4.630531e-13
   26   55    3.414568e-08   -3.605418e-11
   26   56    9.456577e-07    2.505431e-09
   26   57    2.535807e-08   -4.367817e-10
   26   58    1.734706e-06   -2.673620e-09
   26   59    1.071131e-10   -3.093183e-12
   26   60    2.778416e-10   -6.661087e-12
   26   61    1.578299e-16   -1.116332e-17
   26   62    3.391623e-19   -2.330539e-20
   26   63    1.148955e-26   -1.543106e-27
   26   64    5.503046e-30   -5.306431e-32
   26   66    7.297333e-30   -2.081343e-36
   27   53    3.439074e-25   -4.473151e-26
   27   54    2.488843e-19   -1.570888e-20
   27   55    2.789486e-12   -9.095222e-14
   27   56    4.198488e-11   -6.831411e-13
   27   57    2.125405e-08   -4.008085e-10
   27   58    4.573855e-08   -6.955934e-10
   27   59    2.443334e-06   -1.169113e-09
   27   60    5.448075e-09   -8.315274e-11
   27   61    6.645313e-08   -5.340585e-10
   27   62    1.851514e-12   -6.601291e-14
   27   63    3.161878e-13   -2.869211e-14
   27   64    3.121175e-19   -4.238974e-20
   27   65    2.499289e-22   -3.597295e-23
   27   66    2.007881e-29   -4.153250e-30
   27   67    4.472404e-30   -5.632571e-32
   28   55    6.098041e-25   -6.390698e-26
   28   56    1.500650e-14   -3.208735e-16
   28   57    3.581659e-13   -1.440643e-14
   28   58    6.876782e-08    1.779818e-10
   28   59    3.737261e-07   -1.065576e-09
   28   60    2.924655e-06    6.382471e-09
   28   61    9.767972e-08   -1.178987e-09
   28   62    6.488468e-06    4.723736e-09
   28   63    2.201138e-09   -5.527206e-11
   28   64    6.476549e-07   -1.481110e-09
   28   65    7.539711e-12   -2.942540e-13
   28   66    1.816373e-10   -3.355875e-12
   28   67    1.503759e-16   -9.347548e-18
   28   68    2.074030e-19   -1.311946e-20
   28   69    3.112607e-27   -4.148126e-28
   28   70    4.538739e-30   -2.064504e-32
   29   57    2.997739e-27   -4.454844e-28
   29   58    3.365983e-22   -4.177985e-23
   29   59    3.088120e-15   -2.020332e-16
   29   60    9.559281e-13   -4.837470e-14
   29   61    6.522294e-11   -2.501367e-12
   29   62    9.234308e-11   -3.518396e-12
   29   63    8.001422e-08   -1.601372e-09
   29   64    2.893064e-09   -9.831055e-11
   29   65    1.225515e-06   -2.092891e-09
   29   66    3.071320e-10   -8.506992e-12
   29   67    6.307380e-08   -8.191941e-10
   29   68    4.163291e-13   -1.975793e-14
   29   69    4.566112e-15   -1.895070e-16
   29   70    7.601669e-22   -7.694907e-23
   29   71    8.586923e-25   -8.699384e-26
   29   73    6.128538e-29   -2.248675e-31
   29   75    3.402196e-29   -2.411397e-33
   30   60    1.623421e-20   -1.725817e-21
   30   61    3.335871e-17   -2.633594e-18
   30   62    1.896530e-13   -8.879920e-15
   30   63    2.077991e-12   -1.144929e-13
   30   64    3.735514e-07    4.375748e-10
   30   65    4.712203e-08   -6.478859e-10
   30   66    2.218086e-06    2.870979e-09
   30   67    2.724189e-09   -6.654390e-11
   30   68    1.932872e-06    3.763848e-09
   30   69    6.450518e-11   -2.164601e-12
   30   70    1.450763e-08   -1.875248e-10
   30   71    5.460625e-14   -3.095816e-15
   30   72    2.400657e-12   -9.872680e-14
   30   73    1.394522e-18   -1.284349e-19
   30   74    8.163680e-21   -8.396709e-22
   30   75    3.102222e-28   -5.188996e-29
   30   76    6.065435e-29   -1.397087e-31
   31   62    3.242512e-26   -5.412181e-27
   31   63    4.137249e-22   -5.588224e-23
   31   64    3.760046e-19   -4.431566e-20
   31   65    3.290317e-13   -1.868129e-14
   31   66    1.362653e-12   -6.902135e-14
   31   67    6.349042e-10   -2.116848e-11
   31   68    4.000946e-10   -1.713582e-11
   31   69    5.019417e-07   -4.333841e-09
   31   70    8.061344e-10   -1.766509e-11
   31   71    1.802081e-07   -1.399919e-09
   31   72    8.879392e-12   -3.422291e-13
   31   73    3.506162e-09   -8.428619e-11
   31   74    6.337565e-14   -3.425144e-15
   31   75    5.433606e-15   -6.786361e-16
   31   76    2.344633e-21   -3.934188e-22
   31   77    8.787574e-24   -1.582269e-24
   31   78    2.159635e-30   -4.908718e-31
   31   79    1.181038e-29   -2.424675e-32
   31   81    3.954090e-29   -9.528677e-33
   32   64    1.237793e-27   -2.210541e-28
   32   65    2.048275e-24   -3.325981e-25
   32   66    1.619493e-16   -1.129390e-17
   32   67    1.573062e-15   -9.918329e-17
   32   68    3.232976e-09   -1.640476e-11
   32   69    8.710774e-10   -2.004943e-11
   32   70    4.758550e-07    5.693435e-10
   32   71    2.874111e-09   -4.622246e-11
   32   72    4.735359e-07    8.339846e-10
   32   73    4.111161e-10   -1.164855e-11
   32   74    3.092856e-07   -4.754259e-10
   32   75    3.577897e-11   -1.163289e-12
   32   76    1.307138e-08   -1.151588e-10
   32   77    1.556369e-13   -6.839537e-15
   32   78    2.390885e-14   -2.616341e-15
   32   79    4.023967e-20   -6.358016e-21
   32   80    8.220846e-23   -1.315697e-23
   32   81    3.000571e-30   -6.832981e-31
   32   82    2.760142e-30   -3.744762e-33
   33   67    5.700484e-26   -9.514973e-27
   33   68    3.629187e-23   -4.872692e-24
   33   69    3.622546e-16   -2.727094e-17
   33   70    2.670823e-15   -1.921029e-16
   33   71    1.059920e-11   -4.652203e-13
   33   72    1.299990e-12   -5.707070e-14
   33   73    2.488288e-09   -6.504041e-11
   33   74    2.532000e-10   -1.009134e-11
   33   75    1.919853e-07   -8.258487e-11
   33   76    2.567665e-10   -3.520426e-12
   33   77    5.712777e-08   -2.151505e-10
   33   78    2.739993e-12   -6.840361e-14
   33   79    5.312804e-10   -1.735569e-11
   33   80    1.025526e-14   -6.384400e-16
   33   81    3.170972e-16   -1.922961e-17
   33   82    7.988735e-23   -8.815873e-24
   33   83    7.169768e-26   -8.177606e-27
   34   69    7.050142e-29   -1.279006e-29
   34   70    7.379730e-20   -6.666509e-21
   34   71    1.541344e-18   -1.283120e-19
   34   72    1.353086e-12   -2.583798e-14
   34   73    1.293576e-12   -4.956973e-14
   34   74    1.541680e-08    7.981605e-11
   34   75    2.268834e-09   -8.841640e-12
   34   76    5.130624e-08    1.503755e-10
   34   77    3.692608e-10   -4.582372e-12
   34   78    7.520968e-08    3.138805e-10
   34   79    1.361510e-10   -4.898632e-12
   34   80    5.474113e-08   -2.739547e-10
   34   81    1.357515e-11   -5.363806e-13
   34   82    3.686028e-09   -5.853015e-11
   34   83    1.367956e-14   -7.712425e-16
   34   84    1.592194e-15   -1.762343e-16
   34   85    1.579813e-23   -2.961073e-24
   34   86    3.303025e-30   -7.435716e-31
   35   71    7.540184e-30   -1.506965e-30
   35   72    9.152831e-27   -1.479989e-27
   35   73    4.421615e-20   -4.314209e-21
   35   74    1.382010e-18   -1.256136e-19
   35   75    8.822261e-14   -4.183634e-15
   35   76    3.108571e-13   -1.035669e-14
   35   77    4.635728e-11   -1.283101e-12
   35   78    3.901702e-12   -1.337096e-13
   35   79    8.934042e-09    1.028783e-11
   35   80    1.389369e-10   -9.172780e-13
   35   81    2.950998e-08    7.205891e-11
   35   82    1.313355e-10   -1.329521e-12
   35   83    9.824741e-09   -1.097696e-10
   35   84    8.813200e-13   -3.355299e-14
   35   85    3.690020e-11   -2.044177e-12
   35   86    1.723696e-18   -2.019287e-19
   35   87    2.566108e-24   -3.784602e-25
   36   74    4.634009e-24   -5.483794e-25
   36   75    1.512677e-21   -1.652701e-22
   36   76    1.141125e-15   -4.003963e-17
   36   77    2.530408e-15   -1.170088e-16
   36   78    4.750730e-11    3.070491e-13
   36   79    2.402351e-11   -1.332531e-13
   36   80    1.366239e-09    1.083889e-11
   36   81    9.931526e-11   -1.745025e-13
   36   82    6.654156e-09    3.981693e-11
   36   83    1.244699e-10   -2.574471e-12
   36   84    6.538558e-08    4.452296e-11
   36   85    1.218324e-10   -3.342648e-12
   36   86    6.042231e-08   -9.466890e-11
   36   87    3.619121e-14   -1.772600e-15
   36   88    6.552008e-19   -4.473441e-20
   36   89    2.940747e-26   -3.830022e-27
   37   76    1.391145e-29   -2.578718e-30
   37   77    2.680512e-23   -2.977122e-24
   37   78    2.436453e-22   -2.596135e-23
   37   79    8.230069e-17   -4.093757e-18
   37   80    2.344602e-16   -1.058739e-17
   37   81    1.452061e-13   -4.482598e-15
   37   82    7.404927e-14   -1.989301e-15
   37   83    9.700514e-11   -4.426084e-13
   37   84    1.368815e-11   -1.207530e-13
   37   85    5.837937e-09    2.456768e-11
   37   86    7.019504e-10   -4.435355e-13
   37   87    2.115373e-08   -4.822091e-12
   37   88    1.075437e-13   -4.119713e-15
   37   89    8.019550e-18   -4.267490e-19
   37   90    3.483372e-24   -3.508131e-25
   37   91    1.872325e-29   -2.429554e-30
   38   78    6.299799e-28   -8.122477e-29
   38   79    9.792168e-26   -1.244782e-26
   38   80    1.376401e-19   -5.732873e-21
   38   81    4.451058e-19   -2.428897e-20
   38   82    7.384272e-15   -4.279054e-17
   38   83    2.704211e-14   -4.675823e-16
   38   84    8.708974e-12    8.234799e-14
   38   85    1.048208e-11   -3.619831e-14
   38   86    5.050865e-10    3.447740e-12
   38   87    4.943879e-10   -2.205851e-12
   38   88    6.307021e-08   -5.441692e-13
   38   89    1.621299e-12   -4.936716e-14
   38   90    8.945852e-16   -3.104551e-17
   38   91    2.340162e-21   -1.820694e-22
   38   92    7.669959e-26   -7.013083e-27
   39   81    3.763415e-28   -4.725280e-29
   39   82    2.101460e-26   -2.551582e-27
   39   83    2.176385e-21   -1.550816e-22
   39   84    1.120357e-20   -8.476217e-22
   39   85    1.534842e-16   -5.823070e-18
   39   86    2.041533e-15   -5.821744e-17
   39   87    6.117533e-13   -8.915572e-15
   39   88    3.401254e-12   -6.423976e-14
   39   89    9.131626e-09    2.636494e-12
   39   90    1.560507e-12   -3.635461e-14
   39   91    2.649103e-15   -6.319669e-17
   39   92    5.785812e-20   -2.806794e-21
   39   93    1.386826e-23   -8.324742e-25
   39   94    1.213357e-28   -1.209333e-29
   39   95    3.127508e-30   -2.555395e-34
   40   84    9.901569e-25   -7.592622e-26
   40   85    6.571545e-24   -5.571234e-25
   40   86    1.212079e-18   -3.257136e-20
   40   87    4.623402e-18   -1.780107e-19
   40   88    3.254597e-14   -2.520186e-16
   40   89    6.100387e-13   -1.245049e-14
   40   90    4.419123e-09    9.059023e-13
   40   91    4.856968e-12   -6.978416e-14
   40   92    1.116456e-13   -1.750542e-15
   40   93    1.722568e-17   -6.648298e-19
   40   94    4.808902e-20   -1.732834e-21
   40   95    2.007478e-24   -1.320637e-25
   40   96    1.050660e-27   -6.919508e-29
   41   87    5.217085e-26   -5.246517e-27
   41   88    3.661239e-24   -3.539163e-25
   41   89    2.504638e-19   -1.496268e-20
   41   90    4.716587e-17   -2.658686e-18
   41   91    2.233814e-12   -7.631154e-14
   41   92    2.228528e-14   -8.514210e-16
   41   93    5.270246e-15   -2.288767e-16
   41   94    4.371209e-18   -2.577121e-19
   41   95    6.456529e-20   -3.295891e-21
   41   96    9.989745e-24   -7.374293e-25
   41   97    2.568549e-26   -1.805631e-27
   41   99    8.185846e-30   -1.664343e-33
   42   88    1.584314e-30   -3.373600e-31
   42   89    1.428714e-27   -1.506405e-28
   42   90    5.375676e-20   -1.254015e-21
   42   91    4.660896e-17   -1.880608e-18
   42   92    9.151734e-11    1.018696e-12
   42   93    1.446933e-11   -2.220513e-13
   42   94    9.990780e-11   -9.449430e-13
   42   95    3.047165e-13   -6.705958e-15
   42   96    1.104095e-13   -6.036257e-15
   42   97    2.613000e-17   -2.056632e-18
   42   98    4.891639e-19   -3.339075e-20
   42   99    3.333820e-24   -3.796702e-25
   42  100    1.008913e-26   -1.068348e-27
   43   91    1.520846e-27   -1.509757e-28
   43   92    1.993459e-23   -2.048464e-24
   43   93    2.194389e-16   -9.972172e-18
   43   94    5.005198e-16   -3.743532e-17
   43   95    5.742334e-14   -3.210940e-15
   43   96    2.912577e-15   -1.908018e-16
   43   97    8.449765e-14   -3.475926e-15
   43   98    8.102005e-17   -4.488341e-18
   43   99    1.666829e-17   -7.901557e-19
   43  100    1.008222e-21   -7.597177e-23
   43  101    2.719444e-23   -1.864557e-24
   43  102    9.413795e-29   -1.035894e-29
   43  103    1.991650e-27   -6.171477e-32
   44   92    1.404669e-29   -9.616311e-31
   44   93    3.100024e-24   -2.198573e-25
   44   94    1.482238e-15    2.826895e-17
   44   95    1.356053e-14    8.629125e-17
   44   96    4.515313e-12    7.506153e-14
   44   97    1.004852e-12   -8.065053e-15
   44   98    4.105843e-11    1.058193e-13
   44   99    3.594482e-13   -7.390055e-15
   44  100    6.432931e-12   -1.279563e-13
   44  101    2.418096e-15   -1.059099e-16
   44  102    4.021684e-16   -1.091117e-17
   44  103    1.910427e-20   -1.171260e-21
   44  104    5.489970e-22   -2.787092e-23
   44  105    5.027953e-27   -4.604513e-28
   44  106    5.954264e-28    4.393879e-31
   45   95    2.980502e-23   -1.637795e-24
   45   96    1.063561e-21   -6.369697e-23
   45   97    4.028735e-18   -2.016820e-19
   45   98    9.142967e-18   -1.038799e-18
   45   99    1.035377e-13   -5.204270e-15
   45  100    1.316031e-14   -6.520335e-16
   45  101    2.604447e-12   -4.091730e-14
   45  102    4.495738e-15   -1.278274e-16
   45  103    1.516871e-14   -8.479520e-16
   45  104    3.641221e-18   -2.841482e-19
   45  105    7.066937e-19   -5.104115e-20
   45  106    2.472668e-23   -2.564400e-24
   45  107    7.359991e-25   -6.801428e-26
   45  108    7.130501e-30   -9.248646e-31
   45  109    4.602528e-28   -2.088261e-32
   45  110    1.018508e-30   -8.555740e-34
   46   96    5.765611e-26   -4.891786e-27
   46   97    2.492589e-22   -1.130124e-23
   46   98    4.323412e-17    4.948653e-19
   46   99    6.894771e-16   -4.567304e-19
   46  100    9.999288e-13    1.704994e-14
   46  101    4.115224e-13   -4.750350e-17
   46  102    4.694045e-11    3.366471e-13
   46  103    8.770035e-13   -1.040262e-14
   46  104    3.269550e-11   -2.636566e-13
   46  105    4.506267e-14   -1.211392e-15
   46  106    3.716856e-14   -6.908271e-16
   46  107    5.046124e-18   -2.393219e-19
   46  108    7.257229e-19   -2.136731e-20
   46  109    2.406509e-23   -1.579874e-24
   46  110    4.241207e-25   -2.361492e-26
   46  111    1.564795e-30   -1.584827e-31
   46  112    4.750133e-28    5.624322e-36
   47   99    1.938280e-25   -1.387613e-26
   47  100    8.177105e-24   -5.715607e-25
   47  101    1.268341e-19   -6.424362e-21
   47  102    1.358782e-18   -1.787981e-19
   47  103    1.115640e-14   -9.129035e-16
   47  104    1.236244e-14   -7.815440e-16
   47  105    2.335349e-12   -6.735603e-14
   47  106    2.527787e-14   -8.895925e-16
   47  107    2.059615e-13   -8.609125e-15
   47  108    2.036020e-16   -1.200332e-17
   47  109    1.147662e-16   -6.469479e-18
   47  110    1.469874e-20   -1.218102e-21
   47  111    1.336251e-21   -8.989804e-23
   47  112    4.440451e-26   -4.405549e-27
   47  113    1.429476e-27    1.601806e-29
   47  115    7.159916e-28   -8.969914e-33
   48  100    5.560211e-30   -7.111767e-31
   48  101    1.557259e-25   -1.180655e-26
   48  102    1.532928e-19   -4.754286e-22
   48  103    7.095004e-18   -4.474266e-20
   48  104    4.267373e-14    8.454056e-16
   48  105    4.095468e-14   -8.648613e-18
   48  106    1.138444e-11    1.594920e-13
   48  107    9.324925e-13   -9.359108e-15
   48  108    6.157981e-11    8.648957e-14
   48  109    2.972015e-13   -6.780558e-15
   48  110    8.706307e-12   -1.964381e-13
   48  111    5.469419e-15   -2.569095e-16
   48  112    3.042781e-15   -1.235412e-16
   48  113    3.057599e-19   -2.248084e-20
   48  114    2.509771e-20   -1.366837e-21
   48  115    5.909562e-25   -5.624987e-26
   48  116    6.962680e-27   -5.536481e-28
   48  118    6.925645e-28    4.951183e-36
   49  103    8.796772e-29   -8.288252e-30
   49  104    1.688381e-26   -1.450006e-27
   49  105    4.849771e-22   -2.630977e-23
   49  106    1.789180e-21   -1.185068e-22
   49  107    1.760443e-17   -2.119339e-18
   49  108    2.369447e-16   -2.502402e-17
   49  109    1.308976e-13   -6.870500e-15
   49  110    9.107276e-15   -5.558871e-16
   49  111    1.563602e-12   -2.899691e-14
   49  112    7.573167e-15   -2.446868e-16
   49  113    1.764588e-14   -6.021080e-16
   49  114    1.573286e-17   -9.014349e-19
   49  115    3.756150e-18   -1.502985e-19
   49  116    5.089478e-22   -3.620392e-23
   49  117    2.893196e-23   -1.773196e-24
   49  118    8.346262e-28   -8.450376e-29
   49  119    4.345439e-26    5.085593e-29
   49  120    5.701681e-29   -4.533681e-32
   49  121    1.955817e-27   -2.175348e-31
   49  122    4.035579e-30   -6.668088e-33
   50  105    3.392953e-30   -2.740780e-31
   50  106    7.551892e-24   -2.707454e-25
   50  107    1.843185e-21   -4.651913e-23
   50  108    6.908954e-17    1.335269e-18
   50  109    1.130896e-16   -2.311711e-19
   50  110    4.205723e-13    1.013127e-14
   50  111    1.060974e-13    2.162075e-16
   50  112    3.004698e-11    5.200578e-13
   50  113    1.167221e-12   -1.964953e-14
   50  114    1.312349e-10    7.737707e-13
   50  115    6.175847e-13   -1.534849e-14
   50  116    5.861629e-11   -6.878615e-13
   50  117    2.641230e-14   -1.022867e-15
   50  118    2.692116e-13   -1.848755e-14
   50  119    2.808366e-17   -2.812650e-18
   50  120    2.699982e-18   -2.399898e-19
   50  121    8.813454e-23   -1.117235e-23
   50  122    1.536177e-24   -1.786219e-25
   50  123    1.776904e-29   -2.846364e-30
   50  124    4.466679e-28    4.297964e-35
   51  109    6.903377e-28   -6.007730e-29
   51  110    7.249875e-26   -7.371164e-27
   51  111    1.614495e-22   -1.047960e-23
   51  112    7.657695e-22   -6.247797e-23
   51  113    3.910069e-19   -2.324245e-20
   51  114    1.246892e-19   -1.495623e-20
   51  115    2.084276e-16   -2.189299e-17
   51  116    5.171957e-17   -5.637143e-18
   51  117    1.925904e-14   -9.691800e-16
   51  118    1.313377e-16   -8.662334e-18
   51  119    4.221008e-15   -5.414026e-17
   51  120    3.073156e-18   -1.113192e-19
   51  121    4.854363e-18   -1.882417e-19
   51  122    8.097387e-22   -5.498227e-23
   51  123    1.215849e-22   -7.011685e-24
   51  124    8.149391e-27   -7.416629e-28
   51  125    5.711626e-27    3.978525e-29
   51  126    5.905704e-30    1.319041e-33
   51  127    2.313807e-27   -6.444248e-33
   52  112    1.007169e-30   -1.671500e-31
   52  113    4.903665e-26    1.203572e-26
   52  114    3.343752e-20   -5.036842e-21
   52  115    2.161219e-19   -3.116891e-20
   52  116    9.570501e-15   -6.961046e-16
   52  117    1.556381e-15   -1.480257e-16
   52  118    2.669479e-12   -1.256230e-13
   52  119    5.752318e-14   -3.613966e-15
   52  120    2.521099e-11   -2.527240e-13
   52  121    6.708989e-14   -2.137593e-15
   52  122    1.506001e-12   -5.039433e-14
   52  123    8.482442e-16   -4.905582e-17
   52  124    3.942309e-16   -1.658085e-17
   52  125    6.058230e-20   -4.319274e-21
   52  126    4.309982e-21   -2.358771e-22
   52  127    2.027098e-25   -1.811231e-26
   52  128    2.995455e-27   -2.318337e-28
   52  129    3.246123e-30    6.579126e-34
   52  130    1.187783e-27    1.910317e-35
   52  131    1.597454e-30    4.042665e-39
   53  115    2.127187e-30   -5.695710e-31
   53  116    8.591973e-28    5.273132e-28
   53  117    3.109590e-22   -5.356800e-23
   53  118    6.610394e-20   -8.274775e-21
   53  119    1.391958e-16   -1.041690e-17
   53  120    1.021597e-16   -8.292830e-18
   53  121    1.276603e-13   -4.219148e-15
   53  122    3.356717e-15   -1.573191e-16
   53  123    7.697183e-13   -1.296483e-14
   53  124    1.998627e-15   -5.712782e-17
   53  125    4.956157e-15   -1.770566e-16
   53  126    3.213999e-18   -1.769133e-19
   53  127    1.193590e-18   -6.362925e-20
   53  128    2.060888e-22   -1.602868e-23
   53  129    1.313941e-23   -9.163743e-25
   53  130    5.392664e-28   -5.445738e-29
   53  131    2.156765e-26    6.714981e-28
   53  132    1.251071e-29    1.023815e-31
   53  133    1.315962e-26    4.834507e-34
   53  134    2.463901e-30   -6.101693e-36
   54  116    5.408434e-28    5.408434e-28
   54  117    1.107665e-25   -6.107627e-25
   54  118    1.609547e-19   -1.914845e-20
   54  119    5.223313e-18   -3.899491e-19
   54  120    3.661753e-14   -7.457389e-16
   54  121    2.819657e-14   -6.007848e-16
   54  122    1.677546e-11    2.222040e-13
   54  123    1.221847e-12    6.914534e-15
   54  124    7.442459e-11    5.107481e-13
   54  125    8.164865e-13   -5.259361e-15
   54  126    1.604282e-11   -1.277859e-13
   54  127    3.675770e-14   -8.903586e-16
   54  128    5.365887e-14   -1.377045e-15
   54  129    3.121013e-17   -1.488289e-18
   54  130    4.948282e-18   -1.568468e-19
   54  131    7.568486e-22   -4.492608e-23
   54  132    6.154121e-23   -9.407802e-25
   54  133    5.231049e-27   -2.487535e-28
   54  134    1.639146e-25   -5.414883e-28
   54  135    4.490227e-30   -2.193620e-31
   54  136    7.306758e-26    5.717691e-33
   55  119    3.775704e-30   -8.970251e-31
   55  120    6.858895e-29   -1.119510e-29
   55  121    1.467776e-23   -1.716783e-24
   55  122    5.686832e-22   -6.571213e-23
   55  123    1.298047e-17   -9.925276e-19
   55  124    2.683186e-17   -2.140020e-18
   55  125    3.821013e-14   -1.498230e-15
   55  126    7.491443e-15   -3.339650e-16
   55  127    1.462205e-12   -1.859675e-14
   55  128    1.435020e-14   -2.657034e-16
   55  129    1.687729e-13   -2.150081e-15
   55  130    3.425125e-16   -8.498104e-18
   55  131    2.607179e-16   -2.716522e-18
   55  132    1.297639e-19   -3.735352e-21
   55  133    1.010252e-18    4.083508e-21
   55  134    2.254095e-21   -6.564893e-23
   55  135    1.332786e-19    9.790802e-22
   55  136    1.537342e-23   -3.623640e-25
   55  137    7.384967e-25   -3.315069e-26
   56  120    9.326147e-28   -7.230591e-29
   56  121    1.642154e-25   -2.376688e-26
   56  122    2.736991e-20   -2.173747e-21
   56  123    6.575238e-19   -4.726492e-20
   56  124    6.834570e-15   -1.555087e-16
   56  125    7.882008e-15   -2.474856e-16
   56  126    1.634383e-11    5.679282e-14
   56  127    2.618901e-12   -1.331596e-15
   56  128    2.389052e-10    1.323060e-12
   56  129    6.932081e-12   -1.186042e-14
   56  130    2.222419e-10   -1.448791e-12
   56  131    1.126190e-12   -1.836693e-14
   56  132    5.099424e-12   -7.580756e-14
   56  133    8.227966e-15   -2.576788e-16
   56  134    1.679706e-14    3.588937e-17
   56  135    1.249322e-17   -3.509206e-19
   56  136    2.276886e-16   -2.033201e-18
   56  137    1.587783e-18   -8.840804e-20
   56  138    9.245598e-17   -1.681023e-18
   56  139    2.093907e-24   -1.729880e-25
   56  140    2.037604e-30   -2.392743e-31
   56  142    2.176575e-30   -7.609774e-39
   57  124    1.683034e-29   -3.042065e-30
   57  125    5.893889e-25   -7.180622e-26
   57  126    8.327776e-24   -1.022247e-24
   57  127    3.195279e-20   -3.079993e-21
   57  128    1.111237e-19   -1.235021e-20
   57  129    3.205768e-16   -2.642863e-17
   57  130    3.960748e-16   -3.403375e-17
   57  131    1.541531e-13   -9.278204e-15
   57  132    7.102764e-15   -4.358527e-16
   57  133    2.785820e-12   -5.318531e-14
   57  134    2.747833e-14   -7.691894e-16
   57  135    9.364281e-13   -6.554606e-15
   57  136    6.514638e-15   -2.424415e-16
   57  137    3.515445e-13   -3.667350e-15
   57  138    4.561529e-15   -2.090010e-16
   57  139    1.450613e-11   -1.425571e-13
   57  140    1.888466e-18   -1.275406e-19
   57  141    6.788630e-24   -6.303195e-25
   58  126    1.504880e-24   -1.937104e-25
   58  127    1.195966e-22   -1.377763e-23
   58  128    1.143224e-17   -6.072654e-19
   58  129    5.235791e-17   -3.005368e-18
   58  130    9.928758e-14   -1.463843e-15
   58  131    5.313573e-14   -1.264440e-15
   58  132    1.079499e-11    4.961639e-14
   58  133    9.469377e-13   -3.659809e-15
   58  134    5.682847e-11    1.398264e-13
   58  135    1.369604e-12   -9.051687e-15
   58  136    1.995141e-11   -3.112650e-13
   58  137    1.153048e-13   -4.063466e-15
   58  138    1.839261e-12   -8.168928e-14
   58  139    6.811031e-15   -4.731081e-16
   58  140    2.012330e-13   -1.402757e-14
   58  141    1.076596e-19   -1.318326e-20
   58  142    2.759844e-24   -3.920376e-25
   58  144    3.782354e-30   -1.410407e-42
   59  129    1.492211e-28   -2.470298e-29
   59  130    6.044451e-27   -9.513147e-28
   59  131    2.986085e-23   -3.384897e-24
   59  132    1.922792e-22   -2.337672e-23
   59  133    1.402953e-18   -1.215159e-19
   59  134    7.162134e-18   -6.103706e-19
   59  135    3.765730e-15   -2.136236e-16
   59  136    9.210724e-16   -6.012931e-17
   59  137    1.248093e-13   -5.168151e-15
   59  138    3.523525e-15   -2.009190e-16
   59  139    1.941832e-13   -8.949025e-15
   59  140    3.255152e-15   -1.654238e-16
   59  141    1.154015e-14   -7.746920e-16
   59  142    4.358566e-20   -4.968837e-21
   59  143    4.255334e-24   -5.377816e-25
   59  144    3.007301e-30   -5.378275e-31
   59  145    7.257897e-30   -2.215919e-32
   60  130    7.721173e-30   -3.473602e-30
   60  131    5.248877e-26   -8.831640e-27
   60  132    2.611569e-21   -2.565133e-22
   60  133    7.002450e-20   -6.194124e-21
   60  134    3.686065e-16   -1.347469e-17
   60  135    7.955503e-16   -3.349860e-17
   60  136    3.909025e-13   -1.136390e-15
   60  137    1.427612e-13   -1.441704e-15
   60  138    9.754805e-12    7.196093e-14
   60  139    8.273578e-13    2.115650e-15
   60  140    2.042297e-11    7.875432e-14
   60  141    7.300363e-13   -7.888731e-16
   60  142    1.013764e-11   -1.042524e-13
   60  143    1.257024e-16   -5.878781e-18
   60  144    5.497564e-20   -2.830643e-21
   60  145    2.178839e-25   -2.087019e-26
   60  146    2.175762e-29   -2.309280e-30
   61  135    1.900771e-26   -2.439627e-27
   61  136    1.759532e-25   -2.661065e-26
   61  137    1.311673e-21   -1.676977e-22
   61  138    2.879935e-20   -3.553798e-21
   61  139    2.652012e-17   -2.507036e-18
   61  140    1.020968e-16   -8.471631e-18
   61  141    6.792836e-14   -2.859074e-15
   61  142    3.227425e-14   -1.113424e-15
   61  143    1.104176e-12   -3.473005e-15
   61  144    8.236016e-17   -2.858016e-18
   61  145    8.993010e-20   -3.126269e-21
   61  146    1.664148e-24   -1.196972e-25
   61  147    4.820076e-28   -3.664016e-29
   61  148    7.035660e-28    5.319566e-32
   62  135    2.925119e-30   -2.338907e-31
   62  136    9.028146e-26   -2.668075e-25
   62  137    1.396222e-23   -1.850971e-24
   62  138    8.244246e-19   -6.070712e-20
   62  139    6.187709e-18   -4.927655e-19
   62  140    7.379521e-15   -2.308419e-16
   62  141    8.026890e-15   -3.276264e-16
   62  142    4.731152e-12   -2.136581e-14
   62  143    2.401908e-12   -1.582757e-14
   62  144    2.103540e-10    7.368790e-13
   62  145    4.426174e-14   -8.778394e-16
   62  146    3.586179e-16   -7.019359e-18
   62  147    1.854166e-20   -9.777860e-22
   62  148    4.006842e-22   -3.154513e-23
   62  149    3.377565e-27   -4.196080e-28
   62  150    8.794448e-27    5.147105e-28
   63  139    2.565245e-30   -4.926382e-31
   63  140    2.822412e-28    5.902967e-29
   63  141    3.781899e-24   -6.469023e-25
   63  142    1.830907e-21   -2.906441e-22
   63  143    2.439890e-17   -2.894832e-18
   63  144    8.829611e-16   -9.018741e-17
   63  145    4.651295e-13   -2.439037e-14
   63  146    5.490552e-16   -4.006040e-17
   63  147    8.012148e-18   -1.003715e-18
   63  148    7.107744e-21   -1.162797e-21
   63  149    1.693631e-19   -2.087100e-20
   63  150    3.159868e-24   -5.090623e-25
   63  151    2.428156e-25   -3.070235e-26
   63  152    4.209532e-30   -6.821747e-31
   63  153    1.941625e-26    3.903325e-30
   63  154    1.406789e-30    1.093396e-34
   64  140    1.654583e-28   -3.657619e-29
   64  141    3.950443e-26   -1.156642e-25
   64  142    2.837076e-21   -3.473260e-22
   64  143    2.840424e-19   -3.063083e-20
   64  144    3.350212e-15   -1.746944e-16
   64  145    3.662332e-14   -1.807293e-15
   64  146    9.625306e-11   -6.805841e-13
   64  147    2.809532e-13   -5.720445e-15
   64  148    7.222875e-15   -1.133031e-15
   64  149    8.342583e-17   -1.012949e-17
   64  150    9.955536e-16   -7.946564e-17
   64  151    1.325678e-19   -1.522595e-20
   64  152    2.034387e-19   -2.658179e-20
   64  153    1.889457e-23   -3.138825e-24
   64  154    8.980140e-25   -1.264942e-25
   64  155    6.675321e-29   -1.159760e-29
   64  156    6.994973e-26    1.842797e-29
   64  157    5.164320e-30    5.982922e-34
   65  144    1.510695e-30   -3.638177e-31
   65  145    9.469353e-26   -1.654913e-26
   65  146    1.232328e-23   -2.536760e-24
   65  147    5.272421e-20   -1.286375e-20
   65  148    6.885270e-21   -2.658074e-21
   65  149    1.061078e-19   -4.657882e-20
   65  150    1.633633e-20   -5.332016e-21
   65  151    4.163729e-18   -1.299510e-18
   65  152    6.295676e-21   -1.399793e-21
   65  153    1.322976e-17   -2.438772e-18
   65  154    3.645162e-21   -7.597509e-22
   65  155    6.949257e-21   -1.037752e-21
   65  156    1.478537e-24   -2.563627e-25
   65  157    9.473912e-26   -1.383488e-26
   65  158    7.575997e-30   -1.312060e-30
   65  159    1.263131e-26    4.536977e-32
   65  160    7.413007e-29   -2.072590e-36
   66  146    4.705096e-26   -1.562902e-26
   66  147    6.025481e-23   -1.851998e-23
   66  148    2.504986e-17   -5.641688e-18
   66  149    8.881120e-19   -2.391855e-19
   66  150    1.353317e-18   -7.538238e-19
   66  151    7.188754e-18   -3.172338e-18
   66  152    1.396634e-15   -4.196536e-16
   66  153    1.859105e-16   -3.853198e-17
   66  154    1.333414e-14   -1.953989e-15
   66  155    1.566515e-17   -2.736134e-18
   66  156    3.025708e-16   -4.858802e-17
   66  157    2.160285e-19   -3.939406e-20
   66  158    4.692343e-20   -7.401915e-21
   66  159    1.186532e-23   -2.182573e-24
   66  160    2.046157e-25   -3.377454e-26
   66  161    1.221245e-29   -2.414136e-30
   67  149    1.174413e-28   -4.328730e-29
   67  150    4.843426e-29   -4.276124e-29
   67  151    2.165557e-25   -1.645631e-25
   67  152    4.446403e-24   -2.800859e-24
   67  153    2.814754e-20   -1.321989e-20
   67  154    1.263896e-19   -5.325806e-20
   67  155    2.763588e-17   -9.364021e-18
   67  156    1.002429e-19   -2.778599e-20
   67  157    5.145382e-16   -1.111829e-16
   67  158    7.657016e-19   -1.815478e-19
   67  159    3.360243e-18   -5.912930e-19
   67  160    8.801971e-22   -1.734298e-22
   67  161    2.982315e-22   -4.274531e-23
   67  162    1.703411e-26   -2.936296e-27
   67  163    1.702271e-25    1.367209e-25
   67  164    6.020649e-30    4.694812e-30
   68  149    1.061408e-30   -4.589000e-35
   68  150    4.231787e-26   -1.472153e-29
   68  151    5.822052e-27   -6.122190e-27
   68  152    6.703854e-25   -6.354014e-25
   68  153    2.201048e-22   -1.695252e-22
   68  154    3.957165e-18   -2.195748e-18
   68  155    4.122110e-17   -1.855740e-17
   68  156    7.530773e-15   -2.401005e-15
   68  157    4.152340e-16   -1.056472e-16
   68  158    2.808643e-13   -5.305690e-14
   68  159    8.825161e-16   -1.748633e-16
   68  160    3.255143e-15   -5.668373e-16
   68  161    6.364231e-18   -1.220828e-18
   68  162    2.517708e-18   -4.649020e-19
   68  163    1.310534e-21   -2.734454e-22
   68  164    6.677609e-23   -1.097399e-23
   68  165    9.790869e-27   -1.893278e-27
   68  166    9.543609e-26    3.897816e-26
   68  167    6.609124e-30    2.885752e-30
   69  155    4.702850e-26   -2.973766e-26
   69  156    6.698010e-24   -3.790654e-24
   69  157    1.874733e-20   -9.158366e-21
   69  158    1.782778e-18   -8.265673e-19
   69  159    4.295990e-18   -1.655996e-18
   69  160    1.225691e-18   -4.511139e-19
   69  161    2.592014e-16   -7.579864e-17
   69  162    1.011370e-18   -3.055921e-19
   69  163    5.320578e-17   -1.128132e-17
   69  164    3.529203e-20   -8.149754e-21
   69  165    5.403292e-20   -5.844582e-21
   69  166    1.514305e-23   -1.913836e-24
   69  167    2.125624e-22   -1.113203e-23
   69  168    2.193239e-26   -1.669757e-27
   69  169    9.869007e-27    4.399097e-28
   69  170    1.313091e-28    6.924900e-33
   70  155    1.026375e-27   -1.755112e-28
   70  156    7.749167e-26   -9.178974e-26
   70  157    9.633021e-24   -9.703383e-24
   70  158    1.314165e-19   -9.680928e-20
   70  159    6.849432e-19   -4.273231e-19
   70  160    4.019918e-16   -1.905573e-16
   70  161    9.207985e-17   -3.762595e-17
   70  162    1.191417e-14   -3.952447e-15
   70  163    1.666968e-16   -5.515103e-17
   70  164    6.226239e-15   -1.475990e-15
   70  165    2.552984e-17   -6.456836e-18
   70  166    2.042973e-17   -4.896202e-18
   70  167    2.667659e-20   -6.931602e-21
   70  168    1.174294e-20   -1.866517e-21
   70  169    3.735224e-24   -6.822676e-25
   70  170    6.865177e-24   -9.568074e-25
   70  171    5.804302e-28   -9.804016e-29
   70  172    1.919634e-26    2.341164e-29
   70  173    1.599028e-28    4.630693e-34
   71  160    1.705029e-29   -1.524828e-29
   71  161    6.735491e-25   -5.908947e-25
   71  162    1.356664e-23   -9.823495e-24
   71  163    1.848368e-20   -1.017795e-20
   71  164    6.960604e-21   -3.162078e-21
   71  165    1.352873e-18   -5.153146e-19
   71  166    4.405993e-20   -1.545447e-20
   71  167    4.260677e-17   -1.186266e-17
   71  168    1.443938e-19   -4.005086e-20
   71  169    3.039357e-18   -3.977349e-19
   71  170    2.195569e-21   -3.262244e-22
   71  171    1.704651e-19   -1.815263e-20
   71  172    2.774409e-23   -3.556902e-24
   71  173    2.073951e-25   -2.539775e-26
   71  174    8.485087e-30   -1.275160e-30
   71  175    8.022778e-26    2.824177e-34
   72  159    2.400560e-28   -3.259966e-31
   72  161    1.351168e-27   -1.826523e-27
   72  162    2.545680e-23   -2.681022e-23
   72  163    3.709186e-22   -3.401533e-22
   72  164    6.172701e-19   -4.454701e-19
   72  165    1.240212e-19   -7.772527e-20
   72  166    1.615565e-16   -8.628061e-17
   72  167    5.522206e-18   -2.730290e-18
   72  168    7.255420e-16   -2.883847e-16
   72  169    5.602999e-18   -2.297082e-18
   72  170    1.278586e-17   -4.364996e-18
   72  171    3.237504e-20   -1.148679e-20
   72  172    7.483742e-20   -1.707262e-20
   72  173    1.618479e-22   -3.893176e-23
   72  174    1.982623e-21   -3.971753e-22
   72  175    2.668199e-25   -6.137194e-26
   72  176    7.616885e-28   -1.678606e-28
   72  177    2.395661e-28    8.890054e-31
   73  165    5.079702e-30   -4.658000e-30
   73  166    1.892187e-29   -1.182884e-29
   73  167    8.975806e-25   -4.267705e-25
   73  168    2.368753e-24   -9.546699e-25
   73  169    1.674428e-21   -5.087776e-22
   73  170    2.564107e-21   -8.146290e-22
   73  171    5.931988e-19   -1.513013e-19
   73  172    1.482961e-21   -3.661822e-22
   73  173    3.173228e-18   -7.128810e-19
   73  174    4.130869e-22   -9.641037e-23
   73  175    1.095463e-17   -1.888858e-18
   73  176    1.389616e-21   -2.740726e-22
   73  177    4.045674e-23   -7.377166e-24
   73  178    2.205090e-29   -4.377685e-30
   74  167    2.312017e-28   -3.776970e-28
   74  168    7.072537e-24   -9.181408e-24
   74  169    2.548615e-23   -2.897198e-23
   74  170    1.103056e-20   -1.082884e-20
   74  171    3.582250e-21   -3.110397e-21
   74  172    5.659918e-19   -4.286200e-19
   74  173    2.646003e-20   -1.842353e-20
   74  174    7.534083e-19   -4.382943e-19
   74  175    5.924814e-21   -3.323444e-21
   74  176    5.846227e-20   -2.555003e-20
   74  177    5.800241e-23   -2.629149e-23
   74  178    1.123430e-22   -3.132828e-23
   74  179    3.798358e-26   -1.159466e-26
   74  180    3.099113e-26    1.239177e-26
   74  181    1.607630e-28    3.366463e-31
   75  172    8.964477e-29   -9.205136e-29
   75  173    5.815840e-25   -5.339482e-25
   75  174    1.445489e-24   -1.273501e-24
   75  175    3.568097e-22   -2.877562e-22
   75  176    1.656878e-23   -1.276625e-23
   75  177    1.356824e-21   -9.519757e-22
   75  178    3.296831e-24   -2.280505e-24
   75  179    1.100243e-22   -6.255714e-23
   75  180    1.138083e-25   -6.627477e-26
   75  181    3.985367e-25   -1.701987e-25
   75  182    8.804261e-29   -3.987056e-29
   75  183    1.660962e-26    8.071102e-30
   75  184    4.636308e-29    4.195705e-34
   76  173    5.833528e-29   -9.978807e-29
   76  174    7.656418e-25   -1.047562e-24
   76  175    9.993846e-24   -1.185316e-23
   76  176    1.450756e-21   -1.418203e-21
   76  177    1.325832e-21   -1.127394e-21
   76  178    9.207537e-20   -6.779896e-20
   76  179    5.428444e-21   -3.467017e-21
   76  180    1.928935e-19   -1.065816e-19
   76  181    8.732857e-22   -4.456832e-22
   76  182    1.279378e-20   -4.592826e-21
   76  183    1.405684e-23   -5.382262e-24
   76  184    1.003391e-24   -2.511267e-25
   76  185    1.118599e-28   -3.167614e-29
   77  178    8.796645e-28   -1.019505e-27
   77  179    7.209061e-25   -7.300100e-25
   77  180    1.744101e-24   -1.616535e-24
   77  181    2.027106e-22   -1.681144e-22
   77  182    8.284815e-24   -6.282747e-24
   77  183    3.714348e-22   -2.521137e-22
   77  184    1.034822e-24   -6.921712e-25
   77  185    9.254318e-24   -4.852336e-24
   77  186    8.923453e-28   -5.014210e-28
   77  187    7.220382e-27    1.355293e-27
   78  179    5.900672e-29   -9.872880e-29
   78  180    5.111634e-25   -6.865062e-25
   78  181    4.068287e-24   -4.690614e-24
   78  182    9.902833e-22   -9.350549e-22
   78  183    6.041791e-22   -4.844996e-22
   78  184    4.406192e-20   -3.091385e-20
   78  185    9.842892e-22   -5.676568e-22
   78  186    2.460964e-20   -1.190481e-20
   78  187    1.444441e-23   -7.315672e-24
   78  188    2.210951e-23   -6.781435e-24
   78  189    8.221350e-27   -2.727842e-27
   78  190    2.407392e-26    1.021765e-27
   78  191    1.509759e-28    6.021096e-32
   79  184    5.013977e-27   -6.433298e-27
   79  185    1.550420e-24   -1.634047e-24
   79  186    5.477873e-25   -5.140336e-25
   79  187    4.229349e-23   -3.612454e-23
   79  188    2.741520e-25   -2.133330e-25
   79  189    2.676448e-23   -1.742745e-23
   79  190    5.816750e-26   -3.806417e-26
   79  191    1.010693e-25   -3.950574e-26
   79  192    2.763822e-29   -1.144439e-29
   79  193    4.496401e-26    5.416920e-30
   79  194    8.923321e-29    7.361086e-34
   80  183    1.933515e-30   -1.503948e-32
   80  185    3.092789e-27   -4.175502e-27
   80  186    2.696001e-23   -2.857367e-23
   80  187    6.223044e-23   -5.639324e-23
   80  188    2.078037e-20   -1.547058e-20
   80  189    4.675596e-21   -2.986198e-21
   80  190    2.162287e-19   -1.184417e-19
   80  191    1.610170e-21   -8.912056e-22
   80  192    5.056696e-21   -1.704674e-21
   80  193    9.897456e-24   -3.546149e-24
   80  194    1.958493e-24   -6.677254e-25
   80  195    1.290729e-27   -4.787988e-28
   80  196    9.497623e-27    2.645906e-30
   81  188    5.295097e-29   -5.489113e-29
   81  189    1.652355e-25   -1.458573e-25
   81  190    8.790034e-25   -7.327413e-25
   81  191    7.926706e-23   -5.663814e-23
   81  192    7.554147e-24   -4.934995e-24
   81  193    5.725270e-23   -3.051216e-23
   81  194    3.397884e-24   -1.847271e-24
   81  195    5.064691e-23   -2.347336e-23
   81  196    1.322973e-25   -6.348216e-26
   81  197    8.095279e-27   -3.501469e-27
   81  198    6.777124e-28    6.351836e-29
   81  199    8.703543e-27    4.121178e-31
   82  189    5.444140e-28   -2.122125e-30
   82  190    1.772779e-26   -2.370927e-26
   82  191    2.390223e-25   -2.811748e-25
   82  192    3.674791e-22   -3.422663e-22
   82  193    1.660833e-22   -1.338156e-22
   82  194    6.013471e-20   -4.208382e-20
   82  195    1.814260e-21   -1.078974e-21
   82  196    5.920753e-20   -2.538206e-20
   82  197    3.835159e-22   -1.699723e-22
   82  198    1.901901e-22   -7.822019e-23
   82  199    3.345178e-25   -1.465235e-25
   82  200    6.344207e-26   -2.651932e-26
   83  197    1.644228e-30   -9.895966e-31
   83  200    1.894219e-29   -3.276269e-30
   83  201    9.948392e-27   -1.477978e-40
   83  202    4.258762e-29   -9.601697e-42
    0    1    3.497019e-13   -5.458525e-14
    1    1    4.573462e-10   -6.065281e-11
    2    4    6.281831e-08   -6.009755e-09
