3.7344e-01
1.3918e-04
2.3917e+00
3.2181e+05
    1    2    5.107228e-19    3.773697e-20
    1    3    2.741494e-18    3.854228e-19
    2    3    2.138992e-17    2.316015e-18
    3    6    4.324960e-23    4.008027e-24
    3    7    2.019778e-23    2.583404e-24
    4    7    8.405348e-24    7.655573e-25
    4    9    3.691533e-24    3.679046e-25
    4   10    8.952952e-23    9.913530e-24
    5   10    3.060889e-19    2.262842e-20
    5   11    5.324082e-13    4.898949e-14
    5   12    1.012379e-21    1.326414e-22
    5   13    4.729558e-27    7.797616e-28
    6   11    9.182175e-16    6.282079e-17
    6   12    7.606437e-04   -4.396335e-07
    6   13    2.547812e-09    1.030940e-10
    6   14    1.532024e-09    1.273970e-10
    6   15    2.521727e-22    3.441665e-23
    6   16    2.127778e-29    3.583709e-30
    7   12    8.460394e-28    7.492723e-29
    7   13    1.250036e-12    1.450972e-14
    7   14    7.450693e-08    3.431777e-09
    7   15    1.313691e-10    8.161257e-12
    7   16    1.320330e-20    1.431264e-21
    7   17    1.836978e-23    2.392841e-24
    8   14    2.287895e-16    1.076115e-18
    8   15    3.725964e-10    1.593320e-12
    8   16    4.623032e-02    1.799498e-05
    8   17    3.181257e-08    1.236955e-09
    8   18    8.994201e-11    7.116936e-12
    8   19    2.667252e-17    3.068390e-18
    8   20    1.513460e-22    2.184632e-23
    8   21    6.049701e-30    1.081000e-30
    9   16    2.705009e-24    9.518759e-26
    9   17    3.346737e-13    7.395498e-15
    9   18    1.762256e-10    5.251505e-12
    9   19    3.302786e-10    1.149229e-11
    9   20    1.041586e-13    7.314418e-15
    9   21    1.102380e-17    1.144146e-18
    9   22    2.099256e-24    2.901201e-25
    9   23    1.142521e-30    1.720010e-31
   10   18    6.602377e-19    1.348394e-20
   10   19    6.878064e-14   -5.936058e-16
   10   20    7.889660e-03   -2.492452e-05
   10   21    2.969946e-06    1.089628e-07
   10   22    1.378380e-07   -1.962727e-09
   10   23    2.865922e-12    5.154902e-14
   10   24    9.161281e-16    6.854796e-17
   10   25    2.275197e-22    2.495485e-23
   10   26    3.399514e-28    4.880787e-29
   11   20    2.254500e-22    2.501041e-25
   11   21    3.428868e-10    2.095338e-12
   11   22    3.298603e-08   -6.043005e-11
   11   23    2.140578e-05   -2.374517e-07
   11   24    1.096155e-08    2.602986e-10
   11   25    3.557526e-12    1.942110e-13
   11   26    1.437922e-16    1.224501e-17
   11   27    8.523132e-21    9.961748e-22
   11   28    2.806291e-29    4.325960e-30
   12   21    7.025709e-29    2.848802e-31
   12   22    9.062873e-14   -2.946973e-15
   12   23    6.438628e-09   -2.658867e-10
   12   24    2.120686e-03    2.361648e-06
   12   25    3.418156e-04   -3.155959e-06
   12   26    2.887952e-04   -2.060970e-06
   12   27    6.686110e-08    2.031544e-09
   12   28    2.454193e-11    1.568406e-12
   12   29    1.341745e-18    1.376035e-19
   12   30    7.120334e-23    9.680703e-24
   13   23    6.809253e-26   -4.740906e-28
   13   24    7.013911e-18   -1.986301e-19
   13   25    4.999467e-11    5.505510e-13
   13   26    1.752271e-05   -1.754982e-06
   13   27    2.478248e-04    8.506585e-07
   13   28    1.892862e-06    7.407806e-09
   13   29    1.020609e-08    1.209882e-10
   13   30    1.349940e-12    5.821059e-14
   13   31    4.387924e-16    3.354935e-17
   13   32    4.842199e-23    5.396879e-24
   13   33    2.362665e-27    3.292119e-28
   14   25    4.544896e-24   -1.227636e-25
   14   26    8.952112e-15   -4.787797e-16
   14   27    5.281943e-08   -7.785982e-09
   14   28    3.783020e-04    5.805748e-06
   14   29    1.488995e-04    3.201156e-06
   14   30    5.835404e-05    1.424988e-06
   14   31    2.447219e-08    1.268120e-09
   14   32    2.880894e-10    2.637313e-11
   14   33    7.046415e-16    8.715592e-17
   14   34    1.037105e-19    1.599357e-20
   14   35    1.985225e-29    3.888658e-30
   15   27    1.102284e-25   -3.515920e-27
   15   28    1.135233e-16   -1.522764e-17
   15   29    3.102317e-11    4.331895e-13
   15   30    2.329467e-07   -4.915513e-09
   15   31    6.644424e-06    2.177012e-07
   15   32    4.656790e-08    2.557691e-09
   15   33    5.715267e-09    4.931335e-10
   15   34    6.278312e-12    7.664408e-13
   15   35    7.474547e-15    1.187731e-15
   15   36    9.486746e-23    1.850426e-23
   15   37    5.186312e-26    1.198545e-26
   16   29    3.873479e-23   -5.089998e-24
   16   30    8.615859e-15   -1.340422e-15
   16   31    1.448579e-10   -8.779649e-12
   16   32    7.042720e-06    3.387871e-07
   16   33    3.717733e-07    1.636246e-08
   16   34    5.869744e-07    1.820456e-08
   16   35    3.144960e-09    2.979814e-10
   16   36    3.091504e-10    4.340803e-11
   16   37    5.645077e-16    9.724085e-17
   16   38    3.035490e-19    6.492655e-20
   16   39    4.081778e-25    9.901515e-26
   16   40    2.305850e-28    8.427712e-29
   17   31    9.637279e-27   -1.231539e-27
   17   32    4.968030e-20   -2.213969e-21
   17   33    1.084271e-13    6.237968e-15
   17   34    1.209811e-10    1.240465e-12
   17   35    7.069926e-08    3.894396e-09
   17   36    8.312895e-10    7.476497e-11
   17   37    1.091822e-10    1.284105e-11
   17   38    7.866537e-14    1.213870e-14
   17   39    4.847121e-16    9.578511e-17
   17   40    2.048305e-19    4.596492e-20
   17   41    9.515357e-22    2.526752e-22
   17   42    2.882008e-25    8.335877e-26
   17   43    3.034053e-28    1.390830e-28
   18   33    1.701916e-26   -7.304439e-28
   18   34    8.170295e-18    3.587973e-19
   18   35    2.792484e-13   -7.664614e-15
   18   36    3.303520e-09    2.182199e-10
   18   37    7.314903e-11    3.871425e-12
   18   38    8.196581e-10    3.545392e-11
   18   39    5.540742e-12    4.879008e-13
   18   40    2.758419e-12    2.019174e-13
   18   41    1.060061e-14    1.214187e-15
   18   42    5.380597e-17    8.897240e-18
   18   43    3.093401e-20    6.020183e-21
   18   44    8.516050e-23    2.042740e-23
   18   45    2.759264e-27    7.289575e-28
   19   35    3.170383e-30    2.163063e-31
   19   36    8.399556e-23   -1.042914e-24
   19   37    6.571241e-18    5.126538e-19
   19   38    1.779453e-14    3.536382e-16
   19   39    5.899998e-11    4.136047e-12
   19   40    2.808833e-12    1.903574e-13
   19   41    1.915816e-12    1.136662e-13
   19   42    7.098575e-14    8.726145e-15
   19   43    4.401071e-14    3.372344e-15
   19   44    6.644446e-16    8.400658e-17
   19   45    1.102184e-17    1.937960e-18
   19   46    2.971271e-20    6.606139e-21
   19   47    5.594057e-23    1.291201e-23
   19   48    2.017299e-28    5.192880e-29
   20   37    7.677756e-30   -6.150399e-32
   20   38    3.017840e-22    2.014024e-23
   20   39    1.500541e-17   -2.319625e-19
   20   40    1.271946e-11    6.270978e-13
   20   41    1.354498e-12    5.383465e-14
   20   42    4.294933e-08   -2.615459e-10
   20   43    1.533057e-08    4.358316e-11
   20   44    6.443431e-08   -2.666702e-10
   20   45    1.936857e-09    1.018604e-10
   20   46    2.882732e-10    1.240429e-11
   20   47    3.041828e-12    2.256956e-13
   20   48    1.473170e-09   -3.415200e-11
   20   49    7.839407e-14    7.017637e-16
   20   50    7.099073e-17    3.190494e-18
   20   51    7.790210e-23    6.187945e-24
   20   52    3.067132e-29    3.399872e-30
   21   40    3.088900e-29    2.259809e-31
   21   41    1.191120e-21    7.937002e-23
   21   42    1.629241e-17    5.349112e-19
   21   43    1.998441e-10   -7.086378e-12
   21   44    2.215512e-10   -6.575941e-12
   21   45    1.163335e-08    1.968423e-10
   21   46    1.581937e-09    1.087340e-10
   21   47    1.145765e-10    1.200291e-11
   21   48    6.134847e-10    2.144686e-11
   21   49    1.138312e-10    4.606437e-12
   21   50    1.629828e-13    1.287461e-14
   21   51    4.991553e-16    6.809667e-17
   21   52    1.032567e-20    1.689123e-21
   21   53    2.810494e-25    5.295366e-26
   22   42    7.197080e-28    4.734862e-29
   22   43    5.596661e-21    6.897784e-23
   22   44    1.188902e-11    3.020591e-13
   22   45    6.769149e-12   -7.263295e-14
   22   46    1.821152e-08   -1.034740e-10
   22   47    8.712064e-09    4.335739e-11
   22   48    1.449471e-08    2.229655e-11
   22   49    1.521853e-08   -9.470312e-11
   22   50    5.394084e-08   -9.265171e-11
   22   51    5.268858e-10    2.306624e-11
   22   52    4.692302e-12    4.852501e-13
   22   53    9.709520e-16    1.273211e-16
   22   54    1.890321e-18    3.402845e-19
   22   55    4.244434e-25    8.969214e-26
   22   56    6.396910e-30    1.507441e-30
   23   44    9.880635e-30    2.360557e-31
   23   45    2.975339e-20    1.180203e-21
   23   46    4.535053e-16   -2.099507e-17
   23   47    3.920214e-11   -1.682119e-12
   23   48    4.246084e-11   -1.301742e-12
   23   49    1.908721e-09    7.808005e-11
   23   50    5.705151e-10    3.242427e-11
   23   51    6.785152e-09    8.750179e-11
   23   52    6.687196e-10    4.464676e-11
   23   53    1.211635e-11    1.473618e-12
   23   54    1.280417e-14    1.907634e-15
   23   55    1.502520e-16    2.979160e-17
   23   56    8.938409e-22    2.006273e-22
   23   57    9.474914e-25    2.364972e-25
   24   46    1.904065e-25    1.856434e-27
   24   47    7.710255e-20   -6.464197e-21
   24   48    3.683941e-14   -2.284617e-15
   24   49    8.828733e-14   -3.813475e-15
   24   50    4.183499e-11    3.881420e-12
   24   51    2.907521e-10    1.309616e-11
   24   52    5.205130e-08   -2.145284e-10
   24   53    1.157978e-08    4.945569e-11
   24   54    1.306711e-07   -2.782262e-10
   24   55    1.458361e-09    4.423129e-11
   24   56    2.460076e-11    2.216532e-12
   24   57    3.729944e-15    4.410815e-16
   24   58    2.165591e-17    3.712396e-18
   24   59    1.287223e-23    2.619780e-24
   24   60    2.197104e-26    5.241422e-27
   25   48    1.815940e-28   -1.302783e-29
   25   49    3.987158e-22   -2.002243e-23
   25   50    1.904391e-18   -1.498100e-19
   25   51    2.088734e-14    1.423426e-15
   25   52    6.411706e-13    1.800317e-14
   25   53    1.162271e-09    5.139277e-11
   25   54    2.515747e-09    1.234659e-10
   25   55    3.296754e-08   -8.449732e-11
   25   56    3.309955e-09    1.787014e-10
   25   57    1.350343e-10    1.513566e-11
   25   58    5.959695e-13    8.597631e-14
   25   59    1.580017e-14    3.103327e-15
   25   60    2.318632e-18    5.100768e-19
   25   61    2.295496e-20    5.975596e-21
   25   62    2.123798e-26    6.089398e-27
   26   50    1.442519e-27   -8.578856e-29
   26   51    1.498152e-22   -1.754173e-23
   26   52    4.774400e-18    1.669972e-19
   26   53    3.445986e-16    3.808487e-18
   26   54    3.899843e-09   -3.029977e-11
   26   55    2.171379e-09    9.577296e-11
   26   56    1.651064e-06   -6.898931e-09
   26   57    9.207446e-07   -4.109543e-09
   26   58    5.015106e-06   -5.580747e-09
   26   59    1.959680e-07    8.195865e-09
   26   60    6.190530e-09    6.367314e-10
   26   61    2.797629e-12    3.628866e-13
   26   62    3.073569e-14    5.663180e-15
   26   63    6.517440e-19    1.378772e-19
   26   64    2.802852e-21    7.248053e-22
   26   65    1.996114e-27    5.719883e-28
   27   53    5.348867e-27    2.595720e-28
   27   54    3.855959e-21   -6.534342e-23
   27   55    1.069460e-12   -4.747412e-14
   27   56    1.189467e-12    2.075401e-14
   27   57    2.910803e-08    1.022579e-09
   27   58    1.475833e-08    6.857768e-10
   27   59    1.975833e-06   -3.719409e-09
   27   60    1.146717e-07    6.313152e-09
   27   61    1.180621e-08    1.339922e-09
   27   62    2.010691e-10    3.018610e-11
   27   63    1.088891e-11    2.210491e-12
   27   64    9.134427e-15    2.063362e-15
   27   65    2.766230e-16    7.540955e-17
   27   66    1.557543e-20    4.600655e-21
   27   67    1.608839e-22    5.343380e-23
   27   68    5.696899e-28    2.026687e-28
   28   55    6.239700e-26   -3.051322e-27
   28   56    1.167974e-16   -3.375066e-18
   28   57    1.357772e-14    4.240381e-16
   28   58    6.709850e-10    9.024212e-12
   28   59    1.514805e-08    5.412568e-10
   28   60    2.280320e-06   -2.232225e-08
   28   61    1.132711e-06    4.891858e-09
   28   62    2.435453e-06    1.283703e-08
   28   63    1.232914e-07    7.262111e-09
   28   64    1.392578e-06    2.359529e-09
   28   65    1.371377e-08    4.329887e-10
   28   66    4.868847e-10    4.412053e-11
   28   67    3.290174e-13    3.878173e-14
   28   68    3.176185e-15    5.471053e-16
   28   69    2.755498e-20    5.543869e-21
   28   70    6.404417e-23    1.594908e-23
   28   71    2.489910e-29    6.898095e-30
   29   57    7.955933e-28   -5.789298e-30
   29   58    9.110054e-22    3.328882e-23
   29   59    2.543789e-15    3.313930e-17
   29   60    1.532128e-12    2.353254e-14
   29   61    9.315592e-10   -3.646503e-11
   29   62    1.346011e-09   -3.396566e-11
   29   63    5.557144e-07   -1.542700e-08
   29   64    2.319360e-07    6.526417e-09
   29   65    1.014312e-06    1.206730e-09
   29   66    1.210721e-07    4.624088e-09
   29   67    2.892648e-08    2.930857e-09
   29   68    1.762307e-10    2.238015e-11
   29   69    1.131680e-11    2.063234e-12
   29   70    1.274504e-15    2.655909e-16
   29   71    4.111225e-17    1.054929e-17
   29   72    1.040882e-21    2.918475e-22
   29   73    2.261510e-23    7.268515e-24
   29   74    3.276237e-28    1.123824e-28
   30   59    5.389234e-29    2.237491e-30
   30   60    2.115167e-20   -4.258076e-22
   30   61    1.310491e-16   -1.797292e-18
   30   62    9.107665e-13   -4.100977e-14
   30   63    1.101552e-12   -5.175507e-14
   30   64    6.184146e-07   -1.209492e-08
   30   65    1.410407e-07    3.432650e-09
   30   66    1.157482e-06   -7.053853e-09
   30   67    3.171767e-07    1.445748e-09
   30   68    1.418860e-06    7.417347e-09
   30   69    3.667078e-08    1.227847e-09
   30   70    7.167129e-09    6.540742e-10
   30   71    2.201247e-11    2.600013e-12
   30   72    9.693898e-13    1.614844e-13
   30   73    4.289363e-16    8.222226e-17
   30   74    6.168931e-18    1.464060e-18
   30   75    1.540332e-22    4.038265e-23
   30   76    8.979122e-25    2.728681e-25
   30   77    4.283284e-30    1.403557e-30
   31   62    9.099921e-24   -6.640740e-26
   31   63    1.348627e-19   -5.021948e-21
   31   64    1.769302e-17   -9.399626e-19
   31   65    4.035595e-11   -1.237603e-12
   31   66    5.903776e-11   -1.894028e-14
   31   67    6.458143e-09    1.091610e-10
   31   68    2.309871e-09    9.680105e-11
   31   69    1.042491e-07   -2.360554e-09
   31   70    3.913620e-08    5.424922e-10
   31   71    1.593163e-07    2.133491e-09
   31   72    7.532496e-09    2.694599e-10
   31   73    3.151298e-09    2.690949e-10
   31   74    5.019317e-11    5.620436e-12
   31   75    5.003401e-12    8.184653e-13
   31   76    1.977596e-15    3.677684e-16
   31   77    1.368273e-16    3.207743e-17
   31   78    2.911850e-20    7.457704e-21
   31   79    3.987387e-22    1.185070e-22
   31   80    7.505024e-28    2.416797e-28
   32   64    5.374625e-25   -3.618980e-26
   32   65    5.084527e-22   -4.240186e-23
   32   66    8.671018e-15   -5.071417e-16
   32   67    1.321281e-14   -3.830459e-16
   32   68    2.168480e-11    1.474296e-12
   32   69    2.291656e-11   -4.202323e-14
   32   70    1.529044e-07   -3.836862e-09
   32   71    4.979707e-08    1.206010e-09
   32   72    2.119150e-07   -4.818698e-10
   32   73    5.891958e-08    5.973240e-10
   32   74    1.931201e-07    1.672488e-09
   32   75    1.720697e-08    6.582505e-10
   32   76    1.778573e-09    1.719468e-10
   32   77    1.838776e-11    2.280530e-12
   32   78    7.880238e-13    1.400278e-13
   32   79    1.004512e-15    2.049671e-16
   32   80    1.131789e-17    2.851350e-18
   32   81    2.710567e-22    7.491226e-23
   32   82    6.774992e-25    2.151125e-25
   33   66    5.032950e-29   -3.894471e-30
   33   67    1.851153e-22   -8.906539e-24
   33   68    2.729338e-20   -7.789903e-22
   33   69    1.936778e-16    1.319400e-17
   33   70    3.090961e-15   -6.905047e-17
   33   71    1.222709e-10   -4.884725e-12
   33   72    6.229038e-11   -5.387370e-13
   33   73    1.240440e-09    3.619402e-11
   33   74    3.157680e-10    1.744326e-11
   33   75    7.545459e-09   -2.501666e-10
   33   76    8.810595e-09   -2.223077e-11
   33   77    5.035964e-09    3.691918e-10
   33   78    2.011245e-10    2.045501e-11
   33   79    8.038552e-11    1.315207e-11
   33   80    1.178853e-12    2.286879e-13
   33   81    1.300426e-13    3.207209e-14
   33   82    2.629294e-17    7.058693e-18
   33   83    9.048613e-19    2.844085e-19
   33   84    1.721304e-25    5.864159e-26
   33   85    6.494289e-30    6.494289e-30
   34   68    4.778124e-28   -3.944322e-29
   34   69    1.103348e-24   -6.137569e-26
   34   70    2.539292e-20    5.228452e-22
   34   71    4.450143e-19   -2.199541e-20
   34   72    3.172883e-13    4.522442e-15
   34   73    1.061321e-13    2.548848e-15
   34   74    3.023044e-12    2.164816e-13
   34   75    2.712778e-11   -7.307647e-14
   34   76    2.254816e-08   -1.122409e-09
   34   77    1.814340e-08   -4.284014e-10
   34   78    7.767892e-08    2.902474e-10
   34   79    1.337565e-08    5.625971e-10
   34   80    9.853322e-09    6.082315e-10
   34   81    7.423700e-10    6.468940e-11
   34   82    8.181484e-11    1.027301e-11
   34   83    2.341222e-13    3.555353e-14
   34   84    6.638480e-15    1.278793e-15
   34   85    3.615984e-20    8.011689e-21
   34   86    7.242619e-24    1.757011e-24
   34   87    3.663296e-30    9.992387e-31
   35   71    1.332698e-28    4.448691e-30
   35   72    2.192381e-25   -1.014974e-26
   35   73    7.519178e-19    1.319835e-20
   35   74    5.328439e-18    4.069922e-20
   35   75    4.404560e-16    2.288060e-17
   35   76    6.468606e-15   -1.715976e-16
   35   77    6.333303e-11   -9.295055e-13
   35   78    2.458859e-11   -1.476787e-14
   35   79    1.168809e-09   -1.288169e-10
   35   80    2.551760e-09   -1.341525e-10
   35   81    5.359833e-09   -8.580406e-11
   35   82    3.789426e-09    8.529097e-11
   35   83    2.834289e-09    2.578322e-10
   35   84    1.669040e-10    2.117116e-11
   35   85    2.755998e-11    5.089336e-12
   35   86    8.533324e-16    1.800333e-16
   35   87    1.228392e-18    2.887313e-19
   35   88    1.047400e-23    2.738378e-24
   35   89    1.012758e-27    2.847529e-28
   36   73    4.403868e-30   -3.382135e-31
   36   74    3.311289e-23   -2.114144e-25
   36   75    2.856867e-22   -5.069142e-24
   36   76    1.213606e-18   -8.662427e-21
   36   77    9.860513e-17   -2.068993e-18
   36   78    6.891836e-14    1.852009e-15
   36   79    5.911166e-13   -5.588594e-14
   36   80    5.854808e-09   -4.854419e-10
   36   81    4.831901e-09   -1.969897e-10
   36   82    4.028563e-08   -5.344583e-10
   36   83    2.078119e-08    1.030836e-10
   36   84    6.550329e-08    5.259465e-10
   36   85    7.927654e-09    4.693227e-10
   36   86    1.373179e-09    1.079154e-10
   36   87    6.272520e-13    6.613367e-14
   36   88    8.641684e-15    1.109364e-15
   36   89    2.580209e-19    4.037674e-20
   36   90    3.172592e-22    5.659905e-23
   36   91    1.286260e-28    2.692514e-29
   37   76    2.227689e-28   -3.829858e-30
   37   77    2.072215e-24   -1.364512e-26
   37   78    7.198845e-22   -2.195751e-23
   37   79    3.737096e-18    4.334533e-20
   37   80    4.476456e-17   -5.391883e-18
   37   81    3.052683e-12   -2.623800e-13
   37   82    2.455784e-12   -1.562718e-13
   37   83    4.415534e-11   -1.165443e-13
   37   84    2.563827e-11    6.559149e-13
   37   85    3.755551e-09   -1.887489e-10
   37   86    2.949622e-09    3.007694e-11
   37   87    1.954720e-09    1.698436e-10
   37   88    8.602270e-12    9.880003e-13
   37   89    4.267762e-13    6.682438e-14
   37   90    1.554447e-16    2.800349e-17
   37   91    9.084506e-19    1.829820e-19
   37   92    7.920956e-24    1.805938e-24
   37   93    5.301537e-27    1.312556e-27
   38   78    3.084347e-29   -1.085594e-30
   38   79    1.758646e-26   -1.040232e-27
   38   80    1.656104e-21   -1.234493e-22
   38   81    1.610838e-19   -1.422237e-20
   38   82    1.670402e-15   -7.398027e-17
   38   83    2.016717e-15   -2.419715e-17
   38   84    3.821127e-14    2.232211e-15
   38   85    9.173301e-13   -4.611331e-14
   38   86    1.528323e-08   -2.506500e-10
   38   87    1.281719e-08   -2.228883e-11
   38   88    3.777633e-08    2.402348e-10
   38   89    5.917862e-10    2.813839e-11
   38   90    2.299345e-11    2.473146e-12
   38   91    5.161078e-14    6.863430e-15
   38   92    1.264431e-15    2.161534e-16
   38   93    2.259723e-19    4.433136e-20
   38   94    1.186709e-21    2.624127e-22
   38   95    8.719219e-28    2.180348e-28
   39   81    3.187571e-28   -2.189222e-29
   39   82    5.992887e-25   -5.610716e-26
   39   83    2.425032e-20   -1.284709e-21
   39   84    3.957791e-20   -1.015807e-21
   39   85    2.743079e-18    1.014298e-19
   39   86    8.426960e-17   -5.160016e-18
   39   87    2.351881e-12   -8.907497e-14
   39   88    4.356587e-12   -7.781767e-14
   39   89    4.719174e-09   -1.772313e-11
   39   90    2.547016e-10    9.482770e-12
   39   91    1.084387e-10    1.055639e-11
   39   92    2.544392e-12    3.089598e-13
   39   93    5.393500e-13    8.520430e-14
   39   94    4.418042e-15    7.979597e-16
   39   95    6.973084e-17    1.390182e-17
   39   96    9.309835e-21    2.098049e-21
   39   97    5.559963e-25    1.359400e-25
   39   98    1.634254e-30    4.468563e-31
   40   83    8.310118e-30   -1.003958e-30
   40   84    8.483096e-25   -5.038694e-26
   40   85    1.218564e-24   -5.725573e-26
   40   86    3.508197e-21   -1.358969e-22
   40   87    4.089158e-19   -1.668851e-20
   40   88    6.439597e-16   -2.831749e-18
   40   89    1.085972e-14   -4.454910e-17
   40   90    2.033942e-09   -1.165672e-11
   40   91    6.058308e-10    1.680885e-12
   40   92    8.383865e-10    8.450344e-12
   40   93    1.376542e-10    3.312280e-13
   40   94    4.181034e-10    5.447897e-13
   40   95    1.710085e-11    4.707296e-13
   40   96    3.716017e-12    2.495273e-13
   40   97    7.928756e-16    7.429616e-17
   40   98    2.349292e-18    2.736775e-19
   40   99    7.408386e-24    1.112125e-24
   40  100    8.309676e-26    1.516559e-26
   41   86    1.059042e-30   -4.833255e-32
   41   87    9.153347e-27   -3.882591e-28
   41   88    4.229644e-24   -2.706374e-25
   41   89    1.254674e-20   -2.517158e-22
   41   90    5.082618e-19   -8.426521e-21
   41   91    3.725418e-13    6.245278e-15
   41   92    2.418941e-13    1.375097e-14
   41   93    3.293745e-13    2.294808e-14
   41   94    1.254583e-13    8.775291e-15
   41   95    8.565756e-14    8.930612e-15
   41   96    1.089936e-14    1.393610e-15
   41   97    6.341397e-15    1.126478e-15
   41   98    8.439233e-18    1.687660e-18
   41   99    3.258960e-19    7.168109e-20
   41  100    3.661579e-23    8.940698e-24
   41  101    3.458372e-24    9.703663e-25
   41  102    6.972872e-28    2.100437e-28
   42   89    3.157135e-29   -2.889814e-30
   42   90    5.312343e-25   -2.892847e-27
   42   91    6.617814e-22    1.209030e-23
   42   92    8.944294e-17    4.665977e-18
   42   93    2.057007e-16    1.217100e-17
   42   94    2.083792e-12    1.157054e-14
   42   95    1.138080e-11   -7.796073e-13
   42   96    9.209687e-11   -5.814058e-13
   42   97    1.586449e-11    1.008059e-13
   42   98    9.688136e-11    1.192660e-12
   42   99    5.699977e-13    2.222509e-14
   42  100    3.688224e-13    3.211313e-14
   42  101    3.573812e-16    4.082088e-17
   42  102    3.580720e-17    5.798758e-18
   42  103    1.438250e-20    2.678932e-21
   42  104    8.409176e-22    1.888791e-22
   42  105    3.930210e-26    9.782592e-27
   43   92    3.124010e-27   -9.063517e-30
   43   93    2.049396e-21    9.166164e-23
   43   94    7.639503e-20    2.179579e-21
   43   95    3.490963e-16   -1.268236e-17
   43   96    8.366416e-16   -1.151558e-17
   43   97    6.740644e-15    1.278219e-16
   43   98    3.669987e-15    1.116844e-16
   43   99    2.396641e-13   -1.156122e-15
   43  100    1.631111e-14    2.667028e-16
   43  101    2.828788e-14    2.017838e-15
   43  102    9.183469e-17    8.720507e-18
   43  103    6.725336e-17    9.770534e-18
   43  104    1.380394e-19    2.315704e-20
   43  105    4.428615e-20    9.340216e-21
   43  106    9.482886e-24    2.217047e-24
   43  107    2.071980e-25    5.220578e-26
   43  108    2.642963e-29    7.353821e-30
   44   94    3.237063e-25    2.414226e-26
   44   95    5.802496e-22   -7.024925e-24
   44   96    4.648258e-20    2.349189e-21
   44   97    2.130096e-18    6.590544e-20
   44   98    1.572665e-13   -2.466068e-15
   44   99    1.128284e-12   -1.388114e-13
   44  100    2.380759e-11   -8.049253e-13
   44  101    3.869386e-12   -8.147048e-14
   44  102    1.881570e-11    9.086117e-13
   44  103    7.775508e-13    5.727360e-14
   44  104    4.620894e-13    6.088390e-14
   44  105    3.833802e-15    5.945973e-16
   44  106    6.872903e-16    1.416055e-16
   44  107    5.748440e-19    1.312015e-19
   44  108    8.743366e-20    2.363642e-20
   44  109    7.678169e-24    2.248601e-24
   44  110    3.983026e-25    1.290725e-25
   44  111    6.717888e-30    2.326920e-30
   45   96    1.286505e-27   -3.036367e-29
   45   97    7.324850e-25    2.971657e-26
   45   98    1.791061e-22   -1.144876e-24
   45   99    1.244356e-17   -1.120342e-18
   45  100    2.081208e-17   -1.750745e-18
   45  101    1.005666e-15   -1.962745e-17
   45  102    1.171915e-15   -3.075935e-17
   45  103    3.114103e-12   -1.588428e-13
   45  104    7.908166e-13   -2.538590e-14
   45  105    3.265289e-12    1.529840e-13
   45  106    1.183483e-13    8.086734e-15
   45  107    1.775777e-13    2.284416e-14
   45  108    1.715434e-15    2.571888e-16
   45  109    1.219377e-15    2.405778e-16
   45  110    2.688062e-18    5.890176e-19
   45  111    4.082610e-19    1.023750e-19
   45  112    1.050274e-22    2.863164e-23
   45  113    5.115885e-24    1.503162e-24
   45  114    6.032792e-29    1.913616e-29
   46   98    5.608994e-28    1.531722e-29
   46   99    1.755618e-24   -1.193356e-25
   46  100    4.697417e-22   -1.347458e-23
   46  101    4.775288e-21    3.763261e-23
   46  102    1.663620e-17    3.675971e-19
   46  103    5.078120e-16   -1.872084e-17
   46  104    6.686830e-12   -5.071988e-13
   46  105    1.661242e-12   -1.165612e-13
   46  106    2.651737e-11   -2.796996e-13
   46  107    2.052123e-12    1.036285e-14
   46  108    3.491620e-11    7.647322e-13
   46  109    1.087831e-12    4.993320e-14
   46  110    8.524358e-13    7.787502e-14
   46  111    2.696150e-15    3.133795e-16
   46  112    9.560554e-16    1.541883e-16
   46  113    4.249006e-19    7.912181e-20
   46  114    5.974102e-20    1.350435e-20
   46  115    5.857870e-24    1.468537e-24
   46  116    1.841933e-25    5.159837e-26
   46  117    3.091214e-30    3.091214e-30
   47  100    1.143792e-30   -8.213379e-32
   47  101    1.543678e-27   -2.054377e-29
   47  102    1.057844e-26    5.823700e-29
   47  103    8.923986e-22   -3.685934e-23
   47  104    9.440846e-20   -6.954125e-21
   47  105    5.859442e-17   -5.267403e-18
   47  106    1.009976e-16   -1.074700e-17
   47  107    3.577710e-13   -5.480742e-14
   47  108    2.389062e-13   -3.269523e-14
   47  109    4.921320e-12   -1.947145e-13
   47  110    6.253342e-13   -1.241335e-14
   47  111    4.407552e-12    2.566570e-13
   47  112    1.534761e-13    1.225828e-14
   47  113    1.866958e-13    2.571832e-14
   47  114    4.660923e-16    7.481638e-17
   47  115    2.104466e-16    4.380154e-17
   47  116    5.514061e-20    1.274751e-20
   47  117    1.872875e-20    5.059325e-21
   47  118    2.799115e-24    8.169474e-25
   47  119    1.855445e-25    5.960432e-26
   47  120    4.504608e-30    4.504608e-30
   48  103    3.438746e-30   -6.744945e-32
   48  104    2.604228e-25   -7.749891e-27
   48  105    2.308766e-23   -1.622834e-24
   48  106    3.561167e-20   -4.143250e-22
   48  107    3.099558e-18   -2.892159e-19
   48  108    1.400731e-13   -8.506885e-15
   48  109    3.519401e-14   -1.775617e-15
   48  110    9.576613e-12   -4.533582e-13
   48  111    2.276767e-12   -8.384472e-14
   48  112    2.535071e-11    5.583401e-14
   48  113    1.817948e-12    3.821326e-14
   48  114    3.780322e-11    3.462491e-13
   48  115    7.840631e-13    2.671115e-14
   48  116    9.402957e-13    7.974575e-14
   48  117    4.094236e-15    4.526688e-16
   48  118    1.300821e-15    2.059823e-16
   48  119    6.030376e-19    1.105282e-19
   48  120    8.398683e-20    1.902979e-20
   48  121    1.554522e-23    3.898073e-24
   48  122    5.228297e-25    1.506739e-25
   48  123    1.164561e-29    3.640837e-30
   49  106    1.284993e-29   -1.071246e-30
   49  107    1.768454e-25   -1.302969e-26
   49  108    3.926899e-23   -2.410944e-24
   49  109    2.350536e-19   -1.978347e-20
   49  110    3.674743e-19   -2.608732e-20
   49  111    5.240326e-17   -5.442610e-18
   49  112    1.872416e-16   -2.178196e-17
   49  113    6.419376e-13   -9.246046e-14
   49  114    2.915334e-13   -3.743712e-14
   49  115    3.451291e-12   -9.439393e-15
   49  116    4.483276e-13    8.954572e-15
   49  117    1.204798e-12    1.208668e-13
   49  118    3.257191e-14    4.014302e-15
   49  119    3.018384e-14    5.552028e-15
   49  120    1.907703e-16    3.927703e-17
   49  121    8.430986e-17    2.153161e-17
   49  122    1.150500e-19    3.184388e-20
   49  123    2.312109e-20    7.379061e-21
   49  124    6.266052e-24    2.129185e-24
   49  125    5.188336e-25    1.983213e-25
   49  126    3.515379e-29    1.412511e-29
   50  108    2.626319e-29    1.481326e-30
   50  109    1.044646e-27   -8.151332e-29
   50  110    1.342593e-24   -6.153206e-26
   50  111    1.253419e-23   -1.144517e-24
   50  112    8.429817e-20    2.192919e-21
   50  113    3.984154e-18   -1.588433e-19
   50  114    3.037755e-13   -5.044472e-15
   50  115    9.085950e-13   -9.724568e-14
   50  116    3.400257e-11   -5.348725e-13
   50  117    7.021757e-12   -3.409688e-14
   50  118    6.099356e-11    2.350923e-13
   50  119    4.748731e-12    8.653771e-14
   50  120    6.935797e-11    2.090984e-13
   50  121    1.925062e-12    5.440302e-14
   50  122    1.484635e-12    8.472281e-14
   50  123    1.386306e-14    1.130791e-15
   50  124    5.871401e-14    1.888132e-16
   50  125    2.088189e-16    6.614001e-18
   50  126    2.955453e-17    2.506117e-18
   50  127    3.761850e-20    4.245362e-21
   50  128    9.936090e-22    1.629569e-22
   50  129    4.450523e-25    8.464287e-26
   50  130    3.203048e-27    9.283037e-28
   51  112    4.045473e-30   -3.419976e-31
   51  113    4.083507e-26   -3.147173e-28
   51  114    3.625000e-24   -1.271373e-25
   51  115    2.206551e-19   -1.329472e-20
   51  116    8.776499e-19   -9.405520e-20
   51  117    3.700540e-17   -1.430269e-18
   51  118    4.429508e-17   -1.196735e-18
   51  119    2.197464e-15   -1.035633e-17
   51  120    1.880324e-15    2.359298e-18
   51  121    1.904207e-12   -7.033246e-14
   51  122    2.903874e-13   -4.864997e-15
   51  123    1.213827e-12    6.112021e-14
   51  124    7.698656e-14    5.674430e-15
   51  125    6.421166e-14    8.279100e-15
   51  126    1.042767e-15    1.576270e-16
   51  127    3.082385e-16    6.160871e-17
   51  128    9.485998e-19    2.100700e-19
   51  129    1.062428e-19    2.820363e-20
   51  130    7.457878e-23    2.134642e-23
   51  131    2.615343e-24    8.535770e-25
   51  132    1.032802e-27    3.570013e-28
   52  115    1.790136e-29   -1.033415e-30
   52  116    4.238939e-25   -4.419714e-26
   52  117    9.965495e-25   -9.252165e-26
   52  118    1.865851e-22    7.247203e-25
   52  119    2.214217e-21    2.028786e-23
   52  120    1.259106e-16   -1.720770e-18
   52  121    4.051939e-16   -1.852928e-17
   52  122    3.529223e-12   -2.356986e-13
   52  123    7.877379e-13   -4.382359e-14
   52  124    1.987809e-11   -1.319758e-13
   52  125    2.113765e-12    2.430705e-14
   52  126    3.058904e-11    2.561047e-13
   52  127    1.269095e-12    4.013516e-14
   52  128    1.701932e-12    9.486988e-14
   52  129    3.199677e-14    2.135516e-15
   52  130    1.731042e-12   -6.381495e-15
   52  131    9.143736e-15    2.237953e-16
   52  132    1.184673e-15    9.484774e-17
   52  133    2.611868e-18    2.822993e-19
   52  134    3.971091e-20    6.368496e-21
   52  135    9.335553e-28    1.832064e-28
   53  119    6.692307e-28    5.869415e-29
   53  120    1.203161e-26   -3.555598e-29
   53  121    5.995839e-22   -4.019234e-23
   53  122    1.233518e-20   -8.221441e-22
   53  123    5.661469e-18   -4.253676e-19
   53  124    7.148625e-18   -3.534866e-19
   53  125    2.851412e-15    5.901226e-18
   53  126    2.528597e-15    1.525715e-17
   53  127    2.226765e-12   -5.863942e-14
   53  128    4.160884e-13   -2.538279e-15
   53  129    9.057388e-13    5.474239e-14
   53  130    3.915141e-14    3.230728e-15
   53  131    2.262099e-14    3.147063e-15
   53  132    3.256261e-16    5.254601e-17
   53  133    5.375731e-17    1.137337e-17
   53  134    4.290680e-19    1.008283e-19
   53  135    9.602283e-21    2.690222e-21
   53  136    1.460864e-28    4.520974e-29
   54  121    2.956950e-29    1.353730e-30
   54  122    7.052879e-27   -5.626484e-28
   54  123    3.061047e-25   -2.479522e-26
   54  124    9.547928e-22    4.639413e-23
   54  125    1.916519e-20    3.581525e-22
   54  126    4.932925e-16    2.829296e-19
   54  127    1.636836e-15   -6.430742e-17
   54  128    4.476785e-12   -2.546317e-13
   54  129    1.291569e-12   -5.813626e-14
   54  130    2.258376e-11    5.872181e-15
   54  131    2.831632e-12    5.445239e-14
   54  132    4.153770e-11    1.224015e-13
   54  133    1.984216e-12    5.357394e-14
   54  134    1.287186e-12    9.440935e-14
   54  135    9.924550e-14    3.383154e-15
   54  136    7.731782e-12   -2.128120e-14
   54  137    3.630893e-18    1.312463e-19
   54  138    9.342127e-23    5.925189e-24
   54  139    1.860005e-29    1.878830e-30
   55  125    1.936263e-27    1.260207e-29
   55  126    1.764955e-25   -3.356381e-28
   55  127    3.227679e-21   -2.119005e-22
   55  128    4.251582e-20   -2.555685e-21
   55  129    7.569833e-18   -3.729106e-19
   55  130    9.676146e-18   -1.660688e-19
   55  131    7.997005e-15   -4.971783e-17
   55  132    5.223738e-15   -4.187196e-17
   55  133    2.299032e-12   -9.088469e-14
   55  134    5.050514e-13   -1.049662e-14
   55  135    1.575821e-12    8.355524e-14
   55  136    1.484118e-13    1.221424e-14
   55  137    3.967295e-14    5.725094e-15
   55  138    5.443565e-20    9.568348e-21
   55  139    1.098780e-23    2.168709e-24
   55  140    1.360220e-29    3.079081e-30
   56  127    3.521374e-28    2.160149e-29
   56  128    2.455504e-26   -7.489345e-28
   56  129    9.023870e-25   -1.052277e-26
   56  130    2.383027e-20    1.094697e-21
   56  131    2.269164e-19    5.103228e-21
   56  132    1.930793e-15    6.875211e-18
   56  133    4.533202e-15   -9.713074e-17
   56  134    6.672865e-12   -2.393547e-13
   56  135    1.960590e-12   -5.184169e-14
   56  136    5.660241e-11    3.533629e-13
   56  137    2.007719e-11   -3.313102e-13
   56  138    4.050074e-10    2.689671e-13
   56  139    5.582842e-15    1.929105e-16
   56  140    5.777400e-18    3.314106e-19
   56  141    5.409521e-23    4.884897e-24
   56  142    1.215506e-26    1.372585e-27
   57  130    3.017049e-30    3.238280e-31
   57  131    3.672607e-26    2.656970e-28
   57  132    7.762201e-25    1.562762e-27
   57  133    6.288147e-21   -2.786721e-22
   57  134    6.091972e-20   -2.455297e-21
   57  135    6.523765e-18   -1.736678e-19
   57  136    1.272164e-17    1.094824e-19
   57  137    1.818127e-15    1.291927e-16
   57  138    5.742969e-15    3.747406e-16
   57  139    3.734424e-11   -5.342124e-16
   57  140    3.308357e-15    1.049854e-16
   57  141    1.475019e-17    7.657484e-19
   57  142    5.626433e-22    4.638219e-23
   57  143    9.033602e-25    9.358048e-26
   57  144    3.412368e-30    4.588480e-31
   58  133    3.496778e-28    2.611119e-29
   58  134    7.416885e-26    4.145510e-27
   58  135    2.504812e-24    2.733026e-25
   58  136    4.457377e-20    6.189771e-21
   58  137    7.449327e-19    7.668223e-20
   58  138    6.701827e-15    5.332558e-16
   58  139    6.234140e-14    2.391837e-15
   58  140    9.332692e-11    3.369129e-15
   58  141    3.892807e-14    1.144206e-15
   58  142    1.309804e-15    6.567518e-17
   58  143    2.448526e-19    1.943271e-20
   58  144    1.549348e-21    1.529984e-22
   58  145    2.752881e-26    3.571440e-27
   58  146    2.070795e-28    3.137127e-32
   59  136    1.379833e-27    1.836389e-29
   59  137    1.016376e-22    2.986024e-25
   59  138    3.974908e-21    4.073505e-23
   59  139    8.214743e-17    3.109251e-21
   59  140    2.486594e-15    1.795726e-17
   59  141    7.773400e-12   -8.625250e-16
   59  142    2.530121e-14    6.908129e-16
   59  143    3.635055e-15    1.742853e-16
   59  144    2.111304e-18    1.578420e-19
   59  145    8.018881e-20    7.468757e-21
   59  146    1.937799e-24    2.383164e-25
   59  147    8.218301e-26    1.166902e-26
   60  137    5.002363e-30    2.238167e-31
   60  138    1.576002e-24    5.160163e-26
   60  139    2.620749e-22    9.725153e-24
   60  140    2.341853e-17    5.530194e-19
   60  141    1.646416e-15    3.233784e-17
   60  142    3.167940e-11    2.987117e-13
   60  143    6.419092e-13   -9.371191e-15
   60  144    2.978993e-12   -2.513039e-13
   60  145    1.059049e-14   -5.842749e-16
   60  146    1.800322e-15   -6.954348e-17
   60  147    6.989037e-19   -5.470849e-21
   60  148    3.886735e-20    3.534735e-22
   60  149    5.058932e-24    2.052910e-25
   60  150    9.550407e-25   -2.821570e-25
   60  151    2.592243e-28   -6.686581e-29
   60  152    9.767940e-27    6.819473e-33
   61  140    8.207634e-28    9.265851e-29
   61  141    4.295185e-22    4.566549e-23
   61  142    2.667581e-19    2.883238e-20
   61  143    1.382077e-14    1.355761e-15
   61  144    1.176513e-15    1.309441e-16
   61  145    3.753868e-15    2.576055e-16
   61  146    7.257742e-17    6.183302e-18
   61  147    8.261922e-17    2.486924e-19
   61  148    2.025842e-19    6.035525e-21
   61  149    3.827508e-20    1.688653e-21
   61  150    2.361419e-23    1.671088e-24
   61  151    1.718789e-22    5.070312e-24
   61  152    1.518899e-25    8.396107e-27
   61  153    1.738170e-25    1.136003e-26
   61  154    1.198085e-28    1.086297e-29
   61  155    7.751420e-30    9.879419e-31
   62  141    1.026091e-28    1.036460e-29
   62  142    3.928672e-22    3.304044e-23
   62  143    5.374473e-19    4.284947e-20
   62  144    2.861367e-13    1.760052e-14
   62  145    2.083587e-13   -4.306389e-16
   62  146    3.527351e-12   -3.051230e-14
   62  147    2.015531e-13    7.539729e-16
   62  148    6.787939e-13   -3.092200e-14
   62  149    5.074267e-15   -9.514769e-17
   62  150    6.257401e-15   -5.076743e-17
   62  151    2.589046e-17    5.065040e-19
   62  152    8.679052e-17    2.425604e-18
   62  153    4.305022e-19    2.269547e-20
   62  154    5.414839e-19    3.308277e-20
   62  155    1.014230e-21    8.684527e-23
   62  156    6.344381e-23   -8.594854e-25
   62  157    8.978835e-27    1.463751e-28
   62  158    3.706417e-28    2.615617e-31
   63  143    1.823895e-26    1.417509e-27
   63  144    2.396831e-22    1.766009e-23
   63  145    3.502530e-16    1.978121e-17
   63  146    6.067458e-16    3.627109e-17
   63  147    2.343755e-14    1.176598e-15
   63  148    4.908639e-15    2.935471e-16
   63  149    1.118772e-13    3.337391e-15
   63  150    2.396986e-15    1.028873e-16
   63  151    1.264369e-13   -5.276277e-15
   63  152    2.365094e-15   -4.221168e-17
   63  153    9.137711e-14   -1.678647e-15
   63  154    1.963912e-15    8.604222e-18
   63  155    1.530316e-14    2.256591e-16
   63  156    1.290788e-16    4.836061e-18
   63  157    4.139192e-17    2.255631e-18
   63  158    2.592975e-20    2.081171e-21
   63  159    9.269951e-22    9.006305e-23
   63  160    5.541696e-26    6.940606e-27
   64  145    4.685588e-26    3.951583e-27
   64  146    7.418664e-19    4.789389e-20
   64  147    4.036836e-18    1.804773e-19
   64  148    9.497876e-16    3.367157e-17
   64  149    1.019844e-15    3.184088e-17
   64  150    5.323165e-14    9.792862e-16
   64  151    8.129075e-15    1.987856e-16
   64  152    3.390765e-13   -1.236364e-14
   64  153    3.282867e-14   -5.091618e-16
   64  154    2.192058e-12   -3.225074e-14
   64  155    1.799714e-13    1.160631e-15
   64  156    3.039520e-12    3.153201e-14
   64  157    9.208331e-14    3.042837e-15
   64  158    1.490847e-13    6.849849e-15
   64  159    5.478579e-16    3.843188e-17
   64  160    8.112849e-17    7.039681e-18
   64  161    3.840450e-20    4.313428e-21
   64  162    5.393226e-22    7.001569e-23
   64  163    3.975822e-26    6.232277e-27
   65  147    6.608146e-27    6.262948e-28
   65  148    7.166051e-26    5.479384e-27
   65  149    4.203131e-23    3.576411e-24
   65  150    7.674853e-23    5.851473e-24
   65  151    7.667329e-20    5.597291e-21
   65  152    1.364862e-20    1.036890e-21
   65  153    2.136251e-17    1.009698e-18
   65  154    8.173596e-18    4.411856e-19
   65  155    4.907889e-15    1.345579e-16
   65  156    1.429023e-15    5.128747e-17
   65  157    1.644130e-13    1.813527e-15
   65  158    1.687110e-14    4.120386e-16
   65  159    1.773329e-13   -2.495385e-15
   65  160    3.047239e-15    2.636726e-17
   65  161    2.556701e-15    5.571562e-17
   65  162    1.089821e-17    4.871313e-19
   65  163    6.554434e-19    4.076166e-20
   65  164    2.699380e-22    2.411760e-23
   65  165    1.934490e-24    2.092678e-25
   65  166    1.276262e-28    1.722232e-29
   66  151    3.096150e-26    1.409143e-27
   66  152    1.326625e-22    2.349820e-24
   66  153    5.921950e-22    1.003555e-23
   66  154    5.129374e-19    2.107628e-21
   66  155    7.244363e-19    8.737642e-21
   66  156    8.086023e-16   -2.202807e-18
   66  157    7.864172e-16    9.017305e-18
   66  158    2.060961e-13   -1.073792e-16
   66  159    6.622088e-14    9.912777e-16
   66  160    2.414277e-12   -2.042186e-14
   66  161    1.637965e-13    2.252947e-15
   66  162    6.328906e-13    1.648450e-14
   66  163    9.279214e-15    4.560349e-16
   66  164    5.407312e-15    3.398618e-16
   66  165    5.552553e-18    4.893565e-19
   66  166    1.272261e-19    1.360456e-20
   66  167    1.664279e-23    2.225766e-24
   66  168    8.882069e-26    1.345717e-26
   66  169    1.892685e-30   -2.259066e-36
   67  154    2.995693e-28    2.478213e-29
   67  155    2.267593e-24    1.664864e-25
   67  156    2.114240e-24    1.609641e-25
   67  157    3.448107e-20    2.107032e-21
   67  158    7.290274e-20    5.137077e-21
   67  159    1.623205e-16    9.661704e-18
   67  160    6.308760e-17    4.229285e-18
   67  161    3.716992e-14    1.742711e-15
   67  162    3.063230e-15    1.675479e-16
   67  163    3.215605e-13    2.134738e-15
   67  164    1.490038e-14    3.997957e-16
   67  165    1.069162e-13   -4.449563e-15
   67  166    5.120084e-16   -8.201413e-18
   67  167    1.123646e-16   -2.490411e-19
   67  168    8.479496e-20    2.079639e-21
   67  169    2.136311e-21    9.245898e-23
   67  170    2.812090e-25    1.990341e-26
   67  171    8.819466e-28    8.072569e-29
   68  157    1.985446e-26   -2.792673e-28
   68  158    5.210771e-22   -1.083587e-23
   68  159    2.662615e-21   -2.704741e-23
   68  160    9.410218e-18   -1.469242e-19
   68  161    2.654301e-17   -1.108405e-19
   68  162    1.452899e-14   -1.371926e-16
   68  163    1.001864e-14    8.160606e-17
   68  164    8.541735e-13   -1.083400e-15
   68  165    1.522214e-13    2.733172e-15
   68  166    2.582559e-12   -5.783750e-15
   68  167    8.209853e-14    1.652166e-15
   68  168    7.764649e-14    2.554452e-15
   68  169    2.989904e-16    1.712107e-17
   68  170    2.362459e-17    1.721636e-18
   68  171    1.472812e-20    1.447361e-21
   68  172    1.601388e-22    1.868035e-23
   68  173    1.343392e-26    1.938763e-27
   68  174    6.298413e-29    7.307282e-36
   69  159    8.668850e-30    8.469881e-31
   69  160    2.972563e-26    1.250989e-27
   69  161    3.760306e-22    1.001357e-23
   69  162    1.976507e-21    6.608619e-23
   69  163    8.044276e-18    1.822777e-19
   69  164    7.860448e-18    2.354385e-19
   69  165    6.994694e-15    1.245429e-16
   69  166    2.386028e-15    6.346828e-17
   69  167    2.724768e-13    4.730436e-16
   69  168    3.608104e-14    5.958137e-16
   69  169    2.068449e-13   -1.394928e-15
   69  170    4.955790e-15    7.155415e-17
   69  171    2.485341e-15    7.040746e-17
   69  172    7.438192e-18    3.835114e-19
   69  173    4.816061e-19    3.336531e-20
   69  174    3.041927e-22    2.892920e-23
   69  175    3.707180e-25    4.227518e-26
   69  176    2.817512e-29    3.997971e-30
   70  161    5.984910e-29    8.883856e-31
   70  162    1.517560e-24    3.911326e-27
   70  163    2.879756e-23    2.411121e-25
   70  164    2.221697e-19   -4.325242e-22
   70  165    1.390870e-18    8.434980e-21
   70  166    1.551614e-15   -3.946569e-18
   70  167    2.856765e-15    1.794328e-17
   70  168    5.997812e-13   -2.251283e-15
   70  169    2.436412e-13    3.083644e-15
   70  170    4.208662e-12   -3.315275e-14
   70  171    4.134650e-13    5.587061e-15
   70  172    1.006565e-12    2.592797e-14
   70  173    1.655912e-14    7.959430e-16
   70  174    4.804581e-15    3.027913e-16
   70  175    5.426169e-18    4.764254e-19
   70  176    8.803412e-20    9.259149e-21
   70  177    3.710374e-23    4.821660e-24
   70  178    2.854918e-25    4.237484e-26
   70  179    1.783712e-30    3.172610e-31
   71  164    5.137523e-29    2.203150e-30
   71  165    7.571989e-25    2.446543e-26
   71  166    6.016390e-24    2.433530e-25
   71  167    1.105767e-19    3.324464e-21
   71  168    5.612696e-19    2.105491e-20
   71  169    8.970826e-16    2.596296e-17
   71  170    4.871664e-16    1.747316e-17
   71  171    8.754062e-14    1.131568e-15
   71  172    1.962589e-14    4.481902e-16
   71  173    3.118688e-13   -1.758164e-15
   71  174    1.564216e-14    2.082640e-16
   71  175    2.155333e-14   -6.888899e-17
   71  176    1.245749e-16    2.493633e-18
   71  177    1.074003e-17    3.923018e-19
   71  178    1.462079e-20    8.804803e-22
   71  179    3.757932e-22    2.919367e-23
   71  180    1.409042e-25    1.465266e-26
   71  181    1.061536e-28    1.327796e-29
   72  166    6.594279e-27    1.037620e-28
   72  167    2.229215e-25    4.209558e-27
   72  168    4.222025e-21    3.872895e-23
   72  169    5.276273e-20    8.473463e-22
   72  170    1.402679e-16    1.039664e-18
   72  171    5.034107e-16    8.363041e-18
   72  172    1.133773e-13    1.113360e-15
   72  173    1.084999e-13    2.137392e-15
   72  174    2.979312e-12    2.548119e-14
   72  175    4.870380e-13    1.308566e-14
   72  176    2.746491e-12   -4.307846e-14
   72  177    5.905228e-14    4.506306e-16
   72  178    2.984743e-14    6.136108e-16
   72  179    2.033735e-16    9.101023e-18
   72  180    2.691892e-17    1.591385e-18
   72  181    2.044682e-20    1.730875e-21
   72  182    1.356214e-22    1.397983e-23
   72  183    8.693073e-27    1.124264e-27
   72  184    1.386197e-28    4.886605e-34
   73  169    8.809400e-30    9.912250e-31
   73  170    3.088325e-27    4.475695e-28
   73  171    6.153265e-23    8.267546e-24
   73  172    9.855314e-23    1.352271e-23
   73  173    7.315056e-19    9.549008e-20
   73  174    7.405472e-20    1.012387e-20
   73  175    1.242144e-15    1.027163e-16
   73  176    2.291083e-16    2.067493e-17
   73  177    2.389402e-14    1.463515e-15
   73  178    2.619607e-17    1.481467e-18
   73  179    6.619312e-13   -2.269399e-15
   73  180    1.719026e-14    3.069603e-16
   73  181    1.726502e-14    3.629100e-16
   73  182    4.493628e-17    2.061338e-18
   73  183    1.387248e-18    8.757607e-20
   73  184    1.772791e-22    1.598598e-23
   73  185    1.942870e-24    2.108089e-25
   73  186    1.541976e-28    2.087029e-29
   74  171    2.569665e-28    8.406486e-30
   74  172    8.513932e-24    1.618986e-25
   74  173    2.602518e-22    6.232635e-24
   74  174    8.214088e-19    1.188222e-20
   74  175    6.476253e-18    1.369857e-19
   74  176    2.615111e-15    3.608769e-17
   74  177    3.423212e-15    7.664739e-17
   74  178    3.017176e-13    3.958638e-15
   74  179    1.366865e-13    3.009275e-15
   74  180    2.802226e-12    6.062905e-15
   74  181    3.523754e-13    6.371885e-15
   74  182    1.327154e-12   -1.963219e-14
   74  183    1.236496e-14    1.221667e-16
   74  184    2.009750e-15    4.841470e-17
   74  185    3.214512e-18    1.614080e-19
   74  186    1.284765e-19    8.498020e-21
   74  187    3.405575e-23    3.169582e-24
   74  188    3.022893e-25    3.350636e-26
   74  189    4.204397e-30    5.903885e-31
   75  174    1.471172e-28   -1.316252e-30
   75  175    2.995635e-24   -5.758465e-26
   75  176    3.805469e-23   -4.911159e-25
   75  177    9.136457e-20   -1.734811e-21
   75  178    2.460809e-19   -2.167513e-21
   75  179    1.329103e-16   -1.812036e-18
   75  180    1.906031e-16   -2.411586e-19
   75  181    3.222901e-14   -1.429276e-16
   75  182    9.605752e-15    8.802978e-17
   75  183    2.622054e-13   -1.456456e-17
   75  184    6.026365e-15    1.362732e-16
   75  185    6.067742e-15    1.178211e-16
   75  186    4.329354e-17    1.860763e-18
   75  187    8.067744e-18    4.621581e-19
   75  188    9.033280e-21    7.438477e-22
   75  189    5.565809e-22    5.456432e-23
   75  190    1.249417e-25    1.542473e-26
   75  191    2.679849e-27    1.041680e-27
   75  192    1.171925e-29    1.915033e-31
   76  176    2.658279e-27    4.861975e-29
   76  177    1.945061e-25    3.699608e-27
   76  178    1.331675e-21    9.988147e-24
   76  179    1.994343e-20    2.718440e-22
   76  180    2.378051e-17    1.106964e-19
   76  181    9.594639e-17    1.301929e-18
   76  182    2.965732e-14    1.976920e-16
   76  183    4.553318e-14    7.832944e-16
   76  184    2.118207e-12    2.622288e-14
   76  185    2.867719e-13    7.768122e-15
   76  186    1.979547e-12   -3.647441e-14
   76  187    5.144824e-14    2.533594e-16
   76  188    7.931925e-14    1.266342e-15
   76  189    4.105215e-16    1.682543e-17
   76  190    1.952452e-16    1.045148e-17
   76  191    4.185696e-19    3.277789e-20
   76  192    7.724830e-20    7.099603e-21
   76  193    3.345960e-23    3.888971e-24
   76  194    1.063488e-24    1.467938e-25
   76  195    2.143157e-28    3.495944e-29
   76  196    1.393956e-28    1.191834e-34
   77  179    2.184459e-27    2.295707e-28
   77  180    1.554103e-25    1.365343e-26
   77  181    1.327067e-21    1.025741e-22
   77  182    1.499942e-20    1.239456e-21
   77  183    1.785983e-17    1.342843e-18
   77  184    6.074146e-17    4.986505e-18
   77  185    1.382787e-14    1.041986e-15
   77  186    1.789750e-15    1.491902e-16
   77  187    1.359669e-13    5.917230e-15
   77  188    1.136436e-14    6.109612e-16
   77  189    4.146929e-13   -3.100528e-15
   77  190    1.049957e-14    1.069027e-16
   77  191    5.909089e-14   -4.868524e-15
   77  192    4.214365e-16   -2.366212e-17
   77  193    6.602361e-16   -2.933218e-17
   77  194    1.334719e-18   -2.392971e-20
   77  195    1.784725e-19   -5.697312e-22
   77  196    9.674967e-23    2.351546e-24
   77  197    2.876460e-24    1.213755e-25
   77  198    6.094687e-28    4.188874e-29
   78  181    1.843944e-29    1.218500e-30
   78  182    2.748439e-25    1.342852e-26
   78  183    8.769905e-24    4.299260e-25
   78  184    3.140460e-20    1.159477e-21
   78  185    2.538128e-19    1.043913e-20
   78  186    1.488762e-16    4.959193e-18
   78  187    1.288133e-16    4.951763e-18
   78  188    4.065607e-14    9.080074e-16
   78  189    2.071371e-14    6.582063e-16
   78  190    1.114586e-12    1.426834e-14
   78  191    1.654653e-13    4.919115e-15
   78  192    3.047289e-12   -3.617045e-14
   78  193    1.665149e-13    1.940558e-15
   78  194    6.064188e-13    1.236481e-14
   78  195    1.007962e-14    4.510978e-16
   78  196    6.660612e-15    3.800554e-16
   78  197    2.894375e-17    2.330220e-18
   78  198    6.796427e-18   -1.532176e-18
   78  199    8.894119e-21   -1.730601e-21
   78  200    3.073950e-22   -7.647207e-23
   78  201    2.774069e-26   -5.882687e-27
   78  202    7.905643e-28    6.655225e-33
   79  185    5.064079e-30    6.296122e-31
   79  186    7.714430e-26    7.012565e-27
   79  187    2.228774e-22    1.714322e-23
   79  188    8.431075e-22    6.873746e-23
   79  189    9.352641e-19    6.086288e-20
   79  190    2.878171e-18    2.087385e-19
   79  191    8.799641e-16    5.333518e-17
   79  192    3.273307e-16    2.222438e-17
   79  193    5.718149e-14    2.239423e-15
   79  194    1.039390e-14    4.761709e-16
   79  195    4.246878e-13    4.187073e-15
   79  196    3.218071e-14    6.873715e-16
   79  197    1.772384e-13   -7.531733e-15
   79  198    5.367803e-15   -1.074774e-16
   79  199    2.684691e-15   -2.703482e-17
   79  200    1.256558e-17    1.735170e-19
   79  201    1.369570e-18    4.226858e-20
   79  202    2.076695e-21    1.150067e-22
   79  203    6.318632e-23    4.753940e-24
   79  204    1.747668e-26    1.771687e-27
   80  188    7.401628e-27    6.288918e-28
   80  189    2.222383e-25    1.861116e-26
   80  190    8.102446e-22    5.766982e-23
   80  191    8.155280e-21    6.294090e-22
   80  192    7.211034e-18    4.908631e-19
   80  193    2.183685e-17    1.592905e-18
   80  194    7.110034e-15    4.613673e-16
   80  195    6.654376e-15    4.654816e-16
   80  196    6.074590e-13    3.030053e-14
   80  197    2.436051e-13    1.435684e-14
   80  198    5.613543e-12    1.243288e-13
   80  199    9.475671e-13    1.694622e-14
   80  200    5.850906e-12   -1.308404e-13
   80  201    1.812794e-13   -5.036739e-15
   80  202    3.274687e-13   -4.923732e-14
   80  203    2.558415e-15   -3.077161e-16
   80  204    1.245860e-14   -1.438412e-15
   80  205    4.268762e-18   -3.629426e-19
   80  206    4.436661e-20   -2.047988e-21
   80  207    1.076068e-27   -4.672232e-31
   81  192    3.290124e-26    4.775359e-27
   81  193    3.553011e-23    4.699429e-24
   81  194    9.548974e-22    1.282753e-22
   81  195    1.070422e-18    1.283281e-19
   81  196    4.934706e-18    5.823142e-19
   81  197    8.605847e-16    8.810328e-17
   81  198    1.412059e-15    1.394301e-16
   81  199    1.077000e-13    8.328570e-15
   81  200    7.206548e-14    4.781015e-15
   81  201    1.282596e-12    3.763609e-14
   81  202    3.656938e-13    2.905961e-15
   81  203    1.496166e-12   -4.796940e-14
   81  204    1.261465e-13   -2.232321e-15
   81  205    9.670414e-14   -3.664764e-15
   81  206    8.887172e-16   -1.237433e-17
   81  207    2.894769e-17    5.057037e-19
   81  208    9.045538e-25    5.326969e-26
   81  209    3.947188e-30    3.487197e-31
   82  195    6.368590e-27    1.390806e-27
   82  196    3.145671e-23    6.432499e-24
   82  197    4.325881e-22    8.401965e-23
   82  198    5.100442e-19    9.235185e-20
   82  199    1.897528e-18    3.147204e-19
   82  200    1.058296e-15    1.534323e-16
   82  201    2.979747e-15    3.683785e-16
   82  202    2.915845e-13    2.667139e-14
   82  203    4.440018e-13    2.866838e-14
   82  204    1.474171e-11    4.729957e-13
   82  205    9.375408e-12    2.388355e-13
   82  206    9.335325e-11    8.975926e-13
   82  207    2.420481e-11   -6.713500e-13
   82  208    1.115066e-10   -9.939366e-13
   82  209    4.249590e-17    1.313344e-18
   82  210    7.930942e-23    4.887667e-24
   82  211    1.501091e-29    1.473339e-30
   83  198    2.322354e-26    4.464606e-27
   83  199    6.428074e-23    1.148348e-23
   83  200    1.073097e-21    1.929445e-22
   83  201    6.181376e-19    1.036868e-19
   83  202    2.133459e-18    3.481807e-19
   83  203    5.557230e-16    8.430047e-17
   83  204    1.081519e-15    1.513712e-16
   83  205    5.341465e-14    5.893940e-15
   83  206    4.352334e-14    3.783623e-15
   83  207    9.766787e-13    4.267860e-14
   83  208    2.445131e-13    2.982711e-15
   83  209    1.786774e-12   -5.557742e-14
   83  210    3.119664e-18    2.163374e-20
   83  211    2.420532e-23    8.990212e-25
   83  212    6.766176e-30    5.030765e-31
   84  202    1.020804e-29    2.440085e-30
   84  203    1.418416e-29    3.347038e-30
   84  204    9.802288e-27    2.192528e-27
   84  205    1.849432e-26    3.450038e-27
   84  206    1.060531e-24    1.777237e-25
   84  207    6.992203e-25    1.058298e-25
   84  208    1.658034e-23    1.971856e-24
   84  209    3.132341e-24    3.458206e-25
   84  210    1.778508e-23    8.396773e-25
   84  211    5.278080e-29    4.815964e-30
    0    1    4.258986e-11    2.740585e-12
    1    1    1.339052e-08    3.236290e-10
    2    4    2.371595e-06    3.876210e-08
