2.4571e-08
3.2919e-09
1.5674e+00
1.9258e+05
    1    2    3.653068e-24    6.139532e-26
    6   11    5.383691e-26    1.228403e-26
    6   12    7.736613e-04   -1.744481e-15
    6   13    5.965839e-16    4.209061e-17
    6   14    1.445023e-26    1.940633e-27
    7   13    6.447565e-15    8.074146e-16
    7   14    1.004749e-23    9.297757e-25
    7   15    2.729849e-25    4.692521e-26
    8   14    6.869160e-17    8.136602e-18
    8   15    1.467117e-29    3.348149e-30
    8   16    4.583193e-02    0.000000e+00
    8   17    5.108742e-17    3.604357e-18
    8   18    2.001819e-17    1.412338e-18
    8   19    2.514991e-30    3.330271e-31
    9   17    6.551531e-16   -5.153288e-18
    9   18    2.069143e-22    2.702808e-23
    9   19    2.243597e-24    2.926323e-25
   10   18    6.316932e-29    8.203346e-30
   10   20    8.353541e-03   -3.162401e-15
   10   21    3.015564e-05   -8.723633e-15
   10   22    3.692474e-06   -1.172166e-15
   10   23    8.756658e-19    6.178062e-20
   11   21    2.039817e-15    2.659384e-16
   11   22    1.300910e-17    1.696068e-18
   11   23    1.457139e-04   -4.707010e-15
   11   24    1.269626e-15    8.966814e-17
   11   25    5.864746e-23    7.814491e-24
   12   23    4.634215e-17    6.208632e-18
   12   24    2.013354e-03    7.108029e-15
   12   25    4.441883e-04   -1.153645e-15
   12   26    2.597255e-04    1.560026e-14
   12   27    8.235940e-17    5.810681e-18
   12   28    2.446366e-28    3.286486e-29
   13   24    1.236713e-30    3.035358e-31
   13   25    9.203534e-17    1.199908e-17
   13   26    1.408289e-04   -6.834141e-14
   13   27    2.011964e-04   -4.150055e-16
   13   28    4.368031e-15    4.022889e-16
   13   29    2.241008e-21    3.002230e-22
   14   26    3.232604e-29    4.268504e-30
   14   27    4.306909e-13    5.615155e-14
   14   28    2.358143e-04    5.887706e-15
   14   29    6.520005e-05    1.865031e-15
   14   30    2.844539e-05    8.118811e-16
   14   31    6.748656e-16    4.761362e-17
   14   32    2.023691e-27    2.718948e-28
   15   28    5.119725e-27    1.245499e-27
   15   29    1.340132e-17    1.784225e-18
   15   30    2.314314e-07   -2.222024e-16
   15   31    2.104118e-06    1.128375e-17
   15   32    1.402691e-17    1.005051e-18
   15   33    4.123886e-19    2.922449e-20
   15   34    1.625630e-30    2.187166e-31
   16   30    1.594944e-30    3.944529e-31
   16   31    3.517620e-10    1.545944e-19
   16   32    1.166119e-06    6.035597e-17
   16   33    2.100891e-08    5.358989e-18
   16   34    2.736454e-07    3.983755e-18
   16   35    3.452464e-18    2.435808e-19
   16   36    1.568238e-28    2.107326e-29
   17   32    3.885025e-28    5.065121e-29
   17   33    7.451314e-26    9.982761e-27
   17   34    6.170807e-20    8.045400e-21
   17   35    1.020433e-08    1.641960e-18
   17   36    3.848501e-19    2.716630e-20
   17   37    2.321644e-23    3.110380e-24
   18   35    3.034477e-26    4.065465e-27
   18   36    8.448026e-10    6.642674e-21
   18   37    2.632117e-20    1.916611e-21
   18   38    2.659022e-10    1.535971e-21
   18   39    3.719345e-21    2.624100e-22
   18   40    4.180899e-22    2.949739e-23
   19   37    5.505565e-22    7.155388e-23
   19   38    9.514406e-30    1.276065e-30
   19   39    3.745177e-12    8.431854e-22
   19   40    1.658188e-22    1.170036e-23
   19   41    1.150598e-28    1.508757e-29
   19   42    6.229789e-29    4.395287e-30
   19   43    2.281589e-25    1.609723e-26
   20   40    2.851209e-14    7.785300e-25
   20   41    7.164755e-25    5.055087e-26
   20   42    4.763924e-08   -2.784025e-19
   20   43    1.463411e-08   -4.207537e-20
   20   44    7.048443e-08   -1.550732e-19
   20   45    2.332143e-18    1.645391e-19
   20   46    2.020422e-10   -9.082960e-22
   20   47    4.085332e-21    2.882313e-22
   20   48    2.292639e-09   -1.542940e-20
   20   49    7.636867e-21    5.388019e-22
   21   41    1.796357e-30    2.341902e-31
   21   43    6.289927e-19    8.200525e-20
   21   44    3.164303e-19    4.125476e-20
   21   45    6.669494e-09    1.717558e-20
   21   46    2.245620e-18    1.584364e-19
   21   47    5.310985e-21    6.573983e-22
   21   48    1.044270e-19    1.361472e-20
   21   49    9.780822e-21    1.275177e-21
   22   44    5.415143e-30    8.871944e-31
   22   45    3.303404e-23    4.306841e-24
   22   46    2.020422e-08   -1.421129e-19
   22   47    7.854394e-09    6.931774e-22
   22   48    1.436025e-08    4.569346e-21
   22   49    1.733388e-08   -7.911155e-21
   22   50    5.602375e-08   -9.257805e-21
   22   51    8.383723e-19    5.914976e-20
   22   52    3.942561e-28    5.282176e-29
   23   47    9.788463e-20    1.276176e-20
   23   48    5.458699e-20    7.116813e-21
   23   49    1.654749e-19    2.157389e-20
   23   50    1.998957e-15    1.423603e-20
   23   51    4.904040e-09   -6.623235e-21
   23   52    7.704237e-19    5.435550e-20
   23   53    1.617732e-29    2.128172e-30
   24   49    5.371047e-27    7.195884e-28
   24   50    9.383978e-13   -1.296791e-23
   24   51    9.224870e-21    1.191718e-21
   24   52    5.579288e-08   -1.555497e-19
   24   53    1.074040e-08   -2.496266e-20
   24   54    1.369099e-07   -1.488131e-19
   24   55    3.429275e-18    2.419448e-19
   24   56    4.947702e-29    6.644651e-30
   25   51    1.337434e-24    1.743686e-25
   25   52    6.201355e-30    8.097907e-31
   25   53    1.185003e-19    1.544954e-20
   25   54    4.292866e-20    5.586302e-21
   25   55    3.456011e-08   -3.076450e-19
   25   56    5.115761e-18    3.609309e-19
   25   57    4.583475e-27    3.386457e-28
   26   54    4.446329e-09   -3.436687e-20
   26   55    5.708334e-19    4.548340e-20
   26   56    1.766820e-06   -6.265503e-18
   26   57    9.986690e-07   -3.332439e-18
   26   58    5.174607e-06   -9.756125e-18
   26   59    2.513249e-16    1.773166e-17
   26   60    7.332114e-27    9.846863e-28
   27   55    1.722988e-21    2.246355e-22
   27   56    1.058698e-27    1.380533e-28
   27   57    1.865304e-18    2.431900e-19
   27   58    1.118743e-18    1.458508e-19
   27   59    2.034761e-06   -1.941696e-17
   27   60    2.888363e-16    2.037819e-17
   27   61    4.118491e-23    2.907889e-24
   28   58    6.192280e-10   -6.189172e-21
   28   59    3.118680e-19    3.542828e-20
   28   60    2.667798e-06   -2.136598e-17
   28   61    1.015184e-06   -5.520537e-19
   28   62    2.259022e-06    7.110842e-19
   28   63    2.997400e-16    2.114748e-17
   28   64    1.389652e-06   -3.956914e-18
   28   65    5.395406e-17    3.806606e-18
   28   66    1.394846e-27    1.873246e-28
   29   59    9.124868e-23    1.189659e-23
   29   61    8.174229e-19    1.065719e-19
   29   62    6.414631e-19    8.363108e-20
   29   63    8.717982e-07   -2.124994e-17
   29   64    3.027580e-16    2.136216e-17
   29   65    1.075841e-06   -1.494886e-17
   29   66    2.128492e-16    1.501709e-17
   29   67    6.696498e-22    4.724858e-23
   29   68    2.347710e-29    1.658690e-30
   30   62    1.176351e-29    1.588741e-30
   30   63    4.542710e-25    5.922583e-26
   30   64    8.425447e-07   -1.309979e-17
   30   65    1.856539e-16    1.310317e-17
   30   66    1.302067e-06   -1.197493e-17
   30   67    2.837024e-07    5.094903e-19
   30   68    1.322620e-06    4.635811e-18
   30   69    9.476472e-17    6.685910e-18
   30   70    1.327706e-10   -6.396950e-22
   30   71    8.974900e-21    6.332038e-22
   31   65    1.886792e-19    2.459915e-20
   31   66    7.632476e-29    1.376405e-29
   31   67    6.042909e-19    7.878473e-20
   31   68    1.302739e-19    1.698452e-20
   31   69    1.594879e-07   -6.032145e-18
   31   70    8.687695e-17    6.129410e-18
   31   71    1.407639e-07   -4.641185e-18
   31   72    6.564157e-17    4.631192e-18
   31   73    3.908509e-26    4.153619e-27
   32   68    6.410183e-27    8.588040e-28
   32   69    1.176372e-22    1.533701e-23
   32   70    2.286684e-07   -5.215791e-18
   32   71    7.403152e-17    5.227088e-18
   32   72    2.362112e-07   -4.082725e-18
   32   73    4.522465e-08    2.699573e-18
   32   74    1.757502e-07   -1.151091e-18
   32   75    3.565501e-17    2.515559e-18
   32   76    1.249214e-11   -5.309789e-23
   32   77    7.452956e-22    5.258264e-23
   33   71    5.204395e-20    6.785257e-21
   33   72    5.692535e-28    7.721751e-29
   33   73    8.363457e-20    1.090390e-20
   33   74    4.574371e-21    5.963860e-22
   33   75    2.000848e-08   -3.024205e-18
   33   76    4.297775e-17    3.032198e-18
   33   77    7.588847e-24    6.708501e-25
   34   74    1.487353e-24    3.157866e-29
   34   75    2.247715e-21    2.930470e-22
   34   76    4.988957e-08   -1.689679e-18
   34   77    1.818953e-08    7.436685e-19
   34   78    7.041447e-08   -5.274236e-19
   34   79    2.085237e-17    1.471192e-18
   34   80    4.239297e-09   -4.912460e-20
   34   81    6.952549e-19    4.905214e-20
   34   82    3.172076e-12   -1.588324e-23
   34   83    2.246106e-22    1.584689e-23
   35   76    2.635722e-30    3.436544e-31
   35   77    6.973379e-21    9.091579e-22
   35   78    2.039482e-21    2.658984e-22
   35   79    8.345310e-09   -1.394684e-18
   35   80    1.978504e-17    1.395889e-18
   35   81    7.274689e-09   -6.064284e-19
   35   82    8.595397e-18    6.064288e-19
   35   83    8.672009e-26    7.359820e-27
   36   79    4.405681e-23    5.743930e-24
   36   80    2.125901e-08   -1.292364e-18
   36   81    1.831756e-17    1.292381e-18
   36   82    5.111923e-08   -1.750102e-18
   36   83    1.566929e-08    7.957577e-19
   36   84    5.823898e-08   -8.697308e-20
   36   85    1.474702e-17    1.040443e-18
   36   86    4.641503e-10   -1.024463e-21
   36   87    1.448729e-20    1.022118e-21
   37   81    1.039123e-21    1.354762e-22
   37   82    4.287248e-29    5.739468e-30
   37   83    3.128353e-21    4.078606e-22
   37   84    4.719686e-22    6.153315e-23
   37   85    8.462411e-09   -8.483779e-19
   37   86    1.203028e-17    8.487698e-19
   37   87    5.853056e-11   -6.298463e-22
   37   88    8.937559e-21    6.305692e-22
   37   89    1.101219e-30    1.478912e-31
   38   84    2.620159e-24    5.214972e-32
   38   85    5.978615e-23    7.794650e-24
   38   86    1.977583e-08   -1.166814e-18
   38   87    1.264904e-08    1.306978e-19
   38   88    3.410537e-08    8.877567e-19
   38   89    2.100735e-18    1.482126e-19
   38   90    2.155954e-26    1.530645e-27
   39   87    4.178547e-22    5.447802e-23
   39   88    2.919573e-22    3.806409e-23
   39   89    5.047083e-09   -1.176830e-19
   39   90    1.669074e-18    1.177577e-19
   39   91    6.601100e-28    8.809259e-29
   40   89    8.298306e-27    1.081896e-27
   40   90    2.223165e-09   -3.063133e-20
   40   91    5.705716e-10    1.196713e-20
   40   92    6.513631e-10    6.376425e-21
   40   93    1.936305e-10    5.014653e-21
   40   94    4.140053e-10   -1.043075e-21
   40   95    1.179247e-19    8.319911e-21
   40   96    7.701181e-13   -3.684548e-24
   40   97    5.221204e-23    3.683702e-24
   41   91    1.640774e-23    2.139168e-24
   41   92    3.441546e-24    4.486933e-25
   41   93    7.196599e-14   -6.373100e-24
   41   94    1.015369e-22    7.220635e-24
   41   95    9.739215e-25    1.269714e-25
   41   96    2.887813e-27    3.766450e-28
   41   97    2.180695e-28    2.842928e-29
   42   92    3.795087e-17   -1.332817e-27
   42   93    1.902658e-26    1.350494e-27
   42   94    1.277137e-13   -4.985500e-24
   42   95    3.569934e-11   -3.051256e-21
   42   96    8.222236e-11   -2.897717e-22
   42   97    2.578413e-11    1.215232e-21
   42   98    7.544014e-11    1.918542e-22
   42   99    2.747639e-20    1.938535e-21
   42  100    1.700721e-15   -2.687393e-26
   42  101    3.809144e-25    2.687456e-26
   43   95    6.080568e-27    7.927572e-28
   43   96    8.524340e-26    1.111365e-26
   43   97    2.542306e-25    3.314544e-26
   43   98    1.381290e-26    1.800870e-27
   43   99    2.728429e-13   -3.219769e-23
   43  100    4.566190e-22    3.221572e-23
   44   96    3.532748e-26    0.000000e+00
   44   98    6.655900e-24    4.105311e-27
   44   99    8.074130e-12   -1.058150e-21
   44  100    3.391438e-11   -8.061327e-22
   44  101    7.022779e-12    1.125960e-21
   44  102    1.441789e-14    7.376690e-22
   44  103    7.718176e-24    5.445386e-25
   44  104    5.644859e-30    1.013827e-30
   45   99    2.758616e-28    3.596559e-29
   45  100    3.660325e-27    4.772167e-28
   45  101    2.192857e-26    2.858948e-27
   45  102    5.433550e-28    7.084847e-29
   45  103    7.469186e-12   -1.325381e-21
   45  104    1.878566e-20    1.325380e-21
   45  105    5.589599e-29    6.551997e-30
   46  103    2.158319e-27    2.813926e-28
   46  104    2.116282e-11   -1.837572e-21
   46  105    4.944953e-12    8.014483e-22
   46  106    2.265111e-11   -4.007076e-22
   46  107    2.036528e-20    1.436826e-21
   46  108    2.501060e-11   -1.106577e-21
   46  109    1.568438e-20    1.106576e-21
   46  110    1.000424e-14   -2.987716e-25
   46  111    4.234765e-24    2.987743e-25
   47  105    4.929946e-27    6.427442e-28
   47  106    5.258284e-28    6.855707e-29
   47  107    4.291539e-12   -1.249493e-21
   47  108    1.771007e-20    1.249494e-21
   47  109    6.599128e-12   -1.526261e-21
   47  110    2.163293e-20    1.526262e-21
   47  111    5.759306e-29    7.712684e-30
   48  107    1.802342e-28    2.349812e-29
   48  108    3.603379e-13   -4.059188e-23
   48  109    5.753427e-22    4.059205e-23
   48  110    1.909901e-11   -1.824460e-21
   48  111    4.587530e-12    8.187860e-22
   48  112    2.054442e-11   -4.498182e-22
   48  113    2.062986e-20    1.455493e-21
   48  114    3.413728e-11   -1.547946e-21
   48  115    2.194024e-20    1.547944e-21
   48  116    2.673547e-15   -7.831062e-26
   48  117    1.109990e-24    7.831282e-26
   49  109    2.883180e-29    3.758960e-30
   49  111    2.030697e-27    2.647531e-28
   49  112    2.578565e-28    3.362221e-29
   49  113    6.099931e-12   -2.572871e-21
   49  114    3.646735e-20    2.572872e-21
   49  115    2.746089e-27    3.575211e-28
   50  112    1.518501e-24   -1.794932e-34
   50  113    1.660771e-28    2.165223e-29
   50  114    1.053078e-13   -8.474171e-24
   50  115    5.384892e-12   -9.376351e-22
   50  116    3.958575e-11   -1.071890e-21
   50  117    8.542083e-12    9.368564e-22
   50  118    4.908861e-11   -4.459214e-22
   50  119    1.176970e-11    4.382312e-22
   50  120    6.577789e-11   -1.536359e-22
   50  121    1.761057e-20    1.242474e-21
   50  122    5.075922e-13   -5.675255e-24
   50  123    8.044198e-23    5.675402e-24
   50  124    5.881526e-14   -3.507465e-25
   50  125    4.971369e-24    3.507437e-25
   51  115    3.515860e-30    4.583820e-31
   51  116    1.741343e-28    2.270285e-29
   51  117    1.385959e-27    1.806952e-28
   51  118    2.790344e-28    3.637926e-29
   51  119    2.217512e-27    2.891093e-28
   51  120    2.347754e-28    3.062537e-29
   51  121    3.464279e-12   -7.000452e-22
   51  122    9.922301e-21    7.000455e-22
   51  123    8.946882e-14   -1.207250e-23
   51  124    1.711133e-22    1.207251e-23
   52  120    1.000424e-30    7.328299e-40
   52  121    5.142172e-29    6.704943e-30
   52  122    9.020217e-12   -1.109706e-21
   52  123    3.001272e-12    3.249208e-22
   52  124    1.532908e-11   -3.037595e-22
   52  125    5.674406e-12    2.316283e-22
   52  126    2.620158e-11   -1.581757e-22
   52  127    1.438766e-20    1.015089e-21
   52  128    5.697728e-13   -9.414329e-24
   52  129    1.334369e-22    9.414353e-24
   52  130    1.846937e-12   -1.320662e-23
   52  131    1.871898e-22    1.320675e-23
   53  123    3.062752e-28    3.993079e-29
   53  124    4.442642e-29    5.792117e-30
   53  125    6.090345e-28    7.940319e-29
   53  126    1.132996e-28    1.480417e-29
   53  127    3.615706e-12   -6.346672e-22
   53  128    8.995646e-21    6.346674e-22
   53  129    3.153816e-29    3.223246e-30
   53  130    6.319556e-29    8.235810e-30
   53  131    1.535112e-30    1.976157e-31
   54  126    1.587975e-27    6.134324e-41
   54  127    8.554152e-29    1.115793e-29
   54  128    9.378976e-12   -1.103910e-21
   54  129    4.878037e-12    1.669402e-22
   54  130    1.462158e-11    8.525453e-23
   54  131    6.636401e-12    1.312988e-22
   54  132    4.009275e-11   -2.263761e-22
   54  133    1.341959e-20    9.467891e-22
   54  134    1.269195e-13   -1.317284e-24
   54  135    1.867282e-23    1.317541e-24
   54  136    8.091666e-12   -4.121363e-24
   54  137    5.840102e-23    4.120334e-24
   55  129    2.151588e-28    2.805144e-29
   55  130    3.619401e-29    4.718813e-30
   55  131    3.610458e-28    4.707153e-29
   55  132    9.411918e-29    1.235923e-29
   55  133    4.580889e-12   -6.635338e-22
   55  134    9.404791e-21    6.635337e-22
   55  135    1.458449e-29    1.707277e-30
   55  136    1.366765e-28    1.780515e-29
   56  132    1.667374e-27    1.112070e-41
   56  133    5.575475e-29    7.286563e-30
   56  134    1.045219e-11   -9.505953e-22
   56  135    5.105868e-12    1.454852e-22
   56  136    3.449992e-11   -4.413461e-22
   56  137    4.228070e-11   -8.804950e-23
   56  138    3.979948e-10    5.147131e-22
   56  139    1.161971e-20    8.198021e-22
   57  135    5.881456e-29    7.667979e-30
   57  136    7.530441e-30    9.817851e-31
   57  137    3.838360e-28    5.004286e-29
   57  138    1.647672e-27    2.127517e-28
   57  139    3.735397e-11   -5.678272e-22
   57  140    8.048268e-21    5.678273e-22
   57  141    1.800140e-30    2.417547e-31
   58  138    2.102341e-25    5.582158e-33
   58  139    1.055736e-27    9.766861e-29
   58  140    9.289652e-11   -7.638367e-22
   58  141    1.085883e-20    7.661429e-22
   58  142    9.158812e-14   -1.347059e-24
   58  143    1.896119e-23    1.337764e-24
   59  140    2.812891e-30    3.752577e-31
   59  141    7.804727e-12   -4.945086e-22
   59  142    7.009066e-21    4.945088e-22
   59  143    5.964045e-30    8.008895e-31
   60  141    3.879203e-30    5.069876e-31
   60  142    1.831762e-11   -5.655072e-22
   60  143    3.281111e-12    1.349738e-22
   60  144    6.940442e-12    2.141970e-22
   60  145    1.586880e-12    3.793197e-23
   60  146    4.721180e-12   -2.196875e-23
   60  147    2.821178e-21    1.990419e-22
   60  148    1.554713e-15   -4.965031e-26
   60  149    7.005538e-25    4.942598e-26
   60  150    2.527738e-21   -7.847563e-32
   60  151    1.110907e-30    7.837755e-32
   61  143    9.078547e-30    1.183620e-30
   61  144    1.468393e-30    1.914425e-31
   61  145    5.208466e-30    6.790564e-31
   61  146    1.225601e-29    1.597884e-30
   61  147    4.423332e-26    5.926091e-27
   61  148    6.565338e-28    4.632063e-29
   62  144    3.536221e-20   -3.321230e-30
   62  145    4.707438e-29    3.321226e-30
   62  146    1.927987e-23    2.582996e-24
   62  147    7.486167e-13   -2.819928e-22
   62  148    2.697089e-12   -3.172488e-23
   62  149    4.961835e-13    1.941244e-22
   62  150    1.600679e-12   -5.146857e-23
   62  151    2.375452e-21    1.675947e-22
   62  152    2.626113e-13   -2.842267e-23
   62  153    4.028552e-22    2.842254e-23
   62  154    1.429177e-15   -1.069587e-25
   62  155    1.515962e-24    1.069553e-25
   63  149    1.580277e-30    2.060295e-31
   63  150    1.637276e-27    2.193503e-28
   63  151    1.722585e-13   -7.994670e-23
   63  152    1.133061e-21    7.994053e-23
   63  153    2.282013e-13   -7.569707e-23
   63  154    1.072915e-21    7.569707e-23
   63  155    4.697193e-30    6.303045e-31
   64  151    4.224982e-28    5.660300e-29
   64  152    5.982799e-13   -1.654312e-22
   64  153    2.343671e-21    1.653524e-22
   64  154    7.795513e-13   -2.127130e-22
   64  155    2.575285e-13    1.000839e-22
   64  156    1.090206e-12   -1.193436e-22
   64  157    4.772724e-13    1.170526e-22
   64  158    2.906295e-12   -2.009467e-22
   64  159    4.477035e-21    3.158671e-22
   64  160    8.753711e-17   -6.268055e-27
   64  161    8.879133e-26    6.264471e-27
   65  158    3.118738e-27    4.178238e-28
   65  159    3.705974e-13   -1.213519e-22
   65  160    1.720011e-21    1.213515e-22
   65  161    5.911926e-30    7.939400e-31
   66  156    1.026076e-30   -8.758115e-46
   66  157    2.236459e-30    2.996268e-31
   66  158    8.864517e-14   -3.907316e-23
   66  159    5.538153e-22    3.907321e-23
   66  160    8.753711e-13   -2.468878e-22
   66  161    3.287108e-13    1.421599e-22
   66  162    1.358601e-12   -1.448881e-22
   66  163    2.448891e-13    1.992497e-22
   66  164    6.033045e-13    7.392220e-24
   66  165    6.091072e-22    4.297418e-23
   67  164    7.607865e-27    1.019254e-27
   67  165    4.844478e-13   -1.483716e-22
   67  166    2.102974e-21    1.483706e-22
   67  167    8.457521e-30    1.135826e-30
   68  163    7.728502e-29    1.035416e-29
   68  164    6.710162e-13   -2.535170e-22
   68  165    3.593299e-21    2.535171e-22
   68  166    1.024531e-12   -2.210103e-22
   68  167    4.067593e-13    1.043607e-22
   68  168    1.667374e-12   -6.559324e-23
   68  169    2.583077e-21    1.822433e-22
   68  170    3.289630e-15   -2.091215e-25
   68  171    2.958073e-24    2.087001e-25
   69  168    9.038444e-27    1.210914e-27
   69  169    5.321783e-13   -1.426903e-22
   69  170    2.022446e-21    1.426891e-22
   69  171    4.695787e-29    6.292681e-30
   69  172    7.657848e-30    5.425434e-31
   70  168    1.012334e-30   -5.254869e-46
   70  169    1.056945e-27    1.416028e-28
   70  170    8.238787e-13   -2.331341e-22
   70  171    4.206462e-13    1.122230e-22
   70  172    1.395941e-12   -1.093712e-22
   70  173    6.939358e-13    8.754008e-23
   70  174    3.156511e-12   -8.640523e-23
   70  175    3.247939e-21    2.291527e-22
   70  176    1.591584e-15   -7.333685e-26
   70  177    9.882002e-25    6.972022e-26
   71  174    4.592717e-26    6.153034e-27
   71  175    4.567651e-13   -1.221587e-22
   71  176    8.526359e-16    1.218246e-22
   71  177    4.648403e-24    3.279582e-25
   72  175    8.037585e-27    1.076825e-27
   72  176    1.193688e-12   -2.739808e-22
   72  177    3.950827e-13    1.455519e-22
   72  178    1.686108e-12   -1.033818e-22
   72  179    4.800918e-13    1.258808e-22
   72  180    2.773398e-12   -9.937073e-23
   72  181    2.909844e-21    2.052975e-22
   72  182    1.452360e-30    1.950385e-31
   73  179    2.814798e-25    3.771091e-26
   73  180    3.440347e-15   -1.876718e-24
   73  181    7.185367e-13   -1.510400e-22
   73  182    2.166876e-21    1.528790e-22
   73  183    3.828731e-30    5.141647e-31
   74  179    8.286038e-29    1.110112e-29
   74  180    5.385616e-14   -1.856239e-23
   74  181    2.631272e-22    1.856617e-23
   74  182    1.813956e-12   -2.825553e-22
   74  183    9.293557e-13    1.111039e-22
   74  184    2.060656e-12   -4.054922e-23
   74  185    3.005087e-21    2.120328e-22
   74  186    8.067936e-14   -4.388856e-24
   74  187    6.173793e-23    4.355780e-24
   75  184    3.319703e-26    4.447531e-27
   75  185    3.076980e-13   -1.068213e-22
   75  186    1.514009e-21    1.068181e-22
   75  187    6.954820e-15   -1.455095e-24
   75  188    2.060573e-23    1.453790e-24
   76  185    5.360213e-27    7.181278e-28
   76  186    1.075725e-12   -2.817031e-22
   76  187    5.077019e-13    1.003101e-22
   76  188    1.117495e-12    5.454808e-23
   76  189    3.858779e-13    3.225070e-23
   76  190    1.474309e-12   -2.975366e-23
   76  191    1.762444e-21    1.243461e-22
   76  192    3.121115e-14   -1.209974e-24
   76  193    1.712441e-23    1.208174e-24
   77  190    7.785480e-27    1.043050e-27
   77  191    3.294590e-13   -1.079673e-22
   77  192    1.530310e-21    1.079688e-22
   77  193    3.208614e-13   -6.030260e-23
   77  194    8.546800e-22    6.030001e-23
   77  195    1.094447e-30    1.469817e-31
   78  190    1.000424e-30   -1.418815e-44
   78  191    1.141272e-27    1.529005e-28
   78  192    1.094214e-12   -2.945645e-22
   78  193    4.175101e-21    2.945653e-22
   78  194    1.340775e-12   -1.738968e-22
   78  195    3.996566e-13    1.198070e-22
   78  196    2.342830e-12   -9.245722e-23
   78  197    2.077113e-21    1.465460e-22
   78  198    4.390750e-15   -9.769017e-26
   78  199    1.383227e-24    9.759047e-26
   79  196    8.934455e-27    1.196982e-27
   79  197    7.109613e-13   -1.065486e-22
   79  198    1.510180e-21    1.065474e-22
   79  199    1.701251e-30    2.284727e-31
   80  196    1.378135e-17   -2.693408e-27
   80  197    3.944326e-26    2.863214e-27
   80  198    2.319165e-12   -2.043144e-22
   80  199    1.055724e-12    1.086908e-22
   80  200    3.396440e-12   -2.394139e-23
   80  201    1.493170e-12    8.783786e-23
   80  202    5.447854e-12   -5.004927e-23
   80  203    1.159085e-21    8.177686e-23
   80  204    8.827272e-14   -3.645926e-25
   80  205    5.159860e-24    3.640422e-25
   81  202    3.690620e-26    4.944461e-27
   81  203    3.296964e-12   -1.073578e-22
   81  204    1.521605e-21    1.073538e-22
   81  205    2.532781e-13   -2.653047e-24
   81  206    3.759303e-23    2.652291e-24
   82  203    1.109472e-27    1.486401e-28
   82  204    4.899136e-12   -1.172157e-22
   82  205    9.272223e-12   -3.025510e-23
   82  206    4.705878e-11   -2.298722e-22
   82  207    6.282857e-11    2.045075e-22
   82  208    1.298627e-10    1.489701e-22
   82  209    3.384657e-22    2.387962e-23
   83  208    4.714837e-26    6.316644e-27
   83  209    3.106580e-12   -5.807632e-24
   83  210    8.222454e-23    5.801155e-24
    0    1    2.845115e-15   -3.948426e-21
    1    1    5.140605e-12   -4.041208e-14
    2    4    2.068358e-08   -2.635168e-14
