5.0360e-01
2.3109e-04
2.3704e+00
3.2929e+05
    1    2    3.266120e-19    1.658987e-20
    1    3    3.303014e-18    3.621845e-19
    2    3    2.190933e-17    1.942568e-18
    3    6    2.994997e-23    1.956986e-24
    3    7    1.781158e-23    1.706629e-24
    4    7    5.365443e-24    3.530493e-25
    4    9    2.410749e-24    1.741647e-25
    4   10    8.467505e-23    6.386082e-24
    5   10    2.400444e-19    1.206868e-20
    5   11    5.676306e-13    3.470768e-14
    5   12    1.039794e-21    9.018983e-23
    5   13    5.251357e-27    5.816577e-28
    6   11    7.119894e-16    3.324379e-17
    6   12    7.548613e-04   -6.178825e-07
    6   13    2.638381e-09    6.495476e-11
    6   14    1.802159e-09    1.004993e-10
    6   15    2.578864e-22    2.396116e-23
    6   16    2.177304e-29    2.469676e-30
    7   12    4.904292e-28    3.038878e-29
    7   13    9.834498e-13    7.662452e-15
    7   14    7.367782e-08    2.180316e-09
    7   15    1.554707e-10    6.695855e-12
    7   16    1.411027e-20    1.044851e-21
    7   17    2.805817e-23    3.600461e-24
    8   14    1.604350e-16    2.318665e-19
    8   15    3.236070e-10   -1.698146e-12
    8   16    4.636250e-02    2.246632e-05
    8   17    3.145877e-08    7.572912e-10
    8   18    1.104588e-10    5.894282e-12
    8   19    3.300947e-17    2.519681e-18
    8   20    2.122472e-22    2.073603e-23
    8   21    8.328693e-30    1.002102e-30
    9   16    1.655625e-24    3.029368e-26
    9   17    2.507723e-13    4.153763e-15
    9   18    1.741271e-10    3.167563e-12
    9   19    3.466164e-10    8.324083e-12
    9   20    1.274392e-13    6.048358e-15
    9   21    1.572471e-17    1.115671e-18
    9   22    3.453848e-24    3.306268e-25
    9   23    1.632874e-30    1.910045e-31
   10   18    4.253402e-19    6.050424e-21
   10   19    5.610297e-14   -7.609314e-16
   10   20    7.699774e-03   -3.151269e-05
   10   21    3.305474e-06    8.248360e-08
   10   22    1.289544e-07    2.183063e-09
   10   23    3.026718e-12    1.171164e-13
   10   24    1.062663e-15    5.923426e-17
   10   25    2.626010e-22    2.037283e-23
   10   26    4.642906e-28    4.782343e-29
   11   20    1.480694e-22   -1.013525e-24
   11   21    2.701271e-10    6.027450e-13
   11   22    3.196193e-08    3.676398e-11
   11   23    1.966494e-05   -1.159900e-07
   11   24    1.194663e-08    2.205163e-10
   11   25    4.409383e-12    1.859447e-13
   11   26    2.048939e-16    1.302393e-17
   11   27    1.463035e-20    1.291363e-21
   11   28    4.640761e-29    5.223950e-30
   12   21    3.869608e-29   -2.109595e-31
   12   22    6.162537e-14   -1.471026e-15
   12   23    6.577955e-09   -1.692874e-10
   12   24    2.143220e-03    2.276187e-06
   12   25    3.250358e-04   -2.822487e-06
   12   26    2.733392e-04   -2.882002e-06
   12   27    7.595949e-08    1.273982e-09
   12   28    3.299327e-11    1.410275e-12
   12   29    1.748044e-18    1.181086e-19
   12   30    1.136267e-22    1.076984e-23
   13   23    3.394436e-26   -1.680904e-28
   13   24    5.670768e-18   -9.461565e-20
   13   25    4.061956e-11    3.200604e-13
   13   26    1.079412e-05   -9.570963e-07
   13   27    2.547694e-04    8.935680e-07
   13   28    1.962714e-06    1.066898e-08
   13   29    1.053824e-08    1.146090e-10
   13   30    1.588118e-12    5.022556e-14
   13   31    6.309044e-16    3.762094e-17
   13   32    6.896039e-23    5.619485e-24
   13   33    3.700873e-27    3.707084e-28
   14   25    3.106939e-24   -5.144497e-26
   14   26    6.852438e-15   -2.250808e-16
   14   27    2.767933e-08   -3.286387e-09
   14   28    4.162246e-04    6.772896e-06
   14   29    1.687818e-04    3.530558e-06
   14   30    6.774900e-05    1.769462e-06
   14   31    3.334936e-08    1.664096e-09
   14   32    4.722446e-10    4.009379e-11
   14   33    1.164779e-15    1.216506e-16
   14   34    2.147179e-19    2.897237e-20
   14   35    3.784318e-29    6.162270e-30
   15   27    6.352710e-26   -1.094582e-27
   15   28    4.734033e-17   -5.190688e-18
   15   29    2.719005e-11    4.395651e-13
   15   30    2.224405e-07   -1.799182e-09
   15   31    8.155705e-06    2.729244e-07
   15   32    6.327065e-08    3.445674e-09
   15   33    8.978292e-09    6.804050e-10
   15   34    1.221883e-11    1.292865e-12
   15   35    1.881444e-14    2.671121e-15
   15   36    2.289041e-22    3.785165e-23
   15   37    1.669739e-25    3.407279e-26
   16   29    1.359367e-23   -1.476152e-24
   16   30    3.800271e-15   -4.432303e-16
   16   31    1.197442e-10   -4.181611e-12
   16   32    9.407282e-06    4.562797e-07
   16   33    4.770520e-07    1.969409e-08
   16   34    7.212892e-07    2.590289e-08
   16   35    5.340906e-09    4.769354e-10
   16   36    7.082003e-10    9.496529e-11
   16   37    1.292705e-15    1.986783e-16
   16   38    9.388568e-19    1.827314e-19
   16   39    1.262924e-24    2.683361e-25
   16   40    1.166476e-27    3.072842e-28
   17   31    3.130150e-27   -3.024417e-28
   17   32    3.196779e-20   -7.552739e-22
   17   33    1.164388e-13    6.403136e-15
   17   34    1.345070e-10    2.285515e-12
   17   35    9.792549e-08    5.448638e-09
   17   36    1.391900e-09    1.174917e-10
   17   37    2.190572e-10    2.571709e-11
   17   38    1.927083e-13    2.804378e-14
   17   39    1.601890e-15    2.995847e-16
   17   40    7.647166e-19    1.569990e-19
   17   41    4.909746e-21    1.219706e-21
   17   42    1.652238e-24    4.366981e-25
   17   43    3.107544e-27    9.811529e-28
   18   33    9.219732e-27   -2.145851e-28
   18   34    7.787843e-18    3.456280e-19
   18   35    2.637835e-13   -2.882578e-15
   18   36    4.969009e-09    3.540748e-10
   18   37    1.005699e-10    5.812766e-12
   18   38    1.086539e-09    5.419770e-11
   18   39    9.448705e-12    8.497643e-13
   18   40    4.012381e-12    2.942482e-13
   18   41    1.948033e-14    2.104593e-15
   18   42    1.363699e-16    2.115807e-17
   18   43    8.816213e-20    1.544067e-20
   18   44    3.414564e-22    7.603602e-23
   18   45    1.151628e-26    2.733007e-27
   19   35    2.206073e-30    1.379823e-31
   19   36    6.195241e-23   -1.804715e-26
   19   37    7.805594e-18    6.221029e-19
   19   38    2.099519e-14    6.975564e-16
   19   39    8.757746e-11    6.202600e-12
   19   40    3.953121e-12    2.591994e-13
   19   41    2.492646e-12    1.187154e-13
   19   42    1.339805e-13    1.403649e-14
   19   43    5.852414e-14    4.268875e-15
   19   44    1.209909e-15    1.445092e-16
   19   45    2.795730e-17    4.664323e-18
   19   46    1.040249e-19    2.197837e-20
   19   47    2.337831e-22    5.692021e-23
   19   48    8.534403e-28    2.211552e-28
   20   37    4.708616e-30    1.028843e-32
   20   38    3.170123e-22    2.246290e-23
   20   39    1.494099e-17    8.651635e-20
   20   40    1.521149e-11    5.916874e-13
   20   41    1.465508e-12    3.287736e-14
   20   42    4.132202e-08   -3.260293e-10
   20   43    1.552954e-08    3.723650e-11
   20   44    6.305990e-08   -2.847788e-10
   20   45    2.604242e-09    1.254808e-10
   20   46    3.965554e-10    2.452853e-11
   20   47    4.935636e-12    4.217371e-13
   20   48    1.304472e-09   -3.425243e-11
   20   49    7.212975e-14   -5.453269e-16
   20   50    8.006018e-17    2.042211e-18
   20   51    8.804293e-23    4.121072e-24
   20   52    3.525151e-29    2.332961e-30
   21   40    2.287793e-29    5.111369e-31
   21   41    1.087678e-21    5.626700e-23
   21   42    1.530274e-17    2.511533e-19
   21   43    1.626108e-10   -4.960198e-12
   21   44    1.844671e-10   -4.977470e-12
   21   45    1.250805e-08    1.763902e-10
   21   46    2.307357e-09    1.450993e-10
   21   47    2.131940e-10    2.219407e-11
   21   48    7.128513e-10    1.950449e-11
   21   49    1.400893e-10    4.891467e-12
   21   50    2.368385e-13    1.455146e-14
   21   51    1.044460e-15    1.229081e-16
   21   52    2.241116e-20    2.997149e-21
   21   53    6.416428e-25    9.518367e-26
   22   42    5.638838e-28    2.830618e-29
   22   43    4.611823e-21    2.570890e-24
   22   44    1.192249e-11    1.201382e-14
   22   45    5.532919e-12   -6.681636e-14
   22   46    1.752790e-08   -1.275943e-10
   22   47    8.952737e-09    4.428806e-11
   22   48    1.466806e-08    3.527580e-11
   22   49    1.479698e-08   -9.243648e-11
   22   50    5.357394e-08   -8.549241e-11
   22   51    6.663670e-10    2.482835e-11
   22   52    8.515393e-12    8.166330e-13
   22   53    1.873570e-15    2.104379e-16
   22   54    5.122164e-18    8.310918e-19
   22   55    1.136857e-24    2.067895e-25
   22   56    1.814646e-29    3.568486e-30
   23   44    6.473363e-30    5.686718e-32
   23   45    2.329494e-20    2.687040e-22
   23   46    3.152620e-16   -1.188891e-17
   23   47    3.098551e-11   -1.043639e-12
   23   48    3.544191e-11   -8.130950e-13
   23   49    2.206090e-09    6.817828e-11
   23   50    7.519828e-10    3.803322e-11
   23   51    7.191641e-09    8.990278e-11
   23   52    9.761650e-10    6.171772e-11
   23   53    2.493939e-11    2.902720e-12
   23   54    2.970547e-14    3.977888e-15
   23   55    4.989194e-16    9.261066e-17
   23   56    3.041916e-21    6.119496e-22
   23   57    3.726807e-24    8.157270e-25
   24   46    1.286081e-25   -1.269628e-27
   24   47    4.508672e-20   -2.913545e-21
   24   48    2.405044e-14   -1.710425e-15
   24   49    6.441477e-14   -1.898736e-15
   24   50    6.255478e-11    5.001618e-12
   24   51    3.332327e-10    1.123177e-11
   24   52    5.069515e-08   -2.709915e-10
   24   53    1.192718e-08    6.308357e-11
   24   54    1.296676e-07   -2.558398e-10
   24   55    1.681036e-09    3.752084e-11
   24   56    4.114552e-11    3.423333e-12
   24   57    6.535925e-15    6.512841e-16
   24   58    5.517722e-17    8.619904e-18
   24   59    3.230553e-23    5.698027e-24
   24   60    7.186933e-26    1.500256e-26
   25   48    8.471309e-29   -4.770471e-30
   25   49    2.076940e-22   -1.304097e-23
   25   50    1.168182e-18   -6.364433e-20
   25   51    2.660111e-14    1.657094e-15
   25   52    6.399828e-13    1.007657e-14
   25   53    1.373768e-09    4.787023e-11
   25   54    2.897083e-09    1.141138e-10
   25   55    3.234040e-08   -1.075030e-10
   25   56    4.483917e-09    2.195146e-10
   25   57    2.627057e-10    2.771685e-11
   25   58    1.381259e-12    1.782814e-13
   25   59    5.291460e-14    9.696800e-15
   25   60    8.211976e-18    1.616766e-18
   25   61    1.112162e-19    2.637331e-20
   25   62    1.033190e-25    2.619427e-26
   26   50    6.543219e-28   -4.627234e-29
   26   51    7.557742e-23   -6.200869e-24
   26   52    4.378773e-18    9.732227e-20
   26   53    2.908693e-16    1.562858e-18
   26   54    3.697111e-09   -3.861988e-11
   26   55    2.564935e-09    8.791686e-11
   26   56    1.606206e-06   -8.940103e-09
   26   57    8.962809e-07   -4.944750e-09
   26   58    4.994422e-06   -4.070731e-09
   26   59    2.453914e-07    8.571946e-09
   26   60    1.127645e-08    1.077157e-09
   26   61    5.452733e-12    6.065844e-13
   26   62    8.777987e-14    1.487747e-14
   26   63    1.901816e-18    3.535715e-19
   26   64    1.189687e-20    2.824980e-21
   26   65    8.400641e-27    2.142553e-27
   27   53    3.844000e-27    1.233180e-28
   27   54    2.761051e-21   -4.376249e-23
   27   55    8.265641e-13   -2.979409e-14
   27   56    1.166682e-12    1.629766e-14
   27   57    3.169857e-08    7.035372e-10
   27   58    1.676221e-08    5.728496e-10
   27   59    1.946629e-06   -5.357069e-09
   27   60    1.545307e-07    7.644173e-09
   27   61    2.287845e-08    2.435252e-09
   27   62    4.833454e-10    6.561061e-11
   27   63    3.789513e-11    7.202256e-12
   27   64    3.452724e-14    7.026687e-15
   27   65    1.519777e-15    3.853046e-16
   27   66    8.876915e-20    2.370444e-20
   27   67    1.274704e-21    3.889507e-22
   27   68    4.542773e-27    1.453172e-27
   28   55    3.729597e-26   -1.490615e-27
   28   56    8.493703e-17   -4.460114e-18
   28   57    1.120857e-14    2.070907e-16
   28   58    6.959361e-10    9.645542e-12
   28   59    1.591132e-08    3.447975e-10
   28   60    2.134247e-06   -2.826574e-08
   28   61    1.156296e-06    3.939113e-09
   28   62    2.526386e-06    1.824600e-08
   28   63    1.711989e-07    9.458771e-09
   28   64    1.415662e-06    4.608342e-09
   28   65    1.573556e-08    3.811390e-10
   28   66    8.056176e-10    6.850958e-11
   28   67    5.920609e-13    6.004120e-14
   28   68    8.330224e-15    1.329302e-15
   28   69    7.309593e-20    1.295179e-20
   28   70    2.459261e-22    5.633949e-23
   28   71    9.503462e-29    2.343833e-29
   29   57    4.341855e-28   -1.569981e-29
   29   58    6.190926e-22    1.352203e-23
   29   59    2.226269e-15    2.888677e-17
   29   60    1.366703e-12    9.639780e-15
   29   61    7.120712e-10   -2.520687e-11
   29   62    1.101961e-09   -2.478083e-11
   29   63    4.620498e-07   -1.710167e-08
   29   64    2.577745e-07    3.374334e-09
   29   65    1.027543e-06    3.543173e-09
   29   66    1.489850e-07    4.740848e-09
   29   67    5.210532e-08    4.888910e-09
   29   68    3.548085e-10    3.876014e-11
   29   69    3.352154e-11    5.634590e-12
   29   70    3.894594e-15    7.145877e-16
   29   71    1.849202e-16    4.374445e-17
   29   72    4.817989e-21    1.208067e-21
   29   73    1.513037e-22    4.481138e-23
   29   74    2.257583e-27    6.979843e-28
   30   59    3.026975e-29    7.539895e-31
   30   60    1.529840e-20   -1.527165e-22
   30   61    9.703295e-17   -1.400536e-18
   30   62    5.888990e-13   -3.674629e-14
   30   63    6.962947e-13   -3.343966e-14
   30   64    5.431133e-07   -1.437310e-08
   30   65    1.530201e-07    1.373455e-09
   30   66    1.111272e-06   -8.533777e-09
   30   67    3.253361e-07    1.162104e-09
   30   68    1.474086e-06    1.093938e-08
   30   69    4.322191e-08    1.183705e-09
   30   70    1.204837e-08    1.038011e-09
   30   71    3.996510e-11    4.077404e-12
   30   72    2.500824e-12    3.929779e-13
   30   73    1.170322e-15    2.011685e-16
   30   74    2.419610e-17    5.419219e-18
   30   75    6.212614e-22    1.483666e-22
   30   76    5.191728e-24    1.488950e-24
   30   77    2.514412e-29    7.575996e-30
   31   62    5.533176e-24   -5.731637e-26
   31   63    7.113351e-20   -4.068120e-21
   31   64    9.546671e-18   -5.129459e-19
   31   65    3.008624e-11   -1.044944e-12
   31   66    5.350441e-11   -4.749366e-13
   31   67    6.253997e-09    5.090974e-12
   31   68    2.527595e-09    4.830202e-11
   31   69    8.855273e-08   -2.590767e-09
   31   70    4.004309e-08   -1.032602e-10
   31   71    1.747560e-07    3.022606e-09
   31   72    9.161972e-09    2.789731e-10
   31   73    5.281091e-09    4.439966e-10
   31   74    9.659660e-11    9.873941e-12
   31   75    1.367950e-11    2.139038e-12
   31   76    5.856399e-15    9.893757e-16
   31   77    5.822304e-16    1.285382e-16
   31   78    1.346055e-19    3.143730e-20
   31   79    2.575925e-21    7.130377e-22
   31   80    4.881925e-27    1.426158e-27
   32   64    2.378018e-25   -2.011656e-26
   32   65    2.262761e-22   -1.789692e-23
   32   66    5.302666e-15   -3.122729e-16
   32   67    9.773520e-15   -3.025784e-16
   32   68    2.538491e-11    1.029164e-12
   32   69    1.849097e-11   -1.706050e-13
   32   70    1.295291e-07   -4.368772e-09
   32   71    5.384598e-08    4.407569e-10
   32   72    2.093743e-07   -3.210939e-10
   32   73    6.255709e-08    5.941656e-10
   32   74    2.058402e-07    2.615050e-09
   32   75    2.123116e-08    7.248200e-10
   32   76    3.123223e-09    2.869292e-10
   32   77    3.627939e-11    3.958577e-12
   32   78    2.260077e-12    3.753341e-13
   32   79    3.160634e-15    5.779700e-16
   32   80    5.173384e-17    1.217687e-17
   32   81    1.272722e-21    3.182378e-22
   32   82    4.514415e-24    1.331055e-24
   33   66    1.835172e-29   -1.384404e-30
   33   67    9.105783e-23   -4.712415e-24
   33   68    1.708040e-20   -5.384048e-22
   33   69    1.909724e-16    7.654047e-18
   33   70    2.092862e-15   -5.196444e-17
   33   71    8.761634e-11   -4.425687e-12
   33   72    5.171056e-11   -1.295182e-12
   33   73    1.285246e-09    1.865937e-11
   33   74    3.677171e-10    1.161769e-11
   33   75    5.978886e-09   -2.023964e-10
   33   76    8.332265e-09   -1.381022e-10
   33   77    7.530246e-09    4.577122e-10
   33   78    3.586950e-10    2.886124e-11
   33   79    2.178783e-10    3.179987e-11
   33   80    3.822119e-12    6.438303e-13
   33   81    6.299181e-13    1.418160e-13
   33   82    1.347866e-16    3.205212e-17
   33   83    6.860350e-18    1.977174e-18
   33   84    1.287579e-24    3.927769e-25
   33   85    5.204230e-29    1.644376e-29
   34   68    1.943732e-28   -1.543678e-29
   34   69    5.707658e-25   -2.981626e-26
   34   70    1.870039e-20    1.624889e-22
   34   71    2.388338e-19   -1.143341e-20
   34   72    2.619726e-13   -5.839975e-15
   34   73    8.975000e-14   -1.101798e-15
   34   74    3.553664e-12    1.579227e-13
   34   75    2.215963e-11   -4.762784e-13
   34   76    1.620878e-08   -1.089483e-09
   34   77    1.496090e-08   -6.435382e-10
   34   78    7.869237e-08    3.746212e-11
   34   79    1.651437e-08    5.377696e-10
   34   80    1.453220e-08    9.964426e-10
   34   81    1.281128e-09    1.206631e-10
   34   82    1.809694e-10    2.407947e-11
   34   83    5.731431e-13    8.593264e-14
   34   84    2.185790e-14    4.244729e-15
   34   85    1.194942e-19    2.528527e-20
   34   86    2.675808e-23    6.007285e-24
   34   87    1.323613e-29    3.225789e-30
   35   71    7.737638e-29    1.385460e-30
   35   72    9.842454e-26   -4.565187e-27
   35   73    5.143743e-19   -1.045673e-20
   35   74    3.826502e-18   -9.496785e-20
   35   75    4.253139e-16    1.250847e-17
   35   76    4.323007e-15   -1.744359e-16
   35   77    4.786064e-11   -2.198583e-12
   35   78    1.980898e-11   -7.391669e-13
   35   79    5.926734e-10   -7.617883e-11
   35   80    1.676451e-09   -1.524799e-10
   35   81    4.574086e-09   -1.684971e-10
   35   82    4.050425e-09    9.361118e-12
   35   83    4.679407e-09    3.628691e-10
   35   84    3.408771e-10    3.625514e-11
   35   85    8.435346e-11    1.416706e-11
   35   86    2.683278e-15    4.925827e-16
   35   87    4.477765e-18    8.948228e-19
   35   88    3.863848e-23    8.356354e-24
   35   89    3.982772e-27    9.064033e-28
   36   73    1.615674e-30   -1.114151e-31
   36   74    1.889980e-23   -7.316881e-25
   36   75    1.691552e-22   -7.376523e-24
   36   76    7.517312e-19   -3.154151e-20
   36   77    5.684508e-17   -2.919952e-18
   36   78    5.809957e-14   -9.487302e-16
   36   79    2.690066e-13   -3.586904e-14
   36   80    3.448564e-09   -3.859995e-10
   36   81    3.427094e-09   -2.698179e-10
   36   82    3.638994e-08   -8.282065e-10
   36   83    2.094897e-08   -3.264176e-11
   36   84    6.904091e-08    6.946463e-10
   36   85    1.099822e-08    6.082433e-10
   36   86    2.259956e-09    2.021259e-10
   36   87    1.099181e-12    1.160341e-13
   36   88    1.824673e-14    2.388167e-15
   36   89    5.594030e-19    8.236370e-20
   36   90    7.780952e-22    1.261846e-22
   36   91    3.128153e-28    5.677016e-29
   37   76    1.110983e-28   -4.885892e-30
   37   77    1.069626e-24   -4.507646e-26
   37   78    3.522429e-22   -2.069645e-23
   37   79    2.648759e-18   -7.431355e-20
   37   80    1.667598e-17   -2.555410e-18
   37   81    1.535701e-12   -1.953160e-13
   37   82    1.362601e-12   -1.504614e-13
   37   83    3.623440e-11   -1.018989e-12
   37   84    2.375644e-11   -2.498342e-13
   37   85    2.705524e-09   -1.805167e-10
   37   86    2.911201e-09   -3.256107e-11
   37   87    3.099591e-09    2.266669e-10
   37   88    1.516990e-11    1.374978e-12
   37   89    1.019186e-12    1.347674e-13
   37   90    3.927381e-16    5.719166e-17
   37   91    2.604774e-18    4.138196e-19
   37   92    2.315996e-23    4.060495e-24
   37   93    1.692640e-26    3.160344e-27
   38   78    1.213783e-29   -7.693161e-31
   38   79    7.040343e-27   -5.542911e-28
   38   80    6.685911e-22   -7.668222e-23
   38   81    5.849061e-20   -7.672765e-21
   38   82    8.953134e-16   -9.666243e-17
   38   83    1.254474e-15   -8.651054e-17
   38   84    3.879205e-14    7.444258e-16
   38   85    5.598954e-13   -4.451960e-14
   38   86    1.372798e-08   -3.032618e-10
   38   87    1.258411e-08   -5.770899e-11
   38   88    3.936873e-08    3.225997e-10
   38   89    7.601182e-10    3.183266e-11
   38   90    4.217340e-11    4.240788e-12
   38   91    1.019776e-13    1.174344e-14
   38   92    3.285105e-15    4.928448e-16
   38   93    6.116446e-19    1.008097e-19
   38   94    3.847730e-21    7.062668e-22
   38   95    2.812514e-27    5.682068e-28
   39   81    1.057096e-28   -1.172127e-29
   39   82    1.839573e-25   -2.506594e-26
   39   83    1.093699e-20   -1.263692e-21
   39   84    2.055497e-20   -1.664760e-21
   39   85    2.246124e-18    7.220179e-21
   39   86    4.317149e-17   -3.714605e-18
   39   87    1.680394e-12   -7.463291e-14
   39   88    3.334367e-12   -1.192905e-13
   39   89    4.599134e-09   -2.289838e-11
   39   90    3.040473e-10    8.752790e-12
   39   91    1.878663e-10    1.640472e-11
   39   92    5.032759e-12    5.149853e-13
   39   93    1.393358e-12    1.883287e-13
   39   94    1.243118e-14    1.842696e-15
   39   95    2.294345e-16    3.662639e-17
   39   96    3.142870e-20    5.517795e-21
   39   97    2.021784e-24    3.762944e-25
   39   98    5.868777e-30    1.204877e-30
   40   83    2.058175e-30   -3.246617e-31
   40   84    3.296901e-25   -4.059394e-26
   40   85    5.152161e-25   -5.252349e-26
   40   86    1.664386e-21   -1.482712e-22
   40   87    2.113380e-19   -1.136699e-20
   40   88    4.540582e-16   -1.927349e-17
   40   89    8.094075e-15   -1.299227e-16
   40   90    1.954913e-09   -1.533263e-11
   40   91    6.166606e-10    1.571031e-12
   40   92    8.876857e-10    1.027972e-11
   40   93    1.438695e-10    1.438237e-12
   40   94    4.265298e-10    1.330925e-12
   40   95    1.974702e-11    4.130221e-13
   40   96    5.620058e-12    3.766029e-13
   40   97    1.267216e-15    1.037820e-16
   40   98    4.185904e-18    3.985787e-19
   40   99    1.305709e-23    1.519008e-24
   40  100    1.885256e-25    2.815588e-26
   40  101    3.075969e-30    5.097633e-31
   41   87    3.613590e-27   -3.358081e-28
   41   88    1.763580e-24   -1.264978e-25
   41   89    7.333558e-21   -4.260964e-22
   41   90    3.099400e-19   -1.053637e-20
   41   91    3.476858e-13   -1.680353e-16
   41   92    2.764501e-13    8.693314e-15
   41   93    4.397289e-13    2.723650e-14
   41   94    1.738501e-13    1.203215e-14
   41   95    1.466253e-13    1.509110e-14
   41   96    2.142675e-14    2.544525e-15
   41   97    1.760730e-14    2.940791e-15
   41   98    2.489988e-17    4.464759e-18
   41   99    1.121545e-18    2.147661e-19
   41  100    1.303544e-22    2.683944e-23
   41  101    1.699945e-23    4.147390e-24
   41  102    3.602750e-27    9.225131e-28
   42   89    1.053108e-29   -9.804394e-31
   42   90    2.820721e-25   -1.796069e-26
   42   91    4.400375e-22    6.236102e-25
   42   92    1.045175e-16    4.284429e-18
   42   93    2.020375e-16    7.112808e-18
   42   94    1.891388e-12   -2.537687e-14
   42   95    7.433223e-12   -6.511054e-13
   42   96    8.659537e-11   -1.087081e-12
   42   97    1.617656e-11    8.650017e-15
   42   98    1.058855e-10    1.683066e-12
   42   99    6.628857e-13    2.023434e-14
   42  100    5.948573e-13    4.987401e-14
   42  101    6.017007e-16    5.972158e-17
   42  102    8.584368e-17    1.315409e-17
   42  103    3.625385e-20    6.056383e-21
   42  104    2.900902e-21    6.042738e-22
   42  105    1.400687e-25    3.117538e-26
   42  106    1.000290e-27    1.000290e-27
   43   92    1.688721e-27   -2.335521e-29
   43   93    2.063682e-21    6.647330e-23
   43   94    5.426568e-20   -4.267541e-23
   43   95    2.187979e-16   -1.464462e-17
   43   96    5.937076e-16   -2.871022e-17
   43   97    6.043483e-15   -2.314536e-17
   43   98    3.534700e-15    2.719506e-17
   43   99    2.298801e-13   -1.483727e-15
   43  100    1.721264e-14    6.875304e-17
   43  101    4.331198e-14    2.883987e-15
   43  102    1.509491e-16    1.195176e-17
   43  103    1.596998e-16    2.177600e-17
   43  104    3.507972e-19    5.214264e-20
   43  105    1.601659e-19    3.158483e-20
   43  106    3.597529e-23    7.562950e-24
   43  107    9.216918e-25    2.044178e-25
   43  108    1.218431e-28    2.869664e-29
   44   94    2.637829e-25    8.560247e-27
   44   95    3.185121e-22   -1.975886e-23
   44   96    4.114150e-20    5.242098e-22
   44   97    1.575772e-18   -8.715969e-21
   44   98    1.232943e-13   -5.039005e-15
   44   99    5.271705e-13   -8.421880e-14
   44  100    1.868072e-11   -9.353339e-13
   44  101    3.217792e-12   -1.327647e-13
   44  102    2.436233e-11    9.750794e-13
   44  103    1.117736e-12    6.225702e-14
   44  104    9.816384e-13    1.182309e-13
   44  105    8.802409e-15    1.176323e-15
   44  106    2.311426e-15    4.404075e-16
   44  107    2.050256e-18    4.164248e-19
   44  108    4.449055e-19    1.109504e-19
   44  109    4.049124e-23    1.063546e-23
   44  110    2.789903e-24    8.163537e-25
   44  111    4.807066e-29    1.472483e-29
   45   96    5.877771e-28   -4.265625e-29
   45   97    4.811639e-25    2.334472e-28
   45   98    9.759130e-23   -3.273898e-24
   45   99    5.573431e-18   -7.423404e-19
   45  100    9.669668e-18   -1.217657e-18
   45  101    6.612614e-16   -3.561574e-17
   45  102    7.419101e-16   -3.900847e-17
   45  103    2.142157e-12   -1.531375e-13
   45  104    6.011678e-13   -3.717267e-14
   45  105    4.171862e-12    1.386376e-13
   45  106    1.660775e-13    7.408694e-15
   45  107    3.808070e-13    4.324175e-14
   45  108    4.001412e-15    5.005234e-16
   45  109    4.137223e-15    7.354170e-16
   45  110    9.692916e-18    1.841337e-18
   45  111    1.959154e-18    4.331476e-19
   45  112    5.278130e-22    1.234151e-22
   45  113    3.124960e-23    7.827401e-24
   45  114    3.761102e-28    9.968652e-29
   46   98    2.934785e-28   -8.021651e-30
   46   99    6.355563e-25   -8.403379e-26
   46  100    2.474655e-22   -2.243144e-23
   46  101    2.924005e-21   -1.313617e-22
   46  102    1.163684e-17   -2.634700e-19
   46  103    2.818008e-16   -2.144763e-17
   46  104    4.073099e-12   -4.221499e-13
   46  105    1.032899e-12   -1.030067e-13
   46  106    2.380994e-11   -6.028999e-13
   46  107    1.956103e-12   -3.051599e-14
   46  108    4.009029e-11    9.749631e-13
   46  109    1.354391e-12    5.099471e-14
   46  110    1.453595e-12    1.316273e-13
   46  111    4.884982e-15    5.094906e-16
   46  112    2.429513e-15    3.771985e-16
   46  113    1.127669e-18    1.911115e-19
   46  114    2.212832e-19    4.731427e-20
   46  115    2.233732e-23    5.100338e-24
   46  116    9.182779e-25    2.356954e-25
   46  117    1.568232e-29    4.260018e-30
   47  101    7.465169e-28   -6.338837e-29
   47  102    5.333558e-27   -2.577186e-28
   47  103    3.827985e-22   -3.285683e-23
   47  104    4.061819e-20   -4.240778e-21
   47  105    2.748791e-17   -3.435796e-18
   47  106    4.062968e-17   -5.694933e-18
   47  107    1.274267e-13   -2.713977e-14
   47  108    9.285943e-14   -1.875802e-14
   47  109    3.569783e-12   -2.406617e-13
   47  110    4.972288e-13   -2.826955e-14
   47  111    5.953663e-12    2.509186e-13
   47  112    2.275496e-13    1.221078e-14
   47  113    4.216771e-13    5.153634e-14
   47  114    1.123918e-15    1.514061e-16
   47  115    7.446557e-16    1.414339e-16
   47  116    2.043500e-19    4.150505e-20
   47  117    9.843716e-20    2.431133e-20
   47  118    1.534404e-23    3.983780e-24
   47  119    1.319772e-24    3.766909e-25
   47  120    3.290108e-29    9.831504e-30
   48  103    1.138424e-30   -9.203722e-32
   48  104    1.121219e-25   -1.012837e-26
   48  105    8.844782e-24   -1.139743e-24
   48  106    2.044174e-20   -1.250170e-21
   48  107    1.303038e-18   -1.627865e-19
   48  108    9.485299e-14   -7.787551e-15
   48  109    2.425749e-14   -1.869616e-15
   48  110    6.964179e-12   -4.550516e-13
   48  111    1.735989e-12   -1.005808e-13
   48  112    2.514042e-11   -1.122899e-13
   48  113    1.929499e-12    1.333408e-14
   48  114    4.042837e-11    5.159479e-13
   48  115    9.007689e-13    2.385537e-14
   48  116    1.501738e-12    1.232214e-13
   48  117    6.950826e-15    6.716096e-16
   48  118    3.139134e-15    4.701130e-16
   48  119    1.520940e-18    2.494387e-19
   48  120    2.996394e-19    6.356844e-20
   48  121    5.740455e-23    1.299476e-23
   48  122    2.678056e-24    7.145144e-25
   48  123    6.044157e-29    1.703203e-29
   49  106    7.620716e-30   -6.234698e-31
   49  107    6.329306e-26   -6.752147e-27
   49  108    1.751079e-23   -1.401681e-24
   49  109    1.221995e-19   -1.219909e-20
   49  110    1.900145e-19   -1.755511e-20
   49  111    2.188171e-17   -2.677282e-18
   49  112    6.823326e-17   -1.051338e-17
   49  113    2.477921e-13   -4.952712e-14
   49  114    1.203178e-13   -2.267219e-14
   49  115    3.099857e-12   -9.397553e-14
   49  116    4.415716e-13   -7.913112e-15
   49  117    2.043857e-12    1.549640e-13
   49  118    5.970275e-14    5.281526e-15
   49  119    8.716413e-14    1.375525e-14
   49  120    5.882763e-16    1.001046e-16
   49  121    3.933864e-16    8.916991e-17
   49  122    5.649649e-19    1.350721e-19
   49  123    1.680674e-19    4.836479e-20
   49  124    4.739109e-23    1.422061e-23
   49  125    5.789639e-24    1.989894e-24
   49  126    4.046474e-28    1.439340e-28
   50  108    1.861006e-29    5.762984e-31
   50  109    3.864778e-28   -4.170542e-29
   50  110    6.522077e-25   -6.401516e-26
   50  111    4.184442e-24   -5.575714e-25
   50  112    6.114859e-20   -4.492059e-22
   50  113    2.206287e-18   -1.169058e-19
   50  114    2.453121e-13   -9.321377e-15
   50  115    4.807498e-13   -6.357780e-14
   50  116    3.035292e-11   -7.085518e-13
   50  117    6.703029e-12   -8.490216e-14
   50  118    6.236209e-11    2.500247e-13
   50  119    5.234469e-12    8.657383e-14
   50  120    7.110194e-11    3.537733e-13
   50  121    2.170256e-12    4.482012e-14
   50  122    2.085809e-12    1.288439e-13
   50  123    2.120285e-14    1.653636e-15
   50  124    6.127141e-14    5.756212e-16
   50  125    2.343216e-16    6.032610e-18
   50  126    4.630573e-17    3.749158e-18
   50  127    6.304525e-20    6.164323e-21
   50  128    2.385484e-21    3.659584e-22
   50  129    1.126436e-24    1.904830e-25
   50  130    1.339069e-26    3.109954e-27
   51  112    1.110462e-30   -1.518528e-31
   51  113    2.062724e-26   -5.688813e-28
   51  114    1.699672e-24   -8.162499e-26
   51  115    1.243538e-19   -8.502645e-21
   51  116    3.987428e-19   -4.789251e-20
   51  117    2.482159e-17   -1.053236e-18
   51  118    3.054298e-17   -1.261070e-18
   51  119    1.523400e-15   -4.966505e-17
   51  120    1.363938e-15   -3.839652e-17
   51  121    1.473630e-12   -7.570770e-14
   51  122    2.448617e-13   -9.935566e-15
   51  123    1.582675e-12    6.326559e-14
   51  124    1.109460e-13    5.944008e-15
   51  125    1.368946e-13    1.610554e-14
   51  126    2.418746e-15    3.144147e-16
   51  127    1.040025e-15    1.934879e-16
   51  128    3.435920e-18    6.809660e-19
   51  129    5.561867e-19    1.385156e-19
   51  130    4.154583e-22    1.084373e-22
   51  131    2.088259e-23    6.419306e-24
   51  132    8.855189e-27    2.823691e-27
   52  115    6.810366e-30   -4.356400e-31
   52  116    1.583760e-25   -1.948359e-26
   52  117    3.876001e-25   -4.210165e-26
   52  118    9.563193e-23   -4.188700e-24
   52  119    1.093882e-21   -4.230606e-23
   52  120    7.362837e-17   -4.300052e-18
   52  121    2.147472e-16   -1.629328e-17
   52  122    2.257268e-12   -2.083002e-13
   52  123    5.271008e-13   -4.469102e-14
   52  124    1.862014e-11   -2.776225e-13
   52  125    2.138608e-12   -6.288015e-15
   52  126    3.247097e-11    3.569452e-13
   52  127    1.472427e-12    3.656441e-14
   52  128    2.387089e-12    1.464156e-13
   52  129    4.477264e-14    3.019587e-15
   52  130    1.712422e-12   -6.312182e-15
   52  131    9.791134e-15    1.243683e-16
   52  132    1.818949e-15    1.351485e-16
   52  133    4.384647e-18    4.023382e-19
   52  134    9.589838e-20    1.434282e-20
   52  135    2.164421e-27    3.735511e-28
   53  119    4.592037e-28    1.553178e-29
   53  120    4.697921e-27   -2.290116e-28
   53  121    2.377418e-22   -2.235468e-23
   53  122    5.473432e-21   -5.003132e-22
   53  123    2.805283e-18   -2.845410e-19
   53  124    3.948364e-18   -3.133572e-19
   53  125    2.046934e-15   -4.744990e-17
   53  126    1.929284e-15   -3.616827e-17
   53  127    1.841838e-12   -6.615447e-14
   53  128    3.807824e-13   -9.684285e-15
   53  129    1.275519e-12    6.533239e-14
   53  130    6.090055e-14    3.846741e-15
   53  131    5.216346e-14    6.616351e-15
   53  132    8.312239e-16    1.161123e-16
   53  133    2.004918e-16    3.931668e-17
   53  134    1.811837e-18    3.831876e-19
   53  135    5.858591e-20    1.536001e-20
   53  136    8.668059e-28    2.435437e-28
   54  121    1.593589e-29    2.633955e-32
   54  122    2.368023e-27   -2.709452e-28
   54  123    1.127421e-25   -1.243418e-26
   54  124    5.426075e-22   -4.231629e-24
   54  125    1.024596e-20   -2.522951e-22
   54  126    3.196366e-16   -1.288687e-17
   54  127    9.298620e-16   -6.054374e-17
   54  128    3.032114e-12   -2.388672e-13
   54  129    9.287766e-13   -6.433436e-14
   54  130    2.218872e-11   -1.068664e-13
   54  131    3.047056e-12    2.736093e-14
   54  132    4.268485e-11    2.196150e-13
   54  133    2.261971e-12    4.550731e-14
   54  134    1.917126e-12    1.370668e-13
   54  135    1.104943e-13    4.280778e-15
   54  136    7.653594e-12   -2.371072e-14
   54  137    3.538486e-18    7.401894e-20
   54  138    9.588794e-23    3.473692e-24
   54  139    1.863413e-29    1.124287e-30
   55  125    3.866545e-27    2.927101e-28
   55  126    7.534514e-26   -2.902328e-27
   55  127    1.350493e-21   -1.154543e-22
   55  128    2.029471e-20   -1.640080e-21
   55  129    4.041580e-18   -3.029096e-19
   55  130    5.716606e-18   -2.392136e-19
   55  131    5.405751e-15   -2.026540e-16
   55  132    3.663606e-15   -1.331367e-16
   55  133    1.733735e-12   -9.437725e-14
   55  134    4.200553e-13   -1.812755e-14
   55  135    2.091454e-12    8.626302e-14
   55  136    2.325777e-13    1.443306e-14
   55  137    9.438943e-14    1.216702e-14
   55  138    1.291495e-19    1.916038e-20
   55  139    2.789760e-23    4.472299e-24
   55  140    3.457969e-29    6.177328e-30
   56  127    2.288790e-28    6.886641e-30
   56  128    9.308880e-27   -6.078556e-28
   56  129    3.879702e-25   -1.783266e-26
   56  130    1.376854e-20   -7.378747e-23
   56  131    1.286784e-19   -2.024889e-21
   56  132    1.315063e-15   -3.914565e-17
   56  133    2.944113e-15   -1.161551e-16
   56  134    5.177047e-12   -2.590209e-13
   56  135    1.607359e-12   -6.420263e-14
   56  136    5.721746e-11    1.342927e-13
   56  137    1.884821e-11   -1.821467e-13
   56  138    4.074722e-10    3.710370e-13
   56  139    5.705049e-15    1.196221e-16
   56  140    6.447974e-18    2.113839e-19
   56  141    6.091041e-23    3.228237e-24
   56  142    1.478115e-26    9.652437e-28
   57  130    1.880611e-30    9.932411e-32
   57  131    1.525470e-26   -4.043845e-28
   57  132    3.555588e-25   -9.838045e-27
   57  133    3.022986e-21   -1.749194e-22
   57  134    3.343898e-20   -1.764536e-21
   57  135    4.187324e-18   -1.738136e-19
   57  136    9.669127e-18   -6.120369e-20
   57  137    2.077881e-15    1.312057e-16
   57  138    6.879684e-15    4.110587e-16
   57  139    3.734299e-11   -5.243269e-16
   57  140    3.406588e-15    6.246927e-17
   57  141    1.691027e-17    4.749483e-19
   57  142    6.621849e-22    3.063705e-23
   57  143    1.161281e-24    6.655687e-26
   57  144    4.439260e-30    3.401614e-31
   58  133    2.542702e-28    1.207053e-29
   58  134    4.802514e-26    2.605777e-27
   58  135    2.045088e-24    1.927950e-25
   58  136    4.844151e-20    5.101016e-21
   58  137    7.171742e-19    5.638357e-20
   58  138    7.469441e-15    4.488604e-16
   58  139    6.066227e-14    1.667883e-15
   58  140    9.343083e-11    4.236915e-15
   58  141    4.086719e-14    6.775714e-16
   58  142    1.601290e-15    4.918800e-17
   58  143    3.104051e-19    1.484268e-20
   58  144    2.211632e-21    1.289017e-22
   58  145    3.978734e-26    3.084975e-27
   58  146    2.429029e-28    3.837361e-32
   59  136    5.053709e-28    2.872869e-30
   59  137    4.772233e-23   -9.051897e-26
   59  138    2.147256e-21    1.214301e-23
   59  139    5.683481e-17   -9.959713e-20
   59  140    1.995265e-15    9.631634e-18
   59  141    7.771666e-12   -4.927036e-16
   59  142    2.687202e-14    4.021774e-16
   59  143    4.563174e-15    1.271426e-16
   59  144    2.791455e-18    1.199114e-19
   59  145    1.210292e-19    6.352295e-21
   59  146    2.988818e-24    2.114110e-25
   59  147    1.478272e-25    1.219330e-26
   59  148    4.626373e-30    4.605497e-31
   60  137    1.888501e-30    6.058411e-32
   60  138    7.786361e-25    1.677870e-26
   60  139    1.494168e-22    3.735858e-24
   60  140    1.720634e-17    2.322630e-19
   60  141    1.365153e-15    2.207439e-17
   60  142    3.282600e-11    2.461306e-13
   60  143    5.903737e-13   -7.174475e-15
   60  144    2.144711e-12   -1.909770e-13
   60  145    8.110453e-15   -5.933831e-16
   60  146    1.603329e-15   -1.023619e-16
   60  147    6.494732e-19   -2.989942e-20
   60  148    4.110425e-20   -1.594458e-21
   60  149    5.504637e-24   -1.081822e-25
   60  150    6.248782e-25   -3.461078e-26
   60  151    1.773594e-28   -6.782690e-30
   60  152    1.054945e-26    2.004925e-32
   61  140    6.114048e-28    6.145818e-29
   61  141    4.236035e-22    3.887832e-23
   61  142    3.106914e-19    2.831532e-20
   61  143    2.066209e-14    1.670122e-15
   61  144    1.871789e-15    1.654341e-16
   61  145    5.801834e-15    3.894485e-16
   61  146    1.179741e-16    8.983679e-18
   61  147    1.070295e-16    2.927942e-18
   61  148    2.783196e-19    1.153827e-20
   61  149    5.964330e-20    2.759736e-21
   61  150    3.880551e-23    2.361623e-24
   61  151    2.504348e-22    7.546706e-24
   61  152    2.354066e-25    1.035285e-26
   61  153    3.173173e-25    1.840381e-26
   61  154    2.319208e-28    1.666026e-29
   61  155    1.937294e-29    2.428527e-30
   62  141    5.666827e-29    4.483814e-30
   62  142    2.888071e-22    1.800766e-23
   62  143    4.572599e-19    2.652025e-20
   62  144    3.070003e-13    1.276147e-14
   62  145    1.696476e-13   -1.258154e-15
   62  146    3.203701e-12   -4.801267e-14
   62  147    1.944686e-13   -1.212766e-15
   62  148    6.664916e-13   -1.544867e-14
   62  149    5.304247e-15   -4.654685e-17
   62  150    7.651394e-15   -4.925286e-17
   62  151    3.348376e-17    2.991218e-19
   62  152    1.343296e-16    1.688385e-18
   62  153    7.137401e-19    1.863551e-20
   62  154    1.076118e-18    3.838897e-20
   62  155    2.149214e-21    1.060242e-22
   62  156    1.398829e-22    9.106314e-24
   62  157    2.063889e-26    1.666894e-27
   62  158    3.100637e-28    6.710884e-31
   63  143    8.897925e-27    4.614161e-28
   63  144    1.408262e-22    6.586331e-24
   63  145    2.674616e-16    8.432401e-18
   63  146    4.959311e-16    1.793501e-17
   63  147    2.176029e-14    6.719313e-16
   63  148    4.823707e-15    1.762995e-16
   63  149    1.155985e-13    2.273699e-15
   63  150    2.575926e-15    6.827312e-17
   63  151    1.024626e-13   -3.777632e-15
   63  152    2.084777e-15   -5.204731e-17
   63  153    9.706229e-14   -1.765799e-15
   63  154    2.279642e-15   -1.548891e-17
   63  155    2.152052e-14    8.265292e-17
   63  156    1.974017e-16    3.026430e-18
   63  157    7.543911e-17    2.379931e-18
   63  158    5.006066e-20    2.298089e-21
   63  159    2.030601e-21    1.105572e-22
   63  160    1.254615e-25    8.948721e-27
   63  161    1.037045e-27    1.298092e-28
   64  145    1.920873e-26    5.697789e-28
   64  146    3.883626e-19    3.918480e-21
   64  147    2.048538e-18    6.201658e-21
   64  148    5.546996e-16   -2.052226e-18
   64  149    6.237301e-16   -2.897422e-18
   64  150    3.673440e-14   -4.985402e-16
   64  151    5.729232e-15   -4.356938e-17
   64  152    2.110716e-13   -7.683723e-15
   64  153    2.233560e-14   -4.390250e-16
   64  154    1.839324e-12   -2.732076e-14
   64  155    1.663988e-13   -1.897534e-16
   64  156    3.463985e-12    2.661602e-14
   64  157    1.145873e-13    2.238972e-15
   64  158    2.223895e-13    6.178814e-15
   64  159    8.763340e-16    3.575410e-17
   64  160    1.563132e-16    9.169100e-18
   64  161    7.802512e-20    5.707345e-21
   64  162    1.249175e-21    1.048149e-22
   64  163    9.529755e-26    9.544131e-27
   65  147    3.019212e-27    8.527352e-29
   65  148    2.668566e-26    7.539245e-28
   65  149    1.834978e-23    6.205716e-25
   65  150    3.873697e-23    9.916909e-25
   65  151    4.470110e-20    9.374392e-22
   65  152    8.643871e-21    2.005483e-22
   65  153    1.426902e-17    1.403597e-19
   65  154    5.857220e-18    9.181224e-20
   65  155    3.926046e-15    1.739174e-17
   65  156    1.235409e-15    1.330215e-17
   65  157    1.560289e-13    2.997616e-16
   65  158    1.741279e-14    1.638600e-16
   65  159    1.851096e-13   -5.636363e-16
   65  160    3.471930e-15    2.767678e-17
   65  161    3.378101e-15    4.113329e-17
   65  162    1.563543e-17    3.730944e-19
   65  163    1.071704e-18    3.474736e-20
   65  164    4.625402e-22    2.222861e-23
   65  165    3.675649e-24    2.109777e-25
   65  166    2.523814e-28    1.852738e-29
   66  151    8.351857e-27   -3.898933e-30
   66  152    4.543731e-23   -1.077054e-24
   66  153    2.211975e-22   -4.392690e-24
   66  154    2.319568e-19   -6.351883e-21
   66  155    3.546394e-19   -5.901116e-21
   66  156    4.768375e-16   -9.975778e-18
   66  157    5.142631e-16   -6.013236e-18
   66  158    1.601131e-13   -2.229093e-15
   66  159    5.646908e-14   -2.469674e-16
   66  160    2.287698e-12   -1.141970e-14
   66  161    1.706252e-13    1.108745e-15
   66  162    8.021990e-13    1.217117e-14
   66  163    1.276685e-14    3.472845e-16
   66  164    8.709419e-15    2.871069e-16
   66  165    9.490170e-18    4.468513e-19
   66  166    2.503669e-19    1.460137e-20
   66  167    3.409421e-23    2.533833e-24
   66  168    2.026960e-25    1.691104e-26
   66  169    9.576758e-30    9.538099e-31
   67  154    1.112013e-28    5.012070e-30
   67  155    1.039481e-24    3.870065e-26
   67  156    1.082090e-24    4.404025e-26
   67  157    2.110248e-20    6.960532e-22
   67  158    4.913598e-20    1.917115e-21
   67  159    1.314966e-16    4.073509e-18
   67  160    5.568144e-17    1.975093e-18
   67  161    3.659932e-14    9.228516e-16
   67  162    3.252071e-15    9.346256e-17
   67  163    3.203968e-13    6.840540e-16
   67  164    1.634016e-14    1.905576e-16
   67  165    1.069983e-13   -1.893652e-15
   67  166    5.517286e-16   -2.648747e-18
   67  167    1.384018e-16    1.097596e-19
   67  168    1.109963e-19    1.680252e-21
   67  169    3.128610e-21    7.491307e-23
   67  170    4.320587e-25    1.708445e-26
   67  171    1.483097e-27    7.436524e-29
   68  157    5.224546e-27   -1.481592e-28
   68  158    1.743029e-22   -6.062746e-24
   68  159    1.015770e-21   -2.614900e-23
   68  160    4.482594e-18   -1.311595e-19
   68  161    1.419157e-17   -2.587282e-19
   68  162    9.543049e-15   -1.885320e-16
   68  163    7.325507e-15   -7.674702e-17
   68  164    7.387210e-13   -6.580362e-15
   68  165    1.446946e-13    1.440995e-16
   68  166    2.677087e-12    3.878811e-15
   68  167    9.316468e-14    1.164301e-15
   68  168    1.027929e-13    1.686545e-15
   68  169    4.247965e-16    1.248253e-17
   68  170    3.829941e-17    1.371643e-18
   68  171    2.526859e-20    1.268471e-21
   68  172    3.122290e-22    1.873492e-23
   68  173    2.704661e-26    2.080765e-27
   68  174    5.867708e-29    5.165293e-35
   69  159    4.177026e-30    2.211515e-31
   69  160    1.014476e-26    4.014162e-29
   69  161    1.610173e-22   -9.203631e-25
   69  162    9.429472e-22    7.754466e-25
   69  163    4.695262e-18   -2.798468e-20
   69  164    5.045815e-18    4.686798e-21
   69  165    5.333775e-15   -2.430430e-17
   69  166    1.976665e-15    4.954483e-18
   69  167    2.514199e-13   -1.116370e-15
   69  168    3.661802e-14    1.555641e-16
   69  169    2.274434e-13    8.404269e-16
   69  170    5.998663e-15    8.134951e-17
   69  171    3.464686e-15    6.374705e-17
   69  172    1.121308e-17    3.399561e-19
   69  173    8.248878e-19    3.252961e-20
   69  174    5.502168e-22    2.973901e-23
   69  175    7.395718e-25    4.687439e-26
   69  176    5.797710e-29    4.658742e-30
   70  161    1.405518e-29   -2.771002e-31
   70  162    4.515368e-25   -1.246397e-26
   70  163    9.706205e-24   -1.974008e-25
   70  164    9.376985e-20   -2.509499e-21
   70  165    6.579171e-19   -1.203591e-20
   70  166    9.009881e-16   -2.033613e-17
   70  167    1.837429e-15   -2.424583e-17
   70  168    4.616968e-13   -6.997318e-15
   70  169    2.080840e-13   -1.269690e-15
   70  170    4.061816e-12   -1.543450e-14
   70  171    4.415520e-13    3.289738e-15
   70  172    1.293016e-12    1.994933e-14
   70  173    2.322361e-14    6.240451e-16
   70  174    7.824103e-15    2.639154e-16
   70  175    9.410947e-18    4.465054e-19
   70  176    1.703531e-19    9.439033e-21
   70  177    7.584633e-23    5.288902e-24
   70  178    6.572907e-25    5.260639e-26
   70  179    4.152844e-30    4.109866e-31
   71  164    1.562095e-29    1.684127e-31
   71  165    2.898557e-25    6.798416e-28
   71  166    2.584731e-24    2.200906e-26
   71  167    5.876655e-20    5.758543e-23
   71  168    3.356306e-19    1.987073e-21
   71  169    6.475911e-16   -2.092045e-19
   71  170    3.830682e-16    2.119073e-18
   71  171    7.670073e-14   -1.490029e-16
   71  172    1.879074e-14    8.965825e-17
   71  173    3.167075e-13   -4.480465e-16
   71  174    1.752588e-14    1.449016e-16
   71  175    2.686755e-14    3.662029e-16
   71  176    1.687087e-16    4.222104e-18
   71  177    1.642673e-17    5.194086e-19
   71  178    2.407724e-20    1.059464e-21
   71  179    6.935724e-22    3.648249e-23
   71  180    2.732243e-25    1.846840e-26
   71  181    2.231834e-28    1.756590e-29
   72  167    7.019827e-26   -3.694103e-28
   72  168    1.670210e-21   -1.986844e-23
   72  169    2.359617e-20   -1.080371e-22
   72  170    7.777779e-17   -7.753612e-19
   72  171    3.123976e-16   -6.511629e-19
   72  172    8.464067e-14   -4.244493e-16
   72  173    8.933008e-14    2.623351e-16
   72  174    2.828021e-12    2.189538e-15
   72  175    5.077658e-13    5.015250e-15
   72  176    2.904874e-12   -8.359340e-15
   72  177    6.793558e-14    5.849691e-16
   72  178    3.975850e-14    4.894865e-16
   72  179    2.916786e-16    7.288506e-18
   72  180    4.424974e-17    1.336464e-18
   72  181    3.562809e-20    1.584900e-21
   72  182    2.617015e-22    1.393808e-23
   72  183    1.753932e-26    1.206270e-27
   72  184    1.276380e-28    1.100962e-33
   72  185    1.005517e-30   -7.308392e-37
   73  169    4.331972e-30    2.524567e-31
   73  170    2.263093e-27    2.659138e-28
   73  171    5.568024e-23    5.970529e-24
   73  172    1.010801e-22    1.081149e-23
   73  173    8.710472e-19    8.733251e-20
   73  174    9.640556e-20    9.829832e-21
   73  175    1.442404e-15    9.675924e-17
   73  176    2.852915e-16    2.027370e-17
   73  177    3.070694e-14    1.700438e-15
   73  178    3.469826e-17    1.718084e-18
   73  179    6.487870e-13   -2.319019e-15
   73  180    1.852799e-14    1.208515e-16
   73  181    2.190568e-14    3.642160e-16
   73  182    6.108117e-17    1.816035e-18
   73  183    2.115246e-18    7.861949e-20
   73  184    2.833794e-22    1.491111e-23
   73  185    3.451301e-24    2.131011e-25
   73  186    2.848875e-28    2.215356e-29
   74  171    6.569335e-29   -2.286482e-31
   74  172    2.746927e-24   -3.462156e-26
   74  173    9.484782e-23   -6.008242e-25
   74  174    3.720421e-19   -4.778606e-21
   74  175    3.280809e-18   -1.896434e-20
   74  176    1.599475e-15   -1.536893e-17
   74  177    2.306744e-15   -3.920263e-18
   74  178    2.403775e-13   -1.209533e-15
   74  179    1.186329e-13    2.841926e-16
   74  180    2.706259e-12   -4.507823e-15
   74  181    3.718358e-13    2.749592e-15
   74  182    1.482680e-12    2.525385e-15
   74  183    1.488906e-14    2.126995e-16
   74  184    2.776578e-15    5.438474e-17
   74  185    4.717052e-18    1.591656e-19
   74  186    2.133402e-19    8.563251e-21
   74  187    5.928828e-23    3.293457e-24
   74  188    5.921430e-25    3.825995e-26
   74  189    8.397068e-30    6.961817e-31
   75  174    3.373407e-29   -1.058069e-30
   75  175    8.661906e-25   -3.141404e-26
   75  176    1.263063e-23   -3.520502e-25
   75  177    3.762134e-20   -1.131415e-21
   75  178    1.152650e-19   -2.416749e-21
   75  179    7.622352e-17   -1.610910e-18
   75  180    1.235776e-16   -1.485137e-18
   75  181    2.530038e-14   -2.945699e-16
   75  182    8.400699e-15   -1.779134e-17
   75  183    2.691276e-13    3.171421e-16
   75  184    6.731862e-15    8.611899e-17
   75  185    7.898554e-15    1.706725e-16
   75  186    6.088791e-17    2.045932e-18
   75  187    1.297338e-17    5.032655e-19
   75  188    1.544536e-20    8.110004e-22
   75  189    1.081936e-21    6.574717e-23
   75  190    2.556859e-25    1.927465e-26
   75  191    6.404150e-27    5.312972e-28
   75  192    1.379484e-29    3.324380e-31
   76  177    5.874472e-26   -2.900315e-28
   76  178    5.029571e-22   -5.734934e-24
   76  179    8.529111e-21   -3.439175e-23
   76  180    1.259243e-17   -1.094819e-19
   76  181    5.693448e-17   -2.466560e-21
   76  182    2.146867e-14   -7.214350e-17
   76  183    3.665164e-14    1.819437e-16
   76  184    2.020479e-12    5.887799e-15
   76  185    2.959484e-13    3.334026e-15
   76  186    2.051939e-12   -1.082248e-14
   76  187    5.801394e-14    3.863404e-16
   76  188    1.052282e-13    1.087653e-15
   76  189    5.835422e-16    1.376617e-17
   76  190    3.225073e-16    8.844911e-18
   76  191    7.374104e-19    3.025358e-20
   76  192    1.560410e-19    7.149746e-21
   76  193    7.177835e-23    4.277747e-24
   76  194    2.702242e-24    2.074641e-25
   76  195    5.705568e-28    5.239786e-29
   76  196    1.356448e-28    1.548716e-34
   77  180    7.090955e-26    4.371570e-27
   77  181    7.477815e-22    3.960946e-23
   77  182    9.477139e-21    5.341826e-22
   77  183    1.370168e-17    6.734196e-19
   77  184    5.163436e-17    2.718992e-18
   77  185    1.385980e-14    6.358002e-16
   77  186    1.909853e-15    9.543929e-17
   77  187    1.428149e-13    3.870252e-15
   77  188    1.270081e-14    4.055053e-16
   77  189    4.103848e-13   -2.920802e-15
   77  190    1.115368e-14    2.484854e-17
   77  191    5.310260e-14   -2.345998e-15
   77  192    4.086090e-16   -1.275300e-17
   77  193    7.469815e-16   -2.163198e-17
   77  194    1.617927e-18   -2.470524e-20
   77  195    2.475248e-19   -1.979084e-21
   77  196    1.419588e-22    1.002502e-24
   77  197    4.757272e-24    7.291024e-26
   77  198    1.064437e-27    3.222588e-29
   78  182    8.376379e-26    5.936238e-28
   78  183    3.029592e-24    2.593265e-26
   78  184    1.337602e-20   -3.348780e-24
   78  185    1.203911e-19    5.457842e-22
   78  186    8.514060e-17   -1.030296e-19
   78  187    8.014916e-17    3.915191e-19
   78  188    2.908305e-14   -2.613996e-17
   78  189    1.608682e-14    1.052732e-16
   78  190    9.875849e-13   -1.551864e-16
   78  191    1.582409e-13    1.503689e-15
   78  192    3.003424e-12   -1.103832e-14
   78  193    1.791954e-13    1.545094e-15
   78  194    7.788435e-13    7.175561e-15
   78  195    1.396234e-14    3.103330e-16
   78  196    1.092913e-14    2.913281e-16
   78  197    5.070570e-17    2.041107e-18
   78  198    6.919148e-18    3.884551e-20
   78  199    9.548922e-21    1.867745e-22
   78  200    2.690889e-22   -2.525520e-24
   78  201    2.523756e-26    1.832125e-28
   78  202    9.335391e-28    5.193699e-33
   79  185    2.053120e-30    1.186300e-31
   79  186    3.001479e-26    1.392185e-27
   79  187    1.058092e-22    3.846749e-24
   79  188    4.407264e-22    1.784361e-23
   79  189    5.837819e-19    1.776510e-20
   79  190    1.975429e-18    6.972269e-20
   79  191    7.143224e-16    1.920322e-17
   79  192    2.857405e-16    9.029118e-18
   79  193    5.310514e-14    9.556067e-16
   79  194    1.040254e-14    2.270717e-16
   79  195    4.282730e-13    2.129370e-15
   79  196    3.485779e-14    3.885580e-16
   79  197    1.742137e-13   -3.652261e-15
   79  198    5.775464e-15   -5.935773e-17
   79  199    3.310090e-15   -1.764097e-17
   79  200    1.679931e-17    1.172888e-19
   79  201    2.120852e-18    3.912701e-20
   79  202    3.459961e-21    1.099419e-22
   79  203    1.205643e-22    5.368083e-24
   79  204    3.536257e-26    2.118183e-27
   80  189    8.916900e-26    4.792686e-27
   80  190    4.038181e-22    1.819466e-23
   80  191    4.453960e-21    2.298306e-22
   80  192    4.834569e-18    2.131974e-19
   80  193    1.593855e-17    7.861398e-19
   80  194    6.179104e-15    2.655521e-16
   80  195    6.120937e-15    2.915900e-16
   80  196    6.183241e-13    2.260841e-14
   80  197    2.630015e-13    1.085773e-14
   80  198    5.967652e-12    1.083996e-13
   80  199    9.870372e-13    1.278312e-14
   80  200    5.576285e-12   -1.221791e-13
   80  201    1.706003e-13   -4.240953e-15
   80  202    1.962594e-13   -2.755797e-14
   80  203    1.620824e-15   -2.061152e-16
   80  204    7.540766e-15   -1.022163e-15
   80  205    2.737467e-18   -3.249317e-19
   80  206    3.507717e-20   -2.830927e-21
   80  207    8.117072e-28   -4.108682e-29
   81  192    1.718691e-26    1.669002e-27
   81  193    2.248774e-23    1.964996e-24
   81  194    6.553255e-22    5.897432e-23
   81  195    8.697999e-19    6.938495e-20
   81  196    4.291914e-18    3.438467e-19
   81  197    8.596881e-16    5.979688e-17
   81  198    1.469735e-15    1.006841e-16
   81  199    1.218464e-13    6.655089e-15
   81  200    8.132878e-14    3.892216e-15
   81  201    1.376739e-12    2.880446e-14
   81  202    3.715161e-13    2.656336e-15
   81  203    1.381957e-12   -3.693272e-14
   81  204    1.227632e-13   -2.349249e-15
   81  205    9.084654e-14   -2.868569e-15
   81  206    9.124804e-16   -1.667548e-17
   81  207    3.546988e-17    3.793411e-19
   81  208    1.068039e-24    3.952413e-26
   81  209    4.811975e-30    2.615463e-31
   82  195    5.916640e-27    1.040002e-27
   82  196    3.513541e-23    5.752392e-24
   82  197    4.940302e-22    7.799812e-23
   82  198    6.807823e-19    9.969261e-20
   82  199    2.448866e-18    3.350240e-19
   82  200    1.516903e-15    1.826779e-16
   82  201    3.979913e-15    4.186921e-16
   82  202    3.889524e-13    3.112353e-14
   82  203    5.293335e-13    3.177702e-14
   82  204    1.671596e-11    5.416227e-13
   82  205    1.003899e-11    2.623459e-13
   82  206    9.782277e-11    7.171894e-13
   82  207    2.122823e-11   -4.645696e-13
   82  208    1.071917e-10   -1.120090e-12
   82  209    4.004545e-17    5.720223e-19
   82  210    7.697135e-23    2.486935e-24
   82  211    1.432857e-29    7.968373e-31
   83  198    1.815187e-26    2.796831e-27
   83  199    6.104509e-23    8.739535e-24
   83  200    1.104960e-21    1.592676e-22
   83  201    7.496754e-19    1.007158e-19
   83  202    2.745020e-18    3.615745e-19
   83  203    8.070777e-16    9.880143e-17
   83  204    1.574351e-15    1.801228e-16
   83  205    7.716696e-14    7.114678e-15
   83  206    5.826694e-14    4.346673e-15
   83  207    1.152732e-12    4.101567e-14
   83  208    2.569609e-13    2.873625e-15
   83  209    1.559018e-12   -5.563349e-14
   83  210    2.712343e-18   -3.378665e-20
   83  211    2.184421e-23    1.127858e-25
   83  212    6.016844e-30    1.736317e-31
   84  202    1.215504e-29    2.326462e-30
   84  203    1.961425e-29    3.825426e-30
   84  204    1.465514e-26    2.717318e-27
   84  205    2.218036e-26    3.284662e-27
   84  206    1.374381e-24    1.872265e-25
   84  207    8.832926e-25    1.117851e-25
   84  208    1.998460e-23    2.013227e-24
   84  209    3.769360e-24    3.685246e-25
   84  210    1.528290e-23    4.565978e-25
   84  211    4.253279e-29    2.518799e-30
    0    1    3.393877e-11    1.495170e-12
    1    1    9.402239e-09    1.672161e-10
    2    4    1.860567e-06    2.426380e-08
