1.0000e-10
1.0000e-10
1.2003e+00
9.1369e+04
    1    2    1.404010e-25    1.404010e-25
    6   12    7.736613e-04   -5.757114e-17
    6   13    5.363612e-18    5.363612e-18
    7   13    5.220091e-17    5.220091e-17
    7   15    1.874706e-29    1.874706e-29
    8   16    4.583193e-02   -1.089406e-15
    8   17    9.041372e-16    9.041372e-16
    8   18    2.208509e-19    2.208504e-19
    9   17    2.224721e-17    2.224721e-17
    9   18    3.714002e-28    3.714002e-28
    9   19    8.063103e-28    8.063103e-28
   10   20    8.353541e-03    6.765422e-17
   10   21    3.015564e-05    2.570914e-16
   10   22    3.692474e-06    5.849186e-18
   10   23    6.375826e-20    6.375826e-20
   11   21    2.480351e-18    2.480351e-18
   11   22    3.913008e-18    3.913008e-18
   11   23    1.457139e-04    1.939719e-15
   11   24    4.839468e-17    4.839468e-17
   11   25    1.306592e-29    1.306592e-29
   12   23    1.076852e-22    1.076852e-22
   12   24    2.013354e-03   -2.509278e-15
   12   25    4.441883e-04    2.014719e-15
   12   26    2.597255e-04    7.912616e-15
   12   27    1.284147e-17    1.284147e-17
   13   25    3.309148e-17    3.309148e-17
   13   26    1.408289e-04   -9.734889e-15
   13   27    2.011964e-04   -3.098108e-17
   13   28    1.253254e-16    1.253254e-16
   13   29    7.260115e-25    7.260115e-25
   14   27    4.600985e-18    4.600985e-18
   14   28    2.358143e-04   -7.074419e-17
   14   29    6.520005e-05    4.690530e-17
   14   30    2.844539e-05    1.367077e-16
   14   31    2.312065e-18    2.312065e-18
   15   29    9.489986e-20    9.489986e-20
   15   30    2.314314e-07   -1.087352e-16
   15   31    2.104118e-06    6.344277e-19
   15   32    9.900109e-19    9.900109e-19
   15   33    1.015536e-20    1.015536e-20
   16   31    3.517620e-10   -2.018854e-19
   16   32    1.166119e-06   -9.217836e-19
   16   33    2.100891e-08    4.572324e-19
   16   34    2.736454e-07   -4.764560e-22
   16   35    2.933645e-20    2.933645e-20
   17   32    5.644683e-26    5.644683e-26
   17   33    4.737874e-21    4.737874e-21
   17   34    4.686753e-23    4.686753e-23
   17   35    1.020433e-08   -1.819466e-20
   17   36    1.142943e-20    1.142943e-20
   17   37    8.045079e-30    8.045079e-30
   18   35    1.555294e-30    1.555294e-30
   18   36    8.448026e-10   -9.410213e-22
   18   37    9.855103e-22    9.855103e-22
   18   38    2.659022e-10   -1.137373e-22
   18   39    1.121974e-22    1.121974e-22
   18   40    9.249282e-24    9.249282e-24
   19   37    3.845952e-25    3.845952e-25
   19   39    3.745177e-12   -2.695607e-24
   19   40    5.409570e-24    5.409570e-24
   19   43    9.976885e-29    9.976885e-29
   20   40    2.851209e-14   -3.077820e-26
   20   41    3.469045e-26    3.469045e-26
   20   42    4.763924e-08   -1.033049e-19
   20   43    1.463411e-08    1.097338e-20
   20   44    7.048443e-08    7.318894e-21
   20   45    8.453700e-20    8.453700e-20
   20   46    2.020422e-10   -1.183127e-22
   20   47    1.172386e-22    1.172386e-22
   20   48    2.292639e-09   -3.230140e-22
   20   49    2.954649e-22    2.954649e-22
   21   43    1.934394e-22    1.934394e-22
   21   44    7.862308e-23    7.862308e-23
   21   45    6.669494e-09   -5.162269e-20
   21   46    5.179448e-20    5.179448e-20
   21   47    3.433823e-24    3.433823e-24
   21   48    1.837808e-23    1.837808e-23
   21   49    9.096315e-24    9.096315e-24
   22   45    9.931171e-29    9.931171e-29
   22   46    2.020422e-08   -8.380663e-20
   22   47    7.854394e-09    2.826642e-20
   22   48    1.436025e-08    8.672162e-21
   22   49    1.733388e-08   -4.122668e-21
   22   50    5.602375e-08    2.095083e-20
   22   51    2.990477e-20    2.990477e-20
   23   47    2.296878e-23    2.296878e-23
   23   48    1.062258e-23    1.062258e-23
   23   49    2.331475e-23    2.331475e-23
   23   50    1.998847e-15    2.155952e-23
   23   51    4.904040e-09   -2.434972e-20
   23   52    2.442109e-20    2.442109e-20
   24   50    9.383978e-13   -4.947534e-24
   24   51    5.453817e-24    5.453817e-24
   24   52    5.579288e-08   -9.327289e-20
   24   53    1.074040e-08    2.974541e-20
   24   54    1.369099e-07   -8.735027e-20
   24   55    1.507905e-19    1.507905e-19
   25   51    2.535247e-28    2.535247e-28
   25   53    1.861866e-23    1.861866e-23
   25   54    4.375226e-24    4.375226e-24
   25   55    3.456011e-08   -1.502822e-19
   25   56    1.503449e-19    1.503449e-19
   26   54    4.446329e-09   -1.843124e-20
   26   55    1.844192e-20    1.844192e-20
   26   56    1.766820e-06   -3.394061e-18
   26   57    9.986690e-07   -2.559945e-18
   26   58    5.174607e-06   -5.010200e-18
   26   59    1.096360e-17    1.096360e-17
   27   55    2.949034e-25    2.949034e-25
   27   57    1.987166e-22    1.987166e-22
   27   58    1.598066e-22    1.598066e-22
   27   59    2.034761e-06   -4.983942e-18
   27   60    4.984736e-18    4.984736e-18
   27   61    2.884842e-26    2.884842e-26
   28   58    6.192280e-10   -4.010689e-21
   28   59    4.014745e-21    4.014745e-21
   28   60    2.667798e-06   -1.368805e-17
   28   61    1.015184e-06    3.701322e-18
   28   62    2.259022e-06    5.965230e-18
   28   63    4.034623e-18    4.034623e-18
   28   64    1.389652e-06   -1.839332e-18
   28   65    1.856070e-18    1.856070e-18
   29   59    1.219930e-26    1.219930e-26
   29   61    9.173311e-23    9.173311e-23
   29   62    6.637871e-23    6.637871e-23
   29   63    8.717982e-07   -1.297930e-17
   29   64    1.297571e-17    1.297571e-17
   29   65    1.075841e-06   -6.652385e-18
   29   66    6.652520e-18    6.652520e-18
   29   67    1.704755e-24    1.704755e-24
   30   64    8.425447e-07   -7.920499e-18
   30   65    7.910056e-18    7.910056e-18
   30   66    1.302067e-06   -7.542405e-18
   30   67    2.837024e-07    2.391968e-18
   30   68    1.322620e-06    1.581622e-18
   30   69    3.551721e-18    3.551721e-18
   30   70    1.327706e-10   -4.177521e-22
   30   71    4.191947e-22    4.191947e-22
   31   65    1.849731e-23    1.849731e-23
   31   67    5.094635e-23    5.094635e-23
   31   68    1.181362e-23    1.181362e-23
   31   69    1.594879e-07   -3.344060e-18
   31   70    3.344127e-18    3.344127e-18
   31   71    1.407639e-07   -2.322803e-18
   31   72    2.322788e-18    2.322788e-18
   31   73    4.548597e-30    4.548597e-30
   32   69    2.116956e-28    2.116956e-28
   32   70    2.286684e-07   -2.824643e-18
   32   71    2.824643e-18    2.824643e-18
   32   72    2.362112e-07   -2.580433e-18
   32   73    4.522465e-08    1.395950e-18
   32   74    1.757502e-07   -1.693801e-19
   32   75    1.353865e-18    1.353865e-18
   32   76    1.249214e-11   -5.988658e-23
   32   77    5.988619e-23    5.988619e-23
   33   71    3.967586e-24    3.967586e-24
   33   73    6.350100e-24    6.350100e-24
   33   74    5.175313e-25    5.175313e-25
   33   75    2.000848e-08   -1.503258e-18
   33   76    1.503263e-18    1.503263e-18
   33   77    6.639498e-27    6.639498e-27
   34   74    1.487117e-24    5.310233e-34
   34   75    7.508296e-26    7.508296e-26
   34   76    4.988957e-08   -1.359084e-18
   34   77    1.818953e-08    4.493477e-19
   34   78    7.041447e-08    3.012393e-19
   34   79    6.084872e-19    6.084872e-19
   34   80    4.239297e-09   -2.355231e-20
   34   81    2.355195e-20    2.355195e-20
   34   82    3.172076e-12   -3.946072e-24
   34   83    3.946120e-24    3.946120e-24
   35   77    4.473320e-25    4.473320e-25
   35   78    1.500152e-25    1.490032e-25
   35   79    8.345310e-09   -6.624691e-19
   35   80    6.624688e-19    6.624688e-19
   35   81    7.274689e-09   -3.083498e-19
   35   82    3.083500e-19    3.083500e-19
   35   83    6.200401e-29    6.200401e-29
   36   79    3.098087e-28    3.098087e-28
   36   80    2.125901e-08   -8.362333e-19
   36   81    8.362333e-19    8.362333e-19
   36   82    5.111923e-08   -7.265690e-19
   36   83    1.566929e-08    3.042106e-19
   36   84    5.823898e-08    1.751770e-19
   36   85    2.471810e-19    2.471810e-19
   36   86    4.641503e-10   -1.868911e-22
   36   87    1.869142e-22    1.869142e-22
   37   81    5.624088e-26    5.624088e-26
   37   83    1.632430e-25    1.632430e-25
   37   84    3.331018e-26    3.331018e-26
   37   85    8.462411e-09   -2.309174e-19
   37   86    2.309175e-19    2.309175e-19
   37   87    5.853056e-11   -1.386820e-22
   37   88    1.386959e-22    1.386959e-22
   38   84    2.620158e-24   -9.924956e-35
   38   85    1.060832e-27    1.060832e-27
   38   86    1.977583e-08   -1.474367e-19
   38   87    1.264904e-08    2.212212e-20
   38   88    3.410537e-08    9.723674e-20
   38   89    2.807731e-20    2.807731e-20
   38   90    4.325172e-28    4.325172e-28
   39   87    2.045923e-26    2.045923e-26
   39   88    1.398961e-26    1.398961e-26
   39   89    5.047083e-09   -1.243997e-20
   39   90    1.243995e-20    1.243995e-20
   40   90    2.223165e-09   -6.798597e-21
   40   91    5.705716e-10    2.566638e-21
   40   92    6.513631e-10    1.138614e-21
   40   93    1.936305e-10    1.232241e-21
   40   94    4.140053e-10   -2.626298e-23
   40   95    1.886736e-21    1.886736e-21
   40   96    7.701181e-13   -6.967220e-25
   40   97    6.967325e-25    6.967325e-25
   41   91    7.232600e-28    7.232600e-28
   41   92    1.614933e-28    1.614933e-28
   41   93    7.196599e-14   -2.107685e-24
   41   94    2.107958e-24    2.107958e-24
   41   95    5.753068e-29    5.753068e-29
   42   92    3.795087e-17   -3.904985e-28
   42   93    3.905032e-28    3.905032e-28
   42   94    1.277137e-13   -2.002672e-24
   42   95    3.569934e-11   -1.236868e-21
   42   96    8.222236e-11    1.455321e-23
   42   97    2.578413e-11    7.289529e-24
   42   98    7.544014e-11    2.199008e-22
   42   99    9.969708e-22    9.969708e-22
   42  100    1.700721e-15   -3.176013e-26
   42  101    3.176022e-26    3.176022e-26
   43   96    3.280901e-30    3.280901e-30
   43   97    8.959359e-30    8.959359e-30
   43   99    2.728429e-13   -3.027747e-23
   43  100    3.027748e-23    3.027748e-23
   44   96    3.532748e-26    0.000000e+00
   44   98    6.625258e-24   -1.408565e-34
   44   99    8.074130e-12   -5.728791e-22
   44  100    3.391438e-11   -3.773236e-22
   44  101    7.022779e-12   -1.022230e-22
   44  102    1.441788e-14    1.052123e-21
   44  103    2.600537e-25    2.600537e-25
   45  103    7.469186e-12   -1.015926e-21
   45  104    1.015927e-21    1.015927e-21
   46  104    2.116282e-11   -8.180687e-22
   46  105    4.944953e-12   -1.258033e-22
   46  106    2.265111e-11    2.434916e-22
   46  107    7.003776e-22    7.003776e-22
   46  108    2.501060e-11   -6.436338e-22
   46  109    6.436341e-22    6.436341e-22
   46  110    1.000424e-14   -1.724971e-25
   46  111    1.724964e-25    1.724964e-25
   47  107    4.291539e-12   -6.168562e-22
   47  108    6.168559e-22    6.168559e-22
   47  109    6.599128e-12   -1.001055e-21
   47  110    1.001055e-21    1.001055e-21
   48  108    3.603379e-13   -9.621680e-24
   48  109    9.621700e-24    9.621700e-24
   48  110    1.909901e-11   -5.812462e-22
   48  111    4.587530e-12    1.892095e-23
   48  112    2.054442e-11    4.484870e-23
   48  113    5.174764e-22    5.174764e-22
   48  114    3.413728e-11   -6.149248e-22
   48  115    6.149223e-22    6.149223e-22
   48  116    2.673547e-15   -2.937521e-26
   48  117    2.937523e-26    2.937523e-26
   49  113    6.099931e-12   -7.055616e-22
   49  114    7.055616e-22    7.055616e-22
   50  112    1.518501e-24   -4.170580e-35
   50  114    1.053078e-13   -1.869840e-24
   50  115    5.384892e-12   -2.646978e-22
   50  116    3.958575e-11   -2.086175e-22
   50  117    8.542083e-12    8.954069e-23
   50  118    4.908861e-11   -7.690195e-24
   50  119    1.176970e-11   -5.181188e-24
   50  120    6.577789e-11    8.521253e-23
   50  121    3.132978e-22    3.132978e-22
   50  122    5.075922e-13   -1.332455e-24
   50  123    1.332479e-24    1.332479e-24
   50  124    5.881526e-14   -7.147711e-26
   50  125    7.148276e-26    7.148276e-26
   51  121    3.464279e-12   -2.848062e-22
   51  122    2.848060e-22    2.848060e-22
   51  123    8.946882e-14   -3.704036e-24
   51  124    3.704039e-24    3.704039e-24
   52  120    1.000424e-30    0.000000e+00
   52  122    9.020217e-12   -3.754899e-22
   52  123    3.001272e-12   -1.491821e-22
   52  124    1.532908e-11    1.910529e-22
   52  125    5.674406e-12   -2.003037e-22
   52  126    2.620158e-11    2.460378e-22
   52  127    2.878818e-22    2.878818e-22
   52  128    5.697728e-13   -3.933955e-24
   52  129    3.933967e-24    3.933967e-24
   52  130    1.846937e-12   -3.902855e-24
   52  131    3.902817e-24    3.902817e-24
   53  127    3.615706e-12   -3.216767e-22
   53  128    3.216768e-22    3.216768e-22
   54  126    1.587975e-27    0.000000e+00
   54  128    9.378976e-12   -3.591353e-22
   54  129    4.878037e-12   -2.050358e-22
   54  130    1.462158e-11    2.742298e-22
   54  131    6.636401e-12   -3.395641e-23
   54  132    4.009275e-11   -2.862820e-23
   54  133    3.525261e-22    3.525261e-22
   54  134    1.269195e-13   -3.474017e-25
   54  135    3.474042e-25    3.474042e-25
   54  136    8.091666e-12   -7.237830e-25
   54  137    7.239936e-25    7.239936e-25
   55  133    4.580889e-12   -2.891247e-22
   55  134    2.891244e-22    2.891244e-22
   56  132    1.667374e-27    0.000000e+00
   56  134    1.045219e-11   -2.613228e-22
   56  135    5.105868e-12   -1.224114e-22
   56  136    3.449992e-11    9.985621e-23
   56  137    4.228070e-11   -1.658497e-22
   56  138    3.979948e-10    2.466549e-22
   56  139    2.030794e-22    2.030794e-22
   57  138    2.025402e-30    1.010479e-30
   57  139    3.735397e-11   -1.312438e-22
   57  140    1.312421e-22    1.312421e-22
   58  138    2.102341e-25   -5.670475e-36
   58  139    1.391740e-29    1.391740e-29
   58  140    9.289652e-11   -1.366399e-22
   58  141    1.366774e-22    1.366774e-22
   58  142    9.158812e-14   -3.972956e-25
   58  143    3.981521e-25    3.981521e-25
   59  141    7.804727e-12   -9.198022e-23
   59  142    9.198082e-23    9.198082e-23
   60  142    1.831762e-11   -8.381343e-23
   60  143    3.281111e-12   -3.227741e-23
   60  144    6.940442e-12    3.526423e-23
   60  145    1.586880e-12   -3.455256e-23
   60  146    4.721180e-12    3.258074e-23
   60  147    8.277228e-23    8.277228e-23
   60  148    1.554713e-15   -6.883482e-26
   60  149    6.883481e-26    6.883481e-26
   60  150    2.527738e-21   -9.153622e-32
   61  148    2.065646e-29    2.065646e-29
   62  144    3.536221e-20   -4.551454e-31
   62  147    7.486167e-13   -1.835009e-22
   62  148    2.697089e-12    3.790814e-23
   62  149    4.961835e-13   -8.772403e-22
   62  150    1.600679e-12    7.737303e-22
   62  151    2.490891e-22    2.490891e-22
   62  152    2.626113e-13   -3.640266e-23
   62  153    3.640269e-23    3.640269e-23
   62  154    1.429177e-15   -6.970927e-26
   62  155    6.970964e-26    6.970964e-26
   63  151    1.722585e-13   -1.074878e-21
   63  152    1.074878e-21    1.074878e-21
   63  153    2.282013e-13   -2.466074e-22
   63  154    2.466073e-22    2.466073e-22
   64  152    5.982799e-13   -2.069188e-22
   64  153    2.069187e-22    2.069187e-22
   64  154    7.795513e-13   -2.543284e-22
   64  155    2.575285e-13   -7.238522e-23
   64  156    1.090206e-12    9.770566e-23
   64  157    4.772724e-13   -3.871553e-23
   64  158    2.906295e-12   -3.925998e-23
   64  159    3.069834e-22    3.069834e-22
   64  160    8.753711e-17   -3.472590e-27
   64  161    3.472645e-27    3.472645e-27
   65  159    3.705974e-13   -5.228193e-22
   65  160    5.228193e-22    5.228193e-22
   66  156    1.026076e-30    0.000000e+00
   66  158    8.864517e-14   -2.859394e-23
   66  159    2.859394e-23    2.859394e-23
   66  160    8.753711e-13   -3.603177e-22
   66  161    3.287108e-13    1.570022e-22
   66  162    1.358601e-12   -4.060374e-24
   66  163    2.448891e-13    5.868817e-23
   66  164    6.033045e-13    1.020089e-22
   66  165    4.667893e-23    4.667893e-23
   67  165    4.844478e-13   -1.023779e-21
   67  166    1.023779e-21    1.023779e-21
   68  164    6.710162e-13   -3.068726e-22
   68  165    3.068726e-22    3.068726e-22
   68  166    1.024531e-12   -2.417439e-22
   68  167    4.067593e-13   -3.647875e-22
   68  168    1.667374e-12    3.143119e-22
   68  169    2.922195e-22    2.922195e-22
   68  170    3.289630e-15   -2.272452e-25
   68  171    2.272467e-25    2.272467e-25
   69  169    5.321783e-13   -1.255399e-21
   69  170    1.255399e-21    1.255399e-21
   70  168    1.012334e-30    0.000000e+00
   70  170    8.238787e-13   -2.162605e-22
   70  171    4.206462e-13   -1.151782e-23
   70  172    1.395941e-12    8.658679e-23
   70  173    6.939358e-13   -8.402386e-23
   70  174    3.156511e-12    7.982333e-23
   70  175    1.453921e-22    1.453921e-22
   70  176    1.591584e-15   -8.047111e-26
   70  177    8.047276e-26    8.047276e-26
   71  175    4.567651e-13   -4.843684e-22
   71  176    8.526347e-16    4.832307e-22
   71  177    1.137657e-24    1.137657e-24
   72  176    1.193688e-12   -5.220685e-22
   72  177    3.950827e-13   -4.693878e-22
   72  178    1.686108e-12    7.215473e-22
   72  179    4.800918e-13   -9.038311e-23
   72  180    2.773398e-12    2.019032e-22
   72  181    1.583888e-22    1.583888e-22
   73  180    3.440347e-15   -1.032330e-24
   73  181    7.185367e-13   -4.428675e-22
   73  182    4.438997e-22    4.438997e-22
   74  180    5.385616e-14   -1.192616e-23
   74  181    1.192616e-23    1.192616e-23
   74  182    1.813956e-12   -1.950745e-22
   74  183    9.293557e-13   -1.259116e-22
   74  184    2.060656e-12   -3.881852e-24
   74  185    3.248682e-22    3.248682e-22
   74  186    8.067936e-14   -1.380301e-23
   74  187    1.380301e-23    1.380301e-23
   75  185    3.076980e-13   -3.211942e-21
   75  186    3.211942e-21    3.211942e-21
   75  187    6.954820e-15   -4.457799e-23
   75  188    4.457800e-23    4.457800e-23
   76  186    1.075725e-12   -1.360359e-22
   76  187    5.077019e-13   -3.216221e-22
   76  188    1.117495e-12    1.870383e-22
   76  189    3.858779e-13   -2.601300e-22
   76  190    1.474309e-12    3.502365e-22
   76  191    1.805128e-22    1.805128e-22
   76  192    3.121115e-14   -8.632801e-24
   76  193    8.632802e-24    8.632802e-24
   77  191    3.294590e-13   -1.291896e-21
   77  192    1.291896e-21    1.291896e-21
   77  193    3.208614e-13   -9.203968e-22
   77  194    9.203968e-22    9.203968e-22
   78  190    1.000424e-30    0.000000e+00
   78  192    1.094214e-12   -3.064710e-22
   78  193    3.064710e-22    3.064710e-22
   78  194    1.340775e-12   -1.887282e-22
   78  195    3.996566e-13   -7.751365e-23
   78  196    2.342830e-12    1.621928e-22
   78  197    1.040492e-22    1.040492e-22
   78  198    4.390750e-15   -7.030407e-26
   78  199    7.030373e-26    7.030373e-26
   79  197    7.109613e-13   -1.271132e-22
   79  198    1.271132e-22    1.271132e-22
   80  196    1.378135e-17   -2.656058e-27
   80  197    2.656057e-27    2.656057e-27
   80  198    2.319165e-12   -6.853078e-23
   80  199    1.055724e-12    3.291759e-24
   80  200    3.396440e-12    3.068404e-24
   80  201    1.493170e-12    1.758344e-23
   80  202    5.447854e-12   -1.636671e-23
   80  203    6.095382e-23    6.095382e-23
   80  204    8.827272e-14   -5.362235e-25
   80  205    5.362214e-25    5.362214e-25
   81  203    3.296964e-12   -3.554292e-23
   81  204    3.554301e-23    3.554301e-23
   81  205    2.532781e-13   -1.026554e-24
   81  206    1.026548e-24    1.026548e-24
   82  204    4.899136e-12   -5.237410e-23
   82  205    9.272223e-12   -5.992859e-23
   82  206    4.705878e-11   -1.098599e-24
   82  207    6.282857e-11    4.375010e-23
   82  208    1.298627e-10    5.940191e-23
   82  209    1.024045e-23    1.024045e-23
   83  209    3.106580e-12   -1.066288e-24
   83  210    1.066204e-24    1.066204e-24
    0    1    1.106054e-13   -1.444762e-14
    1    1    5.399460e-12    7.174499e-15
    2    4    2.068377e-08    2.221282e-15
