4.9984e-01
3.2186e-04
2.3211e+00
3.0973e+05
    1    2    1.013215e-19    1.208428e-20
    1    3    3.086056e-19    6.116972e-20
    2    3    3.385434e-18    5.996242e-19
    3    6    6.987622e-24    9.689332e-25
    3    7    2.151012e-24    3.917505e-25
    4    7    1.201730e-24    1.865352e-25
    4    9    5.188013e-25    7.023320e-26
    4   10    1.567277e-23    2.027132e-24
    5   10    7.532986e-20    8.540043e-21
    5   11    1.336859e-13    1.636389e-14
    5   12    1.275681e-22    2.197237e-23
    5   13    3.615808e-28    7.597653e-29
    6   11    2.252586e-16    2.929226e-17
    6   12    7.631257e-04   -5.447636e-07
    6   13    1.438148e-09    7.378998e-11
    6   14    4.975988e-10    5.089500e-11
    6   15    2.940572e-23    5.069994e-24
    6   16    1.416381e-30    3.008361e-31
    7   12    1.078407e-28    1.889234e-29
    7   13    7.944354e-13    3.033606e-14
    7   14    3.472736e-08    2.743687e-09
    7   15    7.227598e-11    7.542644e-14
    7   16    3.095232e-21    2.099133e-22
    7   17    4.823971e-24    2.899836e-25
    8   14    1.368532e-16    6.848773e-18
    8   15    2.489927e-10    1.861197e-11
    8   16    4.607801e-02    1.710805e-05
    8   17    1.744810e-08    8.882544e-10
    8   18    3.654117e-11    1.798122e-12
    8   19    6.067746e-18    5.818058e-19
    8   20    2.545984e-23    2.661790e-24
    9   16    7.696798e-25    1.036626e-25
    9   17    1.730195e-13    9.057564e-15
    9   18    1.053143e-10    5.901809e-12
    9   19    2.457956e-10   -8.442123e-12
    9   20    5.485411e-14   -5.727960e-16
    9   21    4.171382e-18    4.242399e-20
    9   22    5.448706e-25    1.825891e-26
   10   18    2.872146e-19    2.046092e-20
   10   19    5.117715e-14    3.230659e-15
   10   20    8.094066e-03   -2.274769e-05
   10   21    2.052505e-06    1.817464e-08
   10   22    2.316755e-07   -3.356347e-08
   10   23    3.507205e-12   -4.137879e-13
   10   24    4.534976e-16   -5.616888e-18
   10   25    6.331927e-23    2.357750e-24
   10   26    6.775155e-29    3.671970e-30
   11   20    1.119852e-22    1.078348e-23
   11   21    2.369152e-10    7.601498e-12
   11   22    3.810202e-08   -2.693871e-09
   11   23    2.660479e-05   -1.650612e-06
   11   24    1.047873e-08   -5.660810e-10
   11   25    2.612396e-12   -1.305876e-13
   11   26    7.967820e-17   -2.825012e-18
   11   27    3.732899e-21   -1.275633e-22
   11   28    6.239800e-30    1.472904e-31
   12   21    2.675193e-29    3.209383e-30
   12   22    8.811754e-14    1.366397e-15
   12   23    1.205297e-08   -6.540580e-10
   12   24    2.099515e-03    3.774439e-06
   12   25    3.767002e-04   -4.439551e-06
   12   26    3.033777e-04   -8.930705e-07
   12   27    5.121113e-08    8.234316e-10
   12   28    1.413490e-11    4.174420e-13
   12   29    4.000952e-19    3.301974e-20
   12   30    1.593914e-23    1.543758e-24
   13   23    3.220209e-26    2.281138e-27
   13   24    8.268562e-18   -1.064555e-19
   13   25    3.287223e-11    1.231500e-12
   13   26    4.208331e-05   -3.711405e-06
   13   27    2.388221e-04    1.542381e-06
   13   28    2.003348e-06   -4.723445e-08
   13   29    9.489893e-09   -8.229866e-11
   13   30    9.176817e-13    1.683127e-14
   13   31    2.302209e-16    8.551902e-18
   13   32    1.415439e-23    1.204624e-24
   13   33    4.811982e-28    5.561403e-29
   14   25    4.237605e-24    4.913571e-26
   14   26    1.492296e-14   -8.166557e-16
   14   27    1.866670e-07   -2.112096e-08
   14   28    3.246326e-04    6.078895e-06
   14   29    1.185263e-04    3.482710e-06
   14   30    4.576437e-05    1.292795e-06
   14   31    1.644702e-08    4.325369e-10
   14   32    1.150389e-10    1.041050e-11
   14   33    1.659405e-16    2.194387e-17
   14   34    1.969394e-20    2.806914e-21
   14   35    1.642953e-30    3.267821e-31
   15   27    9.781735e-26   -1.648414e-28
   15   28    2.574312e-16   -1.823416e-17
   15   29    2.137756e-11    6.195267e-13
   15   30    2.764595e-07    4.778589e-10
   15   31    4.703700e-06    2.080181e-07
   15   32    2.655830e-08    1.615934e-09
   15   33    2.195375e-09    2.371798e-10
   15   34    1.678875e-12    2.384552e-13
   15   35    1.371176e-15    2.466430e-16
   15   36    8.690565e-24    1.968990e-24
   15   37    3.160857e-27    8.430946e-28
   16   29    6.811682e-23   -2.971286e-24
   16   30    2.762192e-14   -3.043101e-15
   16   31    2.428485e-10   -3.957221e-12
   16   32    4.231579e-06    2.667580e-07
   16   33    2.213415e-07    1.581856e-08
   16   34    4.407009e-07    1.384952e-08
   16   35    1.167814e-09    1.211445e-10
   16   36    6.464715e-11    1.140669e-11
   16   37    6.725096e-17    1.455071e-17
   16   38    2.246372e-20    5.836435e-21
   16   39    1.736053e-26    5.125174e-27
   17   31    1.525657e-26   -7.458221e-28
   17   32    4.960986e-20    1.355988e-21
   17   33    4.327298e-14    4.176436e-15
   17   34    9.413489e-11    6.326837e-12
   17   35    3.853952e-08    2.901866e-09
   17   36    3.082931e-10    3.596843e-11
   17   37    2.891066e-11    4.464195e-12
   17   38    1.332167e-14    2.640396e-15
   17   39    4.863695e-17    1.217421e-17
   17   40    1.390163e-20    3.926745e-21
   17   41    3.775757e-23    1.251597e-23
   17   42    7.748332e-27    2.784631e-27
   18   33    1.329999e-26    6.875864e-28
   18   34    3.341787e-18    3.462255e-19
   18   35    2.850236e-13    1.863045e-14
   18   36    1.729850e-09    1.145587e-10
   18   37    3.875394e-11    3.448317e-12
   18   38    5.443238e-10    2.436208e-11
   18   39    2.262464e-12    2.260824e-13
   18   40    1.218081e-12    1.095420e-13
   18   41    2.896041e-15    4.183057e-16
   18   42    7.828669e-18    1.669508e-18
   18   43    2.951121e-21    7.356519e-22
   18   44    4.548808e-24    1.385857e-24
   18   45    9.430912e-29    3.145058e-29
   19   36    5.160284e-23    5.409975e-24
   19   37    2.151657e-18    2.223006e-19
   19   38    1.203663e-14    1.066958e-15
   19   39    2.647535e-11    2.569721e-12
   19   40    1.183721e-12    1.322098e-13
   19   41    8.384889e-13    9.842458e-14
   19   42    1.502410e-14    2.904045e-15
   19   43    1.675840e-14    1.646216e-15
   19   44    1.415411e-16    2.349163e-17
   19   45    1.280901e-18    2.955202e-19
   19   46    1.873718e-21    5.446477e-22
   19   47    4.763571e-24    9.799364e-25
   19   48    1.028354e-29    2.484026e-30
   20   37    3.512354e-30    4.567497e-31
   20   38    9.816666e-23    1.096630e-23
   20   39    1.269800e-17    1.178840e-18
   20   40    5.900500e-12    6.657472e-13
   20   41    6.214398e-13    7.724285e-14
   20   42    4.515786e-08   -1.991996e-10
   20   43    1.492554e-08    3.474747e-11
   20   44    6.709900e-08   -2.739154e-10
   20   45    1.096793e-09    7.888050e-11
   20   46    2.170437e-10    3.441163e-12
   20   47    1.498440e-12    1.186995e-13
   20   48    1.827598e-09   -3.748377e-11
   20   49    6.277560e-14    1.277071e-15
   20   50    4.067748e-17    2.228212e-18
   20   51    2.583581e-23    2.571784e-24
   20   52    6.161216e-30    8.593290e-31
   21   40    1.335516e-29    1.881777e-30
   21   41    3.083544e-22    4.770989e-23
   21   42    6.759238e-18    9.397841e-19
   21   43    2.458607e-10   -3.869646e-13
   21   44    2.465341e-10    4.436523e-12
   21   45    9.460393e-09    2.371825e-10
   21   46    7.497492e-10    6.672037e-11
   21   47    3.723840e-11    4.792576e-12
   21   48    3.705323e-10    2.790653e-11
   21   49    6.740344e-11    5.185390e-12
   21   50    6.034997e-14    7.734878e-15
   21   51    9.572464e-17    1.900934e-17
   21   52    1.272912e-21    2.943232e-22
   21   53    2.319054e-26    6.042430e-27
   22   42    1.545025e-28    2.664042e-29
   22   43    2.552375e-21    3.671814e-22
   22   44    6.291970e-12    7.182022e-13
   22   45    5.384883e-12    3.074088e-13
   22   46    1.906808e-08   -8.149630e-11
   22   47    8.318126e-09    3.819913e-11
   22   48    1.436281e-08    6.118303e-12
   22   49    1.619846e-08   -9.635815e-11
   22   50    5.493049e-08   -9.761757e-11
   22   51    3.254682e-10    2.020770e-11
   22   52    1.482062e-12    2.077645e-13
   22   53    2.036485e-16    3.550778e-17
   22   54    2.232122e-19    5.209582e-20
   22   55    2.775509e-26    7.545797e-27
   23   44    2.882925e-30    5.090229e-31
   23   45    9.471618e-21    1.436190e-21
   23   46    4.665156e-16    2.360871e-17
   23   47    5.217526e-11   -4.523800e-13
   23   48    4.863814e-11    5.650068e-13
   23   49    1.039903e-09    8.830357e-11
   23   50    2.815549e-10    2.603529e-11
   23   51    5.887109e-09    8.913480e-11
   23   52    3.285181e-10    2.790964e-11
   23   53    3.193857e-12    4.989757e-13
   23   54    2.354603e-15    4.477443e-16
   23   55    1.532380e-17    3.840385e-18
   23   56    5.687515e-23    1.606251e-23
   23   57    4.239718e-26    1.321748e-26
   24   46    7.535180e-26    1.121791e-26
   24   47    1.019833e-19    4.578179e-21
   24   48    4.311797e-14    1.927363e-15
   24   49    1.000774e-13    2.916146e-15
   24   50    1.185572e-11    1.858219e-12
   24   51    1.459515e-10    1.353733e-11
   24   52    5.383748e-08   -1.594772e-10
   24   53    1.120893e-08    3.276687e-11
   24   54    1.335718e-07   -2.649570e-10
   24   55    1.045909e-09    4.236860e-11
   24   56    9.122952e-12    1.112407e-12
   24   57    9.050725e-16    1.420662e-16
   24   58    2.848246e-18    6.305347e-19
   24   59    9.264715e-25    2.418644e-25
   24   60    9.919778e-28    3.159805e-28
   25   48    1.554241e-28    1.253830e-29
   25   49    3.021069e-22    2.431676e-23
   25   50    2.699290e-18    6.685204e-20
   25   51    6.776559e-15    1.086248e-15
   25   52    3.120764e-13    3.835865e-14
   25   53    6.174047e-10    5.367051e-11
   25   54    1.195785e-09    1.132720e-10
   25   55    3.360480e-08   -5.863557e-11
   25   56    1.838519e-09    1.372413e-10
   25   57    3.922820e-11    5.856646e-12
   25   58    1.160440e-13    2.223318e-14
   25   59    1.626882e-15    4.175176e-16
   25   60    1.613975e-19    4.596099e-20
   25   61    9.447776e-22    3.150882e-22
   25   62    5.102623e-28    1.860795e-28
   26   50    1.020018e-27    9.482979e-29
   26   51    2.627817e-22    6.231446e-24
   26   52    1.602734e-18    2.832424e-19
   26   53    1.742901e-16    2.242468e-17
   26   54    4.148355e-09   -2.290105e-11
   26   55    1.166209e-09    9.792505e-11
   26   56    1.706936e-06   -4.886816e-09
   26   57    9.571693e-07   -3.386308e-09
   26   58    5.075675e-06   -6.371938e-09
   26   59    1.234175e-07    7.460796e-09
   26   60    1.976864e-09    2.763054e-10
   26   61    6.055639e-13    1.046692e-13
   26   62    3.514353e-15    8.337741e-16
   26   63    4.578506e-20    1.238391e-20
   26   64    1.087547e-22    3.528481e-23
   26   65    4.334064e-29    1.551072e-29
   27   53    1.093272e-27    2.305872e-28
   27   54    2.244675e-21    2.992387e-22
   27   55    1.422707e-12   -1.256206e-14
   27   56    7.090069e-13    6.677814e-14
   27   57    1.622587e-08    1.351464e-09
   27   58    7.225758e-09    6.720024e-10
   27   59    2.001640e-06   -2.183744e-09
   27   60    6.233701e-08    4.770291e-09
   27   61    3.338522e-09    5.051405e-10
   27   62    3.607219e-11    7.253900e-12
   27   63    1.012393e-12    2.702733e-13
   27   64    5.940240e-16    1.748279e-16
   27   65    9.737817e-18    3.402030e-18
   27   66    3.533558e-22    1.327648e-22
   27   67    2.176669e-24    9.111266e-25
   27   68    4.532428e-30    2.019195e-30
   28   55    4.290378e-26    5.870815e-27
   28   56    9.966543e-17    7.080435e-18
   28   57    5.337922e-15    6.873180e-16
   28   58    6.000370e-10    2.519802e-12
   28   59    8.031870e-09    6.966047e-10
   28   60    2.461026e-06   -1.613840e-08
   28   61    1.085231e-06    4.887557e-09
   28   62    2.340479e-06    7.527584e-09
   28   63    6.501775e-08    5.105130e-09
   28   64    1.381348e-06    3.964812e-10
   28   65    9.772821e-09    3.519371e-10
   28   66    1.798936e-10    2.126348e-11
   28   67    8.366018e-14    1.272648e-14
   28   68    4.264880e-16    9.389243e-17
   28   69    2.200141e-21    5.627600e-22
   28   70    2.781640e-24    8.704585e-25
   29   57    3.573653e-28    4.233232e-29
   29   58    2.591789e-22    4.019190e-23
   29   59    1.833174e-15    4.958761e-17
   29   60    8.650630e-13    8.086948e-14
   29   61    1.120872e-09    3.555288e-12
   29   62    1.380535e-09    3.320443e-11
   29   63    6.898536e-07   -1.304923e-08
   29   64    1.567918e-07    9.231953e-09
   29   65    1.016192e-06   -1.879078e-09
   29   66    7.871536e-08    4.601268e-09
   29   67    9.316214e-09    1.301491e-09
   29   68    4.080660e-11    7.006695e-12
   29   69    1.367966e-12    3.256294e-13
   29   70    9.791663e-17    2.638744e-17
   29   71    1.725889e-18    5.609508e-19
   29   72    2.764245e-23    9.759208e-24
   29   73    3.436957e-25    1.375868e-25
   29   74    3.158217e-30    1.350238e-30
   30   59    1.120643e-29    2.016722e-30
   30   60    1.889790e-20    4.212641e-22
   30   61    8.431648e-17    8.533992e-18
   30   62    8.253569e-13    5.574926e-14
   30   63    1.113363e-12    3.824459e-14
   30   64    7.198606e-07   -9.320061e-09
   30   65    9.797463e-08    5.569542e-09
   30   66    1.216781e-06   -5.807235e-09
   30   67    3.047021e-07    1.285601e-09
   30   68    1.364473e-06    4.469472e-09
   30   69    2.575879e-08    1.049472e-09
   30   70    2.656407e-09    3.127489e-10
   30   71    5.614615e-12    8.472318e-13
   30   72    1.477743e-13    2.926748e-14
   30   73    4.375325e-17    1.001018e-17
   30   74    3.673666e-19    1.019666e-19
   30   75    5.747848e-24    1.770910e-24
   30   76    1.927920e-26    6.880724e-27
   31   62    4.184606e-24    5.396435e-25
   31   63    8.533656e-20    8.345250e-21
   31   64    1.563499e-17    8.194257e-19
   31   65    4.379017e-11    2.844639e-14
   31   66    4.469239e-11    2.987877e-12
   31   67    4.192734e-09    2.976445e-10
   31   68    1.140619e-09    1.152425e-10
   31   69    1.245414e-07   -2.171212e-09
   31   70    3.049749e-08    1.367244e-09
   31   71    1.442063e-07    1.090037e-09
   31   72    5.413551e-09    1.645503e-10
   31   73    1.320597e-09    1.333441e-10
   31   74    1.532012e-11    2.087180e-12
   31   75    8.165360e-13    1.698249e-13
   31   76    2.318164e-16    5.456851e-17
   31   77    8.603719e-18    2.554994e-18
   31   78    1.288309e-21    4.159384e-22
   31   79    9.953907e-24    3.718093e-24
   31   80    1.103435e-29    4.440882e-30
   32   64    3.833406e-25    4.232452e-26
   32   65    4.989772e-22    3.228135e-23
   32   66    9.786388e-15    2.470265e-16
   32   67    1.094663e-14    8.733158e-16
   32   68    6.780809e-12    1.086962e-12
   32   69    1.648368e-11    8.614207e-13
   32   70    1.859426e-07   -3.140558e-09
   32   71    3.469026e-08    1.954508e-09
   32   72    2.177250e-07   -8.513226e-10
   32   73    5.392075e-08    4.987023e-10
   32   74    1.812508e-07    8.929244e-10
   32   75    1.157241e-08    5.592635e-10
   32   76    6.189223e-10    7.880960e-11
   32   77    4.498570e-12    7.283059e-13
   32   78    1.029197e-13    2.328645e-14
   32   79    8.812574e-17    2.275254e-17
   32   80    5.422345e-19    1.697973e-19
   32   81    8.112218e-24    2.777349e-24
   32   82    1.142763e-26    4.469018e-27
   33   66    3.544302e-29    3.321023e-30
   33   67    1.390327e-22    8.336045e-24
   33   68    1.808439e-20    1.836127e-21
   33   69    4.821813e-17    8.717496e-18
   33   70    2.304578e-15    1.437836e-16
   33   71    1.360003e-10    2.344882e-12
   33   72    4.731512e-11    3.396543e-12
   33   73    7.211495e-10    5.753932e-11
   33   74    1.312589e-10    1.590271e-11
   33   75    1.012818e-08   -3.776195e-10
   33   76    8.298088e-09    1.889510e-10
   33   77    2.149089e-09    2.477406e-10
   33   78    6.170802e-11    9.690057e-12
   33   79    1.200696e-11    2.782021e-12
   33   80    1.173170e-13    3.191541e-14
   33   81    6.563150e-15    2.195562e-15
   33   82    9.025166e-19    3.244047e-19
   33   83    1.644211e-20    6.767955e-21
   33   84    1.721398e-27    7.598177e-28
   34   68    4.212912e-28    2.860670e-29
   34   69    7.970315e-25    8.833955e-26
   34   70    9.344679e-21    1.378998e-21
   34   71    3.535951e-19    2.512239e-20
   34   72    1.590149e-13    1.935120e-14
   34   73    4.516157e-14    6.477168e-15
   34   74    8.966230e-13    1.470517e-13
   34   75    2.071284e-11    1.019483e-12
   34   76    3.303923e-08   -1.111391e-09
   34   77    2.068224e-08   -8.364225e-11
   34   78    7.451525e-08    3.589178e-10
   34   79    8.162802e-09    5.401441e-10
   34   80    5.829642e-09    2.520150e-10
   34   81    3.262206e-10    2.750653e-11
   34   82    2.315046e-11    3.062325e-12
   34   83    4.643057e-14    7.587247e-15
   34   84    8.376982e-16    1.707016e-16
   34   85    2.658122e-21    6.408672e-22
   34   86    3.959211e-25    1.049490e-25
   35   71    3.049464e-29    5.542745e-30
   35   72    1.330235e-25    1.272883e-26
   35   73    2.821624e-19    4.132161e-20
   35   74    2.274599e-18    3.491700e-19
   35   75    1.348527e-16    2.259104e-17
   35   76    5.088375e-15    3.362419e-16
   35   77    5.132186e-11    2.702054e-12
   35   78    1.682049e-11    1.281234e-12
   35   79    2.800574e-09   -2.411512e-10
   35   80    3.328409e-09    1.241690e-12
   35   81    5.820470e-09   -2.709138e-11
   35   82    2.736499e-09    1.390522e-10
   35   83    9.982493e-10    1.322063e-10
   35   84    3.816829e-11    6.941836e-12
   35   85    3.165065e-12    7.969585e-13
   35   86    6.165395e-17    1.745601e-17
   35   87    6.401760e-20    1.996186e-20
   35   88    3.271368e-25    1.121391e-25
   35   89    2.242806e-29    8.353959e-30
   36   73    2.655718e-30    8.871030e-31
   36   74    1.325212e-23    2.100815e-24
   36   75    1.322409e-22    2.136936e-23
   36   76    5.560725e-19    7.958833e-20
   36   77    5.903225e-17    5.548978e-18
   36   78    2.931885e-14    3.978915e-15
   36   79    8.767034e-13   -5.509716e-15
   36   80    1.098704e-08   -6.058056e-10
   36   81    5.661318e-09    6.955857e-11
   36   82    4.429664e-08   -3.521053e-10
   36   83    1.933908e-08    1.963361e-10
   36   84    6.152040e-08    3.165040e-10
   36   85    4.151830e-09    3.295131e-10
   36   86    7.038233e-10    3.746775e-11
   36   87    2.212221e-13    1.902498e-14
   36   88    2.546523e-15    2.655653e-16
   36   89    4.778967e-20    6.778056e-21
   36   90    4.527856e-23    7.492314e-24
   36   91    1.027019e-29    2.124464e-30
   37   76    8.184878e-29    1.488663e-29
   37   77    7.416999e-25    1.224334e-25
   37   78    3.945093e-22    4.230122e-23
   37   79    1.535070e-18    2.293547e-19
   37   80    6.975709e-17    3.807035e-19
   37   81    4.389183e-12    7.232890e-15
   37   82    2.685192e-12    1.204813e-13
   37   83    3.199367e-11    2.050920e-12
   37   84    1.318385e-11    1.407831e-12
   37   85    5.548268e-09   -1.916356e-10
   37   86    2.309513e-09    1.086380e-10
   37   87    7.128139e-10    8.897518e-11
   37   88    2.188923e-12    3.449738e-13
   37   89    7.042350e-14    1.398760e-14
   37   90    1.772631e-17    4.027714e-18
   37   91    7.941212e-20    1.986437e-20
   37   92    4.259041e-25    1.203617e-25
   37   93    2.117765e-28    6.462596e-29
   38   78    1.219220e-29    1.932391e-30
   38   79    1.085119e-26    1.190665e-27
   38   80    1.253640e-21    1.227680e-22
   38   81    1.527009e-19    8.025475e-21
   38   82    1.238893e-15    1.161642e-16
   38   83    1.057555e-15    1.369466e-16
   38   84    1.188955e-14    1.936282e-15
   38   85    9.808465e-13    2.604442e-14
   38   86    1.737162e-08   -1.875043e-10
   38   87    1.288435e-08    6.454504e-12
   38   88    3.589780e-08    1.556857e-10
   38   89    3.513463e-10    2.267345e-11
   38   90    6.851334e-12    9.877791e-13
   38   91    1.071591e-14    1.880538e-15
   38   92    1.687286e-16    3.781841e-17
   38   93    1.976352e-20    5.032744e-21
   38   94    7.661289e-23    2.174372e-23
   38   95    3.186744e-29    1.015666e-29
   39   81    1.742211e-28    2.183449e-29
   39   82    4.858412e-25    3.479230e-26
   39   83    1.579967e-20    1.796671e-21
   39   84    1.959596e-20    2.809379e-21
   39   85    8.850253e-19    1.452475e-19
   39   86    7.941891e-17    4.456064e-18
   39   87    2.486663e-12    5.740541e-14
   39   88    3.545970e-12    2.058695e-13
   39   89    4.862312e-09   -1.319104e-11
   39   90    1.629043e-10    9.860585e-12
   39   91    3.570570e-11    4.943472e-12
   39   92    6.296531e-13    1.061284e-13
   39   93    8.775292e-14    1.901755e-14
   39   94    5.191572e-16    1.263911e-16
   39   95    6.692565e-18    1.775069e-18
   39   96    5.596467e-22    1.657711e-22
   39   97    2.468183e-26    7.853256e-27
   40   83    7.039310e-30    5.912258e-31
   40   84    4.549855e-25    6.842864e-26
   40   85    5.908682e-25    9.625980e-26
   40   86    1.884148e-21    2.522635e-22
   40   87    2.799825e-19    2.254379e-20
   40   88    3.571487e-16    4.011826e-17
   40   89    7.247428e-15    4.565608e-16
   40   90    2.124999e-09   -7.878693e-12
   40   91    5.918943e-10    1.442362e-12
   40   92    7.613180e-10    7.566948e-12
   40   93    1.451917e-10   -2.027796e-12
   40   94    4.157826e-10    3.966958e-13
   40   95    1.292994e-11    4.202139e-13
   40   96    1.943737e-12    1.352465e-13
   40   97    2.842963e-16    2.933188e-17
   40   98    6.436934e-19    8.269814e-20
   40   99    1.127443e-24    1.939326e-25
   40  100    9.461213e-27    1.819899e-27
   41   87    4.031584e-27    6.231502e-28
   41   88    2.953907e-24    2.697652e-25
   41   89    6.405374e-21    8.907673e-22
   41   90    2.887873e-19    2.918802e-20
   41   91    2.333241e-13    1.711705e-14
   41   92    9.751604e-14    1.172951e-14
   41   93    1.502393e-13    1.099713e-14
   41   94    5.665051e-14    4.853136e-15
   41   95    2.559532e-14    3.473745e-15
   41   96    2.437744e-15    4.133486e-16
   41   97    7.728742e-16    1.811893e-16
   41   98    7.227509e-19    1.885926e-19
   41   99    2.200195e-20    6.266523e-21
   41  100    1.594473e-24    4.999589e-25
   41  101    9.443062e-26    3.459833e-26
   42   89    2.361567e-29    1.790419e-30
   42   90    1.724464e-25    3.421211e-26
   42   91    2.582840e-22    3.143979e-23
   42   92    4.939935e-17    2.412096e-18
   42   93    6.844305e-17    8.764310e-18
   42   94    1.587352e-12    7.345579e-14
   42   95    1.959071e-11   -9.611181e-13
   42   96    9.388103e-11    2.014087e-13
   42   97    1.568566e-11   -1.621573e-13
   42   98    8.800550e-11    8.169160e-13
   42   99    3.653113e-13    1.570505e-14
   42  100    1.462299e-13    1.452916e-14
   42  101    9.399861e-17    1.259004e-17
   42  102    5.635781e-18    1.062074e-18
   42  103    1.529620e-21    3.345196e-22
   42  104    5.737373e-23    1.509985e-23
   42  105    1.719478e-27    5.040151e-28
   43   92    1.237226e-27    1.646763e-28
   43   93    1.013226e-21    7.751504e-23
   43   94    2.755144e-20    3.559075e-21
   43   95    3.161084e-16    1.267075e-17
   43   96    6.386037e-16    3.543489e-17
   43   97    3.964735e-15    3.141032e-16
   43   98    1.948052e-15    1.693452e-16
   43   99    2.487592e-13   -9.812967e-16
   43  100    1.351080e-14    2.889440e-16
   43  101    1.378655e-14    1.171151e-15
   43  102    3.259566e-17    3.727180e-18
   43  103    1.404311e-17    2.424781e-18
   43  104    2.064863e-20    4.136035e-21
   43  105    4.068123e-21    1.019892e-21
   43  106    5.874874e-25    1.636990e-25
   43  107    1.038837e-26    3.179732e-27
   44   94    6.063030e-26    1.185534e-26
   44   95    2.784594e-22    3.350778e-23
   44   96    1.485876e-20    2.241404e-21
   44   97    8.035291e-19    9.813954e-20
   44   98    1.402539e-13    4.684958e-15
   44   99    2.875121e-12   -2.463121e-13
   44  100    3.006959e-11   -5.035742e-13
   44  101    4.409647e-12   -5.000635e-14
   44  102    1.108419e-11    7.438474e-13
   44  103    3.383640e-13    3.313866e-14
   44  104    1.061991e-13    1.794202e-14
   44  105    6.312613e-16    1.246408e-16
   44  106    6.184629e-17    1.597266e-17
   44  107    3.580453e-20    1.019982e-20
   44  108    3.181033e-21    1.065925e-21
   44  109    1.809506e-25    6.542995e-26
   44  110    3.060310e-27    3.060301e-27
   45   96    5.685646e-28    5.868044e-29
   45   97    1.779318e-25    3.231268e-26
   45   98    8.585258e-23    8.284166e-24
   45   99    1.678935e-17    6.487815e-20
   45  100    2.806227e-17    1.830212e-20
   45  101    7.535300e-16    4.441109e-17
   45  102    1.005998e-15    2.636964e-17
   45  103    4.488794e-12   -1.428976e-13
   45  104    9.628198e-13   -1.165998e-14
   45  105    1.918831e-12    1.417621e-13
   45  106    5.408252e-14    5.401986e-15
   45  107    4.315858e-14    7.323308e-15
   45  108    3.120499e-16    6.092645e-17
   45  109    1.293805e-16    3.255546e-17
   45  110    2.001896e-19    5.557869e-20
   45  111    2.089625e-20    6.610202e-21
   45  112    3.608762e-24    1.234375e-24
   45  113    1.353051e-25    4.961627e-26
   46   98    1.302851e-28    2.427240e-29
   46   99    1.215757e-24    1.056574e-25
   46  100    2.847109e-22    2.871084e-23
   46  101    1.938973e-21    2.642015e-22
   46  102    6.709114e-18    8.010620e-19
   46  103    4.276134e-16    1.510336e-17
   46  104    1.179898e-11   -5.792847e-13
   46  105    2.792355e-12   -1.268127e-13
   46  106    2.723905e-11    1.378087e-13
   46  107    1.776378e-12    4.026459e-14
   46  108    2.915454e-11    4.639049e-13
   46  109    6.794201e-13    3.042537e-14
   46  110    3.371892e-13    3.349212e-14
   46  111    7.463026e-16    9.758481e-17
   46  112    1.625661e-16    2.993292e-17
   46  113    4.796730e-20    1.033346e-20
   46  114    4.254993e-21    1.116601e-21
   46  115    2.645338e-25    7.749163e-26
   46  116    3.939298e-27    2.276831e-27
   47  101    6.074623e-28    9.597848e-29
   47  102    3.320279e-27    5.692061e-28
   47  103    5.337134e-22    4.546717e-23
   47  104    1.002114e-19    1.284472e-21
   47  105    8.265708e-17   -8.541010e-20
   47  106    1.594327e-16   -4.631226e-18
   47  107    1.056237e-12   -1.055570e-13
   47  108    6.252369e-13   -5.213898e-14
   47  109    6.181932e-12   -6.018381e-14
   47  110    6.453156e-13    8.313067e-15
   47  111    2.279088e-12    1.955742e-13
   47  112    6.130245e-14    6.848354e-15
   47  113    4.137848e-14    7.185901e-15
   47  114    7.370534e-17    1.484681e-17
   47  115    1.951085e-17    4.973925e-18
   47  116    3.439414e-21    9.725345e-22
   47  117    7.277284e-22    2.385012e-22
   47  118    7.208254e-26    2.548692e-26
   48  103    1.240111e-30    7.732223e-32
   48  104    1.266735e-25    1.426426e-26
   48  105    1.751105e-23    1.406312e-24
   48  106    1.969623e-20    1.811423e-21
   48  107    4.386142e-18   -5.746999e-20
   48  108    2.229127e-13   -8.896345e-15
   48  109    4.704997e-14   -4.057351e-16
   48  110    1.361346e-11   -3.986022e-13
   48  111    2.987054e-12   -7.473557e-14
   48  112    2.411484e-11    2.074138e-13
   48  113    1.394243e-12    4.189436e-14
   48  114    3.542819e-11    1.763954e-13
   48  115    5.390904e-13    1.921280e-14
   48  116    3.828599e-13    3.748757e-14
   48  117    1.154588e-15    1.502684e-16
   48  118    2.176854e-16    4.079015e-17
   48  119    6.712919e-20    1.466651e-20
   48  120    5.583479e-21    1.507086e-21
   48  121    6.645028e-25    1.990317e-25
   48  122    1.246325e-26    4.853054e-27
   49  106    8.740249e-30    7.235589e-31
   49  107    1.415650e-25    7.728586e-27
   49  108    3.768161e-23    4.455631e-25
   49  109    3.549842e-19   -6.319811e-21
   49  110    4.433130e-19    6.064513e-21
   49  111    7.675404e-17   -8.077799e-19
   49  112    3.099964e-16   -1.112524e-17
   49  113    1.795479e-12   -1.660020e-13
   49  114    7.146393e-13   -5.483872e-14
   49  115    2.927801e-12    1.390443e-13
   49  116    2.942785e-13    2.216319e-14
   49  117    3.572915e-13    5.750997e-14
   49  118    7.067452e-15    1.330289e-15
   49  119    3.342362e-15    8.518254e-16
   49  120    1.496626e-17    4.197187e-18
   49  121    3.622980e-18    1.214815e-18
   49  122    3.358789e-21    1.208656e-21
   49  123    3.847787e-22    1.564792e-22
   49  124    6.840865e-26    2.940983e-26
   50  108    6.047995e-30    9.556724e-31
   50  109    8.671956e-28    5.090573e-29
   50  110    9.376058e-25    8.207092e-26
   50  111    1.055466e-23    7.218369e-25
   50  112    3.546595e-20    3.841845e-21
   50  113    3.862358e-18    3.334645e-20
   50  114    2.908859e-13    5.879813e-15
   50  115    2.111749e-12   -1.634320e-13
   50  116    3.781020e-11   -2.632530e-13
   50  117    7.351088e-12   -4.634937e-14
   50  118    5.855780e-11    3.217510e-13
   50  119    4.398017e-12   -7.057067e-14
   50  120    6.792665e-11    1.304268e-13
   50  121    1.422914e-12    4.293922e-14
   50  122    8.864176e-13    4.211058e-14
   50  123    6.120759e-15    4.546046e-16
   50  124    5.826488e-14   -1.208080e-17
   50  125    1.454003e-16    4.820068e-18
   50  126    1.166604e-17    1.197547e-18
   50  127    9.975888e-21    1.370454e-21
   50  128    1.466234e-22    2.952242e-23
   50  129    4.302017e-26    1.004562e-26
   51  112    2.338616e-30    2.626472e-31
   51  113    1.898971e-26    1.779657e-27
   51  114    2.508657e-24    1.263261e-25
   51  115    2.552965e-19    1.694817e-21
   51  116    1.599951e-18   -6.321268e-20
   51  117    3.782049e-17    7.635253e-19
   51  118    3.733016e-17    1.944568e-18
   51  119    1.398538e-15    9.749891e-17
   51  120    1.231406e-15    6.302656e-17
   51  121    2.495500e-12   -5.489952e-14
   51  122    3.095870e-13    1.569869e-16
   51  123    6.968376e-13    4.879168e-14
   51  124    3.361412e-14    3.281134e-15
   51  125    1.585063e-14    2.523074e-15
   51  126    1.896896e-16    3.529675e-17
   51  127    3.228883e-17    7.780901e-18
   51  128    7.071244e-20    1.887581e-20
   51  129    4.592932e-21    1.453988e-21
   51  130    2.230088e-24    7.610375e-25
   51  131    4.435617e-26    1.752955e-26
   52  115    1.234205e-29    6.726577e-31
   52  116    5.066770e-25    1.481027e-26
   52  117    1.111096e-24    3.456778e-26
   52  118    7.165776e-23    9.257897e-24
   52  119    7.228473e-22    1.016763e-22
   52  120    7.327532e-17    6.267438e-18
   52  121    3.852190e-16    5.306117e-18
   52  122    5.770492e-12   -2.388787e-13
   52  123    1.179980e-12   -4.463920e-14
   52  124    2.033894e-11    3.978702e-14
   52  125    1.833312e-12    1.714560e-14
   52  126    2.875533e-11    1.530525e-13
   52  127    9.199648e-13    2.848996e-14
   52  128    1.027972e-12    4.832840e-14
   52  129    1.606833e-14    9.682272e-16
   52  130    1.793305e-12   -4.536797e-15
   52  131    6.740351e-15    2.023161e-16
   52  132    4.944734e-16    4.866542e-17
   52  133    7.508863e-19    9.947731e-20
   52  134    6.269629e-21    1.242253e-21
   52  135    7.395061e-29    1.801302e-29
   53  119    8.262282e-29    1.933244e-29
   53  120    3.588631e-27    5.184233e-28
   53  121    5.022065e-22    2.186275e-23
   53  122    1.257599e-20    1.320804e-22
   53  123    7.176371e-18    1.498975e-20
   53  124    6.902574e-18    2.558509e-19
   53  125    1.720270e-15    1.257046e-16
   53  126    1.651713e-15    8.139261e-17
   53  127    2.701858e-12   -4.434182e-14
   53  128    4.159114e-13    2.161099e-15
   53  129    4.739455e-13    3.936879e-14
   53  130    1.578949e-14    1.733198e-15
   53  131    4.930793e-15    8.776295e-16
   53  132    5.282070e-17    1.082894e-17
   53  133    4.770844e-18    1.268602e-18
   53  134    2.718252e-20    8.010884e-21
   53  135    3.316578e-22    1.160911e-22
   53  136    2.645136e-30    1.018345e-30
   54  121    5.610066e-30    1.037083e-30
   54  122    5.421372e-27    3.501022e-28
   54  123    2.792606e-25    1.325971e-26
   54  124    1.780118e-22    3.599655e-23
   54  125    5.900738e-21    8.492303e-22
   54  126    2.577775e-16    2.464492e-17
   54  127    1.519201e-15    2.682283e-17
   54  128    6.770331e-12   -2.312531e-13
   54  129    1.843665e-12   -7.255596e-14
   54  130    2.190503e-11    1.530429e-13
   54  131    2.400518e-12    8.181146e-15
   54  132    4.081528e-11    6.072360e-14
   54  133    1.511708e-12    4.241306e-14
   54  134    5.841064e-13    5.118917e-14
   54  135    6.314726e-14    2.832054e-15
   54  136    7.930646e-12   -1.463837e-14
   54  137    2.034459e-18    1.004048e-19
   54  138    3.583181e-23    3.002011e-24
   54  139    3.784687e-30    5.010255e-31
   55  125    3.764874e-28    1.016513e-28
   55  126    5.870760e-26    7.661812e-27
   55  127    2.842261e-21    1.052549e-22
   55  128    4.266478e-20    5.605902e-22
   55  129    7.520483e-18    1.580820e-19
   55  130    6.626570e-18    3.727633e-19
   55  131    5.171286e-15    3.464373e-16
   55  132    3.931837e-15    1.324630e-16
   55  133    3.073208e-12   -7.638008e-14
   55  134    5.720778e-13   -3.864399e-15
   55  135    8.608913e-13    7.103249e-14
   55  136    5.810817e-14    7.199861e-15
   55  137    7.621251e-15    1.547022e-15
   55  138    5.966012e-21    1.440467e-21
   55  139    8.636354e-25    2.303975e-25
   56  127    6.480965e-29    1.195316e-29
   56  128    1.290969e-26    1.173713e-27
   56  129    4.635017e-25    3.521398e-26
   56  130    4.642519e-21    9.332605e-22
   56  131    7.027931e-20    1.005070e-20
   56  132    1.024870e-15    9.447141e-17
   56  133    3.786328e-15    9.034991e-17
   56  134    8.631452e-12   -1.775416e-13
   56  135    2.505812e-12   -8.148687e-14
   56  136    5.098208e-11    7.971953e-13
   56  137    2.532845e-11   -8.121259e-13
   56  138    4.028772e-10    2.735741e-13
   56  139    3.368803e-15    1.511986e-16
   56  140    2.657711e-18    1.925648e-19
   56  141    1.475613e-23    1.695508e-24
   56  142    2.451677e-27    3.490112e-28
   57  131    9.290794e-27    1.687573e-27
   57  132    2.611307e-25    3.400834e-26
   57  133    4.723582e-21    2.420949e-22
   57  134    5.357689e-20    1.267862e-21
   57  135    5.581276e-18    1.958327e-19
   57  136    7.514985e-18    5.684009e-19
   57  137    5.798359e-16    7.704394e-17
   57  138    2.327565e-15    2.198773e-16
   57  139    3.734940e-11   -3.347821e-16
   57  140    2.102820e-15    8.647712e-17
   57  141    7.595102e-18    4.920784e-19
   57  142    1.822952e-22    1.893760e-23
   57  143    2.247442e-25    2.908669e-26
   58  133    5.840650e-29    1.127310e-29
   58  134    2.335855e-26    2.662070e-27
   58  135    4.951722e-25    6.172751e-26
   58  136    3.527000e-21    9.516080e-22
   58  137    1.068593e-19    2.223668e-20
   58  138    1.769888e-15    2.708849e-16
   58  139    3.058231e-14    2.466510e-15
   58  140    9.332148e-11    1.342457e-14
   58  141    2.614734e-14    9.709927e-16
   58  142    1.110995e-15   -1.544377e-16
   58  143    1.352585e-19   -1.282949e-20
   58  144    7.438257e-22   -6.747286e-23
   58  145    7.937597e-27   -3.318341e-28
   58  146    2.417362e-28    3.792270e-31
   59  136    2.793458e-28    4.977274e-29
   59  137    3.292807e-23    4.565058e-24
   59  138    1.450521e-21    1.673000e-22
   59  139    4.806938e-17    3.420843e-18
   59  140    1.654907e-15    7.538805e-17
   59  141    7.783099e-12   -7.848350e-16
   59  142    1.774601e-14    6.108264e-16
   59  143    2.231778e-15    1.061338e-16
   59  144    8.888981e-19    7.283071e-20
   59  145    2.865352e-20    2.874043e-21
   59  146    4.292925e-25    5.956595e-26
   59  147    1.548900e-26    2.394178e-27
   60  138    3.381984e-25    5.759384e-26
   60  139    6.538658e-23    9.709531e-24
   60  140    9.761931e-18    1.043628e-18
   60  141    9.247497e-16    5.699378e-17
   60  142    2.773632e-11    4.739600e-13
   60  143    7.349910e-13   -1.367426e-14
   60  144    6.486395e-12   -4.270867e-13
   60  145    1.659044e-14   -7.096777e-16
   60  146    5.614435e-15   -2.365270e-15
   60  147    1.452369e-18   -5.343009e-19
   60  148    7.427246e-20   -2.642513e-20
   60  149    6.146272e-24   -1.844289e-24
   60  150    3.481432e-23   -1.485172e-23
   60  151    6.343530e-27   -2.365764e-27
   60  152    1.054931e-26    2.236792e-32
   61  140    6.963736e-29    1.759464e-29
   61  141    5.496065e-23    1.273559e-23
   61  142    4.135010e-20    8.840276e-21
   61  143    3.373991e-15    6.183707e-16
   61  144    2.616269e-16    4.673721e-17
   61  145    1.872155e-15    1.742879e-16
   61  146    3.025290e-17    3.006720e-18
   61  147    1.062456e-16   -2.368162e-18
   61  148    1.831974e-19    2.378861e-21
   61  149    3.118751e-20    9.318578e-22
   61  150    1.326177e-23    8.568422e-25
   61  151    1.547515e-22    4.323766e-24
   61  152    9.703701e-26    5.894283e-27
   61  153    1.143207e-25    5.146437e-27
   61  154    5.529878e-29    4.313674e-30
   61  155    2.359736e-30    3.227432e-31
   62  141    7.466640e-30    1.966164e-30
   62  142    5.197062e-23    1.179249e-23
   62  143    9.605093e-20    1.875697e-20
   62  144    9.202224e-14    1.361409e-14
   62  145    1.491509e-13    8.436191e-15
   62  146    3.305037e-12    8.105945e-14
   62  147    1.862485e-13    9.585567e-16
   62  148    1.540161e-12   -1.493689e-13
   62  149    8.263242e-15   -5.045219e-16
   62  150    1.008621e-14   -5.094525e-16
   62  151    2.933759e-17   -7.161352e-19
   62  152    1.282980e-16   -2.830335e-17
   62  153    4.965358e-19   -1.101534e-19
   62  154    3.306972e-18   -2.232739e-18
   62  155    4.486722e-21   -2.779180e-21
   62  156    1.739605e-21   -8.819949e-22
   62  157    1.636093e-25   -7.350367e-26
   62  158    6.442621e-28   -2.652919e-28
   63  143    1.678853e-27    4.244300e-28
   63  144    2.969586e-23    6.833293e-24
   63  145    7.720395e-17    1.470291e-17
   63  146    1.476115e-16    2.475331e-17
   63  147    7.993489e-15    1.067557e-15
   63  148    1.599500e-15    2.053047e-16
   63  149    6.425788e-14    4.742760e-15
   63  150    1.204882e-15    9.415589e-17
   63  151    1.682560e-13   -2.619665e-15
   63  152    2.410572e-15    3.241886e-17
   63  153    1.283141e-13   -4.198693e-15
   63  154    2.142198e-15   -9.141501e-18
   63  155    1.814931e-14   -2.145514e-16
   63  156    1.169663e-16    2.033438e-18
   63  157    3.540545e-17    8.481471e-19
   63  158    1.550989e-20    8.980383e-22
   63  159    4.763087e-22    3.657126e-23
   63  160    1.833143e-26    2.089506e-27
   64  145    3.753474e-27    9.481786e-28
   64  146    1.092839e-19    2.297312e-20
   64  147    8.813049e-19    1.371227e-19
   64  148    2.875517e-16    3.537725e-17
   64  149    3.632593e-16    3.568716e-17
   64  150    2.624570e-14    1.879374e-15
   64  151    3.769432e-15    2.695517e-16
   64  152    3.219561e-13    2.733490e-15
   64  153    2.536845e-14    7.538520e-16
   64  154    2.131297e-12    3.490292e-14
   64  155    1.446317e-13    4.437898e-15
   64  156    3.236576e-12   -4.307131e-14
   64  157    7.593648e-14    9.091372e-16
   64  158    1.327078e-13   -3.687546e-15
   64  159    3.552924e-16    1.684135e-18
   64  160    7.040319e-17   -8.022930e-18
   64  161    2.296494e-20   -1.704892e-21
   64  162    2.899995e-22   -1.961021e-23
   64  163    1.382715e-26   -3.461418e-28
   65  147    4.798203e-28    1.299850e-28
   65  148    6.334473e-27    1.415888e-27
   65  149    3.255511e-24    8.205917e-25
   65  150    7.825761e-24    1.932373e-24
   65  151    9.500324e-21    2.277606e-21
   65  152    1.815094e-21    4.192942e-22
   65  153    4.760435e-18    9.141476e-19
   65  154    1.859216e-18    3.348935e-19
   65  155    2.005744e-15    2.511982e-16
   65  156    5.855659e-16    6.707776e-17
   65  157    1.165736e-13    6.491530e-15
   65  158    1.105872e-14    6.146421e-16
   65  159    2.347645e-13   -7.444396e-15
   65  160    3.122618e-15   -8.702154e-18
   65  161    2.472355e-15    2.713891e-17
   65  162    7.999845e-18    3.190120e-19
   65  163    4.159249e-19    2.400813e-20
   65  164    1.154902e-22    1.071690e-23
   65  165    6.687927e-25    7.711845e-26
   65  166    2.907472e-29    4.349802e-30
   66  151    2.697028e-27    6.328976e-28
   66  152    2.352478e-23    4.508832e-24
   66  153    1.240940e-22    2.105920e-23
   66  154    1.643608e-19    2.237816e-20
   66  155    2.359251e-19    2.904603e-20
   66  156    4.151244e-16    3.386558e-17
   66  157    3.701306e-16    3.225518e-17
   66  158    1.455175e-13    6.839808e-15
   66  159    4.132634e-14    2.390309e-15
   66  160    2.538448e-12    3.997759e-15
   66  161    1.370039e-13    3.196955e-15
   66  162    6.256260e-13   -1.654811e-14
   66  163    6.948776e-15    2.111381e-17
   66  164    3.886398e-15    3.786959e-17
   66  165    2.806262e-18    1.229462e-19
   66  166    5.599415e-20    3.053579e-21
   66  167    4.830400e-24    4.399356e-25
   66  168    2.106232e-26    2.363564e-27
   66  169    1.752626e-30   -9.717400e-36
   67  154    2.165913e-30    5.757147e-31
   67  155    1.534788e-25    7.146207e-26
   67  156    1.860567e-25    4.869016e-26
   67  157    5.168463e-21    1.190535e-21
   67  158    1.095395e-20    2.435336e-21
   67  159    3.697905e-17    6.934330e-18
   67  160    1.464336e-17    2.603172e-18
   67  161    1.416685e-14    1.831909e-15
   67  162    1.168275e-15    1.413847e-16
   67  163    2.548575e-13    1.144050e-14
   67  164    9.555885e-15    6.433594e-16
   67  165    2.037860e-13   -1.403729e-14
   67  166    7.217208e-16   -2.573724e-17
   67  167    1.461027e-16   -3.103945e-18
   67  168    7.798550e-20    1.054002e-21
   67  169    1.635905e-21    5.826898e-23
   67  170    1.457986e-25    1.038974e-26
   67  171    3.553932e-28    3.444674e-29
   68  157    4.345328e-27    7.470137e-28
   68  158    1.670284e-22    2.394390e-23
   68  159    8.832573e-22    1.162482e-22
   68  160    4.462025e-18    4.444519e-19
   68  161    1.275674e-17    1.100108e-18
   68  162    9.833368e-15    5.094377e-16
   68  163    5.861800e-15    3.856586e-16
   68  164    7.427923e-13    1.120026e-14
   68  165    1.086112e-13    4.014456e-15
   68  166    2.775463e-12   -1.957204e-14
   68  167    6.864746e-14    1.414333e-15
   68  168    6.187199e-14    2.064903e-15
   68  169    1.739544e-16    1.117574e-17
   68  170    1.215954e-17    9.906680e-19
   68  171    5.282404e-21    6.004294e-22
   68  172    4.809049e-23    6.360405e-24
   68  173    2.588878e-27    4.332519e-28
   68  174    5.867728e-29   -6.280664e-35
   69  160    2.944834e-27    7.877163e-28
   69  161    6.356267e-23    1.436510e-23
   69  162    3.593963e-22    7.559951e-23
   69  163    2.247356e-18    3.902388e-19
   69  164    2.308963e-18    3.656975e-19
   69  165    3.134433e-15    3.703162e-16
   69  166    1.077583e-15    1.147129e-16
   69  167    2.171286e-13    9.637961e-15
   69  168    2.647788e-14    1.175463e-15
   69  169    2.766474e-13   -1.122991e-14
   69  170    5.280485e-15   -7.089799e-17
   69  171    2.451266e-15    4.909876e-18
   69  172    5.504764e-18    1.763100e-19
   69  173    3.057659e-19    1.538994e-20
   69  174    1.335934e-22    1.123103e-23
   69  175    1.301884e-25    1.402219e-26
   69  176    6.325442e-30    9.131714e-31
   70  161    4.895236e-30    2.214676e-30
   70  162    2.230673e-25    5.524079e-26
   70  163    4.762153e-24    1.088213e-24
   70  164    5.734865e-20    1.103306e-20
   70  165    3.865370e-19    6.753717e-20
   70  166    6.467542e-16    8.865801e-17
   70  167    1.254971e-15    1.488426e-16
   70  168    3.998960e-13    2.932221e-14
   70  169    1.446288e-13    1.166579e-14
   70  170    4.545695e-12   -1.173780e-14
   70  171    3.649479e-13    5.158406e-15
   70  172    1.021758e-12   -3.432973e-14
   70  173    1.298714e-14   -7.518208e-17
   70  174    3.530561e-15    3.963697e-18
   70  175    2.838326e-18    9.809435e-20
   70  176    3.832494e-20    2.174858e-21
   70  177    1.118568e-23    1.008754e-24
   70  178    7.109214e-26    7.700165e-27
   71  165    9.542596e-26    2.523841e-26
   71  166    8.056034e-25    1.983319e-25
   71  167    2.295664e-20    4.820324e-21
   71  168    1.238283e-19    2.448204e-20
   71  169    2.897920e-16    4.747206e-17
   71  170    1.646863e-16    2.445892e-17
   71  171    5.084636e-14    4.657869e-15
   71  172    1.142542e-14    9.082992e-16
   71  173    3.335782e-13    1.365052e-15
   71  174    1.448822e-14    1.394929e-16
   71  175    4.667608e-14   -7.110048e-15
   71  176    2.056233e-16   -2.443245e-17
   71  177    1.543185e-17   -1.488134e-18
   71  178    1.553356e-20   -9.690021e-22
   71  179    3.382204e-22   -1.359466e-23
   71  180    8.629570e-26   -1.834564e-28
   71  181    4.960356e-29    4.541203e-32
   72  167    2.771897e-26    7.037873e-27
   72  168    8.091717e-22    1.784518e-22
   72  169    1.116628e-20    2.252915e-21
   72  170    4.492651e-17    7.433704e-18
   72  171    1.689614e-16    2.539387e-17
   72  172    5.470663e-14    6.188463e-15
   72  173    5.324387e-14    5.307954e-15
   72  174    2.187141e-12    1.144792e-13
   72  175    3.010629e-13    2.037061e-14
   72  176    3.836180e-12   -1.462249e-13
   72  177    6.312190e-14   -5.224922e-16
   72  178    3.009598e-14    1.905807e-16
   72  179    1.513659e-16    5.644266e-18
   72  180    1.817407e-17    9.756091e-19
   72  181    9.672186e-21    8.365919e-22
   72  182    5.210648e-23    5.688420e-24
   72  183    2.236070e-27    3.192362e-28
   72  184    1.276306e-28    1.244049e-34
   72  185    1.005529e-30   -1.065790e-36
   73  170    1.295684e-28    4.230539e-29
   73  171    4.043491e-24    1.196561e-24
   73  172    7.328544e-24    2.073878e-24
   73  173    7.427561e-20    1.918617e-20
   73  174    7.721718e-21    1.938661e-21
   73  175    2.980414e-16    5.327928e-17
   73  176    5.532678e-17    9.280400e-18
   73  177    1.029877e-14    1.117229e-15
   73  178    1.378968e-17    9.887707e-19
   73  179    6.654049e-13    4.606426e-15
   73  180    1.375679e-14    4.389104e-16
   73  181    3.200782e-14   -6.224261e-15
   73  182    6.056255e-17   -9.445725e-18
   73  183    1.589788e-18   -2.084719e-19
   73  184    1.373903e-22   -1.227695e-23
   73  185    1.236489e-24   -7.912001e-26
   73  186    6.451970e-29   -1.456000e-30
   74  171    1.843225e-29    5.711413e-30
   74  172    1.010236e-24    2.733264e-25
   74  173    3.505750e-23    8.813404e-24
   74  174    1.688543e-19    3.685317e-20
   74  175    1.455403e-18    2.912237e-19
   74  176    8.505599e-16    1.409156e-16
   74  177    1.158843e-15    1.740171e-16
   74  178    1.496990e-13    1.664340e-14
   74  179    6.917126e-14    6.697043e-15
   74  180    2.344225e-12    9.051772e-14
   74  181    2.647699e-13    1.084305e-14
   74  182    2.093643e-12   -1.245117e-13
   74  183    1.449135e-14   -3.899403e-16
   74  184    2.162739e-15   -2.338663e-17
   74  185    2.441100e-18    5.808349e-20
   74  186    8.514801e-20    3.674869e-21
   74  187    1.524543e-23    1.199834e-24
   74  188    1.130348e-25    1.117001e-26
   75  174    1.860756e-29    4.932392e-30
   75  175    5.975310e-25    1.337655e-25
   75  176    8.624783e-24    1.753543e-24
   75  177    3.016762e-20    5.109874e-21
   75  178    8.536879e-20    1.325510e-20
   75  179    6.580721e-17    7.788613e-18
   75  180    9.445862e-17    1.028513e-17
   75  181    2.205804e-14    1.585574e-15
   75  182    6.333476e-15    4.114824e-16
   75  183    2.682887e-13    8.896206e-16
   75  184    4.874290e-15    9.891473e-17
   75  185    1.334004e-14   -2.900853e-15
   75  186    7.116158e-17   -1.283997e-17
   75  187    1.207789e-17   -1.941927e-18
   75  188    9.581575e-21   -1.162784e-21
   75  189    5.312554e-22   -5.542873e-23
   75  190    8.172296e-26   -5.265823e-27
   75  191    1.794383e-27    6.310012e-30
   75  192    1.039657e-29    1.429126e-31
   76  177    2.140876e-26    5.799005e-27
   76  178    2.342211e-22    5.480988e-23
   76  179    3.947384e-21    8.432981e-22
   76  180    7.216681e-18    1.265008e-18
   76  181    3.113068e-17    4.865258e-18
   76  182    1.413118e-14    1.660315e-15
   76  183    2.232538e-14    2.256964e-15
   76  184    1.438042e-12    9.169047e-14
   76  185    1.767003e-13    1.118390e-14
   76  186    2.797740e-12   -1.058982e-13
   76  187    5.572153e-14   -5.109943e-16
   76  188    8.563317e-14   -4.556091e-16
   76  189    3.220140e-16    8.707517e-18
   76  190    1.452155e-16    5.779722e-18
   76  191    2.226046e-19    1.597545e-20
   76  192    3.743140e-20    3.270589e-21
   76  193    1.143596e-23    1.356623e-24
   76  194    9.642648e-25   -6.501144e-25
   76  195    1.314636e-28   -8.065169e-29
   76  196    1.356408e-28    8.421936e-34
   77  180    9.309011e-27    2.881546e-27
   77  181    1.230084e-22    3.425846e-23
   77  182    1.534750e-21    4.038501e-22
   77  183    2.649302e-18    6.206888e-19
   77  184    9.468115e-18    2.109535e-18
   77  185    2.983928e-15    5.826177e-16
   77  186    3.809169e-16    7.125311e-17
   77  187    5.749953e-14    6.967770e-15
   77  188    4.579166e-15    5.310382e-16
   77  189    3.973995e-13    1.123153e-14
   77  190    8.692743e-15    2.843581e-16
   77  191    1.758925e-13   -1.959854e-14
   77  192    9.338547e-16   -7.222628e-17
   77  193    1.428411e-15   -9.167034e-17
   77  194    2.099624e-18   -6.274504e-20
   77  195    2.581554e-19   -6.331544e-21
   77  196    9.746870e-23    1.108120e-24
   77  197    2.469123e-24    7.538312e-26
   77  198    3.618571e-28    2.352746e-29
   78  182    1.894565e-26    6.012885e-27
   78  183    7.449392e-25    2.116458e-25
   78  184    4.241365e-21    1.058555e-21
   78  185    3.861209e-20    8.903527e-21
   78  186    3.265607e-17    6.533178e-18
   78  187    3.059118e-17    5.544844e-18
   78  188    1.537074e-14    2.087196e-15
   78  189    7.807374e-15    9.741089e-16
   78  190    7.000247e-13    4.883250e-14
   78  191    8.923055e-14    6.940424e-15
   78  192    3.630452e-12   -7.006102e-14
   78  193    1.520752e-13    1.350042e-15
   78  194    5.741691e-13    9.197648e-15
   78  195    7.046164e-15    3.259226e-16
   78  196    4.570517e-15    2.386854e-16
   78  197    1.598905e-17    6.341728e-19
   78  198    1.335289e-16   -4.427559e-17
   78  199    1.234636e-19   -3.525245e-20
   78  200    4.426523e-21   -1.178401e-21
   78  201    2.644148e-25   -5.748190e-26
   78  202    2.422027e-27   -4.696000e-28
   79  186    3.535639e-27    1.183364e-27
   79  187    1.681465e-23    5.036346e-24
   79  188    6.962677e-23    1.981147e-23
   79  189    1.295275e-19    3.151326e-20
   79  190    4.123582e-19    9.588018e-20
   79  191    1.923088e-16    3.769563e-17
   79  192    7.244023e-17    1.343614e-17
   79  193    2.270473e-14    2.912747e-15
   79  194    4.244806e-15    4.905541e-16
   79  195    3.239177e-13    1.584683e-14
   79  196    2.346114e-14    9.809010e-16
   79  197    3.247778e-13   -1.991229e-14
   79  198    7.724457e-15   -2.526566e-16
   79  199    3.850185e-15   -1.174045e-16
   79  200    1.362021e-17   -5.646420e-21
   79  201    1.354533e-18    1.081493e-20
   79  202    1.504466e-21    5.867677e-23
   79  203    3.878751e-23    2.139922e-24
   79  204    7.423137e-27    6.542617e-28
   80  189    1.336983e-26    4.081618e-27
   80  190    7.851893e-23    2.119630e-23
   80  191    8.587007e-22    2.154445e-22
   80  192    1.143055e-18    2.499925e-19
   80  193    3.791737e-18    7.498378e-19
   80  194    1.769200e-15    2.935184e-16
   80  195    1.740146e-15    2.561768e-16
   80  196    2.575937e-13    2.546623e-14
   80  197    9.871213e-14    9.304159e-15
   80  198    4.141529e-12    1.320293e-13
   80  199    7.112370e-13    2.367212e-14
   80  200    6.953760e-12   -9.758424e-15
   80  201    2.555322e-13   -1.004514e-14
   80  202    1.337438e-12   -1.676954e-13
   80  203    7.473997e-15   -6.624048e-16
   80  204    3.384284e-14   -2.860645e-15
   80  205    8.102411e-18   -3.784253e-19
   80  206    6.132900e-20   -7.417307e-22
   80  207    7.310669e-28    3.405315e-29
   81  192    6.937552e-28    2.907029e-28
   81  193    1.218413e-24    4.613991e-25
   81  194    3.706301e-23    1.339016e-23
   81  195    6.795633e-20    2.207684e-20
   81  196    3.787147e-19    1.134075e-19
   81  197    1.062550e-16    2.757157e-17
   81  198    2.129437e-16    4.865043e-17
   81  199    2.686508e-14    4.873522e-15
   81  200    2.397568e-14    3.265075e-15
   81  201    7.526826e-13    6.026525e-14
   81  202    3.195293e-13    4.700093e-15
   81  203    2.127342e-12   -6.652553e-14
   81  204    1.490933e-13   -8.892536e-16
   81  205    1.493623e-13   -5.752428e-15
   81  206    1.062053e-15   -1.290003e-17
   81  207    2.461652e-17    9.294084e-19
   81  208    3.911198e-25    3.574008e-26
   81  209    1.094123e-30    1.403639e-31
   82  195    6.741095e-29    3.202785e-29
   82  196    5.682635e-25    2.328369e-25
   82  197    1.072360e-23    4.048396e-24
   82  198    2.008232e-20    6.934360e-21
   82  199    1.062259e-19    3.247084e-20
   82  200    1.021015e-16    2.674068e-17
   82  201    4.332074e-16    9.203097e-17
   82  202    7.843185e-14    1.202285e-14
   82  203    1.855161e-13    1.724555e-14
   82  204    1.042706e-11    3.616520e-13
   82  205    7.299036e-12    6.860650e-14
   82  206    8.166312e-11    1.679922e-12
   82  207    3.337400e-11   -1.369533e-12
   82  208    1.208937e-10   -7.700354e-13
   82  209    2.480524e-17    1.141447e-18
   82  210    2.947342e-23    2.507498e-24
   82  211    3.034061e-30    4.010792e-31
   83  198    3.125030e-28    1.400346e-28
   83  199    1.447328e-24    5.918179e-25
   83  200    2.774030e-23    1.086605e-23
   83  201    2.504568e-20    9.028514e-21
   83  202    1.089906e-19    3.635733e-20
   83  203    4.209980e-17    1.269287e-17
   83  204    1.118936e-16    2.944040e-17
   83  205    9.775315e-15    2.056619e-15
   83  206    1.224138e-14    1.881729e-15
   83  207    5.054140e-13    4.716520e-14
   83  208    2.084142e-13    3.850543e-15
   83  209    2.370563e-12   -5.499768e-14
   83  210    2.355513e-18    6.201424e-20
   83  211    1.188801e-23    7.762441e-25
   83  212    1.821418e-30    2.055212e-31
   84  204    1.856970e-28    7.356577e-29
   84  205    4.245091e-28    1.539223e-28
   84  206    4.304989e-26    1.365694e-26
   84  207    6.743985e-26    1.753447e-26
   84  208    2.300739e-24    4.912164e-25
   84  209    5.811737e-25    9.346417e-26
   84  210    6.587105e-24    6.743206e-25
   84  211    8.940201e-30    1.428007e-30
    0    1    1.279847e-11    1.103863e-12
    1    1    6.324648e-09    3.470657e-10
    2    4    1.463983e-06    3.720820e-08
