4.2920e-01
1.3666e-02
1.2382e+00
9.6926e+04
    5   10    3.449981e-29   -2.791855e-34
    5   11    2.099763e-26    2.784774e-29
    6   11    4.840464e-26    1.503039e-29
    6   12    7.736612e-04   -7.279208e-12
    6   13    3.046951e-13    6.700568e-17
    6   14    8.753562e-18    3.722711e-21
    7   13    1.008546e-16    4.958613e-18
    7   14    3.527193e-16    1.663489e-18
    7   15    1.360279e-18    6.446843e-21
    8   14    1.252957e-20   -1.618131e-24
    8   15    3.170596e-23    2.076706e-25
    8   16    4.583191e-02   -2.405957e-12
    8   17    5.180773e-11    1.061546e-14
    8   18    1.265691e-14    3.094731e-18
    8   19    2.966052e-24    1.370441e-28
    9   17    5.915772e-20    1.677072e-20
    9   18    5.978156e-18    7.497090e-21
    9   19    2.526970e-18    1.144563e-21
    9   20    3.174747e-26    5.076218e-30
   10   18    4.087142e-26   -2.316999e-28
   10   19    5.194268e-26    5.048408e-29
   10   20    8.353557e-03    5.488790e-12
   10   21    3.015504e-05   -1.186911e-13
   10   22    3.692384e-06   -1.709993e-14
   10   23    3.626242e-15   -1.272348e-19
   10   24    1.650443e-25    6.131286e-29
   11   21    2.367322e-12   -1.686751e-13
   11   22    9.627337e-12    2.301761e-14
   11   23    1.457133e-04    2.431687e-13
   11   24    2.774319e-12    5.920387e-16
   11   25    2.052676e-20    5.186474e-24
   11   26    2.451699e-29   -1.983835e-31
   12   22    2.502823e-20   -7.233911e-24
   12   23    5.062504e-13    3.973054e-14
   12   24    2.013356e-03    4.695580e-13
   12   25    4.441884e-04   -1.581275e-13
   12   26    2.597881e-04    2.100605e-09
   12   27    7.357114e-13    1.492743e-16
   12   28    5.076193e-21    2.096342e-24
   12   29    2.637738e-30   -2.495990e-32
   13   24    3.261858e-26    4.477425e-27
   13   25    1.596457e-14   -2.698676e-16
   13   26    1.407664e-04   -2.100683e-09
   13   27    2.011965e-04    2.025952e-13
   13   28    8.882428e-12    1.261694e-15
   13   29    7.976317e-17    2.023439e-20
   13   30    2.491587e-25   -5.410210e-28
   14   26    4.619576e-20   -1.959314e-22
   14   27    1.058141e-11    4.426222e-15
   14   28    2.358147e-04    8.434643e-14
   14   29    6.520013e-05    3.551711e-16
   14   30    2.844587e-05    1.458149e-11
   14   31    1.325229e-13    2.783198e-17
   14   32    1.580473e-21    6.662464e-25
   14   33    1.503580e-30   -1.381184e-33
   15   28    2.676919e-24    8.508667e-26
   15   29    2.171891e-13   -2.138534e-15
   15   30    2.309723e-07   -1.457365e-11
   15   31    2.104160e-06    1.163226e-12
   15   32    5.677241e-14    1.220815e-17
   15   33    5.822309e-16    1.338671e-19
   15   34    5.123304e-24   -1.742932e-27
   16   30    7.493031e-23   -2.233183e-25
   16   31    3.134131e-10   -1.155168e-12
   16   32    1.166121e-06    4.949023e-16
   16   33    2.100916e-08    4.516925e-17
   16   34    2.736456e-07   -1.255245e-17
   16   35    1.681596e-15    3.732502e-19
   16   36    5.066494e-22    2.124862e-25
   17   32    1.370001e-24    1.659938e-25
   17   33    6.356812e-18   -1.053380e-19
   17   34    9.605466e-17   -3.021785e-19
   17   35    1.020434e-08    4.267725e-17
   17   36    6.551962e-16    1.394376e-19
   17   37    1.012343e-21    5.316463e-25
   17   38    5.031226e-30    2.142674e-33
   18   34    6.576482e-24   -7.364761e-26
   18   35    1.461996e-22   -7.428407e-25
   18   36    8.448029e-10    4.392229e-19
   18   37    6.071338e-17    1.283006e-20
   18   38    2.659023e-10    4.456487e-21
   18   39    6.431165e-18    1.375446e-21
   18   40    5.301922e-19    1.241988e-22
   18   41    6.748216e-27    2.803736e-30
   19   37    8.977913e-23    5.802815e-24
   19   38    9.283162e-26    4.450079e-28
   19   39    3.745184e-12    1.804023e-20
   19   40    3.100800e-19    6.604367e-23
   19   41    1.250967e-24    6.293208e-28
   19   42    2.990781e-29    1.885773e-32
   19   43    5.720533e-24    2.174383e-27
   20   38    9.412430e-29    6.011367e-34
   20   40    2.851210e-14    2.523605e-23
   20   41    1.988473e-21    4.263840e-25
   20   42    4.763924e-08   -2.572353e-18
   20   43    1.463411e-08   -3.971228e-19
   20   44    7.048443e-08   -2.339412e-18
   20   45    4.845658e-15    1.032278e-18
   20   46    2.020422e-10   -8.808957e-21
   20   47    6.720098e-18    1.426489e-21
   20   48    2.292639e-09   -2.010227e-19
   20   49    1.692669e-17    3.312362e-21
   20   50    6.313530e-26   -1.646684e-29
   21   41    4.362018e-30    8.987210e-31
   21   43    4.762360e-16    1.310062e-18
   21   44    1.935745e-16    5.376881e-19
   21   45    6.669492e-09    1.653178e-18
   21   46    2.968855e-15    6.315548e-19
   21   47    2.753603e-18    7.419415e-21
   21   48    4.526549e-17    1.351672e-19
   21   49    2.240375e-17    6.247788e-20
   21   50    1.907858e-25    1.076544e-28
   22   44    5.502070e-25    3.025656e-27
   22   45    2.461591e-22    1.251473e-24
   22   46    2.020421e-08   -1.041480e-18
   22   47    7.854395e-09    2.733286e-19
   22   48    1.436025e-08   -1.943047e-20
   22   49    1.733388e-08   -2.490972e-19
   22   50    5.602375e-08   -2.721292e-19
   22   51    1.712712e-15    3.191601e-19
   22   52    3.122747e-23    9.665309e-27
   23   47    5.654812e-17    1.596946e-19
   23   48    2.615837e-17    7.470738e-20
   23   49    5.742420e-17    1.711407e-19
   23   50    2.051970e-15    1.507403e-19
   23   51    4.904039e-09    2.527500e-19
   23   52    1.398015e-15    2.388860e-19
   23   53    7.160108e-23    2.200156e-26
   23   54    1.080670e-30    4.410023e-34
   24   48    2.153105e-26    1.169135e-28
   24   49    5.923981e-26    1.453056e-28
   24   50    9.383975e-13   -6.206197e-23
   24   51    1.532626e-18    4.449609e-21
   24   52    5.579288e-08   -1.197215e-18
   24   53    1.074040e-08    3.432386e-19
   24   54    1.369099e-07   -1.663970e-18
   24   55    8.631422e-15    1.463562e-18
   24   56    3.132443e-22    1.200270e-25
   24   57    3.113486e-30    5.072342e-34
   25   51    6.242596e-22    1.803328e-24
   25   52    8.316315e-28    4.074275e-30
   25   53    4.585493e-17    1.351885e-19
   25   54    1.013586e-17    3.004434e-20
   25   55    3.456010e-08   -9.865155e-19
   25   56    8.617482e-15    1.822806e-18
   25   57    1.085111e-21    3.223544e-25
   25   58    2.878484e-29   -7.204756e-32
   26   54    4.446328e-09   -2.283870e-19
   26   55    1.083275e-15    3.114272e-19
   26   56    1.766820e-06   -4.295071e-17
   26   57    9.986688e-07   -3.240219e-17
   26   58    5.174607e-06   -7.080433e-17
   26   59    6.284350e-13    1.348734e-16
   26   60    4.561436e-20    1.872544e-23
   26   61    6.801440e-28    3.933980e-31
   27   55    7.262913e-19    2.140229e-21
   27   56    2.777744e-25    8.371809e-28
   27   57    4.895035e-16    1.498884e-18
   27   58    3.924376e-16    1.160786e-18
   27   59    2.034761e-06   -5.330844e-17
   27   60    2.857236e-13    6.030766e-17
   27   61    7.988269e-20    3.257612e-23
   27   62    5.310761e-27    2.626339e-30
   28   56    9.464353e-30    5.285041e-32
   28   58    6.192278e-10   -4.929852e-20
   28   59    2.411558e-16    9.365796e-20
   28   60    2.667797e-06   -1.672949e-16
   28   61    1.015185e-06    4.578488e-17
   28   62    2.259023e-06    7.153617e-17
   28   63    2.312650e-13    4.954777e-17
   28   64    1.389652e-06   -2.347679e-17
   28   65    1.063866e-13    2.261185e-17
   28   66    6.704535e-21    2.755696e-24
   28   67    7.543333e-29    1.222091e-32
   29   59    2.994245e-20    8.665045e-23
   29   60    1.144966e-26    5.784777e-29
   29   61    2.259551e-16    6.875006e-19
   29   62    1.634312e-16    4.977340e-19
   29   63    8.717974e-07   -1.588035e-16
   29   64    7.437645e-13    1.593999e-16
   29   65    1.075840e-06   -8.132279e-17
   29   66    3.809640e-13    7.015990e-17
   29   67    2.799594e-19    1.028618e-22
   29   68    2.723300e-26    5.920132e-30
   29   69    8.573912e-28    3.545836e-31
   30   62    1.778573e-26    4.814965e-29
   30   63    1.649208e-25    1.228098e-27
   30   64    8.425442e-07   -9.714166e-17
   30   65    4.534075e-13    9.722717e-17
   30   66    1.302067e-06   -8.086115e-17
   30   67    2.837025e-07    2.968798e-17
   30   68    1.322620e-06    1.855320e-17
   30   69    2.035677e-13    4.311869e-17
   30   70    1.327705e-10    7.073945e-22
   30   71    2.398100e-17    3.597203e-21
   30   72    3.664363e-24    1.501804e-27
   31   65    4.555294e-17    1.406032e-19
   31   66    3.212702e-23    1.373717e-25
   31   67    1.255135e-16    3.937916e-19
   31   68    2.910055e-17    9.002730e-20
   31   69    1.594877e-07   -3.994454e-17
   31   70    1.916415e-13    3.956408e-17
   31   71    1.407638e-07   -2.852354e-17
   31   72    1.331414e-13    2.844065e-17
   31   73    1.114819e-19    4.567120e-23
   31   74    1.448013e-26    8.395348e-30
   32   66    7.329543e-28    4.443854e-30
   32   68    2.308563e-24    6.438296e-28
   32   69    5.233420e-22    2.794724e-24
   32   70    2.286682e-07   -3.327688e-17
   32   71    1.619231e-13    3.476044e-17
   32   72    2.362111e-07   -3.165685e-17
   32   73    4.522473e-08    1.717833e-17
   32   74    1.757502e-07   -2.231641e-18
   32   75    7.759923e-14    1.650748e-17
   32   76    1.249213e-11    8.033354e-21
   32   77    3.432659e-18    7.352270e-22
   32   78    5.662296e-25    2.311868e-28
   33   71    9.775161e-18    3.094894e-20
   33   72    1.970538e-23    3.541378e-26
   33   73    1.564608e-17    5.009137e-20
   33   74    1.274867e-18    3.903689e-21
   33   75    2.000840e-08   -1.819104e-17
   33   76    8.616618e-14    1.835734e-17
   33   77    1.056554e-19    4.509989e-23
   33   78    2.977729e-26    1.865322e-29
   34   72    1.481833e-28    9.228485e-31
   34   74    1.632290e-24    2.686437e-27
   34   75    1.851352e-19    6.756391e-22
   34   76    4.988949e-08   -1.668446e-17
   34   77    1.818956e-08    5.558627e-18
   34   78    7.041448e-08    3.649786e-18
   34   79    3.487853e-14    7.476209e-18
   34   80    4.239296e-09   -2.610309e-19
   34   81    1.349647e-15    2.773972e-19
   34   82    3.172076e-12    1.268943e-21
   34   83    2.261431e-19    4.686180e-23
   34   84    2.171313e-26    8.975502e-30
   35   76    2.246111e-30    1.424515e-32
   35   77    1.102247e-18    3.567317e-21
   35   78    3.668384e-19    1.152158e-21
   35   79    8.345272e-09   -8.112891e-18
   35   80    3.796219e-14    7.778389e-18
   35   81    7.274671e-09   -3.768708e-18
   35   82    1.767451e-14    3.777538e-18
   35   83    2.844270e-20    1.327331e-23
   35   84    6.822769e-27    4.090621e-30
   36   78    2.694566e-26    8.979371e-28
   36   79    7.649139e-22    3.432833e-24
   36   80    2.125896e-08   -9.959059e-18
   36   81    4.793290e-14    1.027025e-17
   36   82    5.111919e-08   -8.935059e-18
   36   83    1.566931e-08    3.757951e-18
   36   84    5.823899e-08    2.141789e-18
   36   85    1.416844e-14    3.033742e-18
   36   86    4.641502e-10   -2.293410e-21
   36   87    1.071324e-17    2.262595e-21
   36   88    6.418246e-25    2.658608e-28
   37   81    1.385940e-19    4.582903e-22
   37   82    6.947362e-25    1.394584e-27
   37   83    4.022962e-19    1.336319e-21
   37   84    8.207421e-20    2.628367e-22
   37   85    8.462398e-09   -2.825265e-18
   37   86    1.323617e-14    2.826513e-18
   37   87    5.853055e-11   -1.679771e-21
   37   88    7.947925e-18    1.639410e-21
   37   89    2.440932e-24    9.761441e-28
   38   84    2.620505e-24    1.069228e-29
   38   85    2.616992e-21    1.033478e-23
   38   86    1.977582e-08   -1.804726e-18
   38   87    1.264904e-08    2.721557e-19
   38   88    3.410537e-08    1.188659e-18
   38   89    1.609392e-15    3.436243e-19
   38   90    1.213766e-22    4.574471e-26
   38   91    1.260892e-29    6.096880e-33
   39   87    5.042157e-20    1.686476e-22
   39   88    3.447683e-20    1.149150e-22
   39   89    5.047083e-09   -1.524601e-19
   39   90    7.130577e-16    1.526680e-19
   39   91    6.309280e-22    2.612913e-25
   39   92    1.522891e-28    9.312756e-32
   40   89    1.013848e-26    6.528538e-29
   40   90    2.223164e-09   -8.355310e-20
   40   91    5.705717e-10    3.157741e-20
   40   92    6.513632e-10    1.388536e-20
   40   93    1.936305e-10    1.541795e-20
   40   94    4.140053e-10   -6.660355e-22
   40   95    1.081483e-16    2.337461e-20
   40   96    7.701181e-13   -8.496979e-24
   40   97    3.993648e-20    8.501294e-24
   40   98    2.641552e-27    1.113664e-30
   41   91    1.782593e-21    6.034151e-24
   41   92    3.956903e-22    1.244629e-24
   41   93    7.196587e-14   -2.372952e-23
   41   94    1.208876e-19    2.609213e-23
   41   95    1.474751e-22    6.474127e-25
   41   96    3.324092e-25    1.147519e-27
   41   97    2.341325e-25    6.409528e-27
   42   92    3.795085e-17    7.155564e-26
   42   93    2.240165e-23    4.864472e-27
   42   94    1.277136e-13   -2.464914e-23
   42   95    3.569927e-11   -1.515463e-20
   42   96    8.222236e-11    1.205486e-22
   42   97    2.578413e-11    9.823416e-23
   42   98    7.544016e-11    2.692046e-21
   42   99    5.714640e-17    1.226416e-20
   42  100    1.700719e-15   -3.403424e-25
   42  101    1.819901e-21    3.727725e-25
   42  102    7.325838e-28    2.992091e-31
   43   93    1.081602e-29    3.685398e-32
   43   95    1.051950e-25    4.445313e-28
   43   96    8.086097e-24    2.725161e-26
   43   97    2.208408e-23    7.612827e-26
   43   98    9.165345e-25    3.126974e-27
   43   99    2.728412e-13   -3.697657e-22
   43  100    1.703403e-18   -6.689196e-22
   43  101    6.751927e-24    2.204063e-26
   43  102    4.079103e-30   -4.486378e-33
   44   96    3.532778e-26    1.005191e-32
   44   98    6.640041e-24    3.164676e-27
   44   99    8.074097e-12   -6.988876e-21
   44  100    3.391436e-11   -3.629449e-21
   44  101    7.022773e-12   -1.275085e-21
   44  102    1.447818e-14    1.293065e-20
   44  103    1.493837e-20    3.198160e-24
   44  104    1.786855e-21    5.828140e-23
   44  105    3.155438e-29    4.018796e-31
   45   99    1.528764e-27    7.853477e-30
   45  100    4.530245e-25    1.568680e-27
   45  101    2.412190e-24    8.566540e-27
   45  102    1.156173e-25    3.917381e-28
   45  103    7.469128e-12   -1.250715e-20
   45  104    5.783549e-17   -4.444093e-22
   45  105    3.172238e-22    1.293795e-25
   45  106    5.446037e-28    1.575396e-31
   46  103    1.826081e-25    6.667943e-28
   46  104    2.116277e-11    2.841152e-21
   46  105    4.944946e-12   -1.584074e-21
   46  106    2.265113e-11    3.042845e-21
   46  107    4.014542e-17    8.593081e-21
   46  108    2.501057e-11   -7.828211e-21
   46  109    3.689285e-17    7.887837e-21
   46  110    1.000423e-14    6.342106e-23
   46  111    9.885442e-21    2.046647e-24
   46  112    1.409010e-26    5.775374e-30
   47  105    4.536211e-25    1.642675e-27
   47  106    6.675654e-26    2.338439e-28
   47  107    4.291504e-12   -7.596612e-21
   47  108    3.528637e-17    5.259089e-21
   47  109    6.599070e-12   -1.235854e-20
   47  110    5.670900e-17   -9.470945e-21
   47  111    4.607939e-22    2.565146e-25
   47  112    9.331416e-28    5.635502e-31
   48  107    3.416987e-27    1.479837e-29
   48  108    3.603375e-13    2.152677e-21
   48  109    5.515137e-19    1.181188e-22
   48  110    1.909897e-11    1.464071e-20
   48  111    4.587531e-12    2.098470e-22
   48  112    2.054443e-11    5.688676e-22
   48  113    2.966168e-17    6.351514e-21
   48  114    3.413724e-11   -7.518813e-21
   48  115    3.524727e-17    7.543635e-21
   48  116    2.673546e-15   -3.387515e-25
   48  117    1.683734e-21    3.589140e-25
   48  118    1.914568e-27    7.889451e-31
   49  109    2.549925e-27    9.349321e-30
   49  111    1.655922e-25    6.130539e-28
   49  112    2.595711e-26    9.278523e-29
   49  113    6.099891e-12   -8.697047e-21
   49  114    4.027994e-17    3.390185e-21
   49  115    4.316653e-22    1.896038e-24
   49  116    1.143100e-27    1.402226e-31
   49  117    5.440721e-26    1.779879e-27
   50  112    1.518502e-24    1.199633e-31
   50  113    3.662859e-27    1.527039e-29
   50  114    1.053079e-13    5.257193e-21
   50  115    5.384876e-12   -3.258608e-21
   50  116    3.958574e-11   -2.560673e-21
   50  117    8.542088e-12    1.104724e-21
   50  118    4.908861e-11   -9.981744e-23
   50  119    1.176970e-11   -8.348708e-23
   50  120    6.577789e-11    1.065887e-21
   50  121    1.795821e-17    3.853209e-21
   50  122    5.075922e-13   -1.633157e-23
   50  123    7.637778e-20    1.635273e-23
   50  124    5.881525e-14   -8.743987e-25
   50  125    4.097391e-21    8.747482e-25
   50  126    7.646856e-28    3.173963e-31
   51  115    2.563335e-28    9.529149e-31
   51  116    1.390100e-26    5.145121e-29
   51  117    1.045191e-25    3.904770e-28
   51  118    2.275900e-26    8.306603e-29
   51  119    1.673394e-25    6.265877e-28
   51  120    2.017470e-26    7.313054e-29
   51  121    3.464262e-12   -3.516638e-21
   51  122    1.632503e-17    3.517701e-21
   51  123    8.946861e-14   -4.569046e-23
   51  124    2.123156e-19    4.571830e-23
   51  125    5.506183e-25    2.720312e-28
   52  120    1.000424e-30    5.001409e-42
   52  121    1.090495e-27    4.655463e-30
   52  122    9.020196e-12   -4.612254e-21
   52  123    3.001264e-12   -1.878047e-21
   52  124    1.532909e-11    2.400313e-21
   52  125    5.674394e-12   -2.513303e-21
   52  126    2.620160e-11    3.066995e-21
   52  127    1.650126e-17    3.532272e-21
   52  128    5.697726e-13   -4.050933e-23
   52  129    2.254802e-19    4.803985e-23
   52  130    1.846937e-12   -4.803706e-23
   52  131    2.236669e-19    4.662473e-23
   52  132    4.012824e-26    1.667115e-29
   53  123    1.697133e-26    6.539266e-29
   53  124    3.729357e-27    1.383019e-29
   53  125    4.266311e-26    1.612448e-28
   53  126    2.898078e-27    1.135097e-29
   53  127    3.615688e-12   -3.965274e-21
   53  128    1.843493e-17    3.853472e-21
   53  129    7.488575e-23    5.353157e-25
   53  130    3.609687e-27    1.326816e-29
   53  131    4.316869e-23    1.412461e-24
   54  126    1.587975e-27    1.793662e-43
   54  127    2.797402e-27    1.133161e-29
   54  128    9.378955e-12   -4.310949e-21
   54  129    4.878025e-12   -2.560680e-21
   54  130    1.462160e-11    3.431116e-21
   54  131    6.636399e-12   -4.489313e-22
   54  132    4.009275e-11   -3.286427e-22
   54  133    2.020680e-17    4.326040e-21
   54  134    1.269195e-13   -4.261061e-24
   54  135    1.991307e-20    4.260183e-24
   54  136    8.091666e-12   -1.828845e-24
   54  137    4.137516e-20    1.174892e-25
   54  138    8.761618e-28    3.630888e-31
   55  129    1.025890e-26    4.039943e-29
   55  130    1.987532e-27    7.458936e-30
   55  131    1.902129e-26    7.382437e-29
   55  132    9.436687e-28    3.928169e-30
   55  133    4.580873e-12   -3.564359e-21
   55  134    1.657258e-17    3.564756e-21
   55  135    5.644710e-23    2.920964e-26
   55  136    6.612605e-27    2.487805e-29
   55  137    5.238148e-23    1.711476e-24
   56  132    1.667374e-27    0.000000e+00
   56  133    2.551461e-27    1.017371e-29
   56  134    1.045218e-11   -3.215755e-21
   56  135    5.105861e-12   -1.528631e-21
   56  136    3.449993e-11    1.255977e-21
   56  137    4.228069e-11   -2.049489e-21
   56  138    3.979948e-10    3.058397e-21
   56  139    1.163973e-17    2.460922e-21
   56  140    1.223990e-24    5.111097e-28
   57  135    5.447724e-27    2.162926e-29
   57  136    2.458579e-28    9.067252e-31
   57  137    1.388057e-26    5.502791e-29
   57  138    6.852956e-26    6.630302e-29
   57  139    3.735396e-11   -1.584464e-21
   57  140    7.522767e-18    1.606114e-21
   57  141    4.217238e-24    1.725637e-27
   57  142    1.266762e-30    7.609331e-34
   58  138    2.102338e-25    1.041834e-32
   58  139    8.295995e-25    3.436530e-27
   58  140    9.289652e-11    1.271583e-21
   58  141    7.834521e-18    1.695196e-21
   58  142    9.158810e-14   -6.142525e-24
   58  143    2.282206e-20    4.896762e-24
   58  144    8.746370e-27    2.206172e-29
   59  141    7.804722e-12   -1.127673e-21
   59  142    5.272314e-18    1.126971e-21
   59  143    8.076705e-24    5.157577e-27
   59  144    8.925836e-30    5.425723e-33
   60  141    2.580742e-29    1.295436e-31
   60  142    1.831762e-11   -9.501559e-22
   60  143    3.281109e-12    7.665226e-22
   60  144    6.940444e-12   -2.323634e-22
   60  145    1.586878e-12   -2.421045e-21
   60  146    4.721181e-12    4.130531e-22
   60  147    4.744508e-18    1.026695e-21
   60  148    1.554709e-15   -8.360740e-25
   60  149    3.945336e-21    8.394276e-25
   60  150    2.527738e-21    8.456841e-31
   60  151    5.247083e-27    1.141529e-30
   61  143    2.188619e-28    8.974669e-31
   61  144    1.650802e-29    6.836141e-32
   61  145    1.832210e-28    7.200011e-31
   61  146    1.860530e-28    8.495710e-31
   61  147    6.989776e-23    6.386386e-24
   61  148    1.184109e-24    2.972029e-28
   61  149    1.855733e-25    6.011864e-27
   61  150    7.375649e-29    2.095611e-32
   62  144    3.536219e-20   -5.604775e-30
   62  145    2.608875e-26    5.604691e-30
   62  146    1.484212e-22    2.522591e-23
   62  147    7.486062e-13   -3.568185e-21
   62  148    2.697092e-12    1.224127e-21
   62  149    4.961332e-13   -1.264059e-20
   62  150    1.600723e-12    1.038385e-20
   62  151    1.427761e-17    3.122032e-21
   62  152    2.626092e-13   -4.553124e-22
   62  153    2.086580e-18    4.554260e-22
   62  154    1.429173e-15   -8.529202e-25
   62  155    3.994915e-21    8.386292e-25
   62  156    3.307976e-27    1.369045e-30
   63  147    3.855822e-30    1.868512e-32
   63  148    3.585752e-30    1.382747e-32
   63  149    4.501256e-29    1.809258e-31
   63  150    4.391201e-28    1.044521e-28
   63  151    1.721969e-13   -1.405179e-20
   63  152    6.159860e-17    1.404370e-20
   63  153    2.281872e-13   -3.150765e-21
   63  154    1.413482e-17    3.152397e-21
   63  155    5.603094e-22    2.717012e-25
   63  156    3.842525e-27    2.387712e-30
   64  151    3.534158e-29    7.924078e-30
   64  152    5.982681e-13   -2.710716e-21
   64  153    1.185987e-17    2.593010e-21
   64  154    7.795367e-13   -3.168654e-21
   64  155    2.575244e-13   -9.695147e-22
   64  156    1.090211e-12    1.356921e-21
   64  157    4.772702e-13   -6.252354e-22
   64  158    2.906293e-12   -4.401752e-22
   64  159    1.759637e-17    3.844454e-21
   64  160    8.753694e-17   -2.992832e-26
   64  161    1.987919e-22    3.485250e-26
   64  162    1.995240e-28    8.232260e-32
   65  153    2.123686e-30    8.429455e-33
   65  155    8.774947e-30    3.532340e-32
   65  157    1.258582e-29    4.952519e-32
   65  158    5.911619e-28    1.390550e-28
   65  159    3.705674e-13   -6.696939e-21
   65  160    2.996614e-17    6.698843e-21
   65  161    1.276789e-21    5.663135e-25
   65  162    2.965097e-27    1.713530e-30
   66  156    1.026076e-30   -2.963746e-43
   66  158    8.864354e-14   -3.581881e-22
   66  159    1.638992e-18    3.581806e-22
   66  160    8.753504e-13   -4.498714e-21
   66  161    3.287198e-13    1.906668e-21
   66  162    1.358600e-12    1.015233e-22
   66  163    2.448925e-13    5.774362e-22
   66  164    6.033104e-13    1.327138e-21
   66  165    2.675586e-18    5.829834e-22
   66  166    3.288863e-24    1.352754e-27
   66  167    1.352969e-30    7.984782e-34
   67  161    3.280198e-30    1.335428e-32
   67  163    2.846778e-30    1.132480e-32
   67  164    1.541364e-27    3.779420e-28
   67  165    4.843891e-13   -1.322655e-20
   67  166    5.868009e-17    1.322802e-20
   67  167    6.176132e-22    2.516552e-25
   67  168    1.110874e-27    6.149872e-31
   68  163    2.644937e-30    7.642429e-31
   68  164    6.709986e-13   -3.857577e-21
   68  165    1.758965e-17    3.853051e-21
   68  166    1.024517e-12   -2.979094e-21
   68  167    4.067384e-13   -4.830694e-21
   68  168    1.667392e-12    4.139916e-21
   68  169    1.675018e-17    3.675444e-21
   68  170    3.289617e-15   -2.797804e-24
   68  171    1.302577e-20    2.852941e-24
   68  172    1.251657e-26    5.184662e-30
   69  168    2.018988e-27    4.915089e-28
   69  169    5.321063e-13   -1.606643e-20
   69  170    7.195251e-17    1.606507e-20
   69  171    3.494174e-21    1.507312e-24
   69  172    6.909502e-26    3.953119e-29
   69  173    2.282265e-28    5.088288e-32
   70  168    1.012334e-30   -9.318635e-44
   70  169    8.835885e-29    2.331774e-29
   70  170    8.238663e-13   -2.705218e-21
   70  171    4.206455e-13   -1.677864e-22
   70  172    1.395946e-12    1.205427e-21
   70  173    6.939310e-13   -1.193813e-21
   70  174    3.156515e-12    1.037558e-21
   70  175    8.333842e-18    1.824338e-21
   70  176    1.591579e-15   -1.089461e-24
   70  177    4.612552e-21    1.006135e-24
   70  178    4.202699e-27    1.729523e-30
   71  174    1.893846e-26    4.344413e-27
   71  175    4.567373e-13   -6.331316e-21
   71  176    8.803319e-16    6.316251e-21
   71  177    6.630296e-20    1.528269e-23
   71  178    1.842700e-25    7.550428e-29
   72  175    1.174622e-27    2.965047e-28
   72  176    1.193658e-12   -6.426680e-21
   72  177    3.950558e-13   -6.549640e-21
   72  178    1.686149e-12    1.049595e-20
   72  179    4.800866e-13   -2.210859e-21
   72  180    2.773410e-12    3.649648e-21
   72  181    9.078756e-18    1.994120e-21
   72  182    2.311314e-22    1.011468e-25
   72  183    2.999522e-28    1.853612e-31
   73  179    1.235589e-23    2.254846e-24
   73  180    3.440253e-15   -1.123346e-21
   73  181    7.185113e-13   -5.742168e-21
   73  182    2.544396e-17    5.754598e-21
   73  183    6.033971e-22    2.613346e-25
   73  184    8.815728e-28    5.329349e-31
   74  179    7.256188e-30    1.921298e-30
   74  180    5.385549e-14    5.853764e-24
   74  181    6.836046e-19    1.492902e-22
   74  182    1.813945e-12   -1.709344e-21
   74  183    9.293485e-13   -2.366111e-21
   74  184    2.060656e-12   -2.397531e-23
   74  185    1.862140e-17    4.101702e-21
   74  186    8.067857e-14   -1.743737e-22
   74  187    7.911891e-19    1.742183e-22
   74  188    8.853298e-25    3.683715e-28
   75  184    1.183825e-26    2.746975e-27
   75  185    3.075140e-13   -4.149568e-20
   75  186    1.840402e-16    4.148337e-20
   75  187    6.952281e-15   -5.802438e-22
   75  188    2.554765e-18    5.868223e-22
   75  189    2.299565e-23    9.441085e-27
   75  190    3.106265e-29    1.720749e-32
   76  185    5.941407e-28    1.540514e-28
   76  186    1.075717e-12   -1.619015e-21
   76  187    5.076834e-13   -4.229509e-21
   76  188    1.117506e-12    5.300487e-21
   76  189    3.858629e-13   -6.439621e-21
   76  190    1.474329e-12    4.704878e-21
   76  191    1.034642e-17    2.286029e-21
   76  192    3.121065e-14   -1.093038e-22
   76  193    4.948344e-19    1.095705e-22
   76  194    3.564215e-25    1.481541e-28
   77  190    1.659572e-27    4.048599e-28
   77  191    3.293850e-13   -1.691580e-20
   77  192    7.401552e-17    1.690302e-20
   77  193    3.208087e-13   -1.201575e-20
   77  194    5.275393e-17    1.202128e-20
   77  195    1.448202e-22    6.027642e-26
   77  196    1.844573e-28    7.888529e-32
   78  190    1.000424e-30   -1.587881e-41
   78  191    5.623843e-29    1.576385e-29
   78  192    1.094196e-12   -3.869296e-21
   78  193    1.756273e-17    3.867533e-21
   78  194    1.340764e-12   -1.981362e-21
   78  195    3.996522e-13   -1.432700e-21
   78  196    2.342839e-12    2.125234e-21
   78  197    5.964135e-18    1.297097e-21
   78  198    4.390746e-15   -8.731144e-25
   78  199    4.029209e-21    8.545291e-25
   78  200    1.307107e-27    5.415710e-31
   79  196    1.584817e-27    3.942388e-28
   79  197    7.109540e-13   -1.600432e-21
   79  198    7.286153e-18    1.600913e-21
   79  199    2.772542e-23    3.205170e-26
   79  200    1.594393e-29    9.030378e-33
   80  196    1.378120e-17   -3.319154e-26
   80  197    1.522451e-22    3.320524e-26
   80  198    2.319161e-12   -8.479033e-22
   80  199    1.055724e-12    3.605243e-23
   80  200    3.396440e-12    8.095586e-23
   80  201    1.493171e-12    1.817566e-22
   80  202    5.447853e-12   -2.022174e-22
   80  203    3.493885e-18    7.516446e-22
   80  204    8.827269e-14   -6.583669e-24
   80  205    3.070738e-20    5.638782e-24
   80  206    1.260222e-27    4.941461e-31
   81  202    1.096784e-26    2.589787e-27
   81  203    3.296962e-12   -4.327609e-22
   81  204    2.037320e-18    4.327670e-22
   81  205    2.532780e-13   -1.149601e-23
   81  206    5.877392e-20    1.023085e-23
   81  207    6.472005e-27    2.427259e-30
   82  203    1.046403e-28    2.751969e-29
   82  204    4.899133e-12   -6.409260e-22
   82  205    9.272220e-12   -7.284392e-22
   82  206    4.705878e-11   -1.404268e-23
   82  207    6.282857e-11    5.343974e-22
   82  208    1.298627e-10    8.877199e-22
   82  209    5.852870e-19   -3.698354e-23
   82  210    6.597125e-27    2.711597e-30
   83  208    3.637602e-26    7.830027e-27
   83  209    3.106580e-12   -1.048637e-23
   83  210    6.109497e-20    1.095116e-23
   83  211    1.244761e-27    5.167250e-31
   84  210    4.085179e-26    1.336546e-27
    0    1    9.357835e-21    4.190156e-21
    1    1    2.006864e-16    7.318030e-17
    2    4    1.666206e-12    3.873131e-13
