5.5717e-09
8.1371e-10
1.2003e+00
9.1369e+04
    1    2    1.219277e-24    4.791883e-27
    6   12    7.736613e-04   -4.277178e-16
    6   13    4.638342e-17    1.847520e-19
    6   14    2.128657e-25    1.547462e-27
    7   13    2.927518e-15    4.272929e-16
    7   14    2.308668e-24    3.367106e-25
    7   15    7.582328e-27    1.278496e-27
    8   14    9.412992e-27    2.531075e-27
    8   16    4.583193e-02   -1.429412e-15
    8   17    7.818792e-15    3.114342e-17
    8   18    1.909869e-18    7.607292e-21
    9   17    9.032037e-16    9.623733e-17
    9   18    3.485404e-26    4.542965e-27
    9   19    4.849442e-26    6.684108e-27
   10   18    2.552187e-29    6.253644e-30
   10   20    8.353541e-03    2.775558e-15
   10   21    3.015564e-05   -6.772537e-17
   10   22    3.692474e-06   -1.019447e-17
   10   23    5.513683e-19    2.196182e-21
   11   21    1.391469e-16    2.031519e-17
   11   22    2.195185e-16    3.204929e-17
   11   23    1.457139e-04   -1.688265e-15
   11   24    4.185074e-16    1.667004e-18
   11   25    9.396425e-28    6.329878e-29
   12   22    1.555706e-29    4.183548e-30
   12   23    5.999947e-21    8.762412e-22
   12   24    2.013354e-03   -3.295975e-17
   12   25    4.441883e-04   -1.833928e-16
   12   26    2.597255e-04    6.277531e-17
   12   27    1.110504e-16    4.423302e-19
   12   28    1.234273e-28    8.972744e-31
   13   25    1.856419e-15    2.710335e-16
   13   26    1.408289e-04   -2.355971e-16
   13   27    2.011964e-04    2.535949e-16
   13   28    1.084526e-15    4.443826e-18
   13   29    4.045443e-23    5.907611e-24
   14   26    1.815076e-28    4.881035e-29
   14   27    2.581138e-16    3.768413e-17
   14   28    2.358143e-04    5.342406e-17
   14   29    6.520005e-05   -1.185846e-17
   14   30    2.844539e-05   -4.780654e-18
   14   31    1.999426e-17    7.964013e-20
   14   32    3.842007e-29    2.793011e-31
   15   28    8.112410e-30    2.181559e-30
   15   29    5.323740e-18    7.772568e-19
   15   30    2.314314e-07    1.435551e-17
   15   31    2.104118e-06    1.073148e-17
   15   32    8.561421e-18    3.410320e-20
   15   33    8.782155e-20    3.498135e-22
   16   31    3.517620e-10   -6.976002e-20
   16   32    1.166119e-06    2.574980e-19
   16   33    2.100891e-08    3.249827e-20
   16   34    2.736454e-07   -4.229871e-20
   16   35    2.536956e-19    1.010507e-21
   16   36    1.230761e-29    8.948079e-32
   17   32    3.166569e-24    4.623028e-25
   17   33    2.657932e-19    3.880529e-20
   17   34    2.629253e-21    3.838660e-22
   17   35    1.020433e-08    5.355829e-20
   17   36    9.883939e-20    3.936965e-22
   17   37    4.510923e-28    6.548401e-29
   18   35    8.665813e-29    1.265581e-29
   18   36    8.448026e-10    5.242257e-22
   18   37    8.524304e-21    3.425843e-23
   18   38    2.659022e-10   -1.690550e-23
   18   39    9.702604e-22    3.864692e-24
   18   40    7.998589e-23    3.185957e-25
   19   37    2.157561e-23    3.149991e-24
   19   39    3.745177e-12    2.229026e-23
   19   40    4.678089e-23    1.863421e-25
   19   43    8.627805e-28    3.436584e-30
   20   40    2.851209e-14    3.090441e-26
   20   41    2.999959e-25    1.194928e-27
   20   42    4.763924e-08   -5.135137e-21
   20   43    1.463411e-08   -2.630434e-22
   20   44    7.048443e-08   -2.620508e-21
   20   45    7.310586e-19    2.911916e-21
   20   46    2.020422e-10   -1.274375e-23
   20   47    1.013856e-21    4.038338e-24
   20   48    2.292639e-09   -2.353329e-22
   20   49    2.555119e-21    1.017742e-23
   21   41    3.750860e-29    5.475602e-30
   21   43    1.085189e-20    1.584355e-21
   21   44    4.410730e-21    6.439583e-22
   21   45    6.669494e-09    9.280966e-22
   21   46    4.479080e-19    1.784087e-21
   21   47    8.013162e-23    8.787295e-24
   21   48    1.031005e-21    1.505248e-22
   21   49    5.102999e-22    7.450282e-23
   22   45    5.571357e-27    8.134077e-28
   22   46    2.020422e-08   -2.905058e-21
   22   47    7.854394e-09    8.867376e-22
   22   48    1.436025e-08    1.505469e-22
   22   49    1.733388e-08   -3.606507e-22
   22   50    5.602375e-08    1.124966e-22
   22   51    2.586104e-19    1.030084e-21
   22   52    1.614347e-30    1.360493e-31
   23   47    1.288542e-21    1.881246e-22
   23   48    5.959235e-22    8.700371e-23
   23   49    1.307950e-21    1.909582e-22
   23   50    1.998849e-15    1.766991e-22
   23   51    4.904040e-09   -2.597347e-22
   23   52    2.111886e-19    8.411957e-22
   23   53    1.746449e-30    1.269595e-32
   24   50    9.383978e-13   -1.724639e-25
   24   51    7.120018e-23    4.319272e-24
   24   52    5.579288e-08   -3.328575e-21
   24   53    1.074040e-08    9.859993e-22
   24   54    1.369099e-07   -3.679299e-21
   24   55    1.304005e-18    5.194046e-21
   24   56    7.622876e-30    5.541573e-32
   25   51    1.422266e-26    2.076481e-27
   25   53    1.044501e-21    1.524952e-22
   25   54    2.328227e-22    3.366490e-23
   25   55    3.456011e-08   -4.652064e-21
   25   56    1.300151e-18    5.178697e-21
   25   57    2.782009e-29    1.978134e-31
   26   54    4.446329e-09   -6.369291e-22
   26   55    1.599982e-19    7.239784e-22
   26   56    1.766820e-06   -1.183729e-19
   26   57    9.986690e-07   -8.957373e-20
   26   58    5.174607e-06   -1.821121e-19
   26   59    9.481093e-17    3.776461e-19
   26   60    1.109096e-27    8.062755e-30
   27   55    1.654399e-23    2.415392e-24
   27   57    1.114794e-20    1.627579e-21
   27   58    8.942438e-21    1.304993e-21
   27   59    2.034761e-06   -1.639009e-19
   27   60    4.310698e-17    1.717015e-19
   27   61    2.513805e-25    1.008051e-27
   28   58    6.192280e-10   -1.382426e-22
   28   59    3.493591e-20    1.756257e-22
   28   60    2.667798e-06   -4.705268e-19
   28   61    1.015184e-06    1.270549e-19
   28   62    2.259022e-06    2.041349e-19
   28   63    3.489059e-17    1.389744e-19
   28   64    1.389652e-06   -6.458626e-20
   28   65    1.605091e-17    6.393318e-20
   28   66    1.630185e-28    1.185089e-30
   29   59    6.843769e-25    9.991773e-26
   29   61    5.146199e-21    7.513354e-22
   29   62    3.723825e-21    5.436715e-22
   29   63    8.717982e-07   -4.461746e-19
   29   64    1.122113e-16    4.469559e-19
   29   65    1.075841e-06   -2.286989e-19
   29   66    5.752963e-17    2.291491e-19
   29   67    1.474681e-23    5.875423e-26
   30   63    3.555171e-30    5.190488e-31
   30   64    8.425447e-07   -2.726387e-19
   30   65    6.840459e-17    2.724745e-19
   30   66    1.302067e-06   -2.596156e-19
   30   67    2.837024e-07    8.226808e-20
   30   68    1.322620e-06    5.399835e-20
   30   69    3.071455e-17    1.223406e-19
   30   70    1.327706e-10   -1.444981e-23
   30   71    3.625110e-21    1.443935e-23
   31   65    1.037693e-21    1.515013e-22
   31   67    2.858074e-21    4.172735e-22
   31   68    6.627404e-22    9.675885e-23
   31   69    1.594879e-07   -1.146936e-19
   31   70    2.891932e-17    1.151900e-19
   31   71    1.407639e-07   -8.007108e-20
   31   72    2.008699e-17    8.000948e-20
   31   73    2.750018e-27    1.986242e-29
   32   68    1.169762e-30    1.708341e-31
   32   69    1.187606e-26    1.733882e-27
   32   70    2.286684e-07   -9.727644e-20
   32   71    2.442722e-17    9.734506e-20
   32   72    2.362112e-07   -8.891199e-20
   32   73    4.522465e-08    4.807574e-20
   32   74    1.757502e-07   -5.876291e-21
   32   75    1.170795e-17    4.663451e-20
   32   76    1.249214e-11   -2.064720e-24
   32   77    5.178834e-22    2.062807e-24
   33   71    2.225803e-22    3.249631e-23
   33   73    3.562387e-22    5.201017e-23
   33   74    2.903335e-23    4.238814e-24
   33   75    2.000848e-08   -5.174180e-20
   33   76    1.299991e-17    5.178058e-20
   33   77    7.039297e-26    2.039854e-27
   34   74    1.487117e-24    4.808111e-33
   34   75    4.212131e-24    6.149632e-25
   34   76    4.988957e-08   -4.681842e-20
   34   77    1.818953e-08    1.547820e-20
   34   78    7.041447e-08    1.037615e-20
   34   79    5.262072e-18    2.095962e-20
   34   80    4.239297e-09   -8.114642e-22
   34   81    2.036724e-19    8.112576e-22
   34   82    3.172076e-12   -1.361132e-25
   34   83    3.412523e-23    1.359259e-25
   35   77    2.509519e-23    3.663850e-24
   35   78    8.360045e-24    1.220403e-24
   35   79    8.345310e-09   -2.281364e-20
   35   80    5.728894e-18    2.281904e-20
   35   81    7.274689e-09   -1.062100e-20
   35   82    2.666548e-18    1.062126e-20
   35   83    1.351979e-27    2.874351e-29
   36   79    1.738017e-26    2.537473e-27
   36   80    2.125901e-08   -2.880574e-20
   36   81    7.231576e-18    2.880471e-20
   36   82    5.111923e-08   -2.502718e-20
   36   83    1.566929e-08    1.047872e-20
   36   84    5.823898e-08    6.035110e-21
   36   85    2.137571e-18    8.514264e-21
   36   86    4.641503e-10   -6.462349e-24
   36   87    1.616395e-21    6.438344e-24
   37   81    3.155096e-24    4.606381e-25
   37   83    9.157881e-24    1.337033e-24
   37   84    1.868691e-24    2.728253e-25
   37   85    8.462411e-09   -7.952514e-21
   37   86    1.996927e-18    7.954064e-21
   37   87    5.853056e-11   -4.769213e-24
   37   88    1.199414e-21    4.777444e-24
   38   84    2.620158e-24   -1.118556e-36
   38   85    5.951236e-26    8.688693e-27
   38   86    1.977583e-08   -5.078889e-21
   38   87    1.264904e-08    7.626605e-22
   38   88    3.410537e-08    3.348427e-21
   38   89    2.428068e-19    9.671358e-22
   38   90    3.742668e-27    1.491532e-29
   39   87    1.147756e-24    1.675703e-25
   39   88    7.848131e-25    1.145812e-25
   39   89    5.047083e-09   -4.284796e-22
   39   90    1.075782e-19    4.284999e-22
   39   91    1.537810e-29    1.150683e-31
   40   90    2.223165e-09   -2.340921e-22
   40   91    5.705716e-10    8.840493e-23
   40   92    6.513631e-10    3.918768e-23
   40   93    1.936305e-10    4.244471e-23
   40   94    4.140053e-10   -9.305782e-25
   40   95    1.631610e-20    6.498948e-23
   40   96    7.701181e-13   -2.403186e-26
   40   97    6.025200e-24    2.399927e-26
   41   91    4.057467e-26    5.923825e-27
   41   92    9.059726e-27    1.322703e-27
   41   93    7.196599e-14   -7.053048e-26
   41   94    1.823036e-23    7.281116e-26
   41   95    3.225150e-27    4.708055e-28
   41   96    7.629955e-30    1.102560e-30
   42   92    3.795087e-17   -1.345378e-29
   42   93    3.377346e-27    1.351203e-29
   42   94    1.277137e-13   -6.899062e-26
   42   95    3.569934e-11   -4.260626e-23
   42   96    8.222236e-11    5.040632e-25
   42   97    2.578413e-11    2.520316e-25
   42   98    7.544014e-11    7.573872e-24
   42   99    8.621598e-21    3.434111e-23
   42  100    1.700721e-15   -1.093953e-27
   42  101    2.746559e-25    1.093995e-27
   43   95    2.391226e-30    3.491146e-31
   43   96    1.840575e-28    2.687205e-29
   43   97    5.026173e-28    7.338118e-29
   43   98    2.085965e-29    3.045470e-30
   43   99    2.728429e-13   -1.042861e-24
   43  100    2.618334e-22    1.042922e-24
   44   96    3.532748e-26    0.000000e+00
   44   98    6.625258e-24    1.497139e-35
   44   99    8.074130e-12   -1.973278e-23
   44  100    3.391438e-11   -1.299578e-23
   44  101    7.022779e-12   -3.521172e-24
   44  102    1.441789e-14    3.624087e-23
   44  103    2.248892e-24    8.957675e-27
   45  100    1.031035e-29    1.505292e-30
   45  101    5.489035e-29    8.013888e-30
   45  102    2.631457e-30    3.841878e-31
   45  103    7.469186e-12   -3.499362e-23
   45  104    8.785528e-21    3.499407e-23
   45  105    7.776565e-30    5.633054e-32
   46  103    4.154659e-30    6.065723e-31
   46  104    2.116282e-11   -2.817907e-23
   46  105    4.944953e-12   -4.333005e-24
   46  106    2.265111e-11    8.388128e-24
   46  107    6.056722e-21    2.412483e-23
   46  108    2.501060e-11   -2.216909e-23
   46  109    5.566015e-21    2.217027e-23
   46  110    1.000424e-14   -5.941700e-27
   46  111    1.491714e-24    5.941719e-27
   47  105    1.032121e-29    1.506877e-30
   47  106    1.519436e-30    2.218348e-31
   47  107    4.291539e-12   -2.124820e-23
   47  108    5.334443e-21    2.124788e-23
   47  109    6.599128e-12   -3.448148e-23
   47  110    8.656920e-21    3.448181e-23
   47  111    1.116208e-29    8.150990e-32
   48  108    3.603379e-13   -3.314478e-25
   48  109    8.320649e-23    3.314241e-25
   48  110    1.909901e-11   -2.002036e-23
   48  111    4.587530e-12    6.518894e-25
   48  112    2.054442e-11    1.544501e-24
   48  113    4.475030e-21    1.782471e-23
   48  114    3.413728e-11   -2.118358e-23
   48  115    5.317722e-21    2.118128e-23
   48  116    2.673547e-15   -1.011714e-27
   48  117    2.540309e-25    1.011843e-27
   49  111    3.767214e-30    5.500061e-31
   49  113    6.099931e-12   -2.430328e-23
   49  114    6.101552e-21    2.430339e-23
   49  115    1.547357e-29    9.773815e-31
   50  112    1.518501e-24   -1.436491e-36
   50  114    1.053078e-13   -6.440892e-26
   50  115    5.384892e-12   -9.117566e-24
   50  116    3.958575e-11   -7.186132e-24
   50  117    8.542083e-12    3.084156e-24
   50  118    4.908861e-11   -2.649563e-25
   50  119    1.176970e-11   -1.777146e-25
   50  120    6.577789e-11    2.933906e-24
   50  121    2.709335e-21    1.079169e-23
   50  122    5.075922e-13   -4.594326e-26
   50  123    1.152300e-23    4.589785e-26
   50  124    5.881526e-14   -2.461246e-27
   50  125    6.181683e-25    2.462257e-27
   51  117    2.377724e-30    3.471433e-31
   51  119    3.806694e-30    5.557702e-31
   51  121    3.464279e-12   -9.810249e-24
   51  122    2.462944e-21    9.810275e-24
   51  123    8.946882e-14   -1.275935e-25
   51  124    3.203177e-23    1.275873e-25
   52  120    1.000424e-30    7.006492e-46
   52  122    9.020217e-12   -1.293439e-23
   52  123    3.001272e-12   -5.138779e-24
   52  124    1.532908e-11    6.581902e-24
   52  125    5.674406e-12   -6.899365e-24
   52  126    2.620158e-11    8.475370e-24
   52  127    2.489542e-21    9.916219e-24
   52  128    5.697728e-13   -1.355074e-25
   52  129    3.402014e-23    1.355073e-25
   52  130    1.846937e-12   -1.344976e-25
   52  131    3.375076e-23    1.344343e-25
   53  127    3.615706e-12   -1.108050e-23
   53  128    2.781795e-21    1.108030e-23
   53  129    1.699342e-30    1.265752e-32
   54  126    1.587975e-27    0.000000e+00
   54  128    9.378976e-12   -1.237055e-23
   54  129    4.878037e-12   -7.062539e-24
   54  130    1.462158e-11    9.444722e-24
   54  131    6.636401e-12   -1.169685e-24
   54  132    4.009275e-11   -9.887393e-25
   54  133    3.048573e-21    1.214292e-23
   54  134    1.269195e-13   -1.196544e-26
   54  135    3.004281e-24    1.196650e-26
   54  136    8.091666e-12   -2.423381e-26
   54  137    6.260948e-24    2.493829e-26
   55  133    4.580889e-12   -9.959287e-24
   55  134    2.500288e-21    9.959021e-24
   55  135    1.409319e-30    1.023829e-32
   56  132    1.667374e-27    0.000000e+00
   56  134    1.045219e-11   -9.002052e-24
   56  135    5.105868e-12   -4.216682e-24
   56  136    3.449992e-11    3.437969e-24
   56  137    4.228070e-11   -5.712716e-24
   56  138    3.979948e-10    8.478601e-24
   56  139    1.756189e-21    6.995163e-24
   57  138    9.961885e-30    7.065197e-32
   57  139    3.735397e-11   -4.523644e-24
   57  140    1.134954e-21    4.520693e-24
   58  138    2.102341e-25   -1.950127e-37
   58  139    1.204403e-28    4.940899e-31
   58  140    9.289652e-11   -4.704590e-24
   58  141    1.181958e-21    4.707914e-24
   58  142    9.158812e-14   -1.368200e-26
   58  143    3.443138e-24    1.371453e-26
   59  141    7.804727e-12   -3.168166e-24
   59  142    7.954312e-22    3.168321e-24
   60  142    1.831762e-11   -2.885439e-24
   60  143    3.281111e-12   -1.111928e-24
   60  144    6.940442e-12    1.214922e-24
   60  145    1.586880e-12   -1.190284e-24
   60  146    4.721180e-12    1.122025e-24
   60  147    7.157976e-22    2.851129e-24
   60  148    1.554713e-15   -2.371119e-27
   60  149    5.952693e-25    2.371047e-27
   60  150    2.527738e-21   -3.152206e-33
   61  148    1.786328e-28    7.115222e-31
   62  144    3.536221e-20   -1.567827e-32
   62  145    3.935986e-30    1.567762e-32
   62  146    1.475536e-30    2.154895e-31
   62  147    7.486167e-13   -6.320783e-24
   62  148    2.697089e-12    1.305798e-24
   62  149    4.961835e-13   -3.021693e-23
   62  150    1.600679e-12    2.665153e-23
   62  151    2.154071e-21    8.579988e-24
   62  152    2.626113e-13   -1.253898e-24
   62  153    3.148030e-22    1.253907e-24
   62  154    1.429177e-15   -2.401095e-27
   62  155    6.028347e-25    2.401181e-27
   63  151    1.722584e-13   -3.702466e-23
   63  152    9.295322e-21    3.702466e-23
   63  153    2.282013e-13   -8.494505e-24
   63  154    2.132610e-21    8.494503e-24
   63  155    1.360284e-29    9.888806e-32
   64  152    5.982799e-13   -7.127466e-24
   64  153    1.789391e-21    7.127410e-24
   64  154    7.795513e-13   -8.760420e-24
   64  155    2.575285e-13   -2.493356e-24
   64  156    1.090206e-12    3.365470e-24
   64  157    4.772724e-13   -1.333566e-24
   64  158    2.906295e-12   -1.352246e-24
   64  159    2.654729e-21    1.057418e-23
   64  160    8.753711e-17   -1.196110e-28
   64  161    3.003072e-26    1.196169e-28
   65  159    3.705974e-13   -1.800875e-23
   65  160    4.521234e-21    1.800875e-23
   65  161    3.103842e-29    2.256388e-31
   66  156    1.026076e-30    0.000000e+00
   66  158    8.864517e-14   -9.849276e-25
   66  159    2.472745e-22    9.849312e-25
   66  160    8.753711e-13   -1.241134e-23
   66  161    3.287108e-13    5.408026e-24
   66  162    1.358601e-12   -1.399502e-25
   66  163    2.448891e-13    2.021554e-24
   66  164    6.033045e-13    3.513700e-24
   66  165    4.036698e-22    1.607877e-24
   67  165    4.844478e-13   -3.526453e-23
   67  166    8.853432e-21    3.526454e-23
   67  167    1.501829e-29    1.091779e-31
   68  164    6.710162e-13   -1.057038e-23
   68  165    2.653771e-21    1.057037e-23
   68  166    1.024531e-12   -8.326938e-24
   68  167    4.067593e-13   -1.256528e-23
   68  168    1.667374e-12    1.082666e-23
   68  169    2.527054e-21    1.006563e-23
   68  170    3.289630e-15   -7.827472e-27
   68  171    1.965183e-24    7.827618e-27
   69  169    5.321783e-13   -4.324281e-23
   69  170    1.085643e-20    4.324280e-23
   69  171    8.496084e-29    6.176474e-31
   69  172    1.772766e-30    7.061198e-33
   70  168    1.012334e-30    0.000000e+00
   70  170    8.238787e-13   -7.449169e-24
   70  171    4.206462e-13   -3.967276e-25
   70  172    1.395941e-12    2.982576e-24
   70  173    6.939358e-13   -2.894223e-24
   70  174    3.156511e-12    2.749729e-24
   70  175    1.257321e-21    5.008097e-24
   70  176    1.591584e-15   -2.771860e-27
   70  177    6.959119e-25    2.771921e-27
   71  175    4.567651e-13   -1.668427e-23
   71  176    8.526384e-16    1.664510e-23
   71  177    9.838247e-24    3.918729e-26
   72  176    1.193688e-12   -1.798290e-23
   72  177    3.950827e-13   -1.616829e-23
   72  178    1.686108e-12    2.485399e-23
   72  179    4.800918e-13   -3.113337e-24
   72  180    2.773398e-12    6.954699e-24
   72  181    1.369714e-21    5.455775e-24
   72  182    5.619642e-30    4.085289e-32
   73  180    3.440347e-15   -3.562496e-26
   73  181    7.185367e-13   -1.525478e-23
   73  182    3.838754e-21    1.529033e-23
   73  183    1.467112e-29    1.066541e-31
   74  180    5.385616e-14   -4.107946e-25
   74  181    1.031350e-22    4.108019e-25
   74  182    1.813956e-12   -6.719429e-24
   74  183    9.293557e-13   -4.337044e-24
   74  184    2.060656e-12   -1.336898e-25
   74  185    2.809393e-21    1.119023e-23
   74  186    8.067936e-14   -4.754496e-25
   74  187    1.193656e-22    4.754510e-25
   75  185    3.076980e-13   -1.106368e-22
   75  186    2.777621e-20    1.106368e-22
   75  187    6.954820e-15   -1.535507e-24
   75  188    3.855014e-22    1.535510e-24
   76  186    1.075725e-12   -4.685809e-24
   76  187    5.077019e-13   -1.107838e-23
   76  188    1.117495e-12    6.442558e-24
   76  189    3.858779e-13   -8.960349e-24
   76  190    1.474309e-12    1.206399e-23
   76  191    1.561038e-21    6.217847e-24
   76  192    3.121115e-14   -2.973627e-25
   76  193    7.465470e-23    2.973608e-25
   77  191    3.294590e-13   -4.449993e-23
   77  192    1.117205e-20    4.449993e-23
   77  193    3.208614e-13   -3.170347e-23
   77  194    7.959403e-21    3.170349e-23
   77  195    3.521528e-30    2.560032e-32
   78  190    1.000424e-30    0.000000e+00
   78  192    1.094214e-12   -1.055645e-23
   78  193    2.650298e-21    1.055653e-23
   78  194    1.340775e-12   -6.500921e-24
   78  195    3.996566e-13   -2.670010e-24
   78  196    2.342830e-12    5.586700e-24
   78  197    8.997958e-22    3.584021e-24
   78  198    4.390750e-15   -2.421803e-27
   78  199    6.079722e-25    2.421644e-27
   79  197    7.109613e-13   -4.378443e-24
   79  198    1.099249e-21    4.378472e-24
   80  196    1.378135e-17   -9.148938e-29
   80  197    2.296904e-26    9.148910e-29
   80  198    2.319165e-12   -2.360373e-24
   80  199    1.055724e-12    1.132930e-25
   80  200    3.396440e-12    1.058210e-25
   80  201    1.493170e-12    6.056432e-25
   80  202    5.447854e-12   -5.638399e-25
   80  203    5.271161e-22    2.099582e-24
   80  204    8.827272e-14   -1.846566e-26
   80  205    4.637133e-24    1.847039e-26
   81  203    3.296964e-12   -1.224211e-24
   81  204    3.073687e-22    1.224295e-24
   81  205    2.532781e-13   -3.534097e-26
   81  206    8.877376e-24    3.535992e-26
   82  204    4.899136e-12   -1.803803e-24
   82  205    9.272223e-12   -2.064720e-24
   82  206    4.705878e-11   -3.877409e-26
   82  207    6.282857e-11    1.512190e-24
   82  208    1.298627e-10    2.042102e-24
   82  209    8.855728e-23    3.527369e-25
   83  209    3.106580e-12   -3.675461e-26
   83  210    9.220314e-24    3.672589e-26
    0    1    4.682100e-16   -4.365092e-16
    1    1    5.434887e-12   -3.067845e-15
    2    4    2.068379e-08    2.249460e-16
