4.0975e-01
5.2559e-04
1.8776e+00
1.7603e+05
    1    2    1.160182e-26    1.567636e-27
    4    7    1.060164e-29    2.936540e-30
    4    8    3.674906e-21    2.385469e-22
    4   10    5.927540e-28    1.731436e-28
    5   10    9.874563e-26    2.736103e-26
    5   11    6.404250e-21    2.734538e-22
    6   11    1.078866e-17   -1.175079e-20
    6   12    7.736092e-04   -6.684756e-09
    6   13    4.754628e-11    2.151733e-12
    6   14    1.213199e-16    2.266283e-17
    7   13    5.889523e-16    1.477478e-17
    7   14    2.279498e-16    7.030201e-18
    7   15    6.886788e-16    1.050373e-16
    7   16    5.911874e-29    1.060061e-29
    8   14    1.766576e-21   -8.154777e-23
    8   15    2.824460e-20    1.290623e-21
    8   16    4.583193e-02   -9.259893e-11
    8   17    7.787956e-12    1.089638e-12
    8   18    1.936070e-12    2.485604e-13
    8   19    2.974075e-21    3.945509e-22
    8   20    3.559955e-30    5.578494e-31
    9   17    2.555297e-17    1.814690e-18
    9   18    1.186467e-15    2.569601e-17
    9   19    1.319684e-17    1.923678e-18
    9   20    1.291656e-22    2.732052e-23
    9   21    1.812945e-24    5.343432e-25
   10   18    5.765214e-25   -9.590798e-27
   10   19    1.519595e-23    1.494216e-24
   10   20    8.353551e-03    1.476717e-09
   10   21    3.014465e-05   -4.840539e-10
   10   22    3.691049e-06   -7.607158e-11
   10   23    7.642350e-14    5.169052e-15
   10   24    4.255148e-22    8.363552e-23
   11   21    2.960646e-13    2.876763e-15
   11   22    9.789000e-13    6.784240e-14
   11   23    1.457199e-04    1.158551e-09
   11   24    1.157054e-10    6.667149e-12
   11   25    8.926994e-17    1.577684e-17
   11   26    3.777087e-24    8.988527e-25
   12   22    1.083628e-26    4.463580e-30
   12   23    9.701692e-10    1.436959e-10
   12   24    2.013361e-03    5.192833e-10
   12   25    4.441873e-04   -1.602344e-10
   12   26    2.598530e-04    1.213065e-09
   12   27    7.491393e-12    4.292217e-13
   12   28    1.981815e-18    2.190352e-19
   12   29    3.605666e-28    4.055692e-29
   13   24    4.599331e-22    7.876492e-23
   13   25    3.351351e-14    4.736919e-16
   13   26    1.406732e-04   -3.799245e-09
   13   27    2.011969e-04    1.000429e-11
   13   28    4.996816e-10    4.661437e-11
   13   29    1.353441e-15    2.470109e-16
   13   30    7.040065e-23    1.863926e-23
   13   31    4.418756e-30    1.412230e-30
   14   26    1.498696e-20    4.680862e-21
   14   27    3.154325e-08    2.768322e-09
   14   28    2.358224e-04    3.413262e-10
   14   29    6.520214e-05    1.548137e-10
   14   30    2.844677e-05    7.182118e-11
   14   31    6.138928e-11    3.516112e-12
   14   32    1.635842e-17    1.781828e-18
   14   33    3.062191e-25    2.954704e-26
   15   28    3.532069e-20    3.809987e-21
   15   29    2.102585e-13    2.604532e-15
   15   30    2.307189e-07   -1.734371e-11
   15   31    2.104168e-06    9.988290e-13
   15   32    1.347500e-12    8.912107e-14
   15   33    3.680744e-14    3.673904e-15
   15   34    9.736157e-21    1.434363e-21
   15   35    2.174744e-27    3.933104e-28
   16   29    8.821297e-29   -3.079673e-30
   16   30    1.156622e-19    3.022091e-20
   16   31    3.152907e-10   -2.289327e-14
   16   32    1.166184e-06    5.456722e-12
   16   33    2.101516e-08    3.958099e-13
   16   34    2.736505e-07    4.357708e-13
   16   35    3.130619e-13    1.938881e-14
   16   36    1.264601e-18    1.469820e-19
   16   37    1.530441e-26    1.485283e-27
   17   32    1.777395e-23    2.571442e-25
   17   33    1.328048e-19    3.008615e-20
   17   34    4.711730e-15    2.339919e-16
   17   35    1.020522e-08    5.288879e-14
   17   36    3.506295e-14    2.026094e-15
   17   37    1.467385e-17    2.896582e-18
   17   38    2.033552e-24    6.174685e-25
   18   34    1.254190e-26    3.578669e-27
   18   35    8.375323e-21    9.112099e-22
   18   36    8.448071e-10    3.671690e-16
   18   37    2.453238e-15    1.476662e-16
   18   38    2.659045e-10    3.048898e-16
   18   39    3.375167e-16    1.991714e-17
   18   40    3.835911e-17    4.219327e-18
   18   41    1.099168e-23    1.746209e-24
   18   42    5.438734e-30    1.182061e-30
   19   37    6.941360e-22    1.951742e-23
   19   38    2.092206e-22    2.978438e-23
   19   39    3.745640e-12    3.185047e-17
   19   40    1.509921e-17    8.669157e-19
   19   41    6.003390e-21    9.740840e-22
   19   42    1.485740e-22    3.761308e-23
   19   43    7.721562e-20    1.558563e-20
   19   44    4.682500e-26    1.438994e-26
   20   38    2.216943e-27   -1.888046e-29
   20   39    3.328614e-29    6.438369e-30
   20   40    2.851254e-14    2.991499e-20
   20   41    6.585688e-20    3.873634e-21
   20   42    4.763895e-08   -1.806348e-14
   20   43    1.463409e-08   -2.090389e-15
   20   44    7.048436e-08   -7.134612e-15
   20   45    2.121645e-13    1.220069e-14
   20   46    2.020415e-10   -5.578650e-17
   20   47    3.716402e-16    2.128594e-17
   20   48    2.292629e-09   -9.702746e-16
   20   49    6.544822e-16    3.124124e-17
   20   50    9.657149e-23    1.011885e-23
   21   41    3.946207e-28    2.159235e-29
   21   42    1.080482e-27    1.628630e-28
   21   43    4.471081e-14    3.612437e-15
   21   44    2.253939e-14    1.975565e-15
   21   45    6.669387e-09   -2.857785e-15
   21   46    2.042831e-13    1.170104e-14
   21   47    4.108162e-16    4.317949e-17
   21   48    7.983431e-15    8.932879e-16
   21   49    6.946368e-16    4.558288e-17
   21   50    2.077224e-22    2.506885e-23
   21   51    5.278814e-29    8.834385e-30
   22   44    9.146257e-21    1.694047e-21
   22   45    1.257851e-17    2.433816e-18
   22   46    2.020403e-08   -1.045677e-14
   22   47    7.854400e-09    1.700602e-16
   22   48    1.436027e-08    5.628101e-16
   22   49    1.733388e-08   -6.554557e-16
   22   50    5.602377e-08    8.866549e-18
   22   51    7.622764e-14    4.365938e-15
   22   52    5.021783e-20    5.504283e-21
   22   53    1.339698e-26    2.136093e-27
   23   46    1.171285e-25    3.438455e-26
   23   47    7.053323e-15    6.582803e-16
   23   48    4.016165e-15    4.025870e-16
   23   49    1.413767e-14    1.728073e-15
   23   50    9.861506e-15    7.639109e-16
   23   51    4.903997e-09   -1.202297e-15
   23   52    7.004136e-14    4.013908e-15
   23   53    1.235630e-19    1.271669e-20
   23   54    6.647051e-26    9.783716e-27
   24   48    1.017345e-22    1.689642e-23
   24   49    7.773482e-21    1.692825e-21
   24   50    9.383813e-13   -9.171136e-19
   24   51    1.019941e-15    1.501875e-16
   24   52    5.579269e-08   -1.133588e-14
   24   53    1.074037e-08   -1.934699e-15
   24   54    1.369097e-07   -1.090583e-14
   24   55    3.116370e-13    1.783779e-14
   24   56    3.938177e-19    4.067858e-20
   24   57    1.543169e-25    2.301675e-26
   25   50    4.002907e-29    1.251136e-29
   25   51    9.873503e-20    1.009294e-20
   25   52    1.259576e-22    3.285133e-23
   25   53    9.493181e-15    1.088657e-15
   25   54    5.715727e-15    8.777914e-16
   25   55    3.455967e-08   -2.348475e-14
   25   56    4.653630e-13    2.665317e-14
   25   57    1.909543e-18    1.892401e-19
   25   58    2.053261e-24    3.039011e-25
   25   59    4.457227e-30    8.903127e-31
   26   52    5.552812e-28    1.015237e-28
   26   53    1.261594e-26    3.020412e-27
   26   54    4.446285e-09   -2.539845e-15
   26   55    5.216934e-14    3.621963e-15
   26   56    1.766813e-06   -4.444202e-13
   26   57    9.986647e-07   -2.680991e-13
   26   58    5.174596e-06   -7.229539e-13
   26   59    2.286082e-11    1.308954e-12
   26   60    5.843135e-17    6.075189e-18
   26   61    3.491456e-23    5.359929e-24
   26   62    2.617073e-29    5.324305e-30
   27   55    1.302513e-16    1.407843e-17
   27   56    9.131235e-21    2.160087e-21
   27   57    1.741618e-13    2.301949e-14
   27   58    8.828976e-14    1.013292e-14
   27   59    2.034735e-06   -1.436565e-12
   27   60    2.627456e-11    1.504875e-12
   27   61    2.625780e-16    2.816025e-17
   27   62    6.868532e-22    1.085254e-22
   27   63    5.168100e-26    1.250198e-26
   28   56    1.399980e-25    2.701985e-26
   28   57    1.936597e-24    4.961233e-25
   28   58    6.192201e-10   -4.583158e-16
   28   59    4.571912e-14    6.804513e-15
   28   60    2.667770e-06   -1.562751e-12
   28   61    1.015184e-06   -5.421020e-14
   28   62    2.259023e-06    7.712896e-14
   28   63    2.727069e-11    1.564231e-12
   28   64    1.389647e-06   -2.939970e-13
   28   65    4.903805e-12    2.800665e-13
   28   66    1.118332e-17    1.185258e-18
   28   67    5.211161e-24    8.255602e-25
   28   68    5.707493e-30    1.239407e-30
   29   59    4.881955e-18    3.211999e-19
   29   60    4.985079e-22    1.253276e-22
   29   61    6.797990e-14    8.342675e-15
   29   62    5.458157e-14    6.860826e-15
   29   63    8.717706e-07   -1.596961e-12
   29   64    2.754679e-11    1.579014e-12
   29   65    1.075821e-06   -1.104760e-12
   29   66    1.935254e-11    1.108658e-12
   29   67    4.384029e-16    5.280456e-17
   29   68    1.370255e-21    2.386718e-22
   29   69    7.974632e-24    1.461275e-24
   29   70    6.854190e-30    1.566633e-30
   30   60    3.837422e-27    6.824986e-28
   30   61    3.247337e-30    1.117148e-30
   30   62    8.495185e-22    1.994928e-22
   30   63    7.573166e-19    1.765334e-19
   30   64    8.425278e-07   -9.693089e-13
   30   65    1.689615e-11    9.694767e-13
   30   66    1.302054e-06   -3.855161e-13
   30   67    2.837009e-07   -4.623604e-13
   30   68    1.322626e-06    3.410794e-13
   30   69    8.616956e-12    4.928890e-13
   30   70    1.327707e-10   -3.333495e-17
   30   71    8.054072e-16    4.603381e-17
   30   72    4.585914e-21    5.064377e-22
   30   73    4.914190e-27    7.743039e-28
   31   64    4.577679e-27    1.556424e-27
   31   65    1.587949e-14    1.971836e-15
   31   66    5.533083e-19    9.758913e-20
   31   67    5.667106e-14    7.624746e-15
   31   68    1.114352e-14    1.415878e-15
   31   69    1.594801e-07   -4.435846e-13
   31   70    7.900823e-12    4.525829e-13
   31   71    1.407579e-07   -3.411330e-13
   31   72    5.963563e-12    3.400570e-13
   31   73    1.739562e-16    1.791255e-17
   31   74    8.334641e-22    1.245756e-22
   31   75    5.453586e-27    1.063236e-27
   32   66    1.037825e-22    2.473601e-23
   32   67    7.003403e-27    2.022039e-27
   32   68    3.919662e-21    8.186233e-22
   32   69    5.534698e-17    1.104949e-17
   32   70    2.286616e-07   -3.850983e-13
   32   71    6.735181e-12    3.863461e-13
   32   72    2.362074e-07   -1.074602e-15
   32   73    4.522667e-08   -9.356680e-14
   32   74    1.757488e-07   -9.283579e-14
   32   75    3.242622e-12    1.855597e-13
   32   76    1.249210e-11   -9.417751e-19
   32   77    6.771130e-17    3.862842e-18
   32   78    3.916202e-22    4.060686e-23
   32   79    3.667258e-28    5.759364e-29
   33   69    1.800505e-29    5.497224e-30
   33   70    5.530805e-25    1.767516e-25
   33   71    4.813949e-15    6.460441e-16
   33   72    3.154845e-19    6.145318e-20
   33   73    8.111381e-15    1.119108e-15
   33   74    3.728860e-16    4.512564e-17
   33   75    2.000458e-08   -2.230382e-13
   33   76    3.908935e-12    2.238191e-13
   33   77    1.543933e-16    1.527352e-17
   33   78    1.566888e-21    2.245093e-22
   33   79    4.758245e-26    9.218312e-27
   34   72    4.358501e-23    1.104835e-23
   34   73    2.093332e-25    6.589223e-26
   34   74    2.574599e-22    5.936648e-23
   34   75    2.908200e-16    4.564331e-17
   34   76    4.988745e-08   -1.181024e-13
   34   77    1.819039e-08    5.476665e-14
   34   78    7.041384e-08   -4.881443e-14
   34   79    1.887946e-12    1.119006e-13
   34   80    4.239234e-09   -3.624342e-15
   34   81    6.323835e-14    3.620978e-15
   34   82    3.172058e-12   -1.070677e-18
   34   83    2.028406e-17    1.135586e-18
   34   84    7.443415e-23    8.085709e-24
   34   85    3.785351e-30    3.006421e-31
   35   75    6.284615e-28    2.153793e-28
   35   76    2.971456e-23    8.244354e-24
   35   77    7.204203e-16    1.027302e-16
   35   78    1.835722e-16    2.435127e-17
   35   79    8.343511e-09   -1.029399e-13
   35   80    1.799240e-12    1.030463e-13
   35   81    7.273907e-09   -4.476355e-14
   35   82    7.818253e-13    4.477427e-14
   35   83    4.493659e-17    4.705608e-18
   35   84    4.290284e-22    6.667513e-23
   35   85    5.415735e-27    1.081113e-27
   36   77    1.463938e-27    4.793157e-28
   36   78    6.127940e-24    1.313707e-24
   36   79    1.088426e-17    1.968767e-18
   36   80    2.125736e-08   -9.949676e-14
   36   81    1.655907e-12    9.948520e-14
   36   82    5.111701e-08   -1.322418e-13
   36   83    1.567027e-08    6.412092e-14
   36   84    5.823889e-08   -1.366567e-14
   36   85    1.328394e-12    8.168934e-14
   36   86    4.641490e-10   -6.633195e-17
   36   87    1.261472e-15    6.875745e-17
   36   88    3.037063e-21    3.408463e-22
   36   89    1.282228e-27    1.174071e-28
   37   79    1.427753e-30    5.329494e-31
   37   80    7.895540e-26    2.388954e-26
   37   81    1.117002e-16    1.627247e-17
   37   82    1.732734e-20    3.628047e-21
   37   83    3.493101e-16    5.170611e-17
   37   84    4.357513e-17    5.881202e-18
   37   85    8.461306e-09   -6.049858e-14
   37   86    1.105262e-12    6.053620e-14
   37   87    5.852984e-11   -3.487494e-17
   37   88    8.106218e-16    4.468715e-17
   37   89    8.833610e-21    9.083349e-22
   37   90    4.736568e-26    5.939023e-27
   38   81    2.175996e-30    7.689437e-31
   38   82    2.537784e-25    6.933817e-26
   38   83    1.253592e-26    3.861404e-27
   38   84    3.886962e-24    3.339891e-25
   38   85    1.054261e-17    1.793004e-18
   38   86    1.977433e-08   -9.152017e-14
   38   87    1.264920e-08    1.360335e-14
   38   88    3.410651e-08    6.619233e-14
   38   89    1.898450e-13    1.170454e-14
   38   90    1.182492e-18    1.374688e-19
   38   91    3.164180e-24    5.428049e-25
   38   92    1.384885e-29    3.158387e-30
   39   85    2.735558e-30    9.817997e-31
   39   86    6.707064e-25    1.921389e-25
   39   87    4.729520e-17    7.047779e-18
   39   88    3.265590e-17    4.842701e-18
   39   89    5.046933e-09   -9.346202e-15
   39   90    1.503007e-13    9.355106e-15
   39   91    4.938197e-18    5.558539e-19
   39   92    5.426861e-23    9.206829e-24
   39   93    1.567671e-27    3.517040e-28
   40   87    4.295923e-30    1.498732e-30
   40   88    5.105042e-26    1.422683e-26
   40   89    7.822556e-21    1.709901e-21
   40   90    2.223130e-09   -1.414450e-15
   40   91    5.705826e-10    1.541496e-17
   40   92    6.514026e-10    7.632825e-15
   40   93    1.936060e-10   -6.638038e-15
   40   94    4.140038e-10   -2.703290e-16
   40   95    1.048999e-14    6.767026e-16
   40   96    7.701083e-13   -1.723437e-18
   40   97    3.884184e-18    1.389804e-19
   40   98    1.262764e-23    1.435065e-24
   41   90    3.813968e-28    1.178743e-28
   41   91    1.919703e-18    2.899013e-19
   41   92    3.825178e-19    5.687302e-20
   41   93    7.195749e-14   -4.168842e-19
   41   94    9.314578e-18    5.419466e-19
   41   95    9.039080e-20    1.216613e-20
   41   96    1.299478e-21    6.363966e-23
   41   97    2.908602e-23    2.596568e-24
   41   98    2.127132e-26   -7.582066e-28
   42   92    3.794916e-17   -1.052902e-22
   42   93    1.760214e-21    1.185686e-22
   42   94    1.279131e-13    5.067622e-17
   42   95    3.569513e-11   -2.658865e-16
   42   96    8.222753e-11    1.217930e-15
   42   97    2.578021e-11   -1.149809e-15
   42   98    7.544051e-11    8.765074e-18
   42   99    2.400217e-15    1.382751e-16
   42  100    1.701136e-15    5.914911e-21
   42  101    2.885259e-20    8.818859e-22
   42  102    4.383541e-25    4.005402e-26
   42  103    1.497607e-30    2.235663e-31
   43   93    1.239778e-26    1.860581e-27
   43   94    4.898412e-28    1.264791e-28
   43   95    1.750541e-21    3.261656e-22
   43   96    9.822298e-21    1.477590e-21
   43   97    3.395067e-20    5.366466e-21
   43   98    1.189885e-20    3.069652e-21
   43   99    2.728005e-13   -2.175239e-18
   43  100    4.166348e-17    2.172921e-18
   43  101    4.976439e-21    4.680657e-22
   43  102    1.303351e-25    1.785419e-26
   43  103    1.235154e-30    1.235152e-30
   44   96    3.536569e-26    1.166078e-30
   44   97    5.305873e-28    2.590168e-28
   44   98    3.087189e-17    7.700330e-18
   44   99    8.072697e-12   -8.063722e-17
   44  100    3.391478e-11    2.495837e-16
   44  101    7.022788e-12   -2.260033e-16
   44  102    1.540510e-14    4.930426e-17
   44  103    7.228054e-19    4.410667e-20
   44  104    5.812971e-18    1.479014e-20
   44  105    9.076883e-23    1.075277e-23
   44  106    1.319130e-27    2.764731e-28
   45   99    1.128877e-22    2.213668e-23
   45  100    5.400455e-22    8.797218e-23
   45  101    3.663924e-21    6.172969e-22
   45  102    2.080941e-20    6.236561e-21
   45  103    7.467456e-12   -9.287703e-17
   45  104    1.718164e-15    9.280755e-17
   45  105    3.335209e-19    3.350560e-20
   45  106    2.140426e-23    3.149774e-24
   45  107    5.225320e-27    8.903779e-28
   46  102    3.780261e-27    1.792857e-27
   46  103    3.492282e-21    1.046654e-21
   46  104    2.116075e-11   -8.081711e-17
   46  105    4.945665e-12    9.205745e-18
   46  106    2.265065e-11   -4.081836e-17
   46  107    1.828857e-15    1.125361e-16
   46  108    2.500920e-11   -8.430554e-17
   46  109    1.405095e-15    8.420890e-17
   46  110    1.001521e-14    1.847027e-20
   46  111    3.591799e-19    1.803839e-20
   46  112    1.797516e-23    1.805317e-24
   46  113    1.155222e-28    1.359283e-29
   47  104    6.565474e-26    1.688520e-26
   47  105    9.391346e-22    1.631193e-22
   47  106    6.224125e-21    1.890538e-21
   47  107    4.289942e-12   -9.231653e-17
   47  108    1.593468e-15    9.228081e-17
   47  109    6.597156e-12   -1.070106e-16
   47  110    1.949705e-15    1.069330e-16
   47  111    4.511378e-19    4.559620e-20
   47  112    3.500915e-23    5.186102e-24
   47  113    2.695202e-27    5.167387e-28
   48  106    7.184835e-29    2.266597e-29
   48  107    5.629135e-23    1.158705e-23
   48  108    3.602878e-13   -3.224434e-18
   48  109    5.166688e-17    3.229449e-18
   48  110    1.909769e-11    8.075629e-17
   48  111    4.587560e-12   -1.530729e-16
   48  112    2.054388e-11   -4.452151e-17
   48  113    1.837655e-15    1.171390e-16
   48  114    3.413535e-11   -1.202732e-16
   48  115    1.938052e-15    1.200015e-16
   48  116    2.673588e-15    9.481150e-21
   48  117    9.439480e-20    5.225055e-21
   48  118    3.831619e-24    4.060548e-25
   48  119    2.334517e-29    3.019718e-30
   49  108    9.064715e-30    2.556452e-30
   49  109    5.759771e-24    1.012386e-24
   49  110    1.010275e-25    2.523731e-26
   49  111    4.233108e-22    7.508786e-23
   49  112    1.362609e-20    4.177271e-21
   49  113    6.096696e-12   -1.971631e-16
   49  114    3.222123e-15    1.970200e-16
   49  115    9.870708e-19    1.064415e-19
   49  116    1.450732e-22    2.356715e-23
   49  117    1.471665e-24    1.390606e-26
   49  118    3.020816e-28    2.729144e-29
   49  119    4.321674e-29    8.687650e-30
   50  112    1.526204e-24    2.434940e-27
   50  113    4.171569e-23    7.952639e-24
   50  114    1.053647e-13    1.485110e-17
   50  115    5.383649e-12   -9.059393e-17
   50  116    3.958570e-11    2.190857e-16
   50  117    8.541954e-12   -2.283733e-16
   50  118    4.909660e-11    1.875356e-15
   50  119    1.176169e-11   -1.873732e-15
   50  120    6.577770e-11   -1.813488e-17
   50  121    1.570805e-15    1.015671e-16
   50  122    5.075851e-13   -4.595688e-19
   50  123    7.201446e-18    4.570856e-19
   50  124    5.881479e-14   -3.285049e-20
   50  125    4.425027e-19    2.685350e-20
   50  126    3.094119e-24    3.504979e-25
   50  127    3.499736e-30    5.916182e-31
   51  115    1.037868e-24    2.010745e-25
   51  116    3.696278e-23    6.577298e-24
   51  117    3.137709e-22    5.658462e-23
   51  118    5.694432e-23    1.005291e-23
   51  119    5.021519e-22    9.323971e-23
   51  120    4.019926e-20    1.204528e-20
   51  121    3.463392e-12   -5.273977e-17
   51  122    8.865209e-16    5.270885e-17
   51  123    8.945365e-14   -8.626086e-19
   51  124    1.536940e-17    8.813985e-19
   51  125    1.378094e-21    1.424445e-22
   51  126    4.388367e-26    6.835924e-27
   52  120    1.461469e-25    7.024683e-26
   52  121    4.483163e-21    1.421963e-21
   52  122    9.019737e-12    1.216171e-16
   52  123    3.000757e-12   -1.801993e-16
   52  124    1.533457e-11    1.287140e-15
   52  125    5.668818e-12   -1.291474e-15
   52  126    2.620140e-11   -1.915492e-17
   52  127    1.276660e-15    8.208505e-17
   52  128    5.697610e-13   -7.575166e-19
   52  129    1.278216e-17    9.932851e-19
   52  130    1.846919e-12   -1.268613e-18
   52  131    1.667498e-17    1.016320e-18
   52  132    1.160541e-22    1.330860e-23
   52  133    1.232958e-28    2.077431e-29
   53  122    9.377732e-27    2.432108e-27
   53  123    7.613655e-23    1.395641e-23
   53  124    9.449386e-24    1.704489e-24
   53  125    1.544800e-22    3.192222e-23
   53  126    6.868527e-20    2.033836e-20
   53  127    3.614889e-12   -4.607119e-17
   53  128    8.165864e-16    4.604079e-17
   53  129    9.387555e-20    9.715782e-21
   53  130    1.677789e-23    2.889558e-24
   53  131    1.467759e-21    4.088436e-24
   53  132    3.309242e-26    3.859671e-27
   54  126    6.674401e-25    3.179308e-25
   54  127    2.127682e-20    6.592672e-21
   54  128    9.378766e-12    1.853390e-16
   54  129    4.877049e-12   -2.545975e-16
   54  130    1.462667e-11    1.122590e-15
   54  131    6.631585e-12   -1.104351e-15
   54  132    4.009249e-11   -2.498019e-17
   54  133    1.196670e-15    7.599605e-17
   54  134    1.269178e-13   -1.063203e-19
   54  135    5.974189e-18    1.259233e-18
   54  136    8.091661e-12   -1.155818e-18
   54  137    2.088927e-20   -2.495091e-22
   54  138    9.549607e-25   -8.086799e-26
   55  128    3.270786e-26    8.145355e-27
   55  129    5.607422e-23    1.036306e-23
   55  130    8.450604e-24    1.556937e-24
   55  131    1.195983e-22    3.114029e-23
   55  132    1.571762e-19    4.597070e-20
   55  133    4.580031e-12   -4.800791e-17
   55  134    8.580852e-16    4.795370e-17
   55  135    8.165082e-20    8.242511e-21
   55  136    3.378289e-23    6.039459e-24
   55  137    2.782653e-21    8.287250e-26
   55  138    3.131184e-29   -7.332543e-31
   56  132    2.353157e-24    1.117371e-24
   56  133    5.626036e-20    1.720487e-20
   56  134    1.045193e-11    1.402537e-16
   56  135    5.105115e-12   -2.014817e-16
   56  136    3.450620e-11    1.571978e-15
   56  137    4.227376e-11   -1.605759e-15
   56  138    3.979964e-10    1.056346e-16
   56  139    8.849466e-17   -1.051408e-17
   56  140    2.153966e-21    3.650036e-23
   56  141    2.253152e-28   -3.232015e-30
   57  134    4.918549e-26    1.204664e-26
   57  135    1.826594e-23    3.493597e-24
   57  136    4.223957e-24    8.926484e-25
   57  137    1.583211e-22    4.394046e-23
   57  138    1.854411e-18    5.287228e-19
   57  139    3.735386e-11    1.747609e-17
   57  140    1.035668e-16   -1.800492e-17
   57  141    8.905859e-21    1.905066e-22
   57  142    6.838186e-27   -2.033456e-28
   58  138    4.769528e-23    1.300948e-23
   58  139    5.309196e-19    1.563475e-19
   58  140    9.289625e-11    5.950102e-17
   58  141    8.814150e-16    4.590984e-17
   58  142    9.150355e-14   -2.040518e-17
   58  143    6.289532e-19   -4.970956e-20
   58  144    6.493224e-23    1.013547e-23
   58  145    1.549676e-29    1.843202e-30
   59  139    7.286129e-26    3.526078e-26
   59  140    2.304976e-20    6.963863e-21
   59  141    7.804162e-12   -2.227066e-17
   59  142    5.652881e-16    2.225912e-17
   59  143    4.486247e-20    4.393740e-21
   59  144    9.154360e-25    5.570687e-26
   59  145    9.743604e-29    1.931089e-29
   60  140    3.281528e-27    1.632501e-27
   60  141    5.722496e-21    1.795915e-21
   60  142    1.835402e-11    7.930034e-15
   60  143    3.244731e-12   -7.830041e-15
   60  144    7.095321e-12    3.033188e-14
   60  145    1.433206e-12   -3.005435e-14
   60  146    4.719547e-12   -4.231483e-16
   60  147    8.715923e-17   -8.190233e-18
   60  148    1.553329e-15   -3.371502e-19
   60  149    4.863134e-21   -6.990384e-22
   60  150    2.528162e-21   -2.109463e-25
   60  151    3.724308e-26   -3.552074e-27
   61  142    1.855844e-28    5.106077e-29
   61  143    3.351268e-24    6.645690e-25
   61  144    8.444941e-25    1.760980e-25
   61  145    3.331387e-23    1.630935e-23
   61  146    8.409877e-22    3.104801e-22
   61  147    1.552134e-18    2.545011e-19
   61  148    1.536252e-22    2.341064e-23
   61  149    1.090550e-22    2.330116e-23
   61  150    4.814698e-27    4.062244e-28
   61  151    3.108305e-28    4.048907e-29
   62  144    3.536234e-20    2.139596e-24
   62  145    1.657875e-20    7.219558e-21
   62  146    6.263820e-15    1.379975e-15
   62  147    7.419648e-13   -1.396064e-15
   62  148    2.751144e-12    1.062217e-14
   62  149    4.422717e-13   -1.062055e-14
   62  150    1.600570e-12   -1.937673e-17
   62  151    1.767335e-16    6.219881e-18
   62  152    2.625764e-13   -2.123426e-18
   62  153    3.240428e-17    1.441868e-18
   62  154    1.429020e-15   -1.588777e-20
   62  155    1.094687e-19    2.743844e-21
   62  156    3.886632e-24    3.828467e-25
   62  157    1.687380e-29    6.059835e-31
   63  146    2.081843e-30    9.138859e-31
   63  147    1.586128e-25    3.227295e-26
   63  148    8.796127e-25    4.861546e-25
   63  149    1.425110e-19    5.936904e-20
   63  150    2.724419e-18    6.937499e-19
   63  151    1.721557e-13   -4.963514e-18
   63  152    9.873325e-17    4.074190e-18
   63  153    2.281043e-13   -4.608329e-18
   63  154    9.654446e-17    4.485806e-18
   63  155    3.870627e-20    3.849228e-21
   63  156    3.801092e-24    5.414952e-25
   63  157    4.938718e-28    8.948395e-29
   64  149    4.635235e-27    2.772884e-27
   64  150    4.998829e-21    2.195992e-21
   64  151    1.460197e-18    4.055347e-19
   64  152    5.980571e-13   -1.627319e-17
   64  153    2.042681e-16    1.319764e-17
   64  154    7.815310e-13    4.817881e-16
   64  155    2.554051e-13   -4.890575e-16
   64  156    1.100511e-12    2.271456e-15
   64  157    4.670689e-13   -2.244337e-15
   64  158    2.905990e-12   -3.368802e-17
   64  159    3.471587e-16    1.373327e-17
   64  160    8.752884e-17   -4.831073e-21
   64  161    2.945458e-21   -2.908125e-22
   64  162    2.122962e-25    1.142318e-26
   65  152    1.572465e-28    3.858698e-29
   65  153    3.909493e-26    8.025617e-27
   65  154    1.232356e-27    2.932217e-28
   65  155    9.616718e-26    1.861361e-26
   65  156    4.263437e-26    1.404918e-26
   65  157    2.914892e-20    1.268361e-20
   65  158    6.527936e-18    1.735443e-18
   65  159    3.704414e-13   -8.879011e-18
   65  160    1.493833e-16    7.126171e-18
   65  161    4.632771e-20    4.714132e-21
   65  162    3.863643e-24    5.368874e-25
   65  163    3.887723e-28    7.355454e-29
   66  156    5.761800e-24    2.657836e-24
   66  157    1.504959e-20    4.416893e-21
   66  158    8.859621e-14   -3.106407e-18
   66  159    5.029731e-17    3.484669e-18
   66  160    8.785658e-13    7.613022e-16
   66  161    3.254000e-13   -7.638104e-16
   66  162    1.369590e-12    2.363690e-15
   66  163    2.340257e-13   -2.345422e-15
   66  164    6.032573e-13   -1.579576e-17
   66  165    3.576340e-17   -3.449288e-19
   66  166    2.038209e-21    1.664112e-22
   66  167    8.005602e-27    1.113544e-28
   67  158    2.140126e-30    5.528043e-31
   67  159    2.457241e-27    5.038866e-28
   67  160    4.764190e-28    1.107848e-28
   67  161    4.249977e-26    8.814850e-27
   67  162    2.508911e-25    1.392750e-25
   67  163    1.768701e-19    7.610772e-20
   67  164    1.494334e-17    3.935122e-18
   67  165    4.842802e-13   -6.521524e-18
   67  166    1.524589e-16    2.505376e-18
   67  167    6.211631e-20    5.290147e-21
   67  168    2.273878e-24    1.024038e-25
   67  169    2.856987e-28    3.765815e-29
   68  161    8.380981e-30    5.179058e-30
   68  162    2.336258e-22    1.065172e-22
   68  163    3.957988e-19    1.137228e-19
   68  164    6.706991e-13   -2.021625e-17
   68  165    3.202445e-16    2.112313e-17
   68  166    1.031903e-12    1.675412e-15
   68  167    3.993999e-13   -1.641572e-15
   68  168    1.667155e-12   -4.314685e-17
   68  169    2.045036e-16    8.967713e-18
   68  170    3.286752e-15   -6.679615e-19
   68  171    1.382579e-19   -6.334417e-21
   68  172    7.619315e-24    5.524754e-25
   68  173    1.547619e-29    2.096935e-31
   69  164    2.373908e-29    6.015974e-30
   69  165    8.329720e-28    1.769099e-28
   69  166    1.853965e-26    1.062344e-26
   69  167    5.134868e-20    2.233827e-20
   69  168    1.683565e-17    4.431516e-18
   69  169    5.319827e-13   -1.403341e-17
   69  170    1.786014e-16    9.574803e-18
   69  171    4.451273e-20    5.127570e-21
   69  172    6.083135e-24    8.732198e-25
   69  173    1.422448e-26    1.307841e-27
   70  167    3.229595e-28    1.967508e-28
   70  168    3.056544e-21    1.368707e-21
   70  169    3.441107e-18    9.540739e-19
   70  170    8.261832e-13    5.698916e-16
   70  171    4.182218e-13   -5.698608e-16
   70  172    1.417600e-12    4.749599e-15
   70  173    6.733334e-13   -4.479786e-15
   70  174    3.155371e-12   -2.706089e-16
   70  175    2.141530e-16    3.154903e-18
   70  176    1.577618e-15   -3.226232e-18
   70  177    4.308329e-20   -2.363957e-21
   70  178    2.319884e-24    1.578820e-25
   71  170    1.148146e-28    2.757302e-29
   71  171    7.795222e-27    2.799901e-27
   71  172    2.239059e-24    1.296806e-24
   71  173    5.135245e-19    2.181774e-19
   71  174    6.250569e-17    1.593931e-17
   71  175    4.566704e-13    1.420069e-18
   71  176    8.837912e-16   -1.760127e-17
   71  177    4.538629e-19    2.313666e-20
   71  178    3.404936e-23    1.667934e-24
   71  179    5.338011e-27    6.791615e-28
   72  173    6.687864e-26    3.985211e-26
   72  174    5.050377e-20    2.215846e-20
   72  175    1.968519e-17    5.337083e-18
   72  176    1.206824e-12    2.913862e-15
   72  177    3.821972e-13   -2.816582e-15
   72  178    1.733170e-12    9.615210e-15
   72  179    4.351748e-13   -9.093815e-15
   72  180    2.770841e-12   -6.189578e-16
   72  181    1.420204e-16   -5.197354e-18
   72  182    8.553575e-21    6.566881e-22
   72  183    1.840545e-26    2.334797e-28
   73  176    1.717357e-28    4.221259e-29
   73  177    5.128154e-24    2.847257e-24
   73  178    5.802508e-23    2.400568e-23
   73  179    1.071271e-16    2.415351e-17
   73  180    3.462771e-15    9.468857e-18
   73  181    7.182663e-13   -3.314605e-17
   73  182    1.407828e-16   -4.759789e-19
   73  183    2.670482e-20    2.191950e-21
   73  184    1.394286e-25    9.941665e-28
   73  185    4.638331e-29    2.277493e-30
   74  177    1.078369e-28    6.542912e-29
   74  178    2.274989e-22    1.020829e-22
   74  179    2.645933e-19    7.319721e-20
   74  180    5.383322e-14   -1.520462e-18
   74  181    8.430251e-17    1.813953e-17
   74  182    1.888685e-12    1.553751e-14
   74  183    8.556004e-13   -1.525265e-14
   74  184    2.059481e-12   -2.861628e-16
   74  185    3.341628e-16    3.169247e-17
   74  186    8.048470e-14   -4.676020e-17
   74  187    1.197355e-18   -1.852451e-19
   74  188    1.518512e-22    5.715209e-24
   74  189    3.414807e-29   -9.279794e-32
   75  181    3.582102e-27    2.456774e-27
   75  182    3.657301e-24    2.117176e-24
   75  183    1.561946e-18    6.531687e-19
   75  184    4.883110e-17    1.239827e-17
   75  185    3.075333e-13   -1.601577e-17
   75  186    1.237236e-16    5.297834e-18
   75  187    6.944657e-15   -2.261540e-18
   75  188    7.557094e-19   -7.464713e-20
   75  189    4.564646e-22    2.338035e-23
   75  190    4.640485e-27   -1.838527e-28
   76  183    4.115729e-26    2.462479e-26
   76  184    5.034151e-20    2.214821e-20
   76  185    1.506281e-17    4.135023e-18
   76  186    1.092509e-12    3.681742e-15
   76  187    4.907476e-13   -3.680179e-15
   76  188    1.173194e-12    1.088891e-14
   76  189    3.304833e-13   -1.083136e-14
   76  190    1.474035e-12   -6.619865e-17
   76  191    1.385915e-16    6.322861e-18
   76  192    3.119609e-14   -3.513005e-18
   76  193    9.111561e-19   -2.620960e-20
   76  194    3.684563e-23    2.988360e-24
   76  195    2.062325e-28    1.497029e-29
   77  186    8.110795e-30    2.050773e-30
   77  187    6.544390e-27    4.469304e-27
   77  188    1.374417e-24    7.953155e-25
   77  189    4.110748e-19    1.742257e-19
   77  190    1.491584e-17    3.890720e-18
   77  191    3.293292e-13   -6.578690e-18
   77  192    1.441590e-16    1.020134e-17
   77  193    3.207780e-13   -7.074498e-18
   77  194    5.377443e-17   -6.139124e-19
   77  195    7.895557e-21    6.912358e-22
   77  196    1.820253e-25    8.795649e-27
   77  197    2.005870e-29    3.534598e-30
   78  189    1.264983e-26    7.649098e-27
   78  190    2.090781e-20    9.270661e-21
   78  191    4.703927e-18    1.324498e-18
   78  192    1.093848e-12   -2.435817e-17
   78  193    3.821718e-16    2.895429e-17
   78  194    1.356018e-12    3.209603e-15
   78  195    3.844409e-13   -3.188031e-15
   78  196    2.342610e-12   -3.615407e-17
   78  197    1.716443e-16    8.879225e-18
   78  198    4.389739e-15   -2.340381e-19
   78  199    1.104909e-19    4.695589e-21
   78  200    1.494211e-24    1.607614e-25
   78  201    2.390121e-30    2.694754e-31
   79  192    2.041557e-29    4.891828e-30
   79  193    1.332415e-29    3.026886e-30
   79  194    1.741353e-25    1.024419e-25
   79  195    8.765215e-20    3.801059e-20
   79  196    1.908205e-17    5.083873e-18
   79  197    7.108085e-13   -1.290975e-17
   79  198    1.335693e-16    7.786442e-18
   79  199    1.307001e-20    1.426506e-21
   79  200    2.715341e-25    4.316798e-26
   79  201    8.144819e-29    1.917874e-29
   80  194    3.042021e-27    1.392900e-27
   80  195    7.221925e-24    2.092631e-24
   80  196    1.378065e-17    9.562881e-22
   80  197    4.961138e-18    1.394719e-18
   80  198    2.320569e-12    3.609051e-16
   80  199    1.054218e-12   -3.630792e-16
   80  200    3.402970e-12    1.430585e-15
   80  201    1.486830e-12   -1.397846e-15
   80  202    5.447658e-12   -3.802472e-17
   80  203    1.080887e-16    7.090652e-18
   80  204    8.826816e-14   -1.046138e-18
   80  205    4.378187e-19    1.911964e-20
   80  206    6.936543e-25    7.033688e-26
   81  198    4.711892e-29    1.125583e-29
   81  199    3.126586e-28    6.411617e-29
   81  200    3.678736e-26    2.134814e-26
   81  201    1.802893e-20    7.831269e-21
   81  202    6.311477e-17    1.654856e-17
   81  203    3.296762e-12   -2.438902e-17
   81  204    1.450701e-16    9.452825e-18
   81  205    2.532682e-13   -1.805790e-18
   81  206    3.472674e-18    1.864863e-19
   81  207    1.808227e-23    1.321468e-24
   82  201    2.469125e-29    1.495424e-29
   82  202    2.028369e-22    9.073382e-23
   82  203    3.409721e-18    9.410757e-19
   82  204    4.900448e-12    3.272247e-16
   82  205    9.270783e-12   -3.200350e-16
   82  206    4.707134e-11    2.932764e-15
   82  207    6.281668e-11   -2.760557e-15
   82  208    1.298622e-10   -1.803358e-16
   82  209    2.396431e-19   -2.102736e-21
   82  210    4.511571e-26   -3.916299e-26
   83  204    3.511112e-30    9.372338e-31
   83  205    5.322644e-28    1.187327e-28
   83  206    1.708026e-26    9.761625e-27
   83  207    1.355017e-20    5.761279e-21
   83  208    4.950368e-17    1.240792e-17
   83  209    3.106531e-12   -1.241354e-17
   83  210    4.406351e-20   -1.045371e-21
   83  211    6.167458e-27   -1.181514e-27
   84  209    1.155659e-29    2.975092e-30
   84  210    2.254839e-24   -1.190241e-27
    0    1    1.439696e-15    1.752052e-16
    1    1    5.960442e-13    5.274189e-14
    2    4    1.068924e-09    6.122737e-11
