1.2482e+00
3.0852e-02
1.4826e+00
8.1777e+04
    1    2    6.735067e-27   -5.165193e-27
    1    3    8.279746e-21    2.893706e-22
    2    3    3.682634e-17   -2.980730e-22
    3    6    3.945655e-29   -3.554486e-31
    3    7    1.029171e-27    1.906263e-28
    4    7    4.591631e-27    2.659061e-28
    4    8    3.151588e-10    6.554570e-18
    4   10    1.844098e-28   -7.545251e-30
    5   10    7.895064e-25   -1.767369e-26
    5   11    1.150896e-16    2.636157e-17
    5   12    2.866480e-28    6.017706e-29
    6   11    2.470078e-12   -1.382858e-15
    6   12    3.278144e-04   -8.250207e-12
    6   13    3.678665e-11    1.194138e-13
    6   14    8.585514e-13    1.525995e-15
    7   12    1.609797e-27   -9.041442e-28
    7   13    2.071710e-14   -6.606481e-15
    7   14    1.537202e-07   -2.825123e-14
    7   15    2.808481e-06   -1.565233e-10
    7   16    3.185295e-20   -1.216593e-21
    7   17    1.432405e-24   -1.433140e-26
    8   14    4.277922e-16   -1.037674e-16
    8   15    7.500036e-08   -1.372080e-11
    8   16    4.582165e-02   -6.246392e-13
    8   17    1.002237e-09   -7.304965e-14
    8   18    2.608493e-13    2.168776e-15
    8   19    3.563404e-22    1.630590e-23
    8   20    1.324575e-29    2.978900e-31
    9   16    8.101383e-27   -6.701454e-27
    9   17    2.299941e-16   -1.292396e-16
    9   18    2.485324e-11   -3.018319e-15
    9   19    1.041172e-08   -5.944995e-13
    9   20    4.676849e-15    9.513782e-17
    9   21    4.286582e-22    1.141830e-23
   10   18    1.323086e-18   -1.808482e-20
   10   19    3.217297e-11   -4.021894e-14
   10   20    8.352936e-03    3.832308e-11
   10   21    1.006544e-05   -2.156776e-11
   10   22    1.375562e-06   -2.847802e-12
   10   23    1.195356e-14    1.565765e-16
   10   24    4.265967e-23    3.523620e-25
   11   20    1.252179e-20   -2.882833e-21
   11   21    5.257241e-11   -1.242444e-11
   11   22    5.162207e-07   -4.453960e-12
   11   23    1.957481e-04    2.449804e-09
   11   24    8.557727e-11    9.428254e-13
   11   25    2.389258e-17    2.732190e-19
   11   26    1.009134e-24    2.433300e-27
   12   21    2.169168e-26   -5.146663e-27
   12   22    2.532566e-14   -1.406280e-16
   12   23    1.322874e-06   -2.513299e-09
   12   24    2.358947e-03   -1.594532e-11
   12   25    1.403681e-04    1.321730e-11
   12   26    3.364860e-04    7.775689e-11
   12   27    7.907034e-12    6.096540e-14
   12   28    1.691120e-18    2.592577e-20
   12   29    3.440299e-28    3.452509e-29
   13   23    8.715964e-29   -4.018015e-30
   13   24    4.658854e-17   -1.553793e-17
   13   25    5.820404e-12   -1.426458e-12
   13   26    2.855353e-11    1.583157e-13
   13   27    2.716510e-04    5.209821e-10
   13   28    4.306370e-10    2.645026e-12
   13   29    2.810897e-15    4.152283e-18
   13   30    4.405802e-22    1.834893e-24
   13   31    6.254800e-29   -9.663707e-31
   14   25    2.701976e-21   -3.571657e-22
   14   26    1.324600e-12   -1.283206e-14
   14   27    1.032199e-07   -5.314484e-10
   14   28    2.972384e-04    5.808755e-11
   14   29    9.830154e-05    2.200174e-11
   14   30    5.478447e-05    8.125540e-12
   14   31    1.481172e-10    7.680351e-13
   14   32    6.059458e-17    4.988667e-19
   14   33    1.572237e-24    3.116936e-26
   15   27    2.102139e-26   -1.119361e-26
   15   28    1.115901e-17   -3.449636e-18
   15   29    1.869299e-11   -8.261060e-13
   15   30    4.018891e-10   -5.330279e-14
   15   31    2.316478e-07    2.673290e-11
   15   32    1.302929e-12    1.184747e-15
   15   33    4.868329e-13    1.166111e-15
   15   34    3.743863e-19    1.567310e-21
   15   35    2.493109e-25    1.781622e-27
   16   29    6.986197e-23   -1.224273e-23
   16   30    1.187749e-13   -2.153842e-15
   16   31    3.221909e-09   -2.673334e-11
   16   32    1.131780e-05    1.082085e-12
   16   33    1.182730e-07    7.779840e-14
   16   34    1.194817e-09    3.930008e-11
   16   35    4.686861e-14    1.563835e-16
   16   36    6.118564e-17    4.696244e-20
   16   37    1.219376e-24    2.842097e-26
   17   31    3.546808e-29   -2.320775e-29
   17   32    6.798382e-20   -9.831961e-21
   17   33    9.492413e-16   -8.095595e-18
   17   34    8.686457e-09   -3.917287e-11
   17   35    5.721902e-09    1.812810e-10
   17   36    1.171065e-13    1.570786e-16
   17   37    2.303227e-13    2.762028e-16
   17   38    4.192118e-19    1.129251e-21
   17   39    2.317518e-24    7.494288e-27
   17   40    3.378736e-30    1.077027e-32
   18   33    2.071898e-28   -3.552456e-29
   18   34    4.450362e-18   -1.123572e-19
   18   35    1.508144e-08   -1.812747e-10
   18   36    4.076607e-08    4.772292e-15
   18   37    3.120296e-10    1.149603e-16
   18   38    9.598664e-12    4.258638e-14
   18   39    1.075635e-15    3.794352e-19
   18   40    3.549016e-18    1.320112e-21
   18   41    1.574274e-23    1.887278e-26
   18   42    2.169982e-25    7.932534e-29
   19   36    6.946157e-20   -2.606896e-20
   19   37    2.409180e-18   -8.030698e-19
   19   38    3.379067e-11   -4.208132e-14
   19   39    5.773479e-10    3.678683e-13
   19   40    3.652449e-14    1.568579e-17
   19   41    6.896861e-14    3.869451e-17
   19   42    3.625078e-18    3.491543e-21
   19   43    2.343366e-22    2.329810e-25
   19   44    6.345365e-27    5.361491e-30
   20   38    1.484388e-19   -7.244957e-21
   20   39    1.479738e-11   -3.680293e-13
   20   40    4.316627e-08   -4.486921e-16
   20   41    1.335359e-09    6.097767e-18
   20   42    1.091669e-11    9.994421e-15
   20   43    9.745499e-14    2.240200e-17
   20   44    1.816934e-14    3.588683e-18
   20   45    1.177709e-17    1.553756e-21
   20   46    3.522001e-19    5.965750e-23
   20   47    1.040583e-23    4.374137e-27
   20   48    6.173746e-28    1.350660e-31
   21   40    1.619092e-26   -9.979222e-27
   21   41    1.218939e-20   -5.666906e-21
   21   42    3.722479e-13   -9.924166e-15
   21   43    4.399176e-12    2.765432e-16
   21   44    8.125827e-13    6.643866e-17
   21   45    1.963909e-12    3.398769e-16
   21   46    1.563609e-15    4.066553e-19
   21   47    8.832717e-18    3.680586e-22
   21   48    1.940053e-21    4.586892e-25
   21   49    3.649099e-24    5.679769e-30
   21   50    4.161191e-29    7.598421e-33
   22   42    4.536342e-25   -5.794247e-26
   22   43    6.519645e-15   -2.786743e-16
   22   44    7.845488e-10   -2.047986e-16
   22   45    6.572513e-11   -2.327131e-16
   22   46    7.441106e-11    3.419744e-14
   22   47    8.599213e-12    1.575736e-15
   22   48    1.541675e-12    6.978940e-17
   22   49    7.962375e-15    9.461124e-19
   22   50    5.347973e-17    1.083769e-21
   22   51    2.596987e-21    3.343858e-25
   22   52    1.280785e-25   -4.022813e-30
   23   44    5.818436e-25   -2.067904e-25
   23   45    5.692396e-20   -3.045550e-21
   23   46    6.764096e-13   -3.425431e-14
   23   47    9.788700e-11    1.472806e-15
   23   48    1.937097e-11   -1.610240e-17
   23   49    1.793933e-11    1.061489e-15
   23   50    3.180741e-14    1.885964e-18
   23   51    1.308144e-13    7.971474e-18
   23   52    1.324901e-16    7.401671e-23
   23   53    2.841842e-20   -3.112982e-24
   23   54    4.040831e-25    1.281919e-28
   23   55    2.827895e-29   -8.172805e-32
   24   46    1.252503e-22   -1.029964e-23
   24   47    6.458717e-14   -3.003458e-15
   24   48    2.892375e-11   -4.666919e-17
   24   49    6.849575e-11   -1.066339e-15
   24   50    2.545566e-10    5.648337e-15
   24   51    7.220987e-11    2.696931e-15
   24   52    4.885453e-11    3.969094e-16
   24   53    1.149363e-13    3.519982e-18
   24   54    2.518273e-15    8.392323e-20
   24   55    1.880361e-19    2.001325e-23
   24   56    2.049177e-23    2.048283e-27
   24   57    4.671601e-29    1.067068e-31
   25   48    8.536865e-24   -3.067655e-24
   25   49    1.725794e-20   -5.189757e-21
   25   50    1.997441e-13   -5.724655e-15
   25   51    1.740172e-10   -2.481696e-15
   25   52    1.516775e-10   -3.564536e-16
   25   53    2.439378e-10    6.540254e-15
   25   54    1.262752e-12    3.047321e-17
   25   55    1.793145e-12    3.117617e-17
   25   56    2.431481e-15    1.583296e-19
   25   57    1.425300e-18   -1.987568e-22
   25   58    7.818336e-23   -5.277575e-25
   25   59    2.743215e-26   -1.231198e-28
   26   50    5.077482e-24   -1.087035e-24
   26   51    2.133681e-15   -1.862583e-16
   26   52    1.541042e-11   -5.010136e-17
   26   53    1.266494e-10   -6.562857e-15
   26   54    1.884892e-08    1.176573e-15
   26   55    5.567464e-09    2.573846e-14
   26   56    1.289229e-08    3.837247e-14
   26   57    1.070571e-10    1.792882e-15
   26   58    2.336673e-11    2.986960e-16
   26   59    7.538934e-15    7.044216e-19
   26   60    2.956023e-17    4.217750e-22
   26   61    2.012884e-22    3.232119e-25
   26   62    2.344692e-26   -3.559015e-30
   27   52    2.045519e-29   -1.267696e-29
   27   53    2.685286e-22   -1.000170e-22
   27   54    1.269893e-13   -3.663763e-15
   27   55    4.508654e-09   -2.523276e-14
   27   56    4.084948e-09   -2.132278e-14
   27   57    2.568831e-08    5.131254e-15
   27   58    8.493922e-10    3.722042e-15
   27   59    1.243982e-08    1.251682e-13
   27   60    3.500425e-11    1.030477e-15
   27   61    1.304351e-13    4.175181e-18
   27   62    4.244517e-17    2.348635e-21
   27   63    9.783548e-20   -7.147366e-23
   27   64    6.837047e-25   -4.615927e-26
   27   65    1.299608e-27   -3.171923e-30
   28   54    1.722906e-26   -3.694620e-27
   28   55    1.623436e-16   -1.836943e-17
   28   56    1.884461e-10   -1.596393e-16
   28   57    2.142528e-09   -9.689820e-15
   28   58    2.118314e-06   -7.844071e-14
   28   59    1.180898e-06   -1.517765e-13
   28   60    3.708510e-06    9.318624e-14
   28   61    2.028189e-07    1.631209e-12
   28   62    1.493351e-07    7.391815e-12
   28   63    3.298348e-10    1.234695e-14
   28   64    5.748352e-11    1.675435e-15
   28   65    6.003891e-15    1.377185e-18
   28   66    5.729537e-17    3.016900e-22
   28   67    5.389873e-22   -1.356018e-25
   28   68    2.179188e-25   -5.306699e-29
   29   57    1.506267e-24   -6.787500e-25
   29   58    1.291581e-16   -6.912867e-18
   29   59    7.011078e-11   -1.242577e-13
   29   60    1.086481e-08   -2.351279e-13
   29   61    2.676083e-07   -1.120175e-12
   29   62    1.799909e-07   -6.969157e-12
   29   63    2.975601e-07    1.615206e-12
   29   64    4.492346e-09    6.036092e-14
   29   65    9.910701e-09    1.305486e-13
   29   66    2.191346e-11   -3.152524e-16
   29   67    3.166961e-13    5.330445e-18
   29   68    3.487955e-17   -3.949038e-21
   29   69    1.291982e-19   -1.131858e-23
   29   70    4.203610e-25    3.133655e-27
   29   71    4.218423e-28   -1.146847e-30
   30   59    6.250014e-24   -1.096291e-24
   30   60    6.593456e-13   -1.041001e-16
   30   61    7.144991e-10   -1.763676e-13
   30   62    1.413028e-07   -3.005738e-13
   30   63    1.114267e-07   -1.643067e-12
   30   64    6.603938e-06   -6.902013e-13
   30   65    9.498182e-07    6.505095e-13
   30   66    9.093099e-07    8.200781e-13
   30   67    8.191118e-09    1.618462e-13
   30   68    4.175640e-09    1.639087e-13
   30   69    1.331653e-12    1.801574e-16
   30   70    7.321999e-13    1.344658e-14
   30   71    2.263733e-17    2.961100e-20
   30   72    1.201599e-19    1.669153e-24
   30   73    9.258129e-25    1.674618e-27
   30   74    2.362486e-27   -4.990047e-31
   31   61    1.162506e-28   -2.489874e-29
   31   62    2.449574e-17   -4.487920e-18
   31   63    7.983325e-15   -8.812680e-16
   31   64    4.046529e-11   -8.836218e-15
   31   65    1.190116e-08   -5.040352e-13
   31   66    1.056273e-07   -5.385204e-13
   31   67    5.409223e-07    3.541355e-13
   31   68    2.518259e-08    8.738261e-14
   31   69    5.254720e-08    3.379156e-13
   31   70    7.974030e-10   -9.633041e-15
   31   71    7.624034e-11    2.520707e-15
   31   72    6.444687e-14    2.215036e-17
   31   73    2.317719e-15    2.303534e-20
   31   74    6.804167e-19    1.805673e-22
   31   75    1.963614e-20   -3.221338e-24
   31   76    1.986647e-25    2.153699e-28
   31   77    3.073331e-27   -5.024696e-30
   32   63    5.062461e-27   -2.471139e-27
   32   64    6.016181e-16   -2.066739e-19
   32   65    4.538521e-13   -3.170071e-16
   32   66    2.796357e-09   -2.074042e-14
   32   67    2.528034e-08   -6.766356e-13
   32   68    1.383587e-06   -5.424607e-13
   32   69    2.657170e-07   -1.984284e-14
   32   70    2.167816e-06   -2.334737e-13
   32   71    8.837753e-08    5.649388e-13
   32   72    6.939216e-08    2.146320e-13
   32   73    5.459610e-10    1.084389e-14
   32   74    6.386200e-10    3.015643e-15
   32   75    8.322407e-13    7.961073e-17
   32   76    6.440391e-14    3.302723e-17
   32   77    8.528301e-18    2.283432e-21
   32   78    3.144188e-19   -6.101291e-25
   32   79    5.428956e-24   -6.686336e-28
   32   80    8.972300e-26   -6.488266e-29
   33   66    1.762492e-20   -3.755068e-21
   33   67    7.066070e-18   -1.474453e-18
   33   68    4.819014e-13   -8.310234e-16
   33   69    1.082868e-10   -7.261433e-14
   33   70    2.849777e-09   -3.701451e-14
   33   71    1.380205e-07   -1.993310e-13
   33   72    4.607335e-08   -1.085253e-13
   33   73    1.233821e-07    1.422093e-13
   33   74    1.030242e-08    6.331682e-14
   33   75    4.940860e-09    5.961500e-15
   33   76    1.427207e-10    6.485983e-15
   33   77    2.574258e-11    6.949513e-17
   33   78    2.913268e-14    4.937673e-18
   33   79    9.337635e-15   -3.862219e-19
   33   80    2.990918e-18   -3.340669e-21
   33   81    6.009273e-19   -3.770394e-22
   33   82    3.785073e-24    1.142859e-26
   33   83    2.180481e-26   -3.457380e-29
   34   68    1.171154e-18   -2.734605e-22
   34   69    4.735498e-15   -3.747944e-18
   34   70    2.419309e-11   -3.382487e-16
   34   71    4.564014e-10   -3.855224e-14
   34   72    1.596114e-07   -1.281480e-13
   34   73    4.738925e-08   -1.003898e-13
   34   74    5.561999e-07   -2.346857e-13
   34   75    1.420116e-07    2.089201e-13
   34   76    2.305974e-07    2.395597e-13
   34   77    1.751821e-08    8.878807e-14
   34   78    1.798282e-08    1.745965e-12
   34   79    2.418669e-10    3.223158e-15
   34   80    1.842326e-10    1.395631e-14
   34   81    4.454149e-13    1.665240e-17
   34   82    1.106060e-13    1.320317e-16
   34   83    5.375707e-18    4.757465e-21
   34   84    3.710906e-19   -4.240691e-23
   34   85    4.096707e-26    1.380733e-27
   35   70    1.073445e-23   -2.773042e-24
   35   71    3.373472e-21   -1.135470e-21
   35   72    8.245677e-16   -6.652120e-18
   35   73    1.093169e-12   -5.280915e-15
   35   74    1.608345e-10   -3.408933e-15
   35   75    6.905356e-09   -5.837371e-14
   35   76    3.086407e-08   -2.157148e-13
   35   77    1.735794e-07   -9.721016e-14
   35   78    3.101776e-08   -1.612034e-12
   35   79    5.639209e-08    1.382028e-14
   35   80    1.186592e-08   -1.664666e-13
   35   81    1.058783e-08    7.680195e-15
   35   82    7.842628e-10    6.678591e-15
   35   83    6.486241e-10   -1.104566e-15
   35   84    9.613304e-13    9.932920e-17
   35   85    3.964241e-13   -4.891701e-17
   35   86    4.924830e-19    7.874202e-21
   35   87    2.647135e-24    8.732476e-27
   36   72    5.627044e-22   -7.164488e-25
   36   73    2.456069e-17   -2.069005e-20
   36   74    2.569219e-13   -1.105391e-17
   36   75    9.947240e-12   -9.429616e-16
   36   76    5.851963e-09   -1.484220e-14
   36   77    7.976311e-09   -7.645382e-14
   36   78    1.865272e-07   -1.566441e-13
   36   79    1.016123e-07   -5.007646e-16
   36   80    1.986404e-07    2.399127e-12
   36   81    5.845651e-08    9.802118e-14
   36   82    7.730113e-08    7.887013e-14
   36   83    1.017985e-08    1.949925e-14
   36   84    1.193120e-08    6.588645e-15
   36   85    2.370766e-10    1.849369e-15
   36   86    2.239269e-10    2.960172e-16
   36   87    1.897648e-15    4.228249e-18
   36   88    2.675892e-19    6.025685e-23
   36   89    2.556870e-25    3.855936e-27
   36   90    1.439705e-30    2.619372e-33
   37   74    1.388879e-25   -3.924589e-26
   37   75    2.739018e-22   -7.040451e-23
   37   76    5.480414e-17   -1.474265e-19
   37   77    5.336917e-14   -9.219645e-17
   37   78    1.723229e-12   -1.634774e-16
   37   79    6.096713e-10   -1.494102e-14
   37   80    2.962347e-09   -2.139312e-12
   37   81    2.897671e-08   -9.875936e-14
   37   82    2.051256e-08   -5.467702e-14
   37   83    6.555427e-08   -1.030653e-14
   37   84    1.987530e-08    2.693943e-14
   37   85    4.323356e-08    2.156710e-14
   37   86    1.829580e-08    1.813455e-14
   37   87    3.748071e-08    1.637642e-14
   37   88    3.398006e-12    3.503311e-15
   37   89    2.758180e-15    4.459701e-19
   37   90    5.014440e-20    3.288270e-22
   37   91    2.257178e-24    6.965487e-27
   37   92    1.208614e-30    6.676198e-32
   38   76    6.722309e-24   -2.889750e-26
   38   77    5.480230e-19   -1.316701e-21
   38   78    4.542386e-15   -1.977974e-18
   38   79    5.611169e-14   -9.828045e-18
   38   80    1.092444e-10   -6.730179e-16
   38   81    2.599519e-10   -5.759972e-15
   38   82    9.657525e-09   -1.402670e-14
   38   83    7.003327e-09   -6.707580e-15
   38   84    4.452481e-08    8.702638e-15
   38   85    2.218502e-08    2.664912e-15
   38   86    4.730875e-08    2.068900e-14
   38   87    3.681306e-08   -1.258144e-15
   38   88    8.176927e-08    2.417668e-14
   38   89    2.627425e-11    3.094007e-15
   38   90    2.870958e-13    2.209556e-18
   38   91    1.127751e-17    1.450575e-20
   38   92    4.307125e-21    7.700816e-25
   38   93    2.311258e-26    1.573884e-28
   38   94    5.291066e-30   -1.508680e-33
   39   78    4.811185e-29   -1.358148e-29
   39   79    6.596423e-23   -5.714928e-24
   39   80    1.752040e-20   -2.867689e-22
   39   81    3.493891e-17   -2.637448e-19
   39   82    1.773320e-14   -4.092176e-17
   39   83    3.167542e-12   -4.817907e-16
   39   84    6.250575e-12   -2.910785e-14
   39   85    1.202318e-09   -8.669340e-15
   39   86    2.242606e-09   -1.154200e-14
   39   87    8.124575e-09   -7.784777e-15
   39   88    1.110788e-08   -9.475454e-15
   39   89    1.027637e-07    7.283892e-15
   39   90    2.867749e-10    2.069250e-14
   39   91    9.997486e-12    1.304009e-16
   39   92    5.323388e-15    2.025589e-18
   39   93    2.235997e-17    3.493170e-21
   39   94    4.609023e-21    7.049214e-24
   39   95    1.358870e-24    1.598586e-27
   39   96    6.868932e-30    1.148472e-31
   40   80    3.579311e-25   -7.662783e-27
   40   81    3.762345e-23   -1.374013e-25
   40   82    4.027620e-18   -1.982837e-22
   40   83    2.784687e-16   -1.461052e-19
   40   84    1.007960e-13   -8.013318e-18
   40   85    1.729752e-13   -9.762544e-18
   40   86    1.374302e-10   -3.299125e-16
   40   87    1.765171e-10   -1.238758e-15
   40   88    1.523240e-09   -1.108209e-15
   40   89    1.858060e-09   -1.578863e-15
   40   90    5.930344e-08   -3.696421e-15
   40   91    1.028952e-09    6.831826e-15
   40   92    3.657797e-10    2.387399e-16
   40   93    9.119621e-13    5.977840e-17
   40   94    5.546385e-14    2.947141e-19
   40   95    3.914857e-17    9.588171e-21
   40   96    3.786713e-19    9.313034e-24
   40   97    3.084259e-24    1.504456e-26
   40   98    5.903594e-29    8.067170e-32
   41   83    3.602402e-29   -1.416612e-29
   41   84    2.074409e-21   -4.567634e-24
   41   85    2.096564e-22   -3.149880e-23
   41   86    9.502117e-19   -1.015462e-21
   41   87    3.662719e-15   -1.151356e-18
   41   88    2.593823e-13   -1.075891e-17
   41   89    1.424074e-11   -1.815648e-16
   41   90    7.874355e-11   -3.109449e-16
   41   91    7.745905e-09   -4.932817e-15
   41   92    1.143429e-09    4.020899e-15
   41   93    1.542299e-09   -1.400042e-16
   41   94    2.694742e-11    1.320832e-15
   41   95    7.307320e-12    2.249190e-17
   41   96    2.964931e-14    8.533977e-18
   41   97    1.240429e-15    2.744757e-20
   41   98    8.985784e-20   -1.413595e-22
   41   99    2.858208e-23    2.547303e-26
   41  100    2.316919e-28    3.371632e-30
   42   85    3.257385e-29   -1.118588e-30
   42   86    3.393447e-23   -1.457862e-25
   42   87    1.232748e-20   -2.112964e-23
   42   88    7.991557e-17   -4.182579e-21
   42   89    2.879671e-15   -5.246123e-19
   42   90    4.283423e-13   -1.541112e-18
   42   91    1.625683e-12   -4.786806e-17
   42   92    9.724333e-10   -2.427381e-16
   42   93    3.342414e-10    5.825908e-17
   42   94    6.293127e-10    4.125121e-17
   42   95    3.220896e-11    2.027762e-16
   42   96    8.664097e-11   -5.163896e-18
   42   97    3.540245e-13    3.051546e-17
   42   98    1.553266e-13    2.286906e-19
   42   99    1.932048e-17    3.437963e-20
   42  100    1.413469e-16    7.374526e-18
   42  101    1.710824e-21    1.912829e-23
   42  102    1.046605e-24    2.936952e-28
   42  103    1.381852e-29    7.405024e-32
   43   88    1.674756e-30   -4.715588e-31
   43   89    2.115820e-26   -5.131433e-27
   43   90    1.769929e-22   -2.659381e-24
   43   91    6.619307e-18   -1.524889e-21
   43   92    1.090355e-15   -1.031863e-19
   43   93    3.398574e-12   -1.315959e-17
   43   94    6.602170e-12   -1.780411e-17
   43   95    3.944177e-11   -6.402871e-17
   43   96    1.224646e-11    4.395827e-17
   43   97    5.823534e-11   -6.917569e-17
   43   98    1.299988e-12    8.813793e-17
   43   99    3.424936e-12   -3.646812e-19
   43  100    5.448528e-15   -1.109898e-17
   43  101    1.857838e-15   -3.834639e-20
   43  102    2.693141e-19   -1.358809e-22
   43  103    1.847290e-20   -7.551392e-24
   43  104    1.696489e-24    6.788853e-27
   43  105    1.384986e-26    1.262496e-30
   44   90    3.123352e-27   -1.676714e-29
   44   91    2.817223e-24   -2.014805e-26
   44   92    3.961045e-20   -4.310931e-24
   44   93    4.083047e-18   -1.534042e-21
   44   94    8.928044e-14   -6.671321e-19
   44   95    2.008593e-13   -1.031326e-18
   44   96    2.219730e-12   -1.035562e-18
   44   97    1.758605e-12   -1.307869e-18
   44   98    1.151840e-11   -3.706708e-18
   44   99    1.328537e-12    5.171039e-18
   44  100    3.498027e-11   -7.855963e-18
   44  101    2.115966e-13    1.668169e-17
   44  102    9.801470e-13   -1.189020e-19
   44  103    7.175961e-16    3.241152e-19
   44  104    9.364590e-16    1.837572e-17
   44  105    1.170856e-19    2.051639e-22
   44  106    7.276355e-21    4.551896e-26
   44  107    2.153209e-25    9.004016e-28
   44  108    1.242927e-27    1.230192e-32
   45   93    1.897684e-29   -2.884658e-30
   45   94    2.581678e-24   -5.339558e-27
   45   95    9.741987e-19   -1.437673e-22
   45   96    1.689110e-17   -8.425814e-22
   45   97    2.267431e-15   -2.540179e-20
   45   98    4.020249e-15   -4.388994e-19
   45   99    2.104186e-13   -5.097714e-19
   45  100    7.831430e-14    1.518063e-19
   45  101    7.341153e-12   -1.370230e-17
   45  102    2.912355e-13    1.309526e-17
   45  103    6.111989e-12   -8.760498e-18
   45  104    3.634698e-14   -2.710947e-17
   45  105    1.201614e-13   -7.430456e-20
   45  106    1.370673e-16    5.233012e-20
   45  107    4.805803e-17   -5.050989e-22
   45  108    1.879050e-20    1.925645e-23
   45  109    3.500885e-22   -5.347087e-26
   45  110    4.391266e-26    3.645105e-30
   45  111    3.695934e-28   -7.185260e-31
   46   95    4.014807e-27   -6.218878e-30
   46   96    3.471272e-21   -6.238319e-25
   46   97    5.418124e-20   -6.687920e-24
   46   98    2.571323e-17   -5.364299e-22
   46   99    5.125597e-17   -9.823588e-22
   46  100    7.460161e-15   -6.743279e-21
   46  101    3.552966e-14   -8.800161e-20
   46  102    1.057567e-12   -8.700684e-19
   46  103    2.896351e-13    4.325641e-19
   46  104    3.309702e-11   -6.122584e-18
   46  105    7.823717e-13    2.358786e-17
   46  106    3.119795e-11   -1.193196e-17
   46  107    7.113229e-14    1.712427e-17
   46  108    1.394509e-12    4.385356e-17
   46  109    7.702149e-16    5.367039e-19
   46  110    5.710178e-16    9.228919e-18
   46  111    4.088376e-20    1.464125e-22
   46  112    1.156715e-21    2.774869e-26
   46  113    2.051486e-26    1.661776e-28
   46  114    9.455399e-28   -1.394512e-31
   47   97    2.944335e-29   -4.288626e-32
   47   98    3.106852e-27   -1.273599e-29
   47   99    2.521107e-23   -1.336082e-26
   47  100    5.093074e-22   -1.043697e-25
   47  101    9.543121e-19   -3.639626e-23
   47  102    3.232015e-17   -1.129912e-21
   47  103    3.897132e-15   -3.243551e-20
   47  104    3.358600e-15   -2.372200e-20
   47  105    1.195760e-12   -3.353630e-18
   47  106    2.500061e-13   -1.680599e-18
   47  107    1.241741e-11   -3.061187e-17
   47  108    2.944523e-13   -5.636228e-17
   47  109    2.903775e-12   -4.761821e-18
   47  110    1.061579e-14   -1.245862e-17
   47  111    1.579360e-14    9.554243e-21
   47  112    1.867923e-17    2.382202e-20
   47  113    3.095595e-18    3.243301e-23
   47  114    4.186082e-22    4.280680e-25
   47  115    5.648641e-24    4.598006e-28
   47  116    1.568543e-28    2.616203e-30
   48  100    5.176646e-26   -2.268889e-29
   48  101    6.160578e-25   -1.898301e-28
   48  102    5.311023e-21   -3.524536e-25
   48  103    7.467728e-20   -3.987272e-24
   48  104    5.476593e-17   -4.073093e-22
   48  105    5.660724e-16   -5.231121e-21
   48  106    3.917264e-14   -9.298157e-21
   48  107    4.420406e-14   -1.170521e-19
   48  108    4.962490e-12    3.804657e-17
   48  109    3.583792e-13    3.949942e-18
   48  110    4.947887e-11   -3.071253e-17
   48  111    5.031505e-13    4.007647e-17
   48  112    1.925283e-11   -5.304061e-18
   48  113    3.190784e-14    1.171955e-17
   48  114    1.804151e-13    4.281376e-17
   48  115    7.104481e-17    7.032512e-20
   48  116    9.419381e-17    3.955877e-18
   48  117    4.871928e-21    2.366505e-23
   48  118    6.877585e-23    2.282163e-27
   48  119    1.204322e-27    9.185559e-30
   48  120    1.445502e-27   -6.085070e-31
   49  103    1.874718e-28   -6.303570e-31
   49  104    6.385342e-26   -2.000784e-29
   49  105    3.667196e-22   -3.273767e-26
   49  106    2.987981e-20   -1.993446e-24
   49  107    1.507431e-17   -2.377021e-22
   49  108    5.175981e-17   -6.120946e-22
   49  109    1.987863e-14   -1.149859e-19
   49  110    1.001901e-14    8.536548e-21
   49  111    2.236990e-12   -9.275906e-18
   49  112    2.301771e-13   -5.388720e-20
   49  113    7.320665e-12   -2.561002e-17
   49  114    1.440212e-13   -5.916726e-17
   49  115    7.359767e-13   -1.418208e-18
   49  116    2.608229e-15   -5.869236e-18
   49  117    2.067758e-15   -1.181136e-20
   49  118    1.790771e-18   -3.917913e-21
   49  119    2.376932e-19   -3.142680e-23
   49  120    5.925015e-23   -1.736120e-25
   49  121    1.309043e-24   -1.112317e-27
   49  122    8.240619e-29   -4.830389e-31
   49  123    1.406999e-30   -4.876654e-33
   50  105    2.311304e-29   -1.623517e-32
   50  106    8.472923e-25   -1.587324e-28
   50  107    2.325027e-23   -2.994825e-27
   50  108    4.358674e-20   -1.564848e-24
   50  109    1.238839e-19   -2.980322e-24
   50  110    1.976889e-16   -5.346967e-22
   50  111    6.241093e-16   -8.206059e-21
   50  112    7.309651e-14    2.339119e-18
   50  113    2.568746e-14    1.326987e-22
   50  114    1.566637e-11    3.178404e-17
   50  115    9.308954e-13    9.559142e-18
   50  116    1.127748e-10   -4.416629e-17
   50  117    7.945272e-13    5.105859e-17
   50  118    4.763252e-11    7.501960e-20
   50  119    7.341937e-14    1.333969e-17
   50  120    9.155751e-13    1.276482e-18
   50  121    4.085085e-16    1.483319e-19
   50  122    3.118912e-16    3.928285e-22
   50  123    4.674176e-20    3.004163e-23
   50  124    5.443916e-21    4.373418e-26
   50  125    2.800475e-25    2.800773e-28
   50  126    7.298768e-27    2.706361e-32
   50  127    3.040819e-30   -8.601644e-36
   51  110    2.163716e-27   -9.160590e-30
   51  111    9.862742e-24   -5.555160e-27
   51  112    1.611691e-21   -7.140513e-25
   51  113    5.767787e-19   -3.642623e-23
   51  114    1.787183e-18   -1.918689e-22
   51  115    5.399718e-15   -8.975710e-20
   51  116    2.297069e-15   -3.761028e-20
   51  117    1.096955e-12   -6.901811e-18
   51  118    1.209082e-13   -7.947490e-18
   51  119    3.990082e-12   -1.167027e-17
   51  120    6.088426e-14    9.956227e-18
   51  121    6.635118e-13   -8.777546e-19
   51  122    2.584070e-15    1.165257e-18
   51  123    5.048092e-15    2.562166e-21
   51  124    8.109074e-18    5.988892e-21
   51  125    2.063824e-18    8.999865e-24
   51  126    9.066269e-22    1.225946e-24
   51  127    5.035964e-23    6.014698e-28
   51  128    4.787356e-27    1.181393e-29
   51  129    6.141724e-27   -8.312605e-33
   51  130    8.181993e-29   -7.382822e-34
   52  112    2.399734e-30   -5.911070e-33
   52  113    8.974623e-27   -4.061646e-30
   52  114    2.302489e-23   -1.336902e-27
   52  115    6.997184e-23   -6.149010e-27
   52  116    1.212612e-17   -7.043017e-23
   52  117    1.160315e-17   -1.060665e-22
   52  118    5.068897e-14   -1.231796e-19
   52  119    1.003747e-14    6.736191e-20
   52  120    6.793123e-12   -1.127104e-17
   52  121    3.017113e-13    1.035350e-17
   52  122    4.015715e-11   -4.081661e-17
   52  123    3.979374e-13    4.220671e-17
   52  124    1.193220e-11   -6.371713e-18
   52  125    3.136385e-14    7.265102e-18
   52  126    1.216007e-13    2.314110e-21
   52  127    9.328443e-17    4.038035e-20
   52  128    4.675245e-17    2.329503e-20
   52  129    1.097638e-20    6.609722e-24
   52  130    1.007483e-21    1.053629e-24
   52  131    7.602849e-26    6.126009e-29
   52  132    2.528886e-27   -1.952488e-34
   52  133    4.042879e-30   -1.152762e-34
   53  116    1.122350e-29   -8.595979e-32
   53  117    5.347801e-24   -1.376233e-27
   53  118    4.379799e-22   -1.592631e-26
   53  119    5.501623e-18   -1.466757e-22
   53  120    6.380284e-18   -6.023330e-23
   53  121    1.799324e-14   -1.546832e-19
   53  122    6.073512e-15   -5.345714e-19
   53  123    1.538807e-12   -7.787774e-18
   53  124    1.045175e-13    6.523386e-18
   53  125    3.140633e-12   -8.531881e-18
   53  126    5.160320e-14    8.958286e-18
   53  127    3.707021e-13   -3.572570e-19
   53  128    1.629279e-15    5.300583e-19
   53  129    2.066544e-15    1.045597e-21
   53  130    2.186089e-18    1.534516e-21
   53  131    5.000739e-19    1.738018e-24
   53  132    1.787004e-22    1.641800e-25
   53  133    1.239564e-23    6.147595e-29
   53  134    2.074805e-27    1.361001e-30
   53  135    8.013432e-26   -7.231064e-32
   54  118    6.203209e-27   -6.357407e-31
   54  119    5.394822e-25   -3.889664e-29
   54  120    1.384351e-20   -1.996355e-25
   54  121    1.032321e-19   -1.706021e-24
   54  122    3.091329e-16   -1.364299e-21
   54  123    3.959873e-16   -2.440348e-21
   54  124    5.733179e-13   -1.592037e-18
   54  125    1.144155e-13    9.551476e-19
   54  126    2.803858e-11   -4.815652e-17
   54  127    1.260345e-12    4.520728e-17
   54  128    4.817911e-11   -4.114473e-17
   54  129    5.240085e-13    4.847284e-17
   54  130    3.994529e-12    8.872453e-19
   54  131    1.052697e-14    2.050376e-18
   54  132    2.080040e-14    6.969550e-21
   54  133    1.638223e-17    4.236077e-21
   54  134    1.669826e-17    4.701958e-24
   54  135    5.762831e-21    1.499408e-24
   54  136    1.470157e-19    4.141299e-28
   54  137    7.323290e-28    7.576298e-29
   55  121    4.142470e-28   -2.689612e-31
   55  122    1.406509e-25   -1.455340e-28
   55  123    2.963201e-21   -2.238498e-25
   55  124    2.794528e-20   -1.965820e-23
   55  125    1.924861e-16   -2.995511e-21
   55  126    2.094825e-16   -4.609813e-20
   55  127    1.808582e-13   -1.186408e-18
   55  128    3.948176e-14   -3.249984e-18
   55  129    3.208589e-12   -1.205258e-17
   55  130    1.666609e-13    9.031836e-18
   55  131    2.112933e-12   -4.144434e-18
   55  132    2.720820e-14    4.990733e-18
   55  133    1.071748e-13   -4.969774e-20
   55  134    5.985364e-16    1.373575e-19
   55  135    3.472011e-16    5.950212e-22
   55  136    7.975925e-19    1.991843e-22
   55  137    1.104976e-19    3.436806e-25
   55  138    3.729468e-27    4.296246e-28
   56  122    5.398922e-30   -9.970064e-34
   56  123    8.698389e-29   -1.271420e-32
   56  124    6.739519e-24   -2.605635e-28
   56  125    7.243361e-23   -9.034083e-27
   56  126    6.079887e-18   -5.536550e-23
   56  127    1.738922e-17   -6.134348e-22
   56  128    7.483903e-14   -2.658445e-19
   56  129    3.717777e-14   -1.245851e-19
   56  130    2.768337e-11   -7.202667e-17
   56  131    3.132233e-12    5.756715e-17
   56  132    2.432709e-10   -3.769778e-16
   56  133    8.103356e-12    3.756332e-16
   56  134    1.848416e-10   -8.540473e-17
   56  135    1.898072e-12    1.485517e-16
   56  136    1.723772e-11    5.660521e-17
   56  137    8.060780e-14    5.335790e-18
   56  138    1.084958e-12    9.339708e-21
   56  139    4.657035e-19    1.296048e-20
   56  140    3.804869e-24    2.724756e-26
   57  126    1.856538e-29   -1.205544e-33
   57  127    2.352239e-24   -2.236302e-28
   57  128    6.614263e-23   -5.974388e-27
   57  129    2.092256e-18   -9.017123e-23
   57  130    5.748960e-18   -3.117597e-22
   57  131    2.004160e-14   -2.904943e-19
   57  132    7.782281e-15    6.825482e-20
   57  133    3.271513e-12   -2.661133e-17
   57  134    6.791168e-13   -2.087510e-17
   57  135    2.324710e-11   -9.099986e-17
   57  136    1.642784e-12    2.350122e-17
   57  137    9.804603e-12   -1.029059e-17
   57  138    3.741126e-13    1.643930e-17
   57  139    8.821325e-13    3.850422e-19
   57  140    4.347664e-18    9.527340e-20
   57  141    1.610681e-22    1.186925e-24
   57  142    4.635819e-28    2.468078e-29
   58  128    8.263132e-27   -7.627883e-31
   58  129    3.885507e-26   -4.675278e-30
   58  130    1.719737e-21   -4.021790e-26
   58  131    1.276520e-20   -6.312261e-25
   58  132    3.535195e-17   -2.713090e-22
   58  133    4.918295e-17   -4.833327e-22
   58  134    7.991059e-14   -3.589348e-19
   58  135    3.739647e-14    1.107249e-19
   58  136    6.682238e-12   -1.462355e-17
   58  137    7.139617e-13    1.151016e-17
   58  138    4.636137e-11   -3.981395e-17
   58  139    2.729696e-12    4.212292e-17
   58  140    3.671782e-11    3.055439e-17
   58  141    4.838199e-16    2.483819e-18
   58  142    1.135996e-19    1.464332e-22
   58  143    9.231104e-25    1.244638e-26
   58  144    3.145041e-29    1.915322e-31
   59  131    6.488603e-29   -1.869998e-32
   59  132    6.163739e-27   -1.541429e-30
   59  133    1.009849e-22   -6.999138e-27
   59  134    1.043743e-21   -2.200455e-26
   59  135    6.343108e-18   -1.755270e-22
   59  136    1.131268e-17   -3.774724e-22
   59  137    9.017876e-15   -1.186144e-19
   59  138    4.221708e-15   -9.996542e-19
   59  139    7.217915e-13   -4.328983e-18
   59  140    2.886956e-13   -2.791987e-17
   59  141    7.031119e-12   -2.402853e-18
   59  142    9.296500e-16    3.835920e-18
   59  143    8.700697e-19    9.622886e-22
   59  144    4.772985e-23    6.507899e-25
   59  145    1.102504e-26    7.213492e-29
   59  146    9.153968e-30   -1.350061e-34
   60  133    3.021168e-30   -9.367134e-34
   60  134    2.223737e-26   -1.177247e-30
   60  135    3.877821e-25   -1.904532e-29
   60  136    8.358838e-21   -1.334519e-25
   60  137    5.056906e-20   -1.037686e-24
   60  138    1.758251e-16   -1.458921e-21
   60  139    2.804619e-16   -4.560187e-21
   60  140    3.067501e-13   -6.451285e-19
   60  141    2.116416e-13   -4.484161e-19
   60  142    3.649270e-11   -8.502740e-18
   60  143    1.011627e-14    9.885238e-18
   60  144    6.777906e-17    1.153246e-20
   60  145    8.335817e-21    2.777028e-23
   60  146    8.619330e-24    8.202426e-27
   60  147    2.019542e-28    2.779475e-30
   61  137    7.069203e-28   -1.155569e-31
   61  138    6.789390e-26   -1.470376e-28
   61  139    7.659949e-22   -7.987156e-26
   61  140    8.120193e-21   -1.900500e-23
   61  141    7.661717e-17   -2.033679e-21
   61  142    5.012509e-16   -2.666072e-19
   61  143    3.663045e-13   -6.056885e-19
   61  144    7.914243e-16    7.115246e-19
   61  145    3.547176e-17    3.125154e-21
   61  146    3.138776e-20    9.445055e-23
   61  147    2.062258e-22    2.088722e-25
   61  148    4.340374e-26    4.481526e-28
   61  149    1.118018e-26   -8.089390e-34
   62  138    7.603035e-30   -4.337917e-38
   62  139    1.112651e-27   -1.784256e-31
   62  140    1.309309e-22   -5.019464e-27
   62  141    2.457801e-21   -1.258059e-25
   62  142    1.995658e-16   -2.066622e-21
   62  143    2.382586e-15   -1.103392e-19
   62  144    1.752609e-11   -1.369393e-17
   62  145    8.029593e-14    1.379445e-17
   62  146    6.039980e-14    7.858608e-19
   62  147    8.757021e-17    7.037200e-20
   62  148    2.084233e-17    4.035636e-22
   62  149    6.498955e-21    2.338214e-23
   62  150    6.231054e-23    1.369788e-26
   62  151    1.044841e-26    5.448516e-29
   62  152    4.306507e-26    4.060927e-33
   62  153    7.587328e-30   -9.513366e-37
   63  142    6.554944e-28   -6.006602e-30
   63  143    2.493512e-22   -3.818340e-26
   63  144    6.250429e-20   -1.317629e-22
   63  145    2.798724e-15   -1.432162e-20
   63  146    8.585683e-17    1.442112e-20
   63  147    6.833661e-17    3.170517e-21
   63  148    1.065570e-18    4.591571e-22
   63  149    2.473764e-16    1.602184e-21
   63  150    3.610389e-19    1.366501e-21
   63  151    2.365241e-20    3.172181e-24
   63  152    2.943142e-23    9.834898e-26
   63  153    7.452428e-24    1.940402e-27
   63  154    9.229066e-27    2.219272e-29
   63  155    2.014201e-26    1.447504e-33
   63  156    2.305260e-30   -4.902356e-39
   64  143    1.201537e-27   -6.886591e-31
   64  144    1.586930e-21   -1.456218e-25
   64  145    5.135333e-19   -1.325290e-23
   64  146    1.866214e-13   -3.339368e-19
   64  147    1.088949e-14    2.622524e-19
   64  148    6.015166e-16   -9.752783e-20
   64  149    5.789211e-16   -4.107501e-20
   64  150    8.881952e-14    4.130303e-19
   64  151    3.184416e-16    2.407407e-19
   64  152    6.719295e-16    3.592554e-22
   64  153    1.695488e-18    1.751245e-21
   64  154    1.940951e-18    1.026174e-23
   64  155    5.061147e-21    1.321606e-23
   64  156    5.770198e-22    1.047577e-25
   64  157    6.914899e-25    1.082723e-27
   64  158    6.366863e-27    1.521518e-30
   64  159    6.170678e-29   -1.963354e-35
   65  146    1.663310e-26   -4.505777e-29
   65  147    5.453205e-21   -1.321896e-25
   65  148    3.352552e-21    3.121876e-25
   65  149    4.626699e-23   -4.134399e-25
   65  150    1.554530e-20    3.872407e-23
   65  151    1.725954e-17   -5.507843e-21
   65  152    2.236470e-19    2.434936e-22
   65  153    1.624317e-15   -1.873639e-20
   65  154    2.149296e-17    1.526491e-20
   65  155    1.865448e-16    2.125119e-21
   65  156    1.846314e-18    1.225169e-21
   65  157    1.114473e-18    4.961948e-21
   65  158    4.677649e-21    5.378746e-24
   65  159    2.171265e-22    2.543825e-25
   65  160    2.289725e-25    6.282356e-28
   65  161    4.172841e-27    9.518588e-31
   65  162    1.724842e-29   -8.088359e-34
   66  147    4.152665e-28   -1.385872e-31
   66  148    3.063720e-21   -3.430092e-25
   66  149    9.235787e-22   -7.896664e-26
   66  150    5.349466e-26   -2.361476e-27
   66  151    9.535128e-24   -7.081313e-26
   66  152    4.157321e-17   -4.156050e-20
   66  153    2.881207e-17   -2.038773e-20
   66  154    1.808438e-13   -2.359848e-18
   66  155    5.024733e-15    9.560623e-19
   66  156    3.300181e-13   -1.493124e-18
   66  157    6.777854e-15    2.846308e-18
   66  158    1.441305e-14    7.635559e-20
   66  159    1.283957e-16    5.986472e-19
   66  160    2.735041e-17    1.170202e-20
   66  161    1.186589e-19    3.644974e-21
   66  162    4.329934e-21    1.837983e-22
   66  163    1.562910e-24    6.976010e-27
   66  164    6.467902e-25    4.664654e-26
   66  165    2.010538e-29    3.926268e-31
   67  153    1.053370e-22   -3.354198e-26
   67  154    1.784715e-20   -6.433513e-23
   67  155    2.124580e-16   -8.129106e-21
   67  156    9.341396e-18    1.409449e-20
   67  157    4.726660e-14   -1.944450e-18
   67  158    2.478771e-15    6.630975e-18
   67  159    5.040882e-14    1.504249e-18
   67  160    8.015718e-16    2.155087e-18
   67  161    1.494504e-15    8.008829e-19
   67  162    7.721386e-18    9.643921e-21
   67  163    4.050763e-18    1.396597e-19
   67  164    6.325332e-21    1.999306e-23
   67  165    9.118143e-22    4.800390e-23
   67  166    2.110487e-25    2.449814e-27
   67  167    4.624803e-28    1.047472e-30
   68  151    4.676842e-30   -1.299052e-36
   68  154    1.407079e-26   -1.438047e-30
   68  155    1.674968e-22   -8.333626e-25
   68  156    6.239536e-16   -7.080620e-20
   68  157    2.061100e-16   -1.224499e-20
   68  158    2.362857e-12   -3.405439e-17
   68  159    2.518129e-13    2.233399e-17
   68  160    8.159334e-12   -5.039349e-17
   68  161    4.356454e-13    4.918450e-17
   68  162    1.857917e-12   -4.619632e-18
   68  163    2.937371e-14    9.885916e-18
   68  164    1.655853e-14    2.528223e-18
   68  165    8.366358e-17    6.561257e-20
   68  166    8.067231e-18    8.761571e-22
   68  167    1.080057e-20    3.337666e-23
   68  168    6.824292e-23    3.417228e-26
   68  169    1.485763e-26    6.342305e-29
   68  170    5.482121e-29    2.659491e-34
   69  155    1.748717e-30   -1.718188e-33
   69  156    5.319667e-26   -1.503023e-29
   69  157    1.762178e-21   -1.622534e-24
   69  158    3.665939e-18   -3.927674e-22
   69  159    1.372891e-16   -8.508019e-21
   69  160    1.085612e-16    6.198568e-21
   69  161    8.845125e-14   -2.011406e-18
   69  162    9.127475e-15    9.973716e-18
   69  163    4.533087e-13   -6.294014e-19
   69  164    1.347138e-14    8.308537e-17
   69  165    6.122372e-14    6.771900e-17
   69  166    6.956179e-16    2.427905e-18
   69  167    6.849670e-16    1.457035e-17
   69  168    2.494934e-18    2.988698e-21
   69  169    8.324600e-20    1.109661e-22
   69  170    1.053204e-22    1.966088e-25
   69  171    3.961723e-25    3.240967e-28
   69  172    1.073792e-28    5.682335e-31
   69  173    3.983404e-28   -2.867789e-34
   70  157    2.715255e-26   -1.499242e-29
   70  158    9.549382e-26   -2.386633e-29
   70  159    6.627625e-23   -9.103974e-26
   70  160    1.224434e-16   -1.833566e-20
   70  161    4.740174e-16   -4.704616e-20
   70  162    4.873242e-13   -1.474792e-17
   70  163    1.455522e-13   -1.402155e-18
   70  164    1.738135e-11   -2.235141e-16
   70  165    1.886479e-12    6.117546e-17
   70  166    1.956493e-11   -9.227688e-17
   70  167    7.152383e-13    9.622978e-17
   70  168    1.175844e-12    2.925263e-18
   70  169    1.231413e-14    4.716610e-18
   70  170    1.616294e-15    5.781822e-20
   70  171    4.932784e-18    4.615337e-21
   70  172    8.619802e-20    1.924813e-23
   70  173    6.606736e-23    1.346405e-25
   70  174    1.477345e-25    1.295983e-28
   70  175    1.257024e-29    8.919820e-32
   71  161    8.079844e-25   -3.490702e-28
   71  162    4.668628e-24   -2.354307e-27
   71  163    1.552367e-18   -1.738135e-22
   71  164    1.727762e-18   -1.876920e-22
   71  165    1.540153e-15   -7.613839e-20
   71  166    2.730060e-16    7.511660e-19
   71  167    2.959796e-13   -4.693914e-18
   71  168    3.408965e-14    6.527843e-17
   71  169    5.721703e-13    1.009512e-16
   71  170    9.961564e-15    1.874573e-17
   71  171    2.266790e-14    1.306596e-18
   71  172    1.868357e-16    1.266850e-19
   71  173    1.737670e-17    3.800267e-20
   71  174    4.448279e-20    6.901613e-23
   71  175    9.823332e-22    9.450698e-25
   71  176    5.148308e-25    2.328764e-27
   71  177    1.257800e-26    1.779763e-30
   71  178    6.803697e-28   -8.558641e-33
   72  161    3.964197e-29   -4.661044e-32
   72  162    2.313269e-30   -1.255683e-33
   72  163    1.676888e-26   -3.419211e-29
   72  164    1.083614e-19   -3.636070e-23
   72  165    2.341458e-19   -9.003476e-23
   72  166    1.461367e-14   -1.078063e-18
   72  167    8.807464e-15   -1.513745e-18
   72  168    4.647312e-12   -1.113075e-16
   72  169    9.504105e-13   -7.123955e-17
   72  170    3.913693e-11   -2.812607e-16
   72  171    2.709391e-12    2.728608e-16
   72  172    6.797538e-12   -4.941647e-18
   72  173    1.463528e-13    3.461900e-17
   72  174    4.163809e-14    7.448562e-19
   72  175    2.073974e-16    2.722654e-19
   72  176    7.241059e-18    2.367307e-21
   72  177    8.128909e-21    7.217543e-23
   72  178    1.339463e-22    1.086476e-23
   72  179    3.741920e-26    2.000732e-27
   72  180    1.109943e-25    4.094237e-27
   73  165    1.565277e-29   -3.155782e-32
   73  166    1.947005e-30   -2.156802e-32
   73  167    7.764195e-23   -3.614487e-26
   73  168    1.133749e-22   -4.975703e-26
   73  169    3.465454e-18   -3.681474e-22
   73  170    9.178014e-18   -1.496872e-22
   73  171    1.353318e-14   -4.111987e-19
   73  172    8.645953e-16    3.655239e-18
   73  173    1.305026e-13    2.353894e-19
   73  174    2.101645e-15    5.298938e-17
   73  175    2.336379e-13    5.748941e-18
   73  176    2.156238e-15    2.842109e-17
   73  177    5.507731e-16    9.392165e-19
   73  178    2.831915e-19    9.264508e-21
   73  179    4.901157e-18    8.388101e-20
   73  180    6.545122e-21    1.706859e-23
   73  181    4.437722e-23    4.468857e-26
   73  182    1.098446e-26    8.157846e-29
   73  183    4.944464e-29   -2.388140e-36
   74  168    4.414474e-26   -1.348379e-28
   74  169    9.164764e-23   -6.717625e-26
   74  170    2.878116e-18   -1.012715e-21
   74  171    1.934424e-17   -4.747122e-21
   74  172    6.459779e-14   -5.596392e-18
   74  173    4.156073e-14   -2.150526e-18
   74  174    4.787766e-12   -1.129242e-16
   74  175    7.165361e-13    2.702201e-17
   74  176    1.135584e-11   -7.192829e-17
   74  177    3.390278e-13    7.293888e-17
   74  178    7.355671e-13    2.502306e-18
   74  179    8.709283e-15    4.402143e-18
   74  180    1.649635e-15    6.470139e-19
   74  181    6.608307e-18    7.304315e-21
   74  182    1.846013e-19    4.334844e-23
   74  183    9.183877e-23    3.543478e-25
   74  184    1.165890e-25    3.504052e-28
   74  185    2.803467e-29    9.501871e-32
   75  171    1.520770e-29   -1.479549e-31
   75  172    5.242345e-26   -2.675837e-29
   75  173    2.333925e-20   -8.899333e-24
   75  174    2.884398e-19   -5.714165e-23
   75  175    5.211565e-16   -6.078255e-20
   75  176    2.274264e-16   -1.343239e-20
   75  177    3.560357e-14   -1.568440e-18
   75  178    2.685110e-15    1.534371e-18
   75  179    7.004062e-14   -9.965089e-19
   75  180    4.068708e-15    6.972688e-17
   75  181    8.340867e-15    1.243790e-18
   75  182    1.400650e-16    2.906658e-18
   75  183    2.157163e-17    1.517230e-19
   75  184    2.874080e-20    8.645396e-23
   75  185    2.059037e-22    2.712279e-24
   75  186    1.037141e-25    6.207023e-28
   75  187    1.752227e-27    4.140718e-31
   75  188    6.732498e-30   -2.345271e-36
   76  174    1.605432e-29   -1.738442e-31
   76  175    1.354323e-24   -2.455508e-27
   76  176    2.867700e-20   -4.158937e-23
   76  177    1.906308e-18   -1.430696e-21
   76  178    1.643329e-14   -3.623113e-18
   76  179    1.344621e-14   -1.617359e-18
   76  180    4.197634e-12   -1.268112e-16
   76  181    3.586976e-13    2.624888e-17
   76  182    1.048486e-11    4.843281e-17
   76  183    3.288473e-13    5.602650e-17
   76  184    2.362339e-13    3.548067e-18
   76  185    9.751738e-16    7.746305e-19
   76  186    3.944338e-17    4.011482e-21
   76  187    4.668044e-20    1.319873e-22
   76  188    3.608854e-22    2.027642e-25
   76  189    1.148295e-25    1.524270e-27
   76  190    9.026000e-27    1.375045e-30
   76  191    6.089844e-30   -9.751478e-38
   77  178    2.146316e-30   -3.782040e-32
   77  179    1.051810e-23   -5.918447e-26
   77  180    2.156731e-20   -3.271052e-23
   77  181    5.381041e-16   -1.240407e-19
   77  182    3.448702e-16   -1.535474e-20
   77  183    7.046829e-14   -1.073520e-18
   77  184    5.291116e-15    9.489544e-19
   77  185    4.300032e-14    2.216218e-19
   77  186    3.543025e-16    5.642914e-18
   77  187    7.327880e-17    9.091501e-20
   77  188    4.048200e-19    6.611138e-21
   77  189    5.726385e-20    1.897745e-21
   77  190    5.361525e-23    2.253992e-25
   77  191    1.133484e-23    6.768457e-25
   77  192    2.806574e-27    3.242116e-29
   77  193    2.682864e-26    2.403168e-32
   78  181    6.517353e-29   -1.101238e-30
   78  182    1.022760e-21   -5.545039e-24
   78  183    3.100548e-19   -5.557389e-22
   78  184    1.183206e-14   -4.179176e-18
   78  185    1.202520e-14   -5.146375e-19
   78  186    1.865278e-12   -9.688596e-17
   78  187    3.440608e-14    6.651813e-18
   78  188    2.551660e-13   -3.033721e-18
   78  189    3.464657e-15    1.736551e-18
   78  190    1.688082e-15    6.026891e-20
   78  191    7.750504e-18    2.260165e-20
   78  192    7.078210e-19    9.067561e-22
   78  193    1.775193e-21    4.310796e-23
   78  194    2.788606e-23    1.045368e-25
   78  195    2.501184e-26    1.098397e-27
   78  196    9.316706e-26    2.993693e-29
   78  197    1.559849e-29   -4.658613e-36
   78  198    3.906462e-27    8.609578e-42
   79  185    9.633498e-22   -5.513145e-24
   79  186    1.027563e-19   -3.809808e-22
   79  187    5.276240e-16   -4.106600e-19
   79  188    3.032419e-17    1.161988e-19
   79  189    1.210305e-14   -1.691388e-19
   79  190    4.666850e-15    2.031423e-16
   79  191    8.522709e-15    1.198356e-17
   79  192    7.182225e-16    3.629762e-17
   79  193    1.232106e-16    2.345405e-18
   79  194    6.321986e-19    6.430743e-22
   79  195    8.026298e-19    3.751716e-20
   79  196    8.023390e-22    2.303595e-24
   79  197    4.336110e-22    2.301280e-23
   79  198    1.355102e-25    5.678073e-28
   79  199    2.818877e-27    1.836855e-31
   79  200    1.257131e-28   -9.270284e-34
   79  201    5.328850e-26   -7.305035e-31
   80  183    8.140322e-30   -4.815137e-38
   80  186    1.029875e-26   -1.581943e-28
   80  187    4.660461e-23   -4.229829e-25
   80  188    1.496876e-15   -6.504957e-19
   80  189    1.113650e-14   -1.752462e-18
   80  190    1.139667e-11   -3.005854e-16
   80  191    1.651993e-12    5.349026e-17
   80  192    2.965735e-11   -1.583345e-16
   80  193    1.498600e-12    1.497175e-16
   80  194    4.054466e-12    3.723225e-19
   80  195    6.648421e-14    1.890822e-17
   80  196    3.718530e-14    4.696503e-19
   80  197    2.485538e-16    2.481771e-19
   80  198    3.005493e-17    6.174648e-21
   80  199    8.306750e-20    9.734257e-22
   80  200    1.590356e-21    1.165531e-23
   80  201    3.841877e-24    2.602048e-25
   80  202    3.288977e-27    8.351579e-29
   80  203    3.228908e-28   -1.711075e-36
   80  204    5.978299e-26    1.981167e-36
   81  188    3.274668e-27   -6.063311e-32
   81  189    1.196486e-21   -2.422267e-24
   81  190    7.787416e-19   -3.083574e-22
   81  191    8.653648e-15   -1.856233e-19
   81  192    6.848887e-15   -2.509685e-19
   81  193    1.909422e-13   -4.959511e-18
   81  194    6.309217e-14    1.375510e-17
   81  195    8.849026e-13   -5.418261e-18
   81  196    6.482705e-14    4.797909e-18
   81  197    8.920537e-14    2.049682e-16
   81  198    5.009087e-15    1.444535e-16
   81  199    1.186949e-15    7.998651e-18
   81  200    5.094585e-17    2.187844e-18
   81  201    3.193917e-18    1.090940e-19
   81  202    4.103823e-21    1.990785e-24
   81  203    1.730244e-21    8.202627e-23
   81  204    3.775342e-25    5.003511e-28
   81  205    8.634460e-28    9.637774e-32
   81  206    4.347839e-27   -3.689652e-31
   81  207    4.214686e-27   -3.151463e-31
   82  189    7.904636e-30   -4.334449e-33
   82  191    1.822343e-28   -4.201797e-30
   82  192    8.192479e-19   -2.095888e-22
   82  193    5.503998e-18   -2.701823e-21
   82  194    3.956674e-13   -2.690400e-17
   82  195    1.687233e-13   -4.763823e-18
   82  196    3.410441e-11   -1.319816e-16
   82  197    4.659059e-12   -1.214803e-16
   82  198    5.823196e-11   -2.231672e-16
   82  199    2.013952e-12    9.365352e-17
   82  200    7.911658e-12   -2.650149e-18
   82  201    1.712268e-13    7.931353e-18
   82  202    8.492407e-14    1.923578e-19
   82  203    7.172525e-16    3.720516e-20
   82  204    7.732237e-17    3.410334e-22
   82  205    2.442642e-19    1.629765e-23
   82  206    6.098414e-21    3.652598e-26
   82  207    4.972257e-24    4.369574e-28
   82  208    1.303872e-26    1.225213e-31
   83  194    1.105467e-30   -6.307086e-33
   83  195    4.758358e-24   -4.369451e-27
   83  196    5.599701e-21   -1.754185e-24
   83  197    5.459770e-17   -3.015575e-21
   83  198    3.352046e-17   -1.113469e-21
   83  199    4.588835e-15   -1.082265e-19
   83  200    1.088096e-15    2.084896e-20
   83  201    1.063439e-14   -8.534075e-20
   83  202    6.049354e-16    5.379712e-20
   83  203    1.124861e-15    2.996456e-22
   83  204    2.876447e-17    3.155305e-21
   83  205    6.840960e-18    6.011223e-23
   83  206    5.123160e-20    7.491692e-24
   83  207    2.512434e-21    3.726877e-26
   83  208    4.887890e-24    9.638671e-28
   83  209    1.843688e-26    6.961207e-31
   84  199    1.034949e-30   -5.303277e-33
   84  200    6.528816e-29   -1.438559e-31
   84  201    3.485567e-27   -1.584497e-30
   84  202    8.964865e-26   -3.171757e-29
   84  203    7.466467e-26   -5.228738e-30
   84  204    1.221597e-25   -9.624562e-30
   84  205    8.867498e-27    5.615380e-32
   84  206    3.269655e-27   -8.682694e-32
   84  207    7.851382e-30   -1.238766e-34
   84  208    2.530629e-30   -2.670100e-35
    0    1    6.335896e-18   -2.457947e-18
    1    1    3.042759e-12   -1.968768e-12
    2    4    1.235046e-10   -1.543226e-11
