4.5141e-01
5.7901e-05
2.5894e+00
4.0182e+05
    1    2    5.981680e-18   -2.735137e-20
    1    3    2.194135e-18    6.454560e-20
    2    3    8.167640e-15    5.022379e-17
    3    6    4.254878e-24    4.782532e-26
    3    7    5.899435e-24    1.076129e-25
    4    7    2.255689e-21   -1.104736e-23
    4    8    1.239261e-12    8.610061e-14
    4   10    4.021564e-24    1.321114e-25
    5   10    2.174442e-18    2.065206e-20
    5   11    9.256990e-17    5.478591e-18
    5   12    8.613629e-27    6.310253e-28
    6   11    2.027328e-12    7.274924e-14
    6   12    6.410134e-04   -6.779136e-07
    6   13    3.257141e-10    2.258109e-12
    6   14    3.536164e-10    1.381332e-11
    6   15    1.086461e-23    5.264562e-25
    7   12    1.545549e-22    3.448336e-24
    7   13    5.300484e-11   -8.419969e-13
    7   14    2.550901e-08    1.217163e-09
    7   15    1.389985e-07    5.360820e-09
    7   16    1.443412e-18    6.818442e-20
    7   17    6.648427e-24    4.958944e-25
    8   13    1.229064e-30    9.907112e-33
    8   14    1.809803e-13   -5.868088e-15
    8   15    3.905483e-08   -2.222016e-10
    8   16    4.582453e-02   -9.717975e-09
    8   17    2.726408e-07    4.223515e-09
    8   18    3.946859e-11    1.570003e-12
    8   19    2.602003e-19    1.521709e-20
    8   20    1.624427e-25    1.306260e-26
    9   15    2.734313e-27   -1.251179e-28
    9   16    3.881397e-20   -7.412284e-22
    9   17    2.763164e-11   -3.886507e-13
    9   18    6.569128e-09    9.428048e-11
    9   19    6.438338e-08    2.185099e-09
    9   20    5.724827e-14    3.234605e-15
    9   21    4.677727e-20    2.474876e-21
    9   22    2.746952e-29    1.958434e-30
   10   17    1.129295e-28   -3.845351e-30
   10   18    1.546763e-15   -4.456631e-17
   10   19    1.786332e-10   -1.719195e-12
   10   20    8.383046e-03   -1.906511e-07
   10   21    1.193348e-05    1.859463e-07
   10   22    1.258873e-06    1.189641e-08
   10   23    3.667371e-14    1.194043e-15
   10   24    8.690439e-20    4.167508e-21
   10   25    8.763671e-28    5.337478e-29
   11   19    1.756388e-26   -7.500179e-28
   11   20    2.577833e-17   -6.390551e-19
   11   21    1.574554e-08   -2.371298e-10
   11   22    4.592525e-07   -1.289247e-09
   11   23    1.560596e-04    8.248304e-08
   11   24    1.831715e-10    4.367755e-12
   11   25    5.152269e-15    1.177972e-16
   11   26    6.231523e-22    2.813488e-23
   11   27    7.901442e-29    5.325242e-30
   12   21    2.494802e-22   -1.019451e-23
   12   22    1.064601e-13   -3.438678e-15
   12   23    2.450333e-07   -7.570880e-09
   12   24    2.159926e-03    5.692845e-07
   12   25    3.278621e-04   -6.300190e-07
   12   26    2.910540e-04    1.045880e-07
   12   27    2.167909e-11    5.133793e-13
   12   28    2.445247e-17    1.081603e-18
   12   29    9.634946e-26    5.082868e-27
   13   23    1.615464e-26   -8.419682e-28
   13   24    1.364896e-14   -6.297665e-16
   13   25    2.277766e-09   -3.353672e-11
   13   26    3.464010e-10   -3.574595e-11
   13   27    2.860720e-04   -6.693542e-09
   13   28    1.405632e-09    2.393084e-11
   13   29    5.056203e-14    5.388058e-16
   13   30    2.359110e-20    7.761246e-22
   13   31    1.623617e-26    8.997595e-28
   14   25    2.256590e-20   -1.898735e-21
   14   26    2.355262e-12   -1.131016e-13
   14   27    2.958356e-07   -4.368402e-08
   14   28    2.599222e-04    1.187549e-07
   14   29    7.582091e-05    5.238438e-08
   14   30    3.494024e-05    4.418549e-08
   14   31    3.311953e-10    8.082520e-12
   14   32    7.463542e-16    3.324637e-17
   14   33    7.546564e-23    4.216357e-24
   14   34    2.776200e-29    2.159721e-30
   15   27    2.264076e-21   -1.423241e-22
   15   28    3.101913e-14   -5.109294e-15
   15   29    7.395628e-10   -1.094833e-11
   15   30    2.469920e-09   -9.270053e-11
   15   31    9.982443e-07   -1.037147e-08
   15   32    1.328859e-11    1.966289e-13
   15   33    2.284878e-12    5.918474e-14
   15   34    7.992404e-18    3.852277e-19
   15   35    2.777743e-23    1.943947e-24
   16   28    2.893664e-28   -2.441015e-29
   16   29    3.211102e-19   -5.953788e-20
   16   30    4.225444e-13   -1.910700e-14
   16   31    3.312805e-09   -2.686101e-10
   16   32    3.596217e-06    2.257589e-08
   16   33    5.133073e-08    1.639425e-10
   16   34    1.185608e-09    9.787949e-12
   16   35    2.529022e-13    6.344752e-15
   16   36    5.777414e-15    2.814106e-16
   16   37    5.729063e-22    3.304665e-23
   16   38    1.861217e-27    1.535256e-28
   17   31    4.449522e-23   -2.657847e-24
   17   32    3.217473e-17   -4.039037e-18
   17   33    3.108283e-15   -1.243660e-16
   17   34    2.028796e-09   -3.207978e-11
   17   35    1.778723e-09    2.216513e-12
   17   36    1.349235e-12    3.371862e-14
   17   37    6.116346e-13    2.793500e-14
   17   38    5.345289e-18    3.524981e-19
   17   39    1.757399e-22    1.544534e-23
   17   40    1.225859e-27    1.275330e-28
   18   32    3.249494e-30   -2.473237e-31
   18   33    1.699885e-26   -2.092525e-27
   18   34    5.735084e-18   -3.287591e-19
   18   35    1.157320e-09   -4.992414e-11
   18   36    2.223927e-08    2.579823e-11
   18   37    1.353009e-10    3.062262e-12
   18   38    5.223206e-11    1.714178e-12
   18   39    2.047493e-14    7.171782e-16
   18   40    1.003440e-15    2.635411e-17
   18   41    2.602238e-20    1.296191e-21
   18   42    2.382827e-22    1.798392e-23
   18   43    2.852438e-27    2.593310e-28
   19   35    2.252525e-28   -1.619457e-29
   19   36    1.966474e-17   -1.156536e-18
   19   37    2.303017e-15   -3.128087e-17
   19   38    5.161949e-12    3.247050e-14
   19   39    4.208232e-10    3.786581e-12
   19   40    5.993772e-13    1.255419e-14
   19   41    5.470669e-13    1.651091e-14
   19   42    1.669029e-16    8.737563e-18
   19   43    7.205682e-18   -1.319697e-20
   19   44    9.787203e-22    2.176471e-23
   19   45    2.281545e-25    1.052971e-26
   19   46    8.203753e-30    5.696108e-31
   20   38    2.525264e-18   -7.652444e-20
   20   39    1.035649e-12   -1.435559e-14
   20   40    3.927157e-08    1.683204e-10
   20   41    1.234944e-09    8.295307e-12
   20   42    4.299796e-09   -1.728899e-10
   20   43    1.882641e-10   -5.278220e-12
   20   44    2.393993e-11    4.865590e-13
   20   45    5.792659e-14    1.123823e-15
   20   46    3.174168e-15    1.408799e-16
   20   47    4.158949e-19    2.845168e-20
   20   48    3.661474e-22    2.518431e-23
   20   49    7.454653e-28    5.794196e-29
   21   39    4.900050e-30   -2.161322e-31
   21   40    1.842370e-22   -5.171322e-24
   21   41    2.543182e-16   -2.542805e-18
   21   42    4.240067e-13   -3.961106e-15
   21   43    8.314373e-10   -4.598769e-11
   21   44    1.982131e-10   -8.687850e-13
   21   45    7.324548e-10   -6.171324e-12
   21   46    2.723917e-12    4.719070e-14
   21   47    1.380749e-13    2.360255e-15
   21   48    1.054188e-16    4.518063e-18
   21   49    9.291629e-19    7.040178e-20
   21   50    2.676995e-23    2.456930e-24
   21   51    1.301195e-27    1.481255e-28
   22   41    1.973121e-30   -8.533185e-32
   22   42    3.990163e-21   -1.036153e-22
   22   43    5.032309e-15   -1.372178e-16
   22   44    1.084343e-08   -1.989725e-11
   22   45    3.555849e-09   -1.366565e-10
   22   46    2.283812e-08   -4.526692e-10
   22   47    8.223806e-09   -8.360131e-11
   22   48    3.123452e-09    7.849305e-11
   22   49    2.627142e-11    1.312858e-12
   22   50    3.553589e-12   -6.090037e-13
   22   51    6.638590e-16   -1.027374e-16
   22   52    1.428719e-19   -1.843277e-20
   22   53    1.111852e-24   -1.327768e-25
   22   54    6.347449e-29   -6.080644e-30
   23   44    4.367809e-22   -1.857062e-23
   23   45    4.622656e-19   -2.248768e-20
   23   46    3.041302e-11   -1.872074e-12
   23   47    1.402232e-08   -6.196728e-10
   23   48    9.857594e-09   -8.097234e-11
   23   49    1.144963e-08    2.673343e-10
   23   50    5.236531e-11    2.666802e-12
   23   51    8.323826e-11    1.485041e-12
   23   52    2.492841e-13    8.530726e-15
   23   53    1.404277e-16    7.136086e-18
   23   54    4.377270e-21    2.626242e-22
   23   55    1.362490e-24    1.074714e-25
   24   45    2.229635e-28   -1.301235e-29
   24   46    5.181759e-22   -3.510714e-23
   24   47    1.259677e-12   -1.039964e-13
   24   48    3.652122e-09   -4.557013e-11
   24   49    8.661574e-09   -1.631847e-10
   24   50    2.907339e-08    4.886264e-10
   24   51    1.087506e-08    4.471667e-11
   24   52    1.285112e-08   -9.389815e-11
   24   53    6.658384e-11    1.316750e-12
   24   54    2.321141e-12   -8.913981e-14
   24   55    5.239445e-16   -2.056308e-17
   24   56    1.983934e-19   -8.816189e-21
   24   57    1.210419e-24   -4.450998e-26
   24   58    2.148075e-28   -6.718469e-30
   25   48    1.418409e-19   -1.399555e-20
   25   49    1.877838e-15   -5.176598e-17
   25   50    2.181588e-11   -8.078874e-13
   25   51    5.949196e-09   -6.235470e-11
   25   52    1.187423e-08   -2.577694e-10
   25   53    3.331546e-08   -2.092578e-10
   25   54    3.173416e-10    3.324135e-12
   25   55    8.503421e-11    1.224611e-12
   25   56    2.678075e-13    8.250581e-15
   25   57    3.654559e-16    1.689105e-17
   25   58    4.770139e-20    2.665531e-21
   25   59    5.079169e-23    3.576141e-24
   25   60    2.796109e-28    2.168704e-29
   26   49    1.769106e-25   -2.041795e-26
   26   50    1.729247e-19   -7.635292e-21
   26   51    3.718328e-13   -2.150668e-14
   26   52    3.184629e-10   -6.062743e-12
   26   53    3.570450e-09   -1.842754e-10
   26   54    1.058120e-07    6.043727e-10
   26   55    4.663208e-08   -2.216003e-10
   26   56    4.765148e-07   -1.038259e-08
   26   57    1.149594e-08    1.335283e-10
   26   58    3.170110e-08   -2.904568e-09
   26   59    3.004726e-11   -2.247258e-12
   26   60    4.844968e-14   -1.906998e-15
   26   61    8.050848e-19   -2.494359e-20
   26   62    5.043968e-22   -1.140180e-24
   26   63    5.178850e-28    2.943275e-30
   27   51    3.977779e-29   -2.335853e-30
   27   52    1.339138e-22   -9.762206e-24
   27   53    1.973786e-17   -6.710132e-19
   27   54    4.420765e-12   -3.188988e-13
   27   55    1.030388e-08   -1.454920e-10
   27   56    1.616266e-08   -4.724739e-10
   27   57    8.697401e-07   -1.122022e-08
   27   58    6.296718e-08   -2.494035e-09
   27   59    1.911408e-07   -6.374281e-09
   27   60    1.412870e-09   -2.868679e-11
   27   61    1.030322e-11    8.805302e-15
   27   62    6.758830e-15    7.632100e-17
   27   63    3.337611e-17    1.194530e-18
   27   64    9.709052e-22    4.201414e-23
   27   65    2.664806e-24    1.789410e-25
   27   66    6.474590e-30    4.815379e-31
   28   53    2.309563e-27   -2.070838e-28
   28   54    4.772979e-22   -2.411501e-23
   28   55    1.748950e-14   -1.679457e-15
   28   56    4.120294e-10    1.012385e-12
   28   57    5.932154e-09   -1.828423e-10
   28   58    1.909080e-06    2.352596e-08
   28   59    3.609931e-06   -6.573932e-09
   28   60    5.029629e-06    7.463910e-09
   28   61    4.873374e-07    4.021239e-09
   28   62    6.151225e-07   -6.514640e-09
   28   63    2.960169e-09    1.535740e-11
   28   64    7.473938e-09   -7.075110e-10
   28   65    2.412532e-12   -2.065726e-13
   28   66    1.009151e-14   -4.623965e-16
   28   67    2.466377e-19   -9.284620e-21
   28   68    2.907846e-22   -2.550929e-24
   28   69    1.328428e-28   -9.454158e-32
   29   57    2.216192e-19   -2.599543e-21
   29   58    1.496227e-14   -6.967972e-16
   29   59    2.283296e-10   -7.124894e-13
   29   60    2.281009e-08   -4.294523e-10
   29   61    2.436409e-07   -4.064313e-09
   29   62    2.445010e-07   -1.414432e-09
   29   63    1.005237e-06   -1.013273e-08
   29   64    3.702889e-08   -5.619249e-10
   29   65    4.104498e-08   -1.626546e-09
   29   66    1.939371e-10   -6.349235e-12
   29   67    5.745825e-12   -7.711105e-14
   29   68    1.113729e-15   -6.549897e-18
   29   69    1.047206e-17    1.685049e-19
   29   70    5.291102e-23    1.254795e-24
   29   71    2.487328e-25    1.162115e-26
   30   58    9.338875e-27   -2.512861e-28
   30   59    3.166775e-20   -1.983191e-21
   30   60    5.115705e-13   -1.415102e-14
   30   61    9.663509e-10   -4.248756e-11
   30   62    1.299598e-07   -9.378053e-10
   30   63    8.491394e-08   -1.970843e-09
   30   64    3.261304e-06    3.132225e-08
   30   65    8.502810e-07   -2.410245e-09
   30   66    1.281822e-06   -1.396101e-09
   30   67    2.227213e-08    4.086024e-10
   30   68    7.964252e-08   -3.717796e-09
   30   69    6.916306e-11   -2.603239e-12
   30   70    8.809231e-12    1.456653e-14
   30   71    9.808214e-16    9.065348e-18
   30   72    1.751489e-17   -1.387754e-19
   30   73    3.066123e-22   -9.684526e-26
   30   74    1.236811e-24    2.056224e-26
   30   75    1.427339e-30    3.463649e-32
   31   61    1.827433e-24   -1.074305e-25
   31   62    2.523716e-15   -1.511650e-16
   31   63    7.630515e-13   -1.716525e-14
   31   64    4.063244e-11   -1.604567e-12
   31   65    7.505401e-09   -4.756393e-11
   31   66    5.244915e-08   -1.116983e-09
   31   67    6.072818e-07   -5.490671e-09
   31   68    4.451616e-08    7.122257e-10
   31   69    2.637935e-07   -6.711250e-09
   31   70    6.470849e-09   -6.570873e-11
   31   71    3.146507e-09   -1.832804e-10
   31   72    4.364647e-12   -2.225089e-13
   31   73    4.837585e-13   -1.609796e-14
   31   74    2.568932e-16   -6.558913e-18
   31   75    7.617034e-18    9.332672e-21
   31   76    9.872345e-23    8.419462e-25
   31   77    1.809850e-24    6.467422e-26
   31   78    1.333436e-29    5.723700e-31
   32   63    1.922202e-22   -1.457619e-23
   32   64    1.025574e-15   -4.178298e-17
   32   65    2.937005e-13   -1.807308e-14
   32   66    1.694404e-09   -4.683905e-11
   32   67    9.016315e-09   -3.905603e-10
   32   68    5.546300e-07    1.002681e-08
   32   69    1.409761e-07    1.685564e-09
   32   70    1.036984e-06    8.893717e-09
   32   71    7.132450e-08    8.216462e-10
   32   72    9.243022e-08   -7.739704e-10
   32   73    1.415852e-09    6.639924e-12
   32   74    2.287289e-08   -8.698461e-10
   32   75    7.088030e-11   -2.065264e-12
   32   76    3.481797e-12   -3.173866e-14
   32   77    1.216011e-15   -1.658805e-18
   32   78    1.987382e-17    3.257934e-19
   32   79    9.996569e-22    2.384751e-23
   32   80    3.956069e-24    1.860486e-25
   32   81    4.386910e-30    2.387835e-31
   33   65    2.674723e-26   -1.470015e-27
   33   66    1.156564e-18   -8.985210e-20
   33   67    1.609571e-15   -6.930026e-17
   33   68    5.550465e-13   -3.310539e-14
   33   69    1.652031e-10    4.579180e-13
   33   70    1.071940e-09   -4.722555e-12
   33   71    5.544638e-08   -3.956408e-10
   33   72    2.126493e-08   -8.935553e-11
   33   73    1.092205e-07   -2.357473e-10
   33   74    1.203409e-08    1.618809e-10
   33   75    4.963649e-08   -8.559147e-10
   33   76    1.813834e-09   -1.497771e-11
   33   77    1.627694e-10    5.203057e-12
   33   78    2.097227e-13    8.382838e-15
   33   79    1.675395e-14    1.264543e-15
   33   80    9.216665e-18    7.696011e-19
   33   81    2.165133e-19    2.468106e-20
   33   82    1.645954e-24    1.986075e-25
   33   83    1.002332e-26    1.475433e-27
   34   67    1.385621e-26   -1.297477e-27
   34   68    2.475434e-18   -1.584987e-19
   34   69    2.278202e-15   -1.816089e-16
   34   70    1.168358e-11   -1.312209e-13
   34   71    1.232346e-10   -3.357758e-12
   34   72    4.308978e-08    6.924359e-10
   34   73    1.423165e-08    2.052662e-10
   34   74    1.132027e-07    2.283475e-09
   34   75    6.946321e-08    7.902696e-10
   34   76    6.147968e-08    7.716602e-10
   34   77    4.640576e-09    1.140959e-10
   34   78    2.640717e-08   -4.507745e-10
   34   79    6.370612e-10   -1.867068e-12
   34   80    1.602342e-09   -2.774145e-11
   34   81    8.463269e-12   -6.119414e-14
   34   82    1.622284e-12   -1.394221e-14
   34   83    1.810947e-16   -2.108383e-19
   34   84    2.800899e-18    7.335367e-20
   34   85    8.486808e-25    2.886653e-26
   34   86    5.301712e-30    2.176713e-31
   35   70    1.922186e-21   -1.843928e-22
   35   71    3.234358e-18   -8.454918e-20
   35   72    1.958955e-15   -8.455613e-17
   35   73    3.765501e-12    3.523075e-15
   35   74    3.808243e-11   -6.457669e-14
   35   75    1.533028e-09    6.659997e-12
   35   76    7.632412e-09   -1.991548e-11
   35   77    2.882291e-08    3.662554e-10
   35   78    4.360775e-09    1.319062e-10
   35   79    2.612314e-08   -6.623447e-11
   35   80    5.893555e-09    9.810681e-11
   35   81    5.211389e-09    7.120855e-12
   35   82    4.332432e-10    5.434698e-12
   35   83    9.112705e-11    2.847863e-12
   35   84    2.236872e-13    8.725031e-15
   35   85    1.114030e-14    7.050238e-16
   35   86    1.581989e-20    1.116156e-21
   35   87    6.957917e-25    5.387917e-26
   36   71    1.336777e-28   -1.502011e-29
   36   72    1.392652e-21   -6.587309e-23
   36   73    1.219239e-17   -7.744072e-19
   36   74    9.442438e-14   -1.887372e-15
   36   75    1.436639e-12   -3.684786e-14
   36   76    1.118291e-09    1.527030e-11
   36   77    1.263985e-09    3.132239e-12
   36   78    1.051495e-08    2.839553e-10
   36   79    8.963503e-09    1.822696e-10
   36   80    2.375367e-08    2.107281e-10
   36   81    7.482068e-09    1.166084e-10
   36   82    3.589485e-08   -2.980057e-10
   36   83    5.696474e-09    1.193594e-11
   36   84    3.678026e-08   -3.165113e-10
   36   85    1.088085e-09    7.877829e-12
   36   86    4.064019e-10    8.209508e-13
   36   87    7.361160e-15    6.985124e-17
   36   88    3.878663e-18    6.842683e-20
   36   89    5.292037e-24    1.336397e-25
   36   90    1.985308e-28    6.460836e-30
   37   74    1.552509e-23   -1.236197e-24
   37   75    5.504844e-20   -1.940642e-21
   37   76    3.525849e-17   -1.468965e-18
   37   77    6.964860e-14   -1.138138e-16
   37   78    3.181384e-13   -4.276257e-15
   37   79    4.358991e-11    4.899997e-13
   37   80    1.580884e-10    5.127905e-13
   37   81    2.906250e-09   -6.435396e-12
   37   82    1.792392e-09    1.746273e-11
   37   83    1.596198e-08    5.016712e-11
   37   84    4.511051e-09    1.026115e-10
   37   85    2.056363e-08    1.263272e-10
   37   86    4.942123e-09    1.357458e-10
   37   87    1.410460e-09    6.369904e-11
   37   88    2.149325e-13    1.121231e-14
   37   89    4.414083e-16    2.681673e-17
   37   90    5.794712e-21    3.924093e-22
   37   91    9.276296e-25    6.905581e-26
   38   76    1.880874e-23   -1.050828e-24
   38   77    1.304721e-19   -8.158076e-21
   38   78    1.279314e-15   -1.235685e-17
   38   79    6.940732e-15   -2.350514e-16
   38   80    6.188685e-12    7.213989e-14
   38   81    1.104493e-11   -2.072465e-14
   38   82    6.653574e-10    9.170869e-12
   38   83    6.127450e-10    1.225704e-11
   38   84    3.897473e-09    1.004486e-10
   38   85    3.309352e-09    6.804587e-11
   38   86    1.359252e-08   -1.747008e-11
   38   87    1.027568e-08   -2.602455e-11
   38   88    3.444789e-08    1.819666e-12
   38   89    2.625460e-11    2.067644e-13
   38   90    3.094288e-13    9.306352e-15
   38   91    2.436381e-17    9.103398e-19
   38   92    2.275781e-20    1.062672e-21
   38   93    1.670156e-25    9.011465e-27
   38   94    2.479555e-29    1.521416e-30
   39   78    1.309636e-26   -1.025080e-27
   39   79    2.063332e-21   -5.147384e-23
   39   80    4.094432e-20   -2.037704e-21
   39   81    4.525582e-17   -1.565373e-19
   39   82    1.379470e-15   -2.438614e-17
   39   83    4.989251e-13   -9.139459e-16
   39   84    6.518642e-13    2.819479e-15
   39   85    8.169021e-11    1.202567e-12
   39   86    1.802225e-10    2.651429e-12
   39   87    1.697225e-09   -8.051359e-12
   39   88    2.366090e-09    2.490616e-11
   39   89    1.201810e-08    1.691285e-10
   39   90    5.946845e-11    1.320095e-12
   39   91    2.213277e-12    9.237306e-14
   39   92    1.436407e-15    7.006017e-17
   39   93    9.828125e-18    5.658400e-19
   39   94    2.583016e-21    1.667853e-22
   39   95    8.926691e-25    6.348802e-26
   39   96    5.506451e-30    4.313972e-31
   40   80    4.190503e-25   -1.867140e-26
   40   81    1.143008e-23   -7.928125e-25
   40   82    4.353642e-19   -8.873894e-21
   40   83    1.387391e-17   -5.351086e-19
   40   84    9.986974e-15   -1.454032e-16
   40   85    1.269827e-14   -1.774490e-16
   40   86    6.751117e-12    1.944983e-13
   40   87    9.087721e-12    1.943606e-13
   40   88    2.085903e-10    3.500239e-12
   40   89    2.086404e-10    5.682944e-12
   40   90    4.298509e-09    3.466971e-11
   40   91    1.566167e-10    1.903665e-12
   40   92    5.402606e-10   -4.543909e-12
   40   93    2.522962e-12   -3.388073e-15
   40   94    5.527904e-13   -2.380104e-14
   40   95    7.005468e-16   -2.513320e-17
   40   96    1.182332e-17   -2.873861e-19
   40   97    9.355055e-23   -1.560276e-24
   40   98    7.877467e-27   -7.323707e-29
   41   82    2.285405e-30   -1.945736e-31
   41   83    2.128827e-26   -7.511247e-28
   41   84    5.746231e-22   -3.143616e-23
   41   85    8.114616e-21   -2.414812e-22
   41   86    3.964062e-19   -1.176365e-20
   41   87    7.619872e-16    1.046357e-17
   41   88    1.518892e-14    8.113895e-17
   41   89    1.523853e-12    4.500047e-15
   41   90    5.576182e-12    1.446521e-13
   41   91    2.468376e-10    4.633828e-12
   41   92    3.883343e-11    1.194953e-12
   41   93    4.825960e-11    1.006427e-12
   41   94    1.103305e-12    3.277228e-14
   41   95    1.675300e-13    9.636282e-15
   41   96    7.607686e-16    4.916410e-17
   41   97    3.974369e-17    3.309837e-18
   41   98    1.848309e-21    1.664524e-22
   41   99    1.727546e-24    1.669956e-25
   41  100    8.328281e-30    8.626795e-31
   42   85    1.750989e-28   -1.242869e-29
   42   86    1.212915e-23   -6.198746e-25
   42   87    1.688209e-21   -8.810353e-23
   42   88    5.781042e-18    2.313994e-20
   42   89    1.040794e-16   -1.393407e-18
   42   90    3.553649e-14    6.344364e-16
   42   91    7.024820e-14    1.597321e-15
   42   92    8.783717e-12    3.111432e-13
   42   93    2.806763e-12    1.026174e-13
   42   94    5.205813e-11    1.672563e-13
   42   95    6.871065e-12    5.544139e-14
   42   96    1.395379e-10   -1.697542e-13
   42   97    1.171673e-12    2.578122e-15
   42   98    1.015468e-11   -1.913578e-13
   42   99    2.091563e-15   -2.371124e-17
   42  100    1.394116e-16    1.894197e-18
   42  101    5.377717e-21    1.132028e-22
   42  102    9.529196e-23    4.415559e-24
   42  103    1.463146e-27    7.827837e-29
   43   88    3.157337e-28   -2.138175e-29
   43   89    1.982361e-24   -2.116537e-26
   43   90    1.577996e-22   -4.547989e-24
   43   91    2.445363e-18    6.022895e-21
   43   92    6.139964e-17    4.553182e-19
   43   93    3.315549e-14    9.774806e-16
   43   94    4.259955e-14    1.392567e-15
   43   95    1.945175e-12    2.546477e-14
   43   96    8.086907e-13    1.823261e-14
   43   97    6.366978e-12    1.185751e-13
   43   98    1.796028e-13    4.276492e-15
   43   99    4.710208e-13    5.838864e-15
   43  100    8.512011e-16    1.646026e-17
   43  101    1.877107e-16    9.248032e-18
   43  102    1.957809e-20    1.099762e-21
   43  103    2.026696e-21    1.719197e-22
   43  104    1.380711e-25    1.263907e-26
   43  105    2.349768e-27    7.456995e-28
   44   90    1.285505e-27   -3.759585e-29
   44   91    2.960978e-25   -1.518756e-26
   44   92    5.264687e-21   -4.791343e-23
   44   93    1.409055e-19   -1.282112e-21
   44   94    3.325403e-16    1.644314e-17
   44   95    3.285981e-15    7.716377e-17
   44   96    4.455962e-14    1.416636e-15
   44   97    8.150892e-14    1.982303e-15
   44   98    7.009825e-12   -1.357031e-14
   44   99    1.148414e-12    1.166103e-14
   44  100    3.916059e-11   -2.374341e-14
   44  101    4.311376e-13    3.091931e-15
   44  102    1.942947e-13    4.260800e-15
   44  103    2.753795e-16    8.003984e-18
   44  104    3.730768e-17    1.458095e-18
   44  105    1.026997e-20    4.733340e-22
   44  106    5.043839e-22    3.266541e-23
   44  107    1.521161e-26    1.090573e-27
   44  108    8.029007e-30    3.904399e-31
   45   93    1.926633e-27   -4.635615e-29
   45   94    1.127001e-24   -2.763998e-26
   45   95    1.692172e-20    5.907690e-22
   45   96    6.262743e-19    5.008346e-21
   45   97    7.183275e-17    1.396151e-18
   45   98    1.852414e-16    1.294974e-18
   45   99    1.054120e-13    4.427789e-16
   45  100    4.469448e-14    5.941279e-16
   45  101    1.626374e-12    2.197535e-14
   45  102    8.807500e-14    1.591590e-15
   45  103    6.516418e-12   -7.684772e-15
   45  104    4.632068e-14    2.690849e-16
   45  105    3.244355e-14    1.142991e-15
   45  106    3.395962e-17    1.428659e-18
   45  107    8.462418e-18    5.879314e-19
   45  108    2.462364e-21    1.875291e-22
   45  109    1.250851e-22    1.135477e-23
   45  110    9.577803e-27    9.336255e-28
   46   95    5.158091e-28   -2.229603e-29
   46   96    2.224995e-23    9.381831e-25
   46   97    1.399422e-21   -6.446858e-24
   46   98    6.489105e-19    2.015578e-20
   46   99    1.809394e-17    1.950159e-19
   46  100    1.221957e-15    3.236066e-17
   46  101    5.877831e-15    1.009201e-16
   46  102    2.852859e-13    2.421155e-15
   46  103    1.776925e-13    7.629504e-16
   46  104    2.651119e-11   -6.919607e-15
   46  105    1.089931e-12    8.541716e-15
   46  106    2.927251e-11    5.173740e-14
   46  107    1.450760e-13    9.615131e-16
   46  108    1.539425e-11   -7.434593e-14
   46  109    1.535669e-14    3.747395e-17
   46  110    4.090754e-15    5.703130e-17
   46  111    4.557994e-19    9.664573e-21
   46  112    2.623980e-20    1.068981e-21
   46  113    4.650626e-25    2.231636e-26
   46  114    5.491497e-27    3.451014e-28
   47   97    7.137335e-30    1.984055e-31
   47   98    2.363481e-27   -4.687715e-29
   47   99    7.672567e-24    1.246277e-25
   47  100    5.501159e-22   -2.639502e-24
   47  101    3.597740e-19    3.972375e-21
   47  102    5.682597e-18    9.297983e-21
   47  103    1.519526e-15    1.331575e-18
   47  104    2.463949e-15   -4.931776e-18
   47  105    5.265216e-13    2.921203e-15
   47  106    1.364011e-13    1.525646e-15
   47  107    6.303002e-12    1.939931e-14
   47  108    1.938893e-13    1.718900e-15
   47  109    4.595798e-12   -8.973665e-15
   47  110    1.757519e-14    8.831916e-17
   47  111    1.253210e-14    4.315950e-16
   47  112    1.247696e-17    5.150797e-19
   47  113    2.328115e-18    1.583294e-19
   47  114    1.943344e-22    1.454027e-23
   47  115    9.207745e-24    8.724787e-25
   47  116    9.390319e-29    9.537549e-30
   48  100    4.887439e-27    3.932648e-29
   48  101    4.132887e-25   -8.869657e-27
   48  102    1.124334e-21    2.733636e-23
   48  103    2.596568e-20    1.137065e-23
   48  104    1.561044e-17    3.566469e-19
   48  105    3.066270e-16    1.726662e-18
   48  106    8.982219e-15    1.777981e-16
   48  107    1.959263e-14    1.577359e-17
   48  108    1.187226e-12    6.262322e-15
   48  109    1.742247e-13    1.611502e-15
   48  110    2.814193e-11    4.848408e-14
   48  111    5.915539e-13    4.906244e-15
   48  112    3.448613e-11    5.105062e-14
   48  113    1.320992e-13    6.721625e-16
   48  114    1.340982e-11   -1.239868e-13
   48  115    9.517323e-15   -1.788902e-17
   48  116    1.822434e-15    4.800818e-17
   48  117    2.903870e-19    9.756222e-21
   48  118    1.184651e-20    6.742136e-22
   48  119    2.171482e-25    1.390383e-26
   48  120    2.811824e-27    2.874503e-28
   49  103    1.727009e-27    1.668024e-29
   49  104    1.628907e-25   -2.430867e-27
   49  105    4.737422e-22    3.131923e-24
   49  106    2.935074e-20   -3.185235e-22
   49  107    5.548230e-18    1.384036e-20
   49  108    2.428660e-17   -2.287243e-19
   49  109    6.248424e-15   -1.210319e-17
   49  110    4.685844e-15    1.802010e-17
   49  111    8.672173e-13    4.527837e-15
   49  112    1.249881e-13    1.307726e-15
   49  113    5.404823e-12   -6.501003e-16
   49  114    1.422256e-13    9.624573e-16
   49  115    1.930013e-13    6.089626e-15
   49  116    7.807247e-16    3.003066e-17
   49  117    3.015192e-16    2.033465e-17
   49  118    2.607343e-19    1.935305e-20
   49  119    3.368717e-20    3.383023e-21
   49  120    7.286701e-24    7.800634e-25
   49  121    3.456919e-25    4.389014e-26
   49  122    1.782630e-29    2.379801e-30
   49  123    1.190505e-30    7.091638e-33
   50  105    2.868000e-29   -9.366173e-31
   50  106    7.605552e-25    9.168822e-27
   50  107    2.226031e-23   -3.557697e-25
   50  108    1.338076e-20    2.737649e-22
   50  109    8.198209e-20   -5.051802e-22
   50  110    5.004231e-17    9.747871e-19
   50  111    3.173811e-16   -5.808059e-19
   50  112    2.279763e-14    1.701784e-16
   50  113    1.569245e-14   -6.914899e-18
   50  114    6.312246e-12    5.291892e-15
   50  115    6.119330e-13    5.379777e-15
   50  116    5.914462e-11    1.195481e-13
   50  117    9.420515e-13    7.630515e-15
   50  118    8.010987e-11    7.825655e-14
   50  119    3.649881e-13    1.398804e-15
   50  120    3.251431e-11   -2.277726e-13
   50  121    3.233435e-14    4.939106e-18
   50  122    1.072814e-13   -1.567741e-15
   50  123    4.626755e-17   -5.661731e-19
   50  124    1.535577e-15   -5.396400e-17
   50  125    2.004894e-19   -5.500286e-21
   50  126    5.149558e-21    2.572106e-23
   50  127    2.594336e-25    3.288428e-27
   50  128    1.421618e-27    6.051321e-29
   51  109    3.631185e-28    2.256300e-30
   51  110    1.412267e-25   -2.975348e-27
   51  111    5.202496e-23    2.163771e-25
   51  112    5.891273e-21   -1.024888e-22
   51  113    8.012162e-19   -7.364199e-21
   51  114    2.973583e-18   -4.886805e-20
   51  115    4.283522e-15   -4.313994e-17
   51  116    2.298280e-15    3.110598e-18
   51  117    2.786431e-13    3.556156e-15
   51  118    4.690505e-14    8.909491e-16
   51  119    1.536696e-12    1.497326e-14
   51  120    3.788255e-14    5.253441e-16
   51  121    2.268695e-12   -7.756031e-15
   51  122    1.133191e-14    4.080125e-17
   51  123    3.012959e-14   -5.079411e-17
   51  124    6.055060e-17    3.279152e-19
   51  125    1.314239e-17    4.083122e-19
   51  126    6.694366e-21    2.550410e-22
   51  127    4.096539e-22    2.643305e-23
   51  128    4.303833e-26    3.205201e-27
   51  129    9.488544e-26   -5.222857e-27
   51  130    3.532473e-30   -4.921489e-29
   51  131    6.039339e-30    5.708728e-32
   52  112    1.077744e-27   -1.909783e-29
   52  113    2.802019e-25   -9.906021e-27
   52  114    2.782168e-22   -8.929942e-24
   52  115    9.226425e-22   -2.807554e-23
   52  116    8.659249e-18    1.676311e-20
   52  117    8.050314e-18    4.162559e-20
   52  118    5.032849e-15    5.665652e-17
   52  119    1.888436e-15    2.556910e-17
   52  120    9.167587e-13    8.758298e-15
   52  121    8.801451e-14    1.160922e-15
   52  122    1.881647e-11    6.979387e-14
   52  123    3.750885e-13    3.472510e-15
   52  124    3.020024e-11    1.728375e-14
   52  125    1.747610e-13    7.720981e-16
   52  126    1.043889e-11   -9.755021e-14
   52  127    1.636356e-14   -6.220522e-17
   52  128    3.516709e-13   -7.324111e-15
   52  129    3.368278e-16   -8.958443e-18
   52  130    2.068369e-14   -8.951260e-16
   52  131    3.749736e-18   -1.333333e-19
   52  132    9.188750e-20   -2.842904e-22
   52  133    7.541079e-24    3.584871e-26
   52  134    2.894476e-26    1.139052e-27
   53  115    4.729231e-29   -2.239063e-30
   53  116    2.745067e-27   -1.263562e-28
   53  117    4.928850e-23   -6.513493e-25
   53  118    8.017155e-22   -8.792482e-24
   53  119    1.264257e-18   -7.952239e-21
   53  120    1.959654e-18    7.097471e-24
   53  121    2.357445e-15    1.979197e-17
   53  122    1.032165e-15    1.485373e-17
   53  123    2.118897e-13    3.205534e-15
   53  124    1.818581e-14    3.467545e-16
   53  125    1.586251e-12    1.082399e-14
   53  126    3.544312e-14    3.818409e-16
   53  127    1.979453e-12   -1.045295e-14
   53  128    1.020637e-14    1.756283e-17
   53  129    4.666409e-15    1.392647e-16
   53  130    5.885833e-18    2.009628e-19
   53  131    1.550311e-18    3.134479e-20
   53  132    6.794512e-22    1.841542e-23
   53  133    4.812581e-23    1.879530e-24
   53  134    1.565206e-26    1.107913e-27
   53  135    1.007143e-25   -1.777704e-27
   54  118    2.307886e-26   -5.871274e-28
   54  119    6.528183e-25   -1.732128e-26
   54  120    3.699436e-21   -2.767465e-23
   54  121    3.139459e-20   -2.263197e-22
   54  122    3.049985e-17    7.222812e-20
   54  123    6.001329e-17    2.772474e-19
   54  124    3.922668e-14    3.950502e-16
   54  125    1.390638e-14    1.989868e-16
   54  126    3.496659e-12    3.964981e-14
   54  127    3.104295e-13    4.598189e-15
   54  128    3.026984e-11    1.588612e-13
   54  129    6.881172e-13    6.389906e-15
   54  130    3.447033e-11   -3.746225e-14
   54  131    2.321873e-13    1.883620e-16
   54  132    1.221950e-11   -1.400101e-13
   54  133    3.197405e-14   -2.858385e-16
   54  134    1.458107e-12   -2.505116e-14
   54  135    5.083636e-15   -1.216371e-16
   54  136    3.942656e-13   -1.118568e-14
   54  137    1.204144e-20   -2.394224e-22
   54  138    1.147699e-26   -1.409818e-28
   55  121    2.777099e-27   -6.293546e-29
   55  122    2.422131e-25   -5.566931e-27
   55  123    1.317405e-21   -1.895529e-23
   55  124    9.311057e-21   -1.182086e-22
   55  125    2.673032e-17   -1.405374e-19
   55  126    4.329516e-17    1.542839e-19
   55  127    2.188370e-14    2.422480e-16
   55  128    6.510412e-15    1.017836e-16
   55  129    6.090839e-13    8.278729e-15
   55  130    4.418003e-14    7.321872e-16
   55  131    2.149823e-12    9.502342e-15
   55  132    3.711817e-14    2.907770e-16
   55  133    1.893651e-12   -1.533463e-14
   55  134    1.357001e-14   -1.369269e-17
   55  135    5.221087e-15    1.119319e-16
   55  136    2.226365e-17    1.516400e-19
   55  137    4.635692e-18    3.824633e-20
   55  138    3.718254e-25    6.055719e-27
   55  139    2.461295e-30    5.768471e-32
   56  122    6.357923e-30   -2.309957e-32
   56  123    1.345579e-28   -5.318120e-30
   56  124    2.130488e-24   -6.118472e-26
   56  125    3.101996e-23   -7.965197e-25
   56  126    3.065346e-19   -1.660440e-21
   56  127    1.254788e-18   -1.703117e-21
   56  128    1.301303e-15    1.454605e-17
   56  129    1.221226e-15    2.040039e-17
   56  130    6.080644e-13    1.234999e-14
   56  131    1.204967e-13    2.811213e-15
   56  132    1.890545e-11    3.162770e-13
   56  133    1.330979e-12    2.481209e-14
   56  134    1.175570e-10    1.056604e-12
   56  135    3.241763e-12    3.150669e-14
   56  136    1.908455e-10   -3.959730e-14
   56  137    3.067026e-12   -1.875736e-15
   56  138    1.540632e-10   -1.414460e-12
   56  139    1.062930e-16   -1.307571e-19
   56  140    3.106373e-21    1.821749e-23
   56  141    1.532517e-27    2.109389e-29
   57  126    8.068701e-29   -3.340847e-30
   57  127    1.067357e-24   -2.217312e-26
   57  128    1.906799e-23   -3.162223e-25
   57  129    1.676727e-19   -8.370666e-22
   57  130    1.001722e-18    1.423251e-21
   57  131    1.747743e-15    1.227984e-17
   57  132    9.171953e-16    1.136583e-17
   57  133    3.621497e-13    4.752388e-15
   57  134    9.334088e-14    1.627870e-15
   57  135    5.288493e-12    6.514788e-14
   57  136    5.628793e-13    8.798989e-15
   57  137    1.374596e-11    4.609648e-14
   57  138    8.188644e-13    5.148097e-15
   57  139    1.704628e-11   -1.205477e-13
   57  140    6.744552e-17    4.717158e-20
   57  141    7.264305e-21    5.491087e-23
   57  142    1.266437e-26    1.931070e-28
   58  128    3.525178e-27   -4.103469e-29
   58  129    2.414602e-26   -7.956976e-28
   58  130    3.982668e-22   -1.026586e-23
   58  131    3.954825e-21   -7.043661e-23
   58  132    5.329653e-18   -5.080556e-20
   58  133    1.070189e-17   -2.653148e-20
   58  134    7.897878e-15    4.184171e-17
   58  135    5.495693e-15    5.939212e-17
   58  136    7.472646e-13    9.058159e-15
   58  137    1.380795e-13    2.118765e-15
   58  138    1.510982e-11    1.099953e-13
   58  139    1.607589e-12    1.624498e-14
   58  140    7.570482e-11   -1.378536e-13
   58  141    1.226844e-15    7.000498e-18
   58  142    9.380334e-19    1.175127e-20
   58  143    7.388058e-24    1.482180e-25
   58  144    1.108122e-27    2.972114e-29
   59  131    2.855065e-28   -1.174887e-29
   59  132    1.195171e-26   -4.044003e-28
   59  133    9.252225e-23   -2.630279e-24
   59  134    1.818784e-21   -5.665932e-23
   59  135    7.363190e-18   -2.033118e-19
   59  136    1.925425e-17   -3.688871e-19
   59  137    8.610039e-15   -9.665605e-17
   59  138    5.211265e-15   -2.168805e-17
   59  139    5.849997e-13   -8.444828e-16
   59  140    2.745647e-13    1.668406e-15
   59  141    6.970947e-12    2.122394e-16
   59  142    7.956984e-16    5.888834e-18
   59  143    2.306825e-18    3.271733e-20
   59  144    4.932979e-23    1.061318e-24
   59  145    4.038168e-26    1.136649e-27
   59  146    9.206778e-30   -1.486635e-34
   60  133    7.822844e-30   -7.082581e-31
   60  134    3.284923e-25   -2.885529e-26
   60  135    8.788488e-24   -6.320107e-25
   60  136    6.785309e-20   -4.152629e-21
   60  137    4.735894e-19   -2.143753e-20
   60  138    5.597006e-16   -1.765381e-17
   60  139    1.099931e-15   -2.158055e-17
   60  140    3.997204e-13   -3.015446e-15
   60  141    3.339050e-13    1.372150e-16
   60  142    3.576781e-11    3.371785e-15
   60  143    1.335405e-14    9.732822e-17
   60  144    1.725281e-16    2.518680e-18
   60  145    2.064687e-20    4.507944e-22
   60  146    6.182146e-23    1.686952e-24
   60  147    9.521089e-28    3.294664e-29
   60  148    4.072061e-26    4.465019e-31
   61  136    3.947089e-30   -3.261185e-31
   61  137    9.155480e-26   -7.059053e-27
   61  138    3.710865e-24   -2.305252e-25
   61  139    1.241724e-20   -6.299470e-22
   61  140    1.079400e-19   -4.564976e-21
   61  141    2.404000e-16   -7.610991e-18
   61  142    1.363594e-15   -2.019983e-17
   61  143    3.189789e-13    7.513440e-16
   61  144    7.155603e-16    6.720532e-18
   61  145    2.835547e-17    2.492453e-19
   61  146    1.594210e-20    2.488447e-22
   61  147    2.480129e-22   -8.666873e-25
   61  148    2.119750e-26    7.174871e-29
   61  149    6.524410e-26    1.510387e-26
   61  150    3.666616e-30    9.831239e-31
   61  151    6.695160e-26   -4.810444e-31
   61  152    1.978780e-30   -1.304326e-35
   62  138    1.365088e-27   -1.682534e-28
   62  139    1.047577e-25   -1.046630e-26
   62  140    1.896087e-21   -1.484076e-22
   62  141    4.143247e-20   -2.298441e-21
   62  142    5.106125e-16   -1.989493e-17
   62  143    5.320451e-15   -8.814203e-17
   62  144    1.118275e-11    2.440075e-14
   62  145    7.059951e-14    6.452906e-16
   62  146    1.565793e-14    1.833787e-16
   62  147    2.463907e-17    4.309941e-19
   62  148    5.872098e-18   -2.241101e-19
   62  149    1.607864e-21   -5.676046e-23
   62  150    8.234419e-21   -7.148686e-22
   62  151    1.231166e-24   -9.695723e-26
   62  152    3.910933e-25   -2.394139e-26
   62  153    6.245413e-29   -3.342284e-30
   62  154    4.911430e-28    6.669509e-31
   63  141    3.658996e-28   -3.405796e-29
   63  142    1.984715e-25   -9.207926e-27
   63  143    3.662777e-20   -8.159873e-22
   63  144    9.444126e-18   -1.432952e-19
   63  145    7.934888e-14   -6.673851e-16
   63  146    3.139835e-15   -1.025831e-17
   63  147    4.985507e-15   -6.536069e-17
   63  148    4.941190e-17   -6.332187e-19
   63  149    7.194449e-16   -1.470322e-17
   63  150    4.070495e-19   -5.425881e-21
   63  151    7.245973e-19   -2.061915e-20
   63  152    3.999157e-22   -1.114708e-23
   63  153    9.935568e-21   -1.610258e-21
   63  154    5.796836e-24   -8.921908e-25
   63  155    8.737806e-25   -1.234052e-25
   63  156    2.073313e-28   -2.760769e-29
   63  157    9.862586e-29    1.614442e-32
   64  142    2.970661e-28   -2.561541e-29
   64  143    1.993924e-25   -1.046912e-26
   64  144    3.488140e-20   -1.223796e-21
   64  145    8.444254e-18   -1.153699e-19
   64  146    5.484110e-13   -9.145817e-16
   64  147    4.628349e-14    1.823354e-16
   64  148    8.923446e-14   -1.111688e-16
   64  149    4.656325e-15   -1.589395e-17
   64  150    4.065073e-14   -3.593512e-16
   64  151    1.845205e-16   -1.505896e-18
   64  152    1.834411e-15   -8.842324e-17
   64  153    1.208725e-17   -8.006591e-19
   64  154    1.385986e-15   -1.197489e-16
   64  155    3.075433e-18   -2.422272e-19
   64  156    8.912205e-19   -5.317228e-20
   64  157    7.502342e-22   -3.912761e-23
   64  158    1.981620e-23   -8.314159e-25
   64  159    2.303472e-27   -7.926966e-29
   64  160    5.366345e-29    4.700824e-33
   65  145    2.682867e-27   -1.334158e-28
   65  146    6.590000e-24   -1.757795e-25
   65  147    6.298265e-19   -9.053434e-21
   65  148    2.357716e-18   -2.899797e-20
   65  149    9.952847e-17   -1.251135e-18
   65  150    2.168147e-17   -3.159169e-19
   65  151    5.735801e-15   -8.842504e-17
   65  152    4.232651e-17   -6.110053e-19
   65  153    5.533643e-14   -1.061438e-15
   65  154    4.912605e-16   -6.716834e-18
   65  155    1.952000e-14   -5.658823e-16
   65  156    1.241332e-16   -2.717914e-18
   65  157    1.453416e-16   -4.472467e-19
   65  158    3.477096e-19    1.335160e-21
   65  159    4.080648e-20    5.725154e-22
   65  160    1.902808e-23    3.990215e-25
   65  161    2.629830e-25    7.472861e-27
   65  162    3.204927e-29    1.131720e-30
   65  163    2.791811e-29    3.263707e-35
   66  146    5.290267e-29   -1.930172e-30
   66  147    1.304593e-25   -3.188436e-27
   66  148    1.450299e-19   -2.945907e-21
   66  149    1.354705e-19   -1.286678e-21
   66  150    6.047734e-18    4.609216e-22
   66  151    6.299908e-17   -9.377668e-20
   66  152    1.907790e-14   -7.481422e-17
   66  153    7.170648e-15   -2.774046e-17
   66  154    4.875903e-13   -2.989738e-15
   66  155    1.981875e-14   -3.516279e-17
   66  156    1.277663e-12   -1.347646e-14
   66  157    2.754911e-14   -1.120911e-16
   66  158    9.940149e-14   -1.244022e-15
   66  159    7.518817e-16   -4.177178e-18
   66  160    2.998297e-16    2.376365e-18
   66  161    5.361530e-19    7.984043e-21
   66  162    2.941506e-20    7.345710e-22
   66  163    1.243819e-23    3.970392e-25
   66  164    1.195772e-25    4.758163e-27
   66  165    4.232605e-30    1.983283e-31
   67  149    1.856461e-27   -6.490953e-29
   67  150    4.010052e-27    3.452960e-29
   67  151    2.215622e-23    2.422595e-25
   67  152    4.522134e-22    4.145060e-24
   67  153    2.808324e-18    1.800316e-20
   67  154    1.455701e-17    9.412729e-20
   67  155    3.977087e-15    2.330094e-17
   67  156    8.290596e-17    7.771630e-19
   67  157    1.449088e-13    2.434760e-16
   67  158    6.480989e-15    4.809627e-17
   67  159    2.447901e-13   -8.700326e-16
   67  160    1.942373e-15    5.030722e-18
   67  161    2.513860e-14   -4.951562e-16
   67  162    4.295724e-17   -5.507798e-19
   67  163    3.751482e-17    1.118526e-19
   67  164    4.338326e-20    4.288418e-22
   67  165    2.926671e-21    5.478961e-23
   67  166    4.274801e-25    1.101475e-26
   67  167    1.683536e-27    5.453767e-29
   68  151    5.899272e-28   -2.316306e-30
   68  152    6.704553e-25    1.850882e-27
   68  153    2.153491e-22    1.686349e-25
   68  154    3.761466e-18   -9.304605e-21
   68  155    4.480235e-17   -1.212432e-19
   68  156    1.188020e-14   -2.739645e-17
   68  157    1.850320e-15    3.406449e-18
   68  158    8.097046e-13    2.413167e-16
   68  159    7.544459e-14    4.492992e-16
   68  160    2.416532e-12    1.393673e-15
   68  161    1.398749e-13    9.555040e-16
   68  162    6.906086e-13    1.365671e-15
   68  163    1.070853e-14    9.464140e-17
   68  164    8.160192e-15    1.838636e-16
   68  165    3.572264e-17    1.048958e-18
   68  166    6.463774e-18    2.735726e-19
   68  167    5.498495e-21    2.698059e-22
   68  168    8.163758e-23    4.625138e-24
   68  169    9.841013e-27    6.246239e-28
   68  170    2.732767e-29    5.184043e-32
   69  154    4.586727e-30   -6.035792e-32
   69  155    8.086630e-25   -1.193836e-26
   69  156    8.639748e-23   -1.284002e-24
   69  157    2.387683e-19   -3.618596e-21
   69  158    2.578175e-17   -3.591725e-19
   69  159    4.510065e-16   -1.893820e-18
   69  160    4.281426e-16    4.991390e-19
   69  161    6.861613e-14    9.342215e-17
   69  162    7.090940e-15    4.928430e-17
   69  163    3.454208e-13    3.802359e-16
   69  164    6.927226e-15    4.844231e-17
   69  165    9.666007e-14   -8.342153e-16
   69  166    7.200299e-16   -1.250182e-18
   69  167    7.265678e-16    1.061500e-17
   69  168    2.232163e-18    4.771571e-20
   69  169    1.731435e-19    5.144106e-21
   69  170    1.049565e-22    3.811932e-24
   69  171    3.751649e-24   -1.454581e-26
   69  172    3.410760e-28    9.779032e-31
   69  173    2.123745e-28    3.240522e-30
   70  155    8.947906e-30   -1.369695e-30
   70  156    7.583321e-26   -2.518505e-27
   70  157    9.876709e-24   -3.422718e-25
   70  158    1.475229e-19   -5.446949e-21
   70  159    1.168734e-18   -3.919655e-20
   70  160    1.195308e-15   -3.662034e-17
   70  161    1.465327e-15   -3.244129e-17
   70  162    2.452864e-13   -3.544980e-15
   70  163    7.780090e-14   -5.829839e-16
   70  164    3.642047e-12   -6.764184e-15
   70  165    4.310846e-13    2.001049e-15
   70  166    3.264238e-12    1.995955e-14
   70  167    1.247286e-13    1.604350e-15
   70  168    1.993516e-13    3.900440e-15
   70  169    1.832484e-15    4.815191e-17
   70  170    3.563602e-16    1.287280e-17
   70  171    8.848069e-19    3.792980e-20
   70  172    3.138809e-20    1.612986e-21
   70  173    1.425506e-23    8.279316e-25
   70  174    1.073807e-25    4.381559e-27
   70  175    7.319594e-30   -1.081670e-27
   70  176    7.319974e-30    1.011974e-32
   71  159    1.236197e-27   -6.382049e-29
   71  160    4.470213e-26   -2.098066e-27
   71  161    3.633154e-22   -1.094680e-23
   71  162    6.603860e-21   -9.916814e-23
   71  163    1.332362e-17   -1.672197e-19
   71  164    1.409337e-17   -1.023242e-19
   71  165    2.965308e-15   -1.587814e-17
   71  166    5.376700e-16    2.087626e-19
   71  167    1.947840e-13   -2.145422e-16
   71  168    1.772861e-14    9.178820e-17
   71  169    2.877542e-13    1.306252e-15
   71  170    3.281614e-15    3.635358e-17
   71  171    1.315209e-14    9.218631e-17
   71  172    6.452288e-17    8.644820e-19
   71  173    3.439957e-17   -1.163932e-19
   71  174    1.910577e-19   -2.507307e-21
   71  175    2.423250e-18   -4.461561e-20
   71  176    4.025377e-22   -4.512914e-24
   71  177    8.017420e-25   -3.547866e-27
   71  178    3.357336e-29    9.340618e-32
   71  179    9.986493e-29    4.888078e-32
   72  161    1.675827e-26   -7.740715e-28
   72  162    3.951519e-22   -1.859997e-23
   72  163    8.708699e-21   -3.857156e-22
   72  164    2.875692e-17   -1.180033e-18
   72  165    2.675066e-17   -8.932718e-19
   72  166    3.445451e-14   -9.767098e-16
   72  167    1.708237e-14   -3.463854e-16
   72  168    1.999454e-12   -2.194261e-14
   72  169    4.291284e-13   -1.599674e-15
   72  170    6.719733e-12    3.343462e-14
   72  171    4.676569e-13    5.717284e-15
   72  172    7.613724e-13    2.328495e-14
   72  173    1.539367e-14    5.765772e-16
   72  174    4.334386e-15    2.143783e-16
   72  175    1.725025e-17    9.676886e-19
   72  176    1.089910e-18    6.714080e-20
   72  177    8.930846e-22    4.122884e-23
   72  178    3.375873e-21   -5.268188e-23
   72  179    7.637862e-25   -6.396989e-27
   72  180    1.022604e-26   -1.094114e-28
   72  181    4.802965e-30    1.906807e-31
   72  182    5.526229e-30    7.773531e-35
   73  164    5.218727e-29   -3.098520e-30
   73  165    6.573668e-25   -3.646340e-26
   73  166    1.758968e-24   -6.388491e-26
   73  167    3.239430e-20   -3.886446e-22
   73  168    9.782627e-20   -3.063555e-22
   73  169    7.503909e-17   -9.376347e-20
   73  170    1.830956e-16    4.708233e-19
   73  171    5.153118e-14    2.111925e-16
   73  172    1.198801e-15    1.207609e-17
   73  173    2.392070e-13    2.129492e-15
   73  174    4.616076e-16    6.996673e-18
   73  175    5.780942e-13    7.237747e-16
   73  176    2.261152e-15    1.648703e-17
   73  177    1.250814e-14   -1.608706e-16
   73  178    1.271768e-18   -2.014470e-20
   73  179    9.366502e-14   -1.663281e-15
   73  180    6.206131e-17   -6.653317e-19
   73  181    1.042036e-18   -4.169947e-21
   73  182    8.617377e-23    2.803946e-25
   73  183    5.742543e-26    5.728690e-28
   74  165    5.070232e-30   -3.621886e-31
   74  166    6.229125e-26   -3.643606e-27
   74  167    3.836923e-24   -2.219452e-25
   74  168    1.428272e-19   -8.380623e-21
   74  169    9.449839e-19   -4.973079e-20
   74  170    1.059926e-15   -4.683473e-17
   74  171    1.485182e-15   -5.107784e-17
   74  172    3.227154e-13   -8.006980e-15
   74  173    1.698332e-13   -2.606718e-15
   74  174    3.859818e-12   -1.312996e-14
   74  175    5.725564e-13    2.397369e-15
   74  176    2.096105e-12    3.114357e-14
   74  177    5.734528e-14    1.245600e-15
   74  178    4.893287e-14    1.633166e-15
   74  179    4.854734e-16    1.946588e-17
   74  180    1.090357e-16    5.547971e-18
   74  181    3.339662e-19    1.921269e-20
   74  182    1.558474e-20    1.021953e-21
   74  183    4.382416e-24    3.167894e-25
   74  184    1.277837e-26    1.006761e-27
   74  185    1.983940e-29    2.309949e-32
   75  169    2.452253e-28   -1.806668e-29
   75  170    5.033710e-27   -3.294776e-28
   75  171    5.890875e-23   -1.482536e-24
   75  172    3.379792e-21   -5.264435e-23
   75  173    2.441351e-17   -3.826417e-19
   75  174    8.930617e-17   -1.151373e-18
   75  175    3.157586e-14   -3.442172e-16
   75  176    8.196615e-15   -3.761719e-17
   75  177    3.079265e-13   -8.365477e-16
   75  178    1.603694e-14    6.057428e-17
   75  179    1.189418e-13    6.303186e-16
   75  180    3.428298e-15    4.131097e-17
   75  181    6.417373e-15    1.451122e-16
   75  182    4.199983e-17    1.228302e-18
   75  183    1.370150e-17    5.400201e-19
   75  184    8.818689e-21    4.074105e-22
   75  185    1.445871e-22    7.645612e-24
   75  186    3.040116e-26    1.812708e-27
   75  187    9.762094e-28    3.866919e-30
   75  188    6.692764e-30    2.020642e-34
   76  172    3.329341e-25   -8.693316e-27
   76  173    4.116426e-23   -1.130612e-24
   76  174    6.185295e-19   -1.791003e-20
   76  175    1.111625e-17   -2.951970e-19
   76  176    3.232439e-15   -6.936128e-17
   76  177    6.328355e-15   -1.021566e-16
   76  178    5.681934e-13   -7.406408e-15
   76  179    1.773868e-13   -1.099511e-15
   76  180    2.924908e-12   -1.007846e-14
   76  181    2.401306e-13    8.620681e-16
   76  182    8.690605e-13    8.156122e-15
   76  183    2.809000e-14    4.557759e-16
   76  184    1.489534e-14    3.498097e-16
   76  185    4.980756e-17    1.507041e-18
   76  186    3.666582e-18    1.390740e-19
   76  187    2.676657e-21    1.197504e-22
   76  188    6.151973e-23    3.198694e-24
   76  189    1.011720e-26    5.955123e-28
   76  190    7.156088e-27    3.035557e-30
   76  191    5.966450e-30    2.304762e-34
   77  175    8.658584e-28   -3.748325e-29
   77  176    3.640921e-26   -7.711701e-28
   77  177    6.768648e-21   -9.251665e-23
   77  178    1.707620e-19   -2.363784e-21
   77  179    1.729129e-16   -2.463168e-18
   77  180    5.696047e-16   -7.201911e-18
   77  181    8.747775e-14   -9.971320e-16
   77  182    1.984502e-14   -1.003079e-16
   77  183    3.652420e-13   -1.321269e-15
   77  184    2.310950e-14    6.972807e-17
   77  185    6.542421e-14    3.917989e-16
   77  186    1.873260e-16    2.395212e-18
   77  187    1.241921e-16    2.633032e-18
   77  188    2.428818e-19    6.795663e-21
   77  189    6.453593e-20    1.963714e-21
   77  190    4.389197e-23    1.633505e-24
   77  191    2.026695e-24    8.690613e-26
   77  192    4.323766e-28    2.149011e-29
   77  193    2.674737e-26    6.318962e-31
   78  177    2.609162e-29   -1.091514e-31
   78  178    1.766335e-24   -1.372395e-26
   78  179    2.196367e-22   -2.118654e-24
   78  180    1.968300e-18   -2.469936e-20
   78  181    1.919985e-17   -2.404760e-19
   78  182    6.030869e-15   -7.613948e-17
   78  183    6.371559e-15   -6.341011e-17
   78  184    4.742180e-13   -4.753293e-15
   78  185    7.828972e-14   -2.559844e-16
   78  186    7.634800e-13   -4.957208e-16
   78  187    1.334681e-14    7.562054e-17
   78  188    6.373903e-14   -2.125281e-16
   78  189    7.063189e-16    2.443342e-18
   78  190    3.795940e-16    4.970493e-18
   78  191    1.461662e-18    2.928361e-20
   78  192    2.708343e-19    7.852887e-21
   78  193    4.118609e-22    1.476856e-23
   78  194    2.110381e-23    8.241265e-25
   78  195    1.070334e-26    4.898518e-28
   78  196    8.638331e-26    1.814639e-28
   78  197    1.219663e-29    1.403385e-31
   78  198    3.906423e-27    2.304911e-33
   78  199    1.106086e-29    1.367791e-36
   78  200    2.003280e-28    6.414651e-39
   79  180    6.192995e-30   -1.237979e-31
   79  181    4.179938e-25   -9.068816e-27
   79  182    1.572528e-22   -3.601480e-24
   79  183    3.587946e-19   -8.731514e-21
   79  184    2.207292e-18   -5.276585e-20
   79  185    1.021266e-15   -2.528672e-17
   79  186    7.208895e-16   -1.520068e-17
   79  187    4.888812e-14   -1.032123e-15
   79  188    3.787481e-15   -5.572342e-17
   79  189    1.050590e-13   -1.724136e-15
   79  190    6.368194e-15   -6.125080e-17
   79  191    2.156321e-14   -1.472055e-16
   79  192    1.721579e-16   -6.674653e-20
   79  193    4.307193e-16   -1.219615e-17
   79  194    1.607020e-18   -3.453415e-20
   79  195    6.881310e-19   -1.013621e-20
   79  196    1.220788e-21   -9.463775e-24
   79  197    6.177429e-23    6.238658e-27
   79  198    4.883544e-26    3.483033e-28
   79  199    1.983984e-27    2.127594e-30
   79  200    1.255954e-28    1.460472e-33
   79  201    5.330752e-26   -1.864188e-33
   79  202    1.755561e-28   -2.499819e-34
   80  183    9.269045e-27   -6.109732e-29
   80  184    4.950396e-22   -5.170014e-24
   80  185    1.655769e-20   -2.019820e-22
   80  186    1.497550e-16   -2.275592e-18
   80  187    4.502775e-16   -6.438326e-18
   80  188    1.816059e-13   -2.622651e-15
   80  189    1.278298e-13   -1.066581e-15
   80  190    4.993316e-12   -2.868862e-14
   80  191    9.712264e-13    1.841821e-15
   80  192    6.205023e-12    6.024881e-14
   80  193    3.563205e-13    5.785841e-15
   80  194    1.026205e-12    1.791863e-14
   80  195    2.042035e-14    4.812104e-16
   80  196    2.846804e-14    2.336045e-16
   80  197    2.604858e-16    3.505776e-18
   80  198    1.750359e-16   -2.929101e-18
   80  199    6.408399e-19   -9.159145e-21
   80  200    9.033537e-19   -4.253140e-20
   80  201    7.231901e-22   -2.979632e-23
   80  202    5.077183e-22   -3.225246e-23
   80  203    1.234242e-25   -7.102696e-27
   80  204    1.179300e-25   -1.032396e-26
   80  205    1.631875e-30   -1.294679e-31
   80  206    5.081872e-30    1.920363e-33
   81  186    3.307569e-27   -9.623735e-29
   81  187    3.486542e-22   -1.138151e-23
   81  188    1.302416e-20   -4.341048e-22
   81  189    1.071364e-16   -3.867186e-18
   81  190    7.565430e-16   -2.553531e-17
   81  191    1.140503e-13   -3.465895e-15
   81  192    8.295435e-14   -1.795947e-15
   81  193    6.015683e-13   -7.794695e-15
   81  194    2.760636e-13   -1.350573e-15
   81  195    1.941717e-12    5.653429e-15
   81  196    1.462322e-13    1.500187e-15
   81  197    1.614044e-13    4.175920e-15
   81  198    4.610281e-15    1.520995e-16
   81  199    2.274146e-15    9.764944e-17
   81  200    2.493993e-17    1.236397e-18
   81  201    3.081541e-18    1.642221e-19
   81  202    1.365790e-20    7.636880e-22
   81  203    8.609454e-22    3.279700e-24
   81  204    3.764969e-24   -7.498636e-26
   81  205    5.365383e-25   -2.334167e-26
   81  206    6.122859e-28   -2.963197e-29
   81  207    4.111700e-27    8.157346e-30
   82  188    9.318296e-26    8.640305e-28
   82  189    1.559699e-24    1.497161e-26
   82  190    9.924102e-20    5.935395e-22
   82  191    1.516440e-18    7.973415e-21
   82  192    2.997329e-15    1.241646e-17
   82  193    3.193672e-15    2.326952e-17
   82  194    1.354281e-12    9.946804e-15
   82  195    6.459321e-13    7.850224e-15
   82  196    2.810065e-11    3.374858e-13
   82  197    6.279839e-12    9.468987e-14
   82  198    8.478478e-11    8.779415e-13
   82  199    5.960471e-12    5.980357e-14
   82  200    9.143861e-11   -5.479074e-13
   82  201    4.308190e-12   -3.115426e-14
   82  202    2.232802e-11   -6.362039e-13
   82  203    7.303833e-13   -2.525512e-14
   82  204    4.250025e-12   -2.046893e-13
   82  205    8.532558e-14   -4.719419e-15
   82  206    5.113969e-13   -3.264681e-14
   82  207    1.960354e-15   -1.447544e-16
   82  208    9.256482e-15   -8.146076e-16
   82  209    2.377550e-22   -1.877536e-23
   82  210    1.997851e-29   -1.410742e-30
   83  191    6.055433e-29   -1.144907e-30
   83  192    9.824360e-26   -3.262066e-27
   83  193    1.709177e-21   -6.079419e-23
   83  194    1.267242e-19   -4.597593e-21
   83  195    7.841119e-17   -2.880074e-18
   83  196    7.237484e-16   -2.408814e-17
   83  197    3.432628e-14   -9.606547e-16
   83  198    2.691702e-14   -5.500370e-16
   83  199    6.303919e-13   -9.816068e-15
   83  200    1.776021e-13   -1.391573e-15
   83  201    7.748308e-13   -4.374658e-16
   83  202    3.974319e-14    2.064427e-16
   83  203    1.005147e-13   -3.390712e-16
   83  204    2.773973e-15    6.672231e-18
   83  205    1.224264e-15   -2.567866e-17
   83  206    1.245432e-17   -2.610616e-19
   83  207    9.765121e-18   -1.153539e-18
   83  208    2.662239e-20   -2.947885e-21
   83  209    4.188291e-22   -4.389007e-23
   83  210    4.301127e-29   -4.121817e-30
   84  195    9.097671e-30   -4.469598e-31
   84  196    5.757771e-26   -2.841284e-27
   84  197    1.931281e-25   -8.776572e-27
   84  198    8.065215e-23   -3.300051e-24
   84  199    8.228807e-23   -2.860631e-24
   84  200    9.934321e-22   -2.127182e-23
   84  201    1.377861e-21   -2.683054e-23
   84  202    1.816772e-20   -2.058866e-22
   84  203    3.430520e-21   -1.132795e-23
   84  204    6.208067e-21    2.497830e-25
   84  205    3.462092e-22    2.505450e-24
   84  206    1.654272e-22    1.469055e-24
   84  207    2.020489e-24    2.939204e-26
   84  208    5.732163e-25   -1.668640e-26
   84  209    2.325770e-27   -6.083529e-29
   84  210    1.945805e-28   -1.294231e-29
    0    1    1.099643e-11    1.125896e-13
    1    1    1.248712e-06   -1.735938e-08
    2    4    3.410471e-08   -3.436471e-10
