5.5008e-05
7.1751e-06
1.1009e+00
7.1862e+04
    1    2    3.323270e-24   -2.963160e-25
    4    8    2.248191e-29    6.172708e-30
    5   11    6.546899e-29    1.797551e-29
    6   11    2.591061e-21    4.097036e-22
    6   12    7.736613e-04   -6.489058e-15
    6   13    2.868688e-15    3.349012e-16
    6   14    1.608588e-25    3.554197e-26
    7   13    8.930334e-16    9.766581e-17
    7   14    1.435227e-19    2.268747e-20
    7   15    3.306937e-24    2.281197e-25
    8   14    2.963573e-13    5.798402e-15
    8   15    7.347614e-25    1.161823e-25
    8   16    4.583193e-02    4.857226e-17
    8   17    1.685965e-16    1.968276e-17
    8   18    1.998040e-17    2.332611e-18
    8   19    8.417471e-30    1.859666e-30
    9   17    6.517164e-17   -5.759435e-18
    9   18    1.048052e-22    1.634386e-23
    9   19    4.831448e-25    3.645271e-26
   10   18    3.322352e-27    5.250762e-29
   10   20    8.353541e-03   -2.572768e-14
   10   21    3.015564e-05   -8.184910e-14
   10   22    3.692474e-06   -9.093673e-15
   10   23    3.308611e-18    3.862635e-19
   11   21    4.505411e-14    8.950279e-16
   11   22    2.597291e-16    5.159835e-18
   11   23    1.457139e-04   -2.998876e-14
   11   24    6.098216e-15    7.119377e-16
   11   25    1.790401e-25    3.212147e-26
   12   23    1.959358e-22    2.554574e-23
   12   24    2.013354e-03    3.810884e-14
   12   25    4.441883e-04    4.278262e-15
   12   26    2.597255e-04    1.703523e-12
   12   27    3.960318e-16    4.623472e-17
   12   28    6.044655e-27    1.335568e-27
   13   25    1.507788e-15    2.995280e-17
   13   26    1.408289e-04   -1.789169e-12
   13   27    2.011964e-04   -3.944056e-16
   13   28    1.486381e-14    1.748899e-15
   13   29    2.480477e-23    3.287571e-24
   14   26    1.021442e-28    3.909466e-30
   14   27    5.547460e-12    1.102012e-13
   14   28    2.358143e-04    6.561676e-14
   14   29    6.520005e-05    8.206665e-15
   14   30    2.844539e-05    1.150876e-14
   14   31    3.245009e-15    3.788385e-16
   14   32    5.148239e-26    1.137505e-26
   15   28    7.524060e-25    2.878586e-26
   15   29    3.189433e-17    2.145649e-18
   15   30    2.314314e-07   -9.229911e-15
   15   31    2.104118e-06    7.319127e-16
   15   32    6.626540e-17    7.736228e-18
   15   33    8.485610e-19    9.906547e-20
   15   34    1.683121e-29    3.718866e-30
   16   30    1.015609e-30    6.114285e-32
   16   31    3.517570e-10   -6.773782e-16
   16   32    1.166119e-06    1.974355e-16
   16   33    2.100891e-08    3.087542e-17
   16   34    2.736454e-07    1.231607e-17
   16   35    1.557862e-17    1.818725e-18
   16   36    3.353775e-27    7.410196e-28
   17   32    4.900740e-26    9.728389e-28
   17   33    2.202503e-29    1.964563e-30
   17   34    1.944240e-18    3.863209e-20
   17   35    1.020433e-08    5.161918e-18
   17   36    1.844029e-18    2.152815e-19
   17   37    1.120296e-25    1.467249e-26
   18   35    7.637032e-26    9.911111e-27
   18   36    8.448026e-10    1.621626e-20
   18   37    1.241615e-19    1.452414e-20
   18   38    2.659022e-10    3.850526e-22
   18   39    1.741468e-20    2.033077e-21
   18   40    7.200266e-22    8.405949e-23
   19   37    1.787831e-20    3.421951e-22
   19   38    1.580148e-30    1.110085e-31
   19   39    3.745178e-12    2.163906e-21
   19   40    7.972452e-22    9.307410e-23
   19   41    6.089259e-29    9.560928e-30
   19   43    2.281450e-27    2.663478e-28
   20   40    2.851209e-14    2.459517e-24
   20   41    3.445127e-24    4.022011e-25
   20   42    4.763924e-08   -1.715692e-18
   20   43    1.463411e-08   -6.939384e-20
   20   44    7.048443e-08   -7.940934e-23
   20   45    1.118376e-17    1.305648e-18
   20   46    2.020422e-10   -3.048574e-21
   20   47    1.964471e-20    2.293422e-21
   20   48    2.292639e-09   -1.722438e-20
   20   49    3.672261e-20    4.287180e-21
   21   41    1.039368e-29    2.061863e-31
   21   43    7.648556e-18    1.519479e-19
   21   44    3.173388e-18    6.304322e-20
   21   45    6.669494e-09   -1.010940e-18
   21   46    1.079814e-17    1.260628e-18
   21   47    3.824966e-20    7.832155e-22
   21   48    4.849108e-19    9.633345e-21
   21   49    1.662852e-19    3.303459e-21
   21   50    4.591531e-30    7.269887e-31
   22   44    1.164978e-28    4.846589e-30
   22   45    5.433066e-25    1.079702e-26
   22   46    2.020422e-08   -1.127457e-18
   22   47    7.854394e-09    5.455422e-20
   22   48    1.436025e-08    1.207981e-19
   22   49    1.733388e-08    1.066534e-19
   22   50    5.602375e-08    2.833590e-19
   22   51    4.031373e-18    4.706426e-19
   22   52    5.510330e-28    8.579623e-29
   23   47    8.452952e-19    1.679282e-20
   23   48    3.921727e-19    7.791017e-21
   23   49    7.442317e-19    1.478509e-20
   23   50    1.999658e-15    1.609954e-20
   23   51    4.904040e-09   -3.843007e-19
   23   52    3.704657e-18    4.325000e-19
   23   53    4.335048e-28    9.578301e-29
   24   48    2.620541e-30    1.003036e-31
   24   49    7.950347e-30    5.692906e-31
   24   50    9.383978e-13   -1.032039e-22
   24   51    8.597072e-21    2.563340e-22
   24   52    5.579288e-08   -1.157484e-18
   24   53    1.074040e-08   -1.626816e-19
   24   54    1.369099e-07   -6.699501e-19
   24   55    1.649000e-17    1.925125e-18
   24   56    1.351405e-27    2.985934e-28
   25   51    8.904173e-24    1.768922e-25
   25   53    6.119896e-19    1.215792e-20
   25   54    1.425542e-19    2.834051e-21
   25   55    3.456011e-08   -2.827442e-18
   25   56    2.459963e-17    2.871884e-18
   25   57    7.184111e-27    1.587186e-27
   26   54    4.446329e-09   -2.717578e-19
   26   55    2.531225e-18    2.756401e-19
   26   56    1.766820e-06   -4.866967e-17
   26   57    9.986690e-07   -2.487863e-17
   26   58    5.174607e-06   -6.847584e-17
   26   59    1.208520e-15    1.410886e-16
   26   60    1.974873e-25    4.363488e-26
   27   55    9.570801e-21    1.901356e-22
   27   56    8.246464e-30    1.066986e-30
   27   57    6.073519e-18    1.206579e-19
   27   58    5.417229e-18    1.076223e-19
   27   59    2.034761e-06   -1.615593e-16
   27   60    1.388897e-15    1.621468e-16
   27   61    1.673407e-24    2.844796e-25
   28   58    6.192280e-10   -4.910578e-20
   28   59    4.747794e-19    5.017205e-20
   28   60    2.667798e-06   -1.710947e-16
   28   61    1.015184e-06   -3.918374e-18
   28   62    2.259022e-06    6.956258e-18
   28   63    1.440217e-15    1.681382e-16
   28   64    1.389652e-06   -3.011393e-17
   28   65    2.594433e-16    3.028870e-17
   28   66    3.671626e-26    8.112470e-27
   29   59    4.055116e-22    8.055958e-24
   29   61    2.901466e-18    5.764115e-20
   29   62    2.020908e-18    4.014778e-20
   29   63    8.717982e-07   -1.698931e-16
   29   64    1.455627e-15    1.699370e-16
   29   65    1.075841e-06   -1.194509e-16
   29   66    1.023506e-15    1.194892e-16
   29   67    1.210847e-22    1.424859e-23
   30   62    3.025586e-30    2.798972e-31
   30   63    1.122126e-28    2.251455e-30
   30   64    8.425447e-07   -1.042863e-16
   30   65    8.923609e-16    1.041776e-16
   30   66    1.302067e-06   -9.547417e-17
   30   67    2.837024e-07    4.281434e-18
   30   68    1.322620e-06    3.770207e-17
   30   69    4.556851e-16    5.319895e-17
   30   70    1.327706e-10   -4.875196e-21
   30   71    4.192593e-20    4.894641e-21
   30   72    1.440043e-29    3.181779e-30
   31   65    5.646921e-19    1.121829e-20
   31   66    6.680155e-28    7.908463e-29
   31   67    1.506429e-18    2.992705e-20
   31   68    3.705246e-19    7.360923e-21
   31   69    1.594879e-07   -4.873550e-17
   31   70    4.177560e-16    4.877091e-17
   31   71    1.407639e-07   -3.685292e-17
   31   72    3.156438e-16    3.684983e-17
   31   73    5.962631e-25    1.317353e-25
   32   68    6.068842e-28    7.910246e-29
   32   69    1.066449e-24    2.118632e-26
   32   70    2.286684e-07   -4.152185e-17
   32   71    3.557707e-16    4.152462e-17
   32   72    2.362112e-07   -3.047707e-17
   32   73    4.522465e-08    1.778857e-17
   32   74    1.757502e-07   -7.332658e-18
   32   75    1.714506e-16    2.001599e-17
   32   76    1.249214e-11   -4.185211e-22
   32   77    3.583826e-21    4.183937e-22
   32   78    1.335466e-30    2.950717e-31
   33   71    1.179438e-19    2.343097e-21
   33   72    6.651365e-28    9.934013e-29
   33   73    1.705294e-19    3.387774e-21
   33   74    1.740474e-20    3.457665e-22
   33   75    2.000848e-08   -2.412433e-17
   33   76    2.066627e-16    2.412683e-17
   33   77    8.672734e-24    3.498694e-25
   34   74    1.487132e-24    1.922920e-30
   34   75    1.200358e-21    2.384658e-23
   34   76    4.988957e-08   -1.284811e-17
   34   77    1.818953e-08    3.894985e-18
   34   78    7.041447e-08   -2.335124e-18
   34   79    9.668543e-17    1.128754e-17
   34   80    4.239297e-09   -3.903209e-19
   34   81    3.343200e-18    3.903019e-19
   34   82    3.172076e-12   -1.260998e-22
   34   83    1.080062e-21    1.260918e-22
   35   77    1.228722e-20    2.441006e-22
   35   78    4.438764e-21    8.818140e-23
   35   79    8.345310e-09   -1.110661e-17
   35   80    9.513824e-17    1.110691e-17
   35   81    7.274689e-09   -4.825277e-18
   35   82    4.133179e-17    4.825279e-18
   35   83    2.213229e-25    3.438176e-26
   36   79    2.660941e-24    5.286284e-26
   36   80    2.125901e-08   -9.776203e-18
   36   81    8.374030e-17    9.776207e-18
   36   82    5.111923e-08   -1.302641e-17
   36   83    1.566929e-08    4.903828e-18
   36   84    5.823898e-08    4.575897e-19
   36   85    6.565435e-17    7.664816e-18
   36   86    4.641503e-10   -7.660158e-21
   36   87    6.561018e-20    7.659659e-21
   36   88    8.601261e-30    1.900451e-30
   37   81    1.477298e-21    2.934832e-23
   37   82    2.084079e-29    3.118998e-30
   37   83    4.149070e-21    8.242633e-23
   37   84    9.727257e-22    1.932439e-23
   37   85    8.462411e-09   -7.147631e-18
   37   86    6.122503e-17    7.147714e-18
   37   87    5.853056e-11   -5.142840e-21
   37   88    4.405528e-20    5.143233e-21
   37   89    3.052624e-29    6.744782e-30
   38   84    2.620158e-24   -7.387526e-34
   38   85    1.359054e-23    2.699927e-25
   38   86    1.977583e-08   -8.670636e-18
   38   87    1.264904e-08    5.978034e-19
   38   88    3.410537e-08    6.973331e-18
   38   89    9.417843e-18    1.099486e-18
   38   90    5.038898e-26    6.221946e-27
   39   87    5.159784e-22    1.025054e-23
   39   88    3.526084e-22    7.004997e-24
   39   89    5.047083e-09   -8.598542e-19
   39   90    7.365360e-18    8.598688e-19
   39   91    1.434213e-26    3.167653e-27
   40   89    1.074708e-29    2.135055e-31
   40   90    2.223165e-09   -2.263617e-19
   40   91    5.705716e-10    7.964777e-20
   40   92    6.513631e-10    5.755026e-20
   40   93    1.936305e-10    3.004876e-20
   40   94    4.140053e-10    2.160854e-21
   40   95    4.877914e-19    5.694720e-20
   40   96    7.701181e-13   -2.441394e-23
   40   97    2.089859e-22    2.439805e-23
   41   91    1.849772e-23    3.674797e-25
   41   92    4.221074e-24    8.385680e-26
   41   93    7.196599e-14   -5.725318e-23
   41   94    4.917244e-22    5.737031e-23
   41   95    1.700230e-24    3.377820e-26
   41   96    1.243534e-25    1.595760e-26
   41   97    5.035939e-28    1.002021e-29
   42   92    3.795087e-17   -9.901566e-27
   42   93    8.490022e-26    9.903285e-27
   42   94    1.277137e-13   -3.711319e-23
   42   95    3.569934e-11   -2.672728e-20
   42   96    8.222236e-11    2.053049e-21
   42   97    2.578413e-11    6.609412e-21
   42   98    7.544014e-11    4.131974e-21
   42   99    1.196417e-19    1.396756e-20
   42  100    1.700721e-15   -2.037452e-25
   42  101    1.752288e-24    2.045709e-25
   43   95    5.622068e-28    1.116892e-29
   43   96    8.340949e-26    1.657031e-27
   43   97    1.869886e-25    3.714757e-27
   43   98    9.773140e-27    1.941556e-28
   43   99    2.728429e-13   -2.911956e-22
   43  100    2.494301e-21    2.911964e-22
   43  101    2.066904e-29    4.516562e-30
   44   96    3.532748e-26    0.000000e+00
   44   98    6.625258e-24   -2.968638e-33
   44   99    8.074130e-12   -9.629693e-21
   44  100    3.391438e-11   -4.431575e-21
   44  101    7.022779e-12    7.032115e-21
   44  102    1.441794e-14    7.024196e-21
   44  103    3.564776e-23    4.161705e-24
   44  104    5.124528e-26    1.145164e-26
   45   99    4.071857e-30    8.089241e-32
   45  100    2.557581e-27    5.080946e-29
   45  101    1.171151e-26    2.326634e-28
   45  102    7.015947e-28    1.393803e-29
   45  103    7.469186e-12   -1.137083e-20
   45  104    9.739881e-20    1.137081e-20
   45  105    1.193273e-27    2.635887e-28
   46  103    9.332103e-28    1.853936e-29
   46  104    2.116282e-11   -1.344073e-20
   46  105    4.944954e-12    4.276583e-21
   46  106    2.265111e-11   -1.336863e-21
   46  107    8.994817e-20    1.050100e-20
   46  108    2.501060e-11   -8.209370e-21
   46  109    7.031887e-20    8.209375e-21
   46  110    1.000424e-14   -2.195842e-24
   46  111    1.899711e-23    2.217817e-24
   47  105    2.012863e-27    3.998797e-29
   47  106    3.758192e-28    7.466104e-30
   47  107    4.291539e-12   -9.642280e-21
   47  108    8.259265e-20    9.642274e-21
   47  109    6.599128e-12   -1.265482e-20
   47  110    1.083970e-19    1.265478e-20
   47  111    1.570683e-27    3.469094e-28
   48  107    1.425366e-29    2.831663e-31
   48  108    3.603379e-13   -2.929515e-22
   48  109    2.509353e-21    2.929543e-22
   48  110    1.909901e-11   -1.274462e-20
   48  111    4.587530e-12    4.583299e-21
   48  112    2.054442e-11   -1.944433e-21
   48  113    8.656283e-20    1.010578e-20
   48  114    3.413728e-11   -1.078303e-20
   48  115    9.236408e-20    1.078304e-20
   48  116    2.673547e-15   -5.450228e-25
   48  117    4.669255e-24    5.451120e-25
   49  109    1.085899e-29    2.157271e-31
   49  111    6.546488e-28    1.300540e-29
   49  112    1.281217e-28    2.545292e-30
   49  113    6.099931e-12   -1.827590e-20
   49  114    1.565454e-19    1.827587e-20
   49  115    4.325790e-27    6.835873e-28
   50  112    1.518501e-24   -1.283259e-33
   50  113    2.164843e-29    4.311376e-31
   50  114    1.053078e-13   -5.983336e-23
   50  115    5.384891e-12   -6.478161e-21
   50  116    3.958575e-11   -7.487658e-21
   50  117    8.542083e-12    6.322673e-21
   50  118    4.908861e-11   -2.843963e-21
   50  119    1.176970e-11    2.567804e-21
   50  120    6.577789e-11   -5.796468e-22
   50  121    7.331214e-20    8.558825e-21
   50  122    5.075922e-13   -4.018945e-23
   50  123    3.442566e-22    4.019023e-23
   50  124    5.881526e-14   -2.540915e-24
   50  125    2.176468e-23    2.540917e-24
   51  115    1.033037e-30    2.052255e-32
   51  116    5.472700e-29    1.087218e-30
   51  117    3.924419e-28    7.796337e-30
   51  118    9.253322e-29    1.838283e-30
   51  119    6.109616e-28    1.213750e-29
   51  120    8.741605e-29    1.736626e-30
   51  121    3.464278e-12   -5.180462e-21
   51  122    4.437417e-20    5.180462e-21
   51  123    8.946882e-14   -9.313606e-23
   51  124    7.977750e-22    9.313623e-23
   51  125    4.912790e-30    1.034166e-30
   52  120    1.000424e-30    1.450344e-43
   52  121    4.185087e-30    8.314185e-32
   52  122    9.020217e-12   -7.423397e-21
   52  123    3.001272e-12    1.567557e-21
   52  124    1.532908e-11   -1.487555e-21
   52  125    5.674406e-12    7.942590e-22
   52  126    2.620158e-11   -3.661405e-22
   52  127    5.923376e-20    6.915244e-21
   52  128    5.697728e-13   -6.633187e-23
   52  129    5.681791e-22    6.633206e-23
   52  130    1.846937e-12   -9.533095e-23
   52  131    8.165728e-22    9.533077e-23
   53  123    5.984791e-29    1.188952e-30
   53  124    1.563097e-29    3.105284e-31
   53  125    1.495127e-28    2.970252e-30
   53  126    1.027826e-29    2.041901e-31
   53  127    3.615706e-12   -5.089329e-21
   53  128    4.359355e-20    5.089328e-21
   53  129    3.216714e-28    7.049086e-29
   53  130    1.967455e-29    3.936280e-31
   53  131    1.321989e-29    2.729398e-30
   54  126    1.587975e-27    0.000000e+00
   54  127    1.302589e-29    2.587751e-31
   54  128    9.378976e-12   -7.400211e-21
   54  129    4.878037e-12    1.688458e-22
   54  130    1.462158e-11    1.448400e-21
   54  131    6.636401e-12   -1.235367e-22
   54  132    4.009275e-11   -7.021212e-22
   54  133    5.660734e-20    6.608623e-21
   54  134    1.269195e-13   -9.481603e-24
   54  135    8.121688e-23    9.481663e-24
   54  136    8.091666e-12   -2.945054e-23
   54  137    2.522601e-22    2.945009e-23
   55  129    3.425417e-29    6.805008e-31
   55  130    1.137111e-29    2.259010e-31
   55  131    7.836874e-29    1.556891e-30
   55  132    5.263438e-30    1.045646e-31
   55  133    4.580889e-12   -5.426236e-21
   55  134    4.647939e-20    5.426236e-21
   55  135    2.920065e-28    6.445160e-29
   55  136    3.527317e-29    7.141930e-31
   55  137    2.501609e-29    5.488674e-30
   56  132    1.667374e-27    0.000000e+00
   56  133    8.588552e-30    1.706221e-31
   56  134    1.045219e-11   -6.242234e-21
   56  135    5.105868e-12    3.715996e-22
   56  136    3.449992e-11   -2.532485e-21
   56  137    4.228070e-11   -1.558273e-21
   56  138    3.979948e-10    4.373924e-21
   56  139    4.786065e-20    5.587490e-21
   56  140    1.083799e-29    2.394657e-30
   57  135    6.848006e-30    1.360440e-31
   57  136    1.562103e-30    3.103308e-32
   57  137    6.800019e-29    1.350907e-30
   57  138    1.308303e-28    1.239067e-29
   57  139    3.735397e-11   -4.604488e-21
   57  140    3.944055e-20    4.604486e-21
   57  141    5.007200e-29    1.106342e-29
   58  138    2.102341e-25   -1.524788e-34
   58  139    1.477988e-27    1.705049e-28
   58  140    9.289652e-11   -5.041188e-21
   58  141    4.318594e-20    5.041742e-21
   58  142    9.158812e-14   -8.662526e-24
   58  143    7.430434e-23    8.674659e-24
   59  141    7.804727e-12   -3.761649e-21
   59  142    3.222108e-20    3.761649e-21
   59  143    1.528636e-28    3.377498e-29
   60  142    1.831762e-11   -3.784726e-21
   60  143    3.281111e-12    6.866593e-22
   60  144    6.940442e-12    9.811558e-22
   60  145    1.586880e-12    7.579485e-22
   60  146    4.721180e-12    3.695171e-23
   60  147    1.132084e-20    1.321651e-21
   60  148    1.554713e-15   -3.531399e-25
   60  149    3.024937e-24    3.531462e-25
   60  150    2.527738e-21   -5.856151e-31
   60  151    5.032246e-30    5.874894e-31
   61  143    1.006633e-30    1.999799e-32
   61  147    2.380021e-28    3.102734e-29
   61  148    2.399294e-27    2.801054e-28
   62  144    3.536221e-20   -2.085361e-29
   62  145    1.786251e-28    2.085359e-29
   62  146    4.879656e-29    6.364846e-30
   62  147    7.486167e-13   -2.111293e-21
   62  148    2.697089e-12   -6.497972e-23
   62  149    4.961835e-13    1.207541e-21
   62  150    1.600679e-12   -1.559288e-22
   62  151    9.631764e-21    1.124460e-21
   62  152    2.626113e-13   -1.982430e-22
   62  153    1.698087e-21    1.982432e-22
   62  154    1.429177e-15   -7.497435e-25
   62  155    6.422114e-24    7.497495e-25
   63  151    1.722585e-13   -7.007641e-22
   63  152    6.002517e-21    7.007637e-22
   63  153    2.282013e-13   -6.763385e-22
   63  154    5.793298e-21    6.763385e-22
   63  155    1.385791e-28    3.061933e-29
   64  152    5.982799e-13   -1.065325e-21
   64  153    9.125214e-21    1.065323e-21
   64  154    7.795512e-13   -1.408359e-21
   64  155    2.575285e-13    4.641118e-22
   64  156    1.090206e-12   -6.275231e-22
   64  157    4.772724e-13    6.303257e-22
   64  158    2.906295e-12   -1.203260e-21
   64  159    1.837085e-20    2.144705e-21
   64  160    8.753711e-17   -4.339767e-26
   64  161    3.718754e-25    4.341458e-26
   65  159    3.705974e-13   -9.725949e-22
   65  160    8.330936e-21    9.725949e-22
   65  161    1.531095e-28    3.383020e-29
   66  156    1.026076e-30   -8.758115e-46
   66  158    8.864517e-14   -2.663342e-22
   66  159    2.281333e-21    2.663342e-22
   66  160    8.753711e-13   -1.624998e-21
   66  161    3.287108e-13    7.790567e-22
   66  162    1.358601e-12   -8.491350e-22
   66  163    2.448891e-13    1.268146e-21
   66  164    6.033045e-13    1.280208e-22
   66  165    2.560365e-21    2.989098e-22
   66  166    7.056552e-30    1.559147e-30
   67  165    4.844478e-13   -1.152223e-21
   67  166    9.869572e-21    1.152223e-21
   67  167    2.373735e-28    5.244775e-29
   68  164    6.710162e-13   -1.711044e-21
   68  165    1.465625e-20    1.711044e-21
   68  166    1.024531e-12   -1.447054e-21
   68  167    4.067593e-13    4.970100e-22
   68  168    1.667374e-12   -2.791274e-22
   68  169    1.052870e-20    1.229172e-21
   68  170    3.289630e-15   -1.422276e-24
   68  171    1.218298e-23    1.422301e-24
   69  169    5.321783e-13   -1.102357e-21
   69  170    9.442437e-21    1.102357e-21
   69  171    1.208343e-28    2.669748e-29
   69  172    2.297758e-29    2.682517e-30
   70  168    1.012334e-30   -8.758115e-46
   70  170    8.238787e-13   -1.564978e-21
   70  171    4.206462e-13    6.552099e-22
   70  172    1.395941e-12   -6.406587e-22
   70  173    6.939358e-13    4.266542e-22
   70  174    3.156511e-12   -3.647450e-22
   70  175    1.275017e-20    1.488518e-21
   70  176    1.591584e-15   -4.676715e-25
   70  177    4.006198e-24    4.677035e-25
   71  175    4.567651e-13   -1.006315e-21
   71  176    8.526428e-16    1.003539e-21
   71  177    2.377845e-23    2.776027e-24
   71  178    1.350044e-30    1.728166e-31
   72  176    1.193688e-12   -1.808216e-21
   72  177    3.950827e-13    8.033266e-22
   72  178    1.686108e-12   -6.537120e-22
   72  179    4.800918e-13    7.797784e-22
   72  180    2.773398e-12   -4.636372e-22
   72  181    1.150335e-20    1.342959e-21
   72  182    2.598488e-29    5.741366e-30
   73  180    3.440347e-15   -1.511065e-23
   73  181    7.185366e-13   -1.183355e-21
   73  182    1.026069e-20    1.197884e-21
   73  183    9.621390e-29    2.125849e-29
   74  180    5.385616e-14   -1.146233e-22
   74  181    9.825241e-22    1.147048e-22
   74  182    1.813956e-12   -2.042695e-21
   74  183    9.293557e-13    7.267246e-22
   74  184    2.060656e-12   -6.795200e-23
   74  185    1.185424e-20    1.383923e-21
   74  186    8.067936e-14   -2.924596e-23
   74  187    2.505117e-22    2.924599e-23
   75  185    3.076980e-13   -7.928787e-22
   75  186    6.791544e-21    7.928787e-22
   75  187    6.954820e-15   -1.145648e-23
   75  188    9.813270e-23    1.145650e-23
   75  189    1.983381e-30    4.382286e-31
   76  186    1.075725e-12   -1.890069e-21
   76  187    5.077019e-13    6.188040e-22
   76  188    1.117495e-12    1.946544e-22
   76  189    3.858779e-13    3.033779e-22
   76  190    1.474309e-12   -5.219780e-23
   76  191    7.070362e-21    8.254292e-22
   76  192    3.121115e-14   -8.718131e-24
   76  193    7.467680e-23    8.718141e-24
   77  191    3.294590e-13   -7.943338e-22
   77  192    6.804008e-21    7.943338e-22
   77  193    3.208614e-13   -4.842510e-22
   77  194    4.147939e-21    4.842510e-22
   77  195    2.456478e-29    5.427595e-30
   78  190    1.000424e-30   -3.503246e-46
   78  192    1.094214e-12   -1.870607e-21
   78  193    1.602302e-20    1.870607e-21
   78  194    1.340775e-12   -1.184685e-21
   78  195    3.996566e-13    7.597344e-22
   78  196    2.342830e-12   -5.681410e-22
   78  197    8.506499e-21    9.930911e-22
   78  198    4.390750e-15   -6.972592e-25
   78  199    5.972529e-24    6.972628e-25
   79  197    7.109613e-13   -7.798505e-22
   79  198    6.679948e-21    7.798504e-22
   79  199    3.945764e-29    8.718358e-30
   80  196    1.378135e-17   -1.675557e-26
   80  197    1.435228e-25    1.675557e-26
   80  198    2.319165e-12   -1.366735e-21
   80  199    1.055724e-12    6.556602e-22
   80  200    3.396440e-12   -1.687533e-22
   80  201    1.493170e-12    6.218110e-22
   80  202    5.447854e-12   -3.624457e-22
   80  203    5.314687e-21    6.204630e-22
   80  204    8.827272e-14   -2.956752e-24
   80  205    2.532659e-23    2.956752e-24
   81  203    3.296964e-12   -8.662790e-22
   81  204    7.420267e-21    8.662789e-22
   81  205    2.532781e-13   -2.300505e-23
   81  206    1.970539e-22    2.300505e-23
   82  204    4.899136e-12   -8.625894e-22
   82  205    9.272223e-12   -4.383330e-22
   82  206    4.705878e-11   -1.707159e-21
   82  207    6.282857e-11    1.505844e-21
   82  208    1.298627e-10    1.343290e-21
   82  209    1.361455e-21    1.589430e-22
   83  209    3.106580e-12   -4.668441e-23
   83  210    3.998826e-22    4.668429e-23
    0    1    2.783308e-17   -2.996775e-22
    1    1    1.242303e-13   -1.094363e-14
    2    4    2.068207e-08   -2.224335e-13
