2.2876e+00
4.2646e-02
1.0698e+00
3.5901e+04
    1    3    8.732955e-23   -1.738626e-28
    2    3    3.855241e-22    4.117409e-32
    3    6    3.282560e-26   -5.224562e-32
    3    7    1.035429e-27    1.743948e-28
    4    8    1.552561e-16    1.234951e-25
    4   10    1.080293e-28   -4.422979e-32
    5   10    4.361674e-24   -1.262213e-28
    5   11    7.950926e-19    1.446224e-21
    6   11    6.026109e-17   -1.604607e-21
    6   12    7.363075e-04   -1.882533e-13
    6   13    1.069310e-10   -2.285444e-16
    6   14    5.288179e-11    1.423517e-19
    7   13    4.440858e-16    3.823777e-17
    7   14    8.827087e-13    1.449447e-19
    7   15    3.268989e-10    4.186690e-17
    7   16    6.018185e-24    6.309716e-25
    7   17    1.896883e-27   -2.623415e-29
    8   14    2.925349e-16    1.163053e-16
    8   15    3.147985e-15   -7.623566e-19
    8   16    4.583086e-02    5.204170e-16
    8   17    1.476040e-09   -1.734609e-16
    8   18    1.639003e-09   -1.672047e-16
    8   19    2.858163e-18   -2.991260e-21
    8   20    1.073505e-24   -2.350714e-27
    9   17    3.797872e-20   -2.669803e-21
    9   18    1.060116e-12   -4.777324e-18
    9   19    2.448143e-12    4.220798e-20
    9   20    2.581982e-16   -6.836459e-19
    9   21    1.626918e-19   -1.156064e-21
    9   22    1.550498e-26   -1.202716e-28
   10   18    1.972027e-25   -3.490538e-27
   10   19    4.522048e-18   -7.762392e-21
   10   20    8.362606e-03    3.106196e-14
   10   21    2.631245e-05   -1.178331e-13
   10   22    3.224348e-06   -1.191873e-14
   10   23    2.882964e-12   -2.290641e-15
   10   24    3.032333e-16   -4.420400e-20
   10   25    1.860910e-25   -9.117972e-27
   11   20    2.724032e-30   -2.061033e-31
   11   21    4.277372e-13    1.108837e-15
   11   22    3.959270e-10    8.616273e-18
   11   23    1.517615e-04    1.706853e-09
   11   24    3.492104e-08   -1.871750e-14
   11   25    3.281066e-12   -1.627248e-15
   11   26    2.511360e-18   -6.937663e-20
   11   27    2.362701e-24   -2.300418e-25
   12   22    2.276707e-22   -1.743524e-24
   12   23    6.524858e-07   -1.706864e-09
   12   24    2.019971e-03    9.036435e-14
   12   25    4.404942e-04    7.550926e-16
   12   26    2.665417e-04    7.423197e-09
   12   27    2.402883e-09   -1.251047e-13
   12   28    2.444249e-13   -9.005811e-20
   12   29    4.342218e-23   -1.079953e-24
   12   30    1.120689e-29   -1.019309e-30
   13   24    1.325773e-19    3.840843e-21
   13   25    2.891715e-14   -6.633122e-17
   13   26    1.156272e-04   -7.423356e-09
   13   27    2.078908e-04    8.495006e-08
   13   28    4.075423e-07   -8.939512e-11
   13   29    7.691448e-11   -5.738499e-15
   13   30    2.584722e-16   -2.122237e-18
   13   31    1.736731e-21   -7.971730e-23
   14   25    1.391267e-30   -2.537169e-31
   14   26    2.621257e-14   -3.506090e-16
   14   27    1.195498e-05   -8.494975e-08
   14   28    2.381647e-04    8.949650e-11
   14   29    6.638984e-05    1.815717e-14
   14   30    2.898512e-05    2.977551e-11
   14   31    1.533079e-08   -4.772567e-14
   14   32    1.665371e-12    4.727344e-20
   14   33    4.796858e-20   -2.284386e-22
   14   34    2.037092e-25   -2.173864e-27
   15   28    3.523705e-18   -2.800031e-19
   15   29    1.391602e-13   -1.000797e-15
   15   30    1.510741e-07   -2.977138e-11
   15   31    2.114576e-06    5.515167e-12
   15   32    8.200438e-10   -1.314214e-17
   15   33    3.840606e-11   -4.306595e-19
   15   34    2.256530e-15   -5.379159e-18
   15   35    2.063343e-19   -1.286662e-22
   15   36    1.034160e-29    1.074839e-32
   16   29    7.008589e-29   -1.594068e-29
   16   30    5.013532e-14   -1.255941e-15
   16   31    4.771593e-10   -5.467027e-12
   16   32    1.211883e-06    3.064004e-16
   16   33    2.415348e-08    5.187586e-17
   16   34    2.772514e-07    4.746460e-15
   16   35    1.244440e-10    1.066552e-18
   16   36    1.722346e-13    4.394166e-21
   16   37    3.218273e-21   -2.191588e-25
   16   38    4.633401e-26   -1.297449e-31
   17   32    1.650208e-24   -1.652394e-25
   17   33    8.337344e-16   -9.818822e-18
   17   34    5.719101e-13   -4.728429e-15
   17   35    1.039827e-08    1.470515e-17
   17   36    1.245053e-11    1.880076e-19
   17   37    1.289912e-13    1.031308e-20
   17   38    3.891895e-18   -5.106891e-23
   17   39    1.027839e-21   -8.981942e-27
   17   40    1.037876e-26   -3.783214e-30
   18   34    9.785940e-22   -3.427124e-23
   18   35    9.118684e-17   -1.514314e-18
   18   36    8.479022e-10    5.248275e-20
   18   37    9.596027e-13    2.491779e-21
   18   38    2.695671e-10    1.702855e-20
   18   39    1.136817e-13    1.763126e-21
   18   40    4.513322e-14    6.710898e-23
   18   41    4.527796e-18   -2.012579e-23
   18   42    7.160785e-22    3.628772e-29
   18   43    7.924931e-27   -7.243736e-31
   18   44    1.556711e-30   -6.461220e-35
   19   37    3.570836e-22    2.630002e-23
   19   38    1.784416e-17   -1.768091e-20
   19   39    3.930608e-12    5.143886e-21
   19   40    6.202004e-15    9.121654e-23
   19   41    1.768818e-15    5.649876e-23
   19   42    7.761252e-18   -5.086113e-24
   19   43    5.631302e-16   -2.083083e-22
   19   44    3.415199e-19   -7.568098e-24
   19   45    1.918359e-22   -5.298189e-27
   19   46    1.526445e-26   -3.922688e-30
   19   47    2.621778e-29   -4.428607e-32
   20   38    1.147656e-28   -7.727074e-30
   20   39    3.472575e-22   -1.193594e-23
   20   40    3.053940e-14    2.293804e-23
   20   41    4.430921e-16    9.771394e-25
   20   42    4.755161e-08   -1.678297e-18
   20   43    1.461189e-08    1.406603e-17
   20   44    7.042782e-08    2.394006e-17
   20   45    7.443388e-11    9.636422e-19
   20   46    2.017451e-10    2.890514e-19
   20   47    1.290859e-13   -7.759402e-21
   20   48    2.284288e-09   -3.045017e-20
   20   49    2.141908e-15   -1.173406e-19
   20   50    2.189117e-20   -4.655108e-23
   20   51    3.234087e-28   -9.549725e-31
   21   41    5.544495e-30   -2.287089e-31
   21   42    2.467690e-23   -1.034479e-24
   21   43    6.722800e-12   -1.387341e-17
   21   44    1.352536e-11   -2.415213e-17
   21   45    6.664706e-09   -1.675860e-19
   21   46    7.093740e-11    4.974406e-19
   21   47    5.213481e-13   -3.665175e-20
   21   48    8.059335e-12   -1.496139e-18
   21   49    2.765523e-13   -2.253387e-18
   21   50    6.937157e-18   -1.962817e-21
   21   51    4.318770e-22   -1.029512e-24
   21   52    2.366145e-28   -8.737257e-31
   22   43    5.991110e-29   -3.541893e-30
   22   44    4.474077e-15    1.604499e-23
   22   45    8.059863e-14   -2.150233e-19
   22   46    2.014183e-08   -6.770837e-19
   22   47    7.854834e-09    5.460996e-17
   22   48    1.436906e-08    1.676581e-18
   22   49    1.731540e-08    2.472972e-18
   22   50    5.602783e-08    1.819665e-19
   22   51    1.457324e-11   -1.237483e-15
   22   52    3.748225e-15   -1.086146e-18
   22   53    1.568076e-20   -1.415974e-23
   22   54    7.176167e-28   -1.374256e-28
   23   45    5.709145e-30   -4.217864e-31
   23   46    3.737244e-20   -2.615962e-21
   23   47    3.606772e-12   -5.448687e-17
   23   48    3.048382e-12   -5.780389e-20
   23   49    1.865287e-11    1.461687e-20
   23   50    5.991779e-12    3.528210e-20
   23   51    4.904711e-09    1.237643e-15
   23   52    2.287890e-11   -3.004347e-15
   23   53    1.234774e-14   -3.801572e-18
   23   54    3.255400e-19   -1.931138e-22
   23   55    6.914737e-23   -3.144546e-25
   24   47    9.281703e-25   -5.964531e-26
   24   48    3.532950e-17   -1.251707e-23
   24   49    4.281804e-16   -5.021962e-21
   24   50    9.372547e-13   -6.268014e-23
   24   51    2.022966e-12   -2.432786e-20
   24   52    5.572930e-08    3.004799e-15
   24   53    1.071981e-08    3.659606e-18
   24   54    1.368970e-07   -6.213516e-19
   24   55    3.041594e-11   -4.279776e-15
   24   56    1.562499e-14   -1.304258e-18
   24   57    4.932429e-20   -6.900495e-23
   24   58    4.085941e-24   -9.283306e-27
   25   49    7.845049e-29   -3.922722e-30
   25   50    1.089199e-22   -5.882067e-24
   25   51    6.556296e-17   -6.991865e-22
   25   52    1.878106e-16   -4.079747e-23
   25   53    1.072849e-11    2.394065e-20
   25   54    1.688315e-11   -1.429977e-20
   25   55    3.443839e-08    4.279073e-15
   25   56    1.464058e-10   -4.621972e-16
   25   57    1.706414e-13   -5.603842e-17
   25   58    1.350654e-17   -1.330816e-19
   25   59    9.379151e-21   -6.027089e-23
   25   60    3.389266e-26   -5.564742e-28
   26   51    3.835569e-29   -4.627725e-30
   26   52    2.540642e-22   -2.479488e-28
   26   53    1.755653e-20   -1.016491e-24
   26   54    4.430771e-09   -2.331789e-19
   26   55    2.868384e-11    2.746012e-19
   26   56    1.766114e-06    4.239821e-16
   26   57    9.948841e-07    3.509914e-17
   26   58    5.173043e-06   -5.921523e-17
   26   59    4.738041e-09    8.523718e-17
   26   60    4.227585e-12    1.486833e-19
   26   61    4.409450e-17   -3.582256e-21
   26   62    7.294252e-21   -3.170174e-24
   26   63    2.999203e-27   -5.951621e-30
   27   54    1.543363e-27   -8.954106e-29
   27   55    1.011347e-13   -4.738313e-20
   27   56    1.579193e-15   -1.635938e-24
   27   57    2.812169e-10   -1.568540e-19
   27   58    1.153763e-10   -3.590991e-19
   27   59    2.026441e-06   -1.017600e-16
   27   60    8.900349e-09   -2.403500e-14
   27   61    2.588547e-11   -1.277625e-16
   27   62    1.130845e-14   -1.595283e-18
   27   63    1.462476e-17   -1.571933e-20
   27   64    1.685862e-23   -1.660836e-24
   27   65    1.469904e-25   -5.060603e-28
   28   56    8.220327e-20   -3.392581e-27
   28   57    1.349661e-18   -3.121941e-25
   28   58    6.164257e-10   -3.544097e-20
   28   59    1.254115e-10    2.306547e-20
   28   60    2.660322e-06    2.402620e-14
   28   61    1.012904e-06    2.320491e-16
   28   62    2.264193e-06    3.307051e-15
   28   63    7.468729e-09    1.446010e-16
   28   64    1.389245e-06    2.472966e-15
   28   65    2.642716e-10   -8.350627e-16
   28   66    2.785095e-13   -3.470449e-20
   28   67    4.007733e-18   -6.579740e-21
   28   68    7.876786e-22   -3.052742e-25
   28   69    9.866462e-29   -1.469464e-31
   29   58    1.973139e-28   -1.814091e-30
   29   59    1.546103e-17   -5.557497e-21
   29   60    3.247694e-16   -6.954091e-21
   29   61    4.414412e-11   -1.066176e-16
   29   62    6.522927e-11   -3.299556e-15
   29   63    8.595706e-07   -1.437102e-16
   29   64    9.420029e-09   -4.793276e-15
   29   65    1.071610e-06    7.701226e-16
   29   66    4.281232e-09   -4.134724e-13
   29   67    2.735025e-11   -2.757597e-18
   29   68    4.626578e-15   -4.604627e-18
   29   69    5.885717e-18   -9.661287e-22
   29   70    1.859601e-23   -6.795716e-26
   29   71    5.247618e-27   -2.043854e-29
   30   60    5.841846e-24   -1.199160e-27
   30   61    1.898176e-21   -6.234557e-25
   30   62    8.336681e-16   -7.491520e-22
   30   63    1.757482e-14   -2.273354e-19
   30   64    8.366556e-07    2.347124e-15
   30   65    5.834879e-09    9.604102e-17
   30   66    1.330260e-06    4.134917e-13
   30   67    2.507170e-07    2.705042e-17
   30   68    1.326596e-06    1.308126e-16
   30   69    7.608242e-10   -5.840118e-15
   30   70    1.390789e-10    5.556408e-14
   30   71    9.327547e-15   -7.661464e-19
   30   72    3.652414e-17   -5.833193e-24
   30   73    3.904318e-22   -4.905126e-25
   30   74    1.385645e-25   -4.310340e-29
   31   63    2.027101e-25   -1.803233e-28
   31   64    2.977122e-21   -5.594456e-25
   31   65    5.479226e-13   -1.797718e-17
   31   66    1.097638e-13   -9.600346e-20
   31   67    8.428577e-11   -8.818986e-18
   31   68    1.428107e-11   -1.029911e-16
   31   69    1.571298e-07    5.844756e-15
   31   70    2.384188e-09   -1.110613e-13
   31   71    1.405826e-07    3.958939e-17
   31   72    2.005078e-10   -8.517790e-17
   31   73    2.079767e-12   -3.441374e-18
   31   74    9.118791e-16   -5.858299e-20
   31   75    2.153663e-18   -5.051279e-22
   31   76    3.146752e-23   -3.428733e-26
   31   77    2.588756e-26   -5.886065e-29
   32   65    3.882478e-27   -3.702527e-30
   32   66    4.235590e-18   -1.512838e-23
   32   67    1.359313e-18   -3.581682e-23
   32   68    2.442731e-15   -1.403731e-24
   32   69    4.256428e-13   -9.037012e-20
   32   70    2.263964e-07    5.550198e-14
   32   71    2.264186e-09   -3.442158e-17
   32   72    2.501465e-07    9.019614e-17
   32   73    3.086480e-08    2.368574e-17
   32   74    1.758011e-07   -9.621791e-18
   32   75    3.785324e-10   -9.528969e-16
   32   76    1.380383e-11    2.468305e-16
   32   77    3.028384e-15   -2.948444e-20
   32   78    7.037223e-18   -3.918114e-23
   32   79    1.833226e-22   -2.851218e-25
   32   80    6.500149e-26   -6.512929e-29
   33   67    5.327393e-29   -2.971809e-32
   33   68    2.228649e-26   -4.323592e-30
   33   69    1.111303e-22   -3.597187e-27
   33   70    1.304911e-18   -1.212972e-23
   33   71    3.410885e-12   -4.385398e-19
   33   72    1.248949e-13   -3.748772e-20
   33   73    1.357354e-11   -5.840906e-20
   33   74    6.715089e-13   -1.017520e-20
   33   75    1.923051e-08    9.501364e-16
   33   76    7.774548e-10   -4.690670e-16
   33   77    9.588765e-12   -1.575915e-18
   33   78    1.339608e-14   -7.158491e-20
   33   79    1.102123e-16   -6.613468e-21
   33   80    4.106004e-20   -7.984221e-23
   33   81    9.909007e-23   -8.613923e-26
   33   82    7.717689e-28   -1.627005e-30
   34   70    4.748291e-26   -5.693518e-31
   34   71    3.940681e-23   -4.096161e-27
   34   72    5.514621e-17   -2.209155e-24
   34   73    4.568677e-18   -6.267954e-24
   34   74    1.179086e-15    4.136982e-21
   34   75    6.929108e-13   -2.507264e-21
   34   76    5.009201e-08    2.307367e-16
   34   77    1.763471e-08    5.726813e-18
   34   78    7.016793e-08    1.893104e-17
   34   79    5.926182e-10    9.491638e-18
   34   80    4.230745e-09    9.016639e-16
   34   81    1.290392e-11   -1.138360e-16
   34   82    3.220587e-12    5.636415e-17
   34   83    2.587366e-16   -6.675330e-21
   34   84    3.385115e-19   -5.378773e-23
   34   85    3.397553e-26   -2.882367e-29
   35   73    3.739956e-25   -5.551689e-29
   35   74    4.610050e-24   -7.301989e-29
   35   75    7.398030e-21   -3.798659e-26
   35   76    1.131858e-17   -5.863024e-24
   35   77    1.339391e-12   -1.939085e-19
   35   78    2.747451e-13   -2.095457e-17
   35   79    7.764325e-09   -8.877273e-18
   35   80    5.652205e-10   -1.540246e-14
   35   81    7.043374e-09    1.108394e-16
   35   82    2.423084e-10   -1.971979e-16
   35   83    4.395845e-12   -1.486706e-17
   35   84    7.063502e-15   -1.581747e-19
   35   85    2.666366e-17   -4.575052e-21
   35   86    3.111114e-23   -1.651087e-26
   35   87    3.799792e-28   -2.055953e-31
   36   75    1.514365e-29   -1.658100e-33
   36   76    2.330736e-23   -1.314441e-29
   36   77    2.750693e-20   -1.822771e-25
   36   78    3.919962e-17    2.098521e-21
   36   79    4.670612e-14   -1.105449e-20
   36   80    2.064014e-08    1.450070e-14
   36   81    6.039896e-10    7.986696e-18
   36   82    5.072303e-08    1.341357e-16
   36   83    1.567644e-08    1.909157e-17
   36   84    5.816443e-08    6.307153e-19
   36   85    4.744253e-10    6.433071e-18
   36   86    4.672928e-10    6.334865e-18
   36   87    5.823886e-15   -3.113582e-20
   36   88    1.466146e-18   -4.095278e-24
   36   89    1.338964e-24   -1.883769e-28
   36   90    1.455955e-29   -1.330976e-32
   37   78    2.407087e-27   -1.976019e-31
   37   79    4.447188e-23   -9.527641e-28
   37   80    1.969710e-19   -1.940846e-22
   37   81    1.975951e-13   -3.546237e-19
   37   82    1.327084e-14   -1.700007e-20
   37   83    7.203940e-13   -3.468035e-21
   37   84    9.209248e-14   -3.609595e-22
   37   85    8.113410e-09   -5.877902e-18
   37   86    3.404996e-10   -6.826548e-18
   37   87    6.765051e-11    3.285785e-19
   37   88    9.797950e-15   -2.660550e-19
   37   89    1.212654e-17   -3.917482e-22
   37   90    2.590563e-22   -4.880586e-26
   37   91    2.381260e-26   -1.210042e-29
   38   80    5.495958e-26   -2.508239e-31
   38   81    8.781164e-23   -1.949211e-27
   38   82    9.287976e-19   -1.317620e-26
   38   83    1.809389e-19   -4.519176e-26
   38   84    1.039815e-17    3.878891e-25
   38   85    3.491953e-14   -2.329358e-22
   38   86    1.920057e-08   -1.021419e-18
   38   87    1.274119e-08    2.376639e-19
   38   88    3.457007e-08    6.306921e-18
   38   89    1.807644e-11    8.326754e-19
   38   90    5.365110e-14    1.187059e-21
   38   91    3.254347e-18   -8.767889e-25
   38   92    1.425719e-21   -4.137429e-27
   38   93    8.690749e-27   -5.404038e-31
   39   82    2.403567e-30   -7.478927e-33
   39   83    9.658534e-26   -1.669611e-29
   39   84    4.075286e-26   -2.618829e-28
   39   85    1.387296e-22   -4.224182e-28
   39   86    2.010513e-19   -1.129899e-25
   39   87    9.573583e-14   -9.929804e-21
   39   88    7.073111e-14   -2.027118e-22
   39   89    5.024822e-09   -6.110234e-19
   39   90    2.210182e-11   -2.105324e-18
   39   91    2.885965e-13    6.477945e-21
   39   92    2.371056e-16   -5.097169e-22
   39   93    1.153626e-18   -8.066931e-25
   39   94    3.599674e-22   -9.222155e-27
   39   95    1.791212e-25   -8.458381e-30
   40   86    6.363687e-26   -3.176187e-32
   40   87    1.588109e-22   -8.155991e-28
   40   88    2.288743e-19   -1.068060e-27
   40   89    1.166574e-16   -1.237267e-23
   40   90    2.295520e-09    2.630326e-18
   40   91    4.944215e-10    9.266274e-20
   40   92    8.408309e-10    1.152676e-20
   40   93    3.280222e-11    8.987419e-20
   40   94    3.889102e-10   -3.696432e-20
   40   95    4.697708e-13    4.300990e-20
   40   96    5.592794e-13    6.637034e-25
   40   97    5.667546e-18    1.231225e-23
   40   98    2.248928e-22   -2.142997e-25
   40   99    1.404175e-29    4.782992e-33
   41   88    5.716030e-29   -1.969910e-33
   41   89    1.392500e-25   -1.040156e-30
   41   90    3.004341e-22   -1.699146e-28
   41   91    4.390473e-15   -1.709693e-24
   41   92    9.977264e-16   -5.286795e-23
   41   93    7.183922e-14   -4.822149e-23
   41   94    1.985646e-15    4.732584e-23
   41   95    1.832158e-16    2.511249e-21
   41   96    1.196926e-18    6.841905e-23
   41   97    3.873904e-20    2.489777e-24
   41   98    8.557182e-24    1.272347e-25
   41   99    2.164101e-27   -4.259454e-30
   42   91    6.919245e-26   -2.199639e-30
   42   92    3.749175e-17    5.451736e-23
   42   93    1.347790e-16   -6.856752e-26
   42   94    4.885616e-12   -1.217302e-21
   42   95    2.988531e-11   -1.820572e-20
   42   96    1.075848e-10   -8.282585e-21
   42   97    2.189636e-12    2.638420e-20
   42   98    7.471340e-11   -1.050483e-20
   42   99    1.407922e-14    1.007848e-20
   42  100    1.756541e-15    1.215987e-18
   42  101    5.217093e-20   -1.579134e-24
   42  102    1.272180e-22   -5.688655e-27
   42  103    2.048177e-27   -1.001394e-30
   43   93    1.935975e-23   -5.889855e-29
   43   94    6.843512e-22   -1.148128e-27
   43   95    1.161611e-17   -4.784867e-24
   43   96    1.933432e-17   -1.703585e-24
   43   97    5.924735e-16   -3.679299e-25
   43   98    3.786272e-16   -4.560637e-26
   43   99    2.712545e-13    1.500257e-21
   43  100    6.499444e-16   -2.431716e-18
   43  101    2.150029e-17   -7.379565e-22
   43  102    3.744625e-21   -2.087017e-23
   43  103    2.601166e-23   -1.537272e-26
   43  104    3.142448e-27   -7.688845e-32
   44   94    1.787626e-29   -1.700275e-34
   44   95    1.161535e-25   -5.781924e-31
   44   96    5.916390e-21    1.524773e-25
   44   97    3.164272e-18   -3.772837e-25
   44   98    7.520789e-13   -3.273536e-22
   44   99    6.936373e-12   -6.864770e-21
   44  100    4.035891e-11    1.208812e-18
   44  101    8.579723e-13    1.435565e-20
   44  102    1.202168e-13    7.402355e-22
   44  103    1.434962e-16    2.850966e-23
   44  104    1.890558e-15    4.870859e-17
   44  105    5.893970e-20    2.089619e-25
   44  106    7.970565e-23    2.096820e-29
   44  107    2.933162e-27   -3.363117e-31
   45   97    6.750807e-27   -7.560480e-32
   45   98    4.623876e-24   -6.509032e-28
   45   99    9.138288e-19   -2.136210e-26
   45  100    1.478856e-18   -5.869936e-25
   45  101    1.441457e-15   -2.615347e-24
   45  102    1.764445e-15   -3.283035e-24
   45  103    7.387683e-12   -9.702022e-21
   45  104    6.970078e-14   -9.740762e-17
   45  105    4.803919e-15   -9.558805e-22
   45  106    8.291345e-18   -8.219502e-21
   45  107    1.496967e-19   -3.381223e-24
   45  108    7.953084e-23   -1.398212e-25
   45  109    5.708727e-25   -2.107768e-28
   45  110    6.594231e-29   -6.493043e-31
   46   99    5.399804e-28   -1.243273e-32
   46  100    2.303254e-25   -2.142953e-32
   46  101    6.028354e-23   -5.854365e-29
   46  102    3.149696e-17   -1.316818e-26
   46  103    8.844588e-16   -1.921328e-23
   46  104    2.348078e-11    4.869582e-17
   46  105    2.355822e-12    1.010427e-20
   46  106    2.288408e-11    2.249670e-20
   46  107    8.812131e-14    8.972549e-21
   46  108    2.494011e-11    3.266973e-17
   46  109    2.260454e-14   -6.555685e-21
   46  110    1.200540e-14    4.485916e-17
   46  111    1.293133e-18   -2.502393e-23
   46  112    1.100051e-20   -3.496418e-27
   46  113    2.091199e-25   -6.519970e-29
   46  114    1.212231e-29   -2.380370e-33
   47  102    2.070401e-29   -7.908382e-34
   47  103    3.641030e-23   -2.731144e-28
   47  104    4.299610e-21   -3.062948e-26
   47  105    1.208509e-16   -1.264919e-24
   47  106    9.519100e-16   -1.977247e-20
   47  107    4.123971e-12   -7.936674e-21
   47  108    1.571921e-13   -6.423707e-17
   47  109    6.562534e-12    3.270442e-21
   47  110    3.733182e-14   -8.957318e-17
   47  111    2.541496e-15    1.099562e-23
   47  112    4.597462e-18   -8.856159e-24
   47  113    6.633015e-20   -9.317631e-26
   47  114    9.464646e-24   -6.077588e-26
   47  115    3.521705e-26   -8.553118e-31
   48  104    1.128886e-28   -9.640063e-34
   48  105    3.226947e-25   -2.865312e-30
   48  106    4.567585e-20    1.954034e-22
   48  107    3.449791e-18   -4.365859e-24
   48  108    3.446070e-13    3.156760e-17
   48  109    1.791673e-14    1.897636e-22
   48  110    2.296324e-11    4.471173e-17
   48  111    5.831070e-13    1.243545e-20
   48  112    2.076169e-11    4.218561e-20
   48  113    5.958966e-14    8.644217e-21
   48  114    3.398236e-11    7.618852e-17
   48  115    2.155966e-14    5.821340e-21
   48  116    3.075582e-15    2.350175e-19
   48  117    4.465507e-19   -9.385782e-25
   48  118    3.629255e-21   -3.530765e-26
   48  119    6.928197e-26   -1.235541e-29
   49  107    4.218705e-27   -6.416305e-32
   49  108    1.146888e-24   -9.747945e-30
   49  109    2.362884e-20   -4.626680e-26
   49  110    2.276423e-20   -3.819176e-26
   49  111    1.074536e-15   -1.341295e-22
   49  112    1.519121e-15   -7.200122e-20
   49  113    5.883649e-12   -1.501575e-20
   49  114    1.853375e-13   -1.520001e-16
   49  115    2.234579e-14    3.942639e-21
   49  116    1.120935e-16   -4.699089e-19
   49  117    3.770592e-18   -4.123916e-23
   49  118    4.060958e-21   -2.396820e-23
   49  119    4.199186e-23   -8.598761e-27
   49  120    1.077870e-26   -1.034176e-28
   49  121    1.770690e-29   -2.265871e-32
   50  110    3.652161e-27   -7.299690e-33
   50  111    2.307731e-24   -3.221423e-29
   50  112    1.074760e-18    2.200277e-20
   50  113    8.636323e-18   -4.314943e-26
   50  114    1.476213e-12    7.581608e-17
   50  115    3.623516e-12   -3.031751e-21
   50  116    4.702221e-11    2.244766e-19
   50  117    1.309867e-12    1.326966e-20
   50  118    6.098519e-11   -9.964088e-21
   50  119    1.773417e-13    1.232109e-20
   50  120    6.561856e-11    1.244246e-20
   50  121    4.861051e-14   -7.495737e-21
   50  122    5.047040e-13    2.758426e-21
   50  123    1.369882e-16    3.379200e-23
   50  124    5.725942e-14   -7.476508e-25
   50  125    4.743394e-18    1.949498e-24
   50  126    1.246900e-20    3.701295e-28
   50  127    3.178075e-25   -1.045409e-30
   50  128    1.163182e-28    1.084585e-35
   51  113    7.328258e-28   -5.413197e-32
   51  114    1.254476e-25   -1.770962e-29
   51  115    4.051523e-20   -6.219773e-25
   51  116    1.094395e-19   -3.412917e-24
   51  117    2.210379e-18   -6.487761e-24
   51  118    1.373959e-18   -1.880291e-22
   51  119    5.761813e-15   -1.250730e-21
   51  120    6.330807e-16   -1.972420e-20
   51  121    3.434913e-12    1.039341e-20
   51  122    2.209665e-14   -1.161495e-21
   51  123    9.009052e-14   -1.142799e-23
   51  124    2.367901e-16    7.755657e-23
   51  125    5.642745e-18    4.294650e-25
   51  126    3.773276e-21    2.416100e-27
   51  127    2.026715e-23    1.693170e-30
   51  128    2.700127e-27    1.138051e-33
   51  129    2.391218e-28   -4.473626e-34
   51  130    1.929235e-30   -2.406267e-35
   52  116    8.572245e-28   -2.826845e-33
   52  117    1.668078e-27   -1.326248e-32
   52  118    6.569466e-22   -3.848007e-29
   52  119    5.829988e-21   -3.006169e-27
   52  120    7.660513e-16    1.037736e-22
   52  121    8.834478e-16   -1.934497e-23
   52  122    1.171410e-11   -5.485615e-21
   52  123    2.285904e-13    7.819874e-21
   52  124    2.105438e-11   -8.201570e-21
   52  125    9.654990e-14    8.536529e-21
   52  126    2.610581e-11   -5.744517e-21
   52  127    3.330876e-14   -2.336427e-20
   52  128    6.241663e-13    5.115384e-19
   52  129    8.487618e-16   -5.940433e-21
   52  130    1.783600e-12   -7.747043e-23
   52  131    2.229448e-16   -4.314810e-21
   52  132    6.001845e-19   -4.747793e-26
   52  133    2.690052e-23   -1.051046e-27
   52  134    9.213317e-27    4.879173e-34
   53  119    5.617512e-30   -1.448994e-34
   53  120    4.380203e-28   -2.668729e-33
   53  121    9.612141e-23   -3.727142e-28
   53  122    5.647796e-22   -7.665539e-26
   53  123    1.342601e-18   -8.354305e-25
   53  124    1.092575e-18   -9.110355e-26
   53  125    8.287137e-15   -6.613512e-23
   53  126    1.142421e-15   -2.949478e-23
   53  127    3.579298e-12    2.491580e-20
   53  128    2.594921e-14   -9.833724e-19
   53  129    9.906649e-16    6.037740e-21
   53  130    1.636139e-18   -1.595401e-24
   53  131    1.786651e-19    4.393538e-21
   53  132    1.904373e-23    6.402752e-26
   53  133    1.035837e-25    1.060207e-27
   53  134    3.260941e-29   -2.966789e-34
   53  135    5.533754e-28   -6.902362e-34
   54  122    1.040944e-29   -4.252391e-36
   54  123    2.383918e-26   -9.422385e-32
   54  124    9.211769e-21    1.030868e-27
   54  125    7.643539e-20   -3.741166e-26
   54  126    3.002677e-15    1.077765e-23
   54  127    3.433725e-15   -3.648158e-23
   54  128    1.380433e-11    4.668365e-19
   54  129    3.722575e-13    8.790252e-21
   54  130    2.147016e-11   -6.638593e-21
   54  131    1.153036e-13    7.735267e-21
   54  132    3.979037e-11   -5.397806e-21
   54  133    5.197059e-14    2.191539e-21
   54  134    3.380153e-13   -6.783648e-24
   54  135    1.078528e-14   -9.669928e-21
   54  136    7.866728e-12   -2.361504e-23
   54  137    4.663641e-20    1.829614e-23
   54  138    2.363254e-26    4.085455e-31
   55  125    8.572127e-29   -9.049774e-34
   55  126    1.039024e-26   -3.121405e-30
   55  127    4.610523e-22   -6.076403e-28
   55  128    1.886950e-21   -2.535559e-25
   55  129    6.564061e-18   -1.706249e-24
   55  130    6.921689e-18   -1.169300e-22
   55  131    1.686859e-14   -6.274125e-22
   55  132    2.148677e-15   -8.753523e-23
   55  133    4.518977e-12   -1.218753e-21
   55  134    4.150602e-14    4.547379e-21
   55  135    1.372674e-15    9.740346e-21
   55  136    4.546914e-18    5.034684e-25
   55  137    2.787350e-20    6.021732e-24
   55  138    1.105900e-27    4.326035e-31
   56  128    4.446808e-26   -6.358457e-33
   56  129    1.412308e-24   -5.207232e-30
   56  130    1.506587e-19    1.870342e-24
   56  131    6.085755e-19   -1.991921e-26
   56  132    7.987741e-15   -6.221293e-24
   56  133    6.353568e-15   -3.852622e-24
   56  134    1.505886e-11   -7.604821e-21
   56  135    5.481294e-13    7.109654e-21
   56  136    7.434940e-11   -1.228181e-20
   56  137    4.345764e-12    1.453877e-20
   56  138    3.960169e-10   -3.859832e-21
   56  139    1.564110e-16    3.808662e-21
   56  140    2.772702e-21    6.636816e-27
   56  141    7.006551e-28    3.865236e-32
   57  131    6.037894e-28   -5.041868e-33
   57  132    4.876126e-26   -8.377007e-32
   57  133    1.384140e-21   -2.908804e-27
   57  134    5.982993e-21   -4.570244e-25
   57  135    2.915910e-17   -1.236218e-23
   57  136    5.198437e-17   -2.596485e-21
   57  137    7.872655e-14   -9.807398e-23
   57  138    9.289864e-14   -2.529997e-24
   57  139    3.718209e-11   -2.774991e-21
   57  140    1.698507e-16    3.920327e-21
   57  141    1.390444e-20    1.236818e-26
   57  142    3.985332e-26    2.343774e-30
   58  133    1.193208e-30   -6.069560e-36
   58  134    4.642607e-25   -5.156041e-32
   58  135    9.253781e-24   -4.332420e-30
   58  136    3.088780e-19    6.744299e-25
   58  137    1.380016e-18   -1.249063e-24
   58  138    1.703980e-14   -3.986770e-24
   58  139    6.020985e-14    5.911787e-22
   58  140    9.347200e-11    4.941564e-19
   58  141    1.502095e-15    4.298344e-21
   58  142    1.217193e-18    4.352671e-25
   58  143    9.959374e-24    9.535586e-29
   58  144    1.441091e-25    1.365072e-33
   58  146    1.020150e-28    2.869859e-42
   59  136    2.832656e-26   -1.065614e-30
   59  137    2.107757e-21   -1.352858e-26
   59  138    1.915719e-20   -6.509196e-24
   59  139    4.136937e-16   -7.705007e-22
   59  140    3.422631e-15   -4.983923e-19
   59  141    7.800850e-12    4.208346e-21
   59  142    1.352499e-15    2.646163e-21
   59  143    3.236264e-18    1.149485e-24
   59  144    1.786835e-22   -3.029537e-27
   59  145    2.526200e-24   -3.238952e-30
   59  146    7.437560e-30    1.115852e-33
   60  137    3.931624e-29   -5.034644e-34
   60  138    1.531296e-23   -2.507626e-29
   60  139    6.601193e-22   -1.096652e-26
   60  140    6.288752e-17   -6.468277e-24
   60  141    2.246534e-15   -7.415566e-21
   60  142    3.438223e-11   -4.678514e-21
   60  143    2.988143e-14    6.042446e-21
   60  144    1.509654e-12   -3.699699e-22
   60  145    2.632161e-16    3.895156e-22
   60  146    1.099767e-15   -6.454499e-26
   60  147    2.588316e-20    2.604905e-25
   60  148    4.398922e-20    4.106907e-30
   60  149    2.995406e-25    7.102097e-30
   60  150    1.361741e-24   -6.895799e-35
   60  151    2.490146e-29   -7.155080e-34
   61  140    3.516436e-27   -1.129854e-29
   61  141    1.826325e-21   -4.320195e-26
   61  142    3.857018e-19   -2.815102e-22
   61  143    2.567760e-14    1.770564e-24
   61  144    1.714527e-16    3.038538e-23
   61  145    6.574396e-15    3.609456e-23
   61  146    1.037980e-17    1.282056e-23
   61  147    2.969004e-16   -5.479505e-25
   61  148    6.923258e-20    5.395684e-25
   61  149    4.874891e-20   -7.391923e-27
   61  150    3.670778e-24    5.934198e-29
   61  151    1.658093e-25   -2.027755e-32
   61  152    1.768413e-29   -1.952797e-33
   62  141    2.976041e-28   -1.437808e-32
   62  142    1.379200e-21   -9.376999e-27
   62  143    7.664876e-19   -4.316032e-23
   62  144    4.730073e-13   -2.237869e-22
   62  145    4.729275e-14    1.371390e-22
   62  146    1.980700e-12   -1.706872e-21
   62  147    1.366057e-14    1.376014e-21
   62  148    1.285747e-12   -8.419358e-22
   62  149    6.555212e-16    1.089276e-21
   62  150    2.817255e-13   -1.669068e-22
   62  151    6.420260e-17    1.679073e-22
   62  152    1.573598e-13   -1.010868e-22
   62  153    5.167395e-17    9.198620e-23
   62  154    3.395008e-16   -8.432110e-26
   62  155    4.833813e-20   -9.144822e-25
   62  156    3.112123e-23   -1.036966e-29
   62  157    3.876660e-28   -1.689643e-32
   63  143    6.686062e-26   -1.275175e-29
   63  144    4.037674e-22   -1.170145e-24
   63  145    7.556127e-16   -4.627916e-23
   63  146    1.673012e-16   -1.097983e-23
   63  147    3.811585e-15   -9.679782e-23
   63  148    1.759433e-16    1.472614e-23
   63  149    5.837615e-14   -4.543602e-22
   63  150    1.328387e-16    2.150207e-22
   63  151    1.042549e-13   -3.641076e-22
   63  152    1.899907e-16    3.657460e-22
   63  153    1.980594e-13   -4.967887e-22
   63  154    3.616630e-16    5.088121e-22
   63  155    1.448251e-17    2.698502e-24
   63  156    1.162138e-20    2.344470e-26
   63  157    4.379402e-23    3.782968e-32
   63  158    3.303268e-27    3.646830e-33
   64  144    3.049983e-30   -3.364340e-34
   64  145    1.218624e-25   -2.611170e-30
   64  146    3.329867e-18   -2.726904e-26
   64  147    7.092877e-18   -1.556773e-24
   64  148    1.476390e-16   -6.774796e-24
   64  149    3.044530e-16   -1.530264e-23
   64  150    5.367559e-14   -7.857626e-23
   64  151    7.552532e-16    8.450678e-23
   64  152    5.327219e-13   -8.006155e-22
   64  153    2.376220e-15    7.967329e-22
   64  154    1.485095e-12   -2.265212e-21
   64  155    8.202458e-15    2.824361e-21
   64  156    3.294131e-12   -3.987530e-21
   64  157    7.680896e-15    4.020894e-21
   64  158    6.506637e-13   -3.951760e-22
   64  159    1.836295e-16    3.264868e-22
   64  160    3.818141e-19    1.421666e-25
   64  161    1.742574e-23   -2.180107e-27
   64  162    3.237464e-27   -1.824929e-31
   65  147    2.570486e-29   -1.287895e-34
   65  148    5.811053e-27   -4.771701e-32
   65  149    6.198266e-29   -1.433766e-33
   65  150    7.200495e-25   -1.790006e-30
   65  151    1.574958e-20   -8.313590e-27
   65  152    1.769786e-21   -7.335602e-28
   65  153    4.770796e-17   -7.342504e-24
   65  154    1.964357e-18   -4.233360e-25
   65  155    8.941346e-15   -6.194431e-22
   65  156    2.788039e-16    2.221128e-23
   65  157    1.979130e-13   -3.495537e-22
   65  158    1.972245e-15    7.122826e-22
   65  159    1.611814e-13   -2.513114e-22
   65  160    2.551156e-16    3.618248e-22
   65  161    2.697875e-18    7.622616e-25
   65  162    1.312692e-21   -8.138208e-26
   65  163    1.843336e-24   -4.423870e-29
   65  164    7.322190e-29   -1.075715e-32
   66  152    7.451147e-24   -2.903788e-29
   66  153    2.339562e-22   -3.351169e-28
   66  154    4.583238e-18   -1.660206e-26
   66  155    8.853526e-19   -7.260043e-25
   66  156    3.423918e-15   -7.398334e-24
   66  157    3.717887e-16   -3.578962e-22
   66  158    2.924197e-13   -7.429769e-22
   66  159    7.908287e-15    4.591386e-21
   66  160    2.096304e-12   -3.022837e-21
   66  161    1.043577e-14    1.195404e-19
   66  162    1.073892e-12    1.264493e-20
   66  163    1.152028e-15    1.135503e-21
   66  164    1.368651e-14    1.636892e-20
   66  165    1.168891e-18    1.664275e-24
   66  166    4.778579e-22    5.701664e-28
   66  167    5.518692e-27   -3.234837e-31
   67  154    8.500421e-29   -3.822941e-33
   67  155    2.034509e-23   -2.090472e-28
   67  156    4.354511e-24   -2.435857e-29
   67  157    2.292244e-19   -8.964968e-24
   67  158    5.363740e-20   -2.136448e-24
   67  159    2.607141e-16   -3.893594e-21
   67  160    1.275894e-17   -1.949301e-22
   67  161    3.512322e-14   -1.162742e-19
   67  162    4.189081e-16   -1.389671e-20
   67  163    3.258668e-13    2.065371e-20
   67  164    1.606270e-15   -2.606771e-20
   67  165    1.211053e-13    1.154951e-20
   67  166    6.877689e-17    2.258112e-22
   67  167    2.612362e-19   -3.959883e-25
   67  168    2.564596e-23   -3.951325e-27
   67  169    1.270756e-26   -1.278178e-30
   68  155    4.792943e-29   -4.455053e-33
   68  156    5.458112e-25   -1.379740e-29
   68  157    1.345741e-24   -3.553936e-29
   68  158    5.592498e-20   -2.010468e-25
   68  159    4.099358e-20   -5.609405e-25
   68  160    1.681047e-16   -4.892320e-23
   68  161    6.645047e-17   -1.688988e-22
   68  162    5.097776e-14    1.642897e-22
   68  163    3.330703e-15   -2.152561e-20
   68  164    1.192130e-12    9.803206e-21
   68  165    1.487059e-14   -5.286327e-21
   68  166    2.446320e-12   -2.300912e-21
   68  167    5.466409e-15    1.667625e-20
   68  168    6.035706e-14   -1.049435e-23
   68  169    1.800561e-17    3.714871e-23
   68  170    2.415061e-20    1.254732e-26
   68  171    1.320896e-24    7.440998e-30
   68  172    2.456851e-28    4.917684e-34
   69  158    5.282616e-30   -6.534259e-34
   69  159    1.166111e-25   -6.291905e-30
   69  160    6.389830e-25   -3.349547e-29
   69  161    1.137349e-20   -1.858374e-25
   69  162    9.229920e-21   -2.059217e-25
   69  163    4.835867e-17   -2.195312e-22
   69  164    5.915212e-18   -1.424970e-21
   69  165    1.447263e-14   -3.767353e-21
   69  166    5.214622e-16    4.739965e-22
   69  167    3.719231e-13    3.571467e-20
   69  168    4.438279e-15    1.097625e-21
   69  169    1.406269e-13    1.709333e-22
   69  170    2.894069e-16    2.483198e-22
   69  171    2.496575e-18    7.007042e-25
   69  172    8.848704e-22    2.504048e-27
   69  173    1.210924e-24    6.186391e-31
   69  174    7.663538e-29   -6.121210e-33
   70  161    5.272541e-27   -6.185394e-31
   70  162    1.506337e-22   -3.941491e-27
   70  163    6.067512e-22   -2.705670e-26
   70  164    4.911835e-18   -3.193665e-23
   70  165    5.230508e-18   -2.603051e-22
   70  166    6.678030e-15   -9.917692e-22
   70  167    1.797609e-15   -5.057405e-20
   70  168    7.929383e-13   -1.841529e-21
   70  169    3.730157e-14    2.037563e-21
   70  170    3.963900e-12   -6.233229e-21
   70  171    3.324107e-14    1.206763e-20
   70  172    1.664245e-12   -1.328855e-21
   70  173    1.990111e-15    1.772527e-21
   70  174    8.372762e-16    2.822373e-24
   70  175    8.624742e-20    3.277024e-25
   70  176    4.084062e-23    6.537690e-29
   70  177    1.330116e-27    4.483723e-33
   70  178    1.451083e-28   -9.660920e-34
   71  164    4.789030e-27   -7.530787e-31
   71  165    6.556658e-23   -3.010194e-27
   71  166    8.242912e-23   -1.523003e-26
   71  167    1.932933e-18   -1.850820e-23
   71  168    1.430576e-18   -1.232903e-22
   71  169    2.463757e-15   -5.034636e-22
   71  170    1.710003e-16    9.468217e-22
   71  171    1.380318e-13   -5.560480e-21
   71  172    3.444875e-15    5.371210e-22
   71  173    3.054029e-13    1.288312e-20
   71  174    1.362241e-15    9.275298e-22
   71  175    6.945574e-15    2.130909e-22
   71  176    4.929469e-18    1.316297e-23
   71  177    1.250216e-20    1.317556e-26
   71  178    2.227144e-24   -2.409126e-29
   71  179    1.562338e-27    1.360977e-33
   72  165    7.092557e-30   -2.758716e-33
   72  166    1.301872e-24   -9.479648e-29
   72  167    1.249267e-23   -3.002425e-27
   72  168    2.558188e-19   -4.849012e-24
   72  169    6.702278e-19   -1.021277e-22
   72  170    1.877507e-15   -9.719987e-22
   72  171    1.091506e-15   -7.379789e-22
   72  172    3.181712e-13   -1.172161e-21
   72  173    4.028180e-14   -1.314651e-20
   72  174    3.114778e-12   -6.434079e-21
   72  175    4.528576e-14    7.168804e-21
   72  176    2.992383e-12   -3.680993e-21
   72  177    4.686538e-15    6.510424e-21
   72  178    5.956853e-15    5.992435e-22
   72  179    3.161466e-18    3.640220e-22
   72  180    2.737425e-19    1.528945e-21
   72  181    1.629711e-23    1.123005e-28
   72  182    3.273460e-27    6.967294e-33
   73  170    1.733793e-26   -1.262498e-30
   73  171    5.308662e-22   -1.120730e-26
   73  172    1.663900e-22    1.055332e-25
   73  173    9.988520e-19   -1.872749e-24
   73  174    3.563340e-20    5.093925e-22
   73  175    1.184153e-15   -1.767742e-22
   73  176    2.864671e-17    6.483044e-20
   73  177    1.848838e-14    1.022038e-20
   73  178    1.122439e-17    9.658122e-21
   73  179    6.972570e-13    4.560116e-19
   73  180    1.768232e-15    5.885906e-23
   73  181    3.141277e-15    9.289552e-23
   73  182    9.400918e-19    4.494840e-24
   73  183    8.802303e-22    1.629392e-27
   73  184    2.267970e-26    7.557598e-31
   73  185    3.409467e-29   -3.404876e-34
   74  171    2.518664e-26   -5.206850e-30
   74  172    1.443521e-21   -1.077649e-25
   74  173    1.153545e-20   -7.478957e-25
   74  174    3.430909e-17   -5.098299e-22
   74  175    5.385641e-17   -7.546186e-22
   74  176    1.974578e-14   -6.493475e-20
   74  177    3.461944e-15   -1.270584e-20
   74  178    6.471879e-13   -1.187053e-20
   74  179    3.441247e-14   -4.204920e-19
   74  180    3.133477e-12    4.284504e-20
   74  181    3.232167e-14    3.468726e-20
   74  182    1.067581e-12   -6.345431e-22
   74  183    7.501176e-16    2.202739e-21
   74  184    9.385502e-18    5.834327e-24
   74  185    1.233418e-21    5.337773e-27
   74  186    1.193828e-22    8.452950e-27
   74  187    2.877335e-27    3.579928e-32
   74  188    1.497025e-26   -7.334943e-35
   75  174    4.204953e-26   -8.632365e-30
   75  175    6.920181e-22   -5.795693e-26
   75  176    2.493302e-21   -2.317935e-25
   75  177    4.676516e-18   -1.646125e-22
   75  178    1.966929e-18   -6.958442e-23
   75  179    1.430010e-15   -3.612551e-20
   75  180    2.374574e-16   -4.006574e-20
   75  181    7.086141e-14   -2.834593e-20
   75  182    2.129954e-15    4.071471e-20
   75  183    2.428706e-13    1.339650e-20
   75  184    5.101786e-16    6.765482e-22
   75  185    1.574243e-15    8.021331e-23
   75  186    1.228697e-18    3.349768e-24
   75  187    6.758907e-20    3.665117e-27
   75  188    9.908432e-24    9.080369e-29
   75  189    3.635909e-24   -1.192470e-30
   75  190    1.295058e-28   -1.760885e-32
   75  191    4.653504e-30   -2.339348e-34
   76  176    9.566092e-27   -1.311541e-30
   76  177    1.234771e-24   -2.028751e-28
   76  178    3.862650e-20   -3.806696e-24
   76  179    1.986970e-19   -1.506226e-23
   76  180    3.492390e-16   -8.004368e-21
   76  181    2.604390e-16   -1.220506e-21
   76  182    1.081850e-13   -4.101534e-20
   76  183    2.413442e-14   -1.445628e-20
   76  184    1.852080e-12   -3.454027e-21
   76  185    2.241291e-14    8.593861e-21
   76  186    2.285478e-12   -3.272474e-21
   76  187    4.783313e-15    7.523759e-20
   76  188    2.874514e-13   -3.812967e-23
   76  189    1.194569e-16    1.086018e-20
   76  190    5.901781e-15    2.714881e-23
   76  191    9.596403e-19    2.783505e-24
   76  192    1.580908e-18    2.198093e-26
   76  193    6.245952e-23    3.603440e-28
   76  194    2.758687e-26    1.868468e-32
   77  179    1.327021e-28   -4.977669e-32
   77  180    2.554426e-25   -8.396897e-29
   77  181    1.568067e-20   -1.576948e-24
   77  182    5.872517e-20   -1.929419e-24
   77  183    6.736637e-17   -5.827464e-22
   77  184    3.613807e-17   -9.457552e-23
   77  185    8.864845e-15   -5.102190e-21
   77  186    1.374730e-16    5.785761e-22
   77  187    9.187164e-14   -7.214218e-20
   77  188    9.397794e-16    1.242809e-21
   77  189    4.098003e-13   -1.045533e-20
   77  190    1.026466e-15    1.066833e-21
   77  191    1.192989e-13    6.232631e-22
   77  192    9.643408e-17    2.448681e-22
   77  193    1.294166e-14   -1.624248e-23
   77  194    3.172702e-18    1.543542e-23
   77  195    4.759395e-21   -1.207413e-26
   77  196    2.974674e-25   -1.654493e-28
   77  197    1.188722e-28   -9.300776e-33
   78  182    3.129207e-27   -5.813564e-31
   78  183    1.003002e-24   -7.621458e-29
   78  184    5.461098e-20   -1.554131e-24
   78  185    2.029837e-19   -1.414255e-24
   78  186    1.526537e-16   -6.034867e-22
   78  187    1.953199e-17   -6.796911e-23
   78  188    3.194032e-14   -1.202651e-21
   78  189    1.720492e-15   -1.095624e-21
   78  190    6.163269e-13   -1.379195e-21
   78  191    7.157610e-15    4.500636e-21
   78  192    2.473266e-12   -3.437204e-21
   78  193    1.000381e-14    3.702795e-20
   78  194    1.763342e-12   -9.359555e-22
   78  195    1.973924e-15    2.117586e-21
   78  196    2.690953e-13    6.072719e-23
   78  197    6.220615e-17    7.133206e-23
   78  198    1.671023e-17    1.997901e-26
   78  199    1.026797e-21   -1.414062e-26
   78  200    4.595811e-25   -1.591860e-31
   78  201    1.928902e-30   -3.640486e-34
   79  185    1.735095e-30   -2.032954e-34
   79  186    1.827741e-27   -8.822355e-32
   79  187    3.307886e-22   -1.966563e-26
   79  188    3.057941e-22   -1.716288e-26
   79  189    5.211040e-18   -8.960096e-23
   79  190    2.616022e-18   -2.926617e-23
   79  191    1.520082e-15   -3.948419e-21
   79  192    6.683836e-17   -1.974698e-24
   79  193    7.190596e-14   -3.365416e-20
   79  194    1.665516e-15   -1.145212e-22
   79  195    4.350952e-13   -2.683807e-22
   79  196    3.023865e-15    6.850197e-22
   79  197    1.973270e-13    4.862129e-21
   79  198    3.388890e-16    1.417115e-22
   79  199    2.993591e-18    7.119724e-26
   79  200    8.171103e-22   -7.414729e-27
   79  201    1.405123e-24   -2.616294e-29
   79  202    1.027590e-28   -1.067941e-31
   80  188    2.086384e-25   -3.163192e-29
   80  189    4.400199e-24   -2.852936e-28
   80  190    3.267259e-20   -8.049889e-25
   80  191    6.405407e-20   -6.444762e-25
   80  192    6.037295e-17   -1.021687e-22
   80  193    3.376655e-17   -7.284276e-23
   80  194    1.380962e-14   -2.910274e-23
   80  195    1.774617e-15   -1.307210e-21
   80  196    6.221033e-13   -5.813058e-22
   80  197    3.916328e-14    2.209638e-21
   80  198    4.670363e-12   -7.792389e-22
   80  199    8.578555e-14    1.693787e-19
   80  200    5.903197e-12    8.376243e-21
   80  201    3.169161e-14    1.685507e-19
   80  202    2.405627e-12    3.851428e-21
   80  203    7.360380e-16    2.295927e-22
   80  204    2.631045e-14   -6.221620e-25
   80  205    3.719215e-19   -3.493534e-23
   80  206    3.073260e-23   -1.813988e-27
   81  191    5.287767e-26   -4.100966e-34
   81  192    6.917344e-25   -3.550648e-29
   81  193    9.121110e-22   -2.074568e-26
   81  194    5.314350e-21   -7.937111e-26
   81  195    7.539880e-18   -5.335035e-23
   81  196    9.095546e-18   -4.063567e-23
   81  197    2.293076e-15   -6.651028e-21
   81  198    9.397544e-16   -1.450363e-21
   81  199    1.509157e-13   -1.672530e-19
   81  200    3.063601e-14   -9.149899e-21
   81  201    1.487992e-12   -1.666254e-19
   81  202    1.463688e-13   -3.548220e-21
   81  203    1.598761e-12    3.888672e-20
   81  204    1.086354e-14    3.565414e-22
   81  205    1.214472e-13    2.863169e-23
   81  206    3.394555e-17   -3.972343e-21
   81  207    2.039662e-20   -2.106498e-24
   81  208    7.680712e-30    5.963013e-32
   82  195    8.705239e-27   -2.859742e-31
   82  196    6.381467e-23   -1.282042e-31
   82  197    3.804208e-22   -2.313923e-26
   82  198    5.568426e-19   -1.905755e-24
   82  199    9.032235e-19   -4.933660e-24
   82  200    9.531729e-16   -3.645860e-22
   82  201    1.387049e-15   -1.212273e-21
   82  202    2.844690e-13   -7.070971e-23
   82  203    2.475152e-13   -3.869888e-20
   82  204    1.629644e-11   -2.016036e-21
   82  205    3.838454e-12    2.998469e-21
   82  206    1.120403e-10   -8.130927e-22
   82  207    1.026167e-11    5.974092e-21
   82  208    1.109503e-10    9.820185e-23
   82  209    3.421818e-19    1.138696e-22
   82  210    2.552659e-26    1.630513e-30
   83  197    1.232394e-26   -6.506312e-31
   83  198    1.576640e-25   -7.542905e-30
   83  199    6.734785e-22   -1.229308e-26
   83  200    2.751826e-21   -3.733197e-26
   83  201    1.825403e-18   -8.737963e-24
   83  202    2.012690e-18   -9.660268e-24
   83  203    6.303133e-16   -4.416977e-22
   83  204    4.630387e-16   -3.383731e-22
   83  205    4.522173e-14   -1.048473e-21
   83  206    1.631203e-14   -8.679359e-22
   83  207    9.399598e-13   -3.005144e-22
   83  208    1.136957e-13    2.686686e-22
   83  209    1.990254e-12   -1.097670e-23
   83  210    8.873749e-20    2.577929e-23
   83  211    4.115294e-27    1.967987e-30
   84  204    3.390389e-30   -7.839319e-36
   84  205    4.216247e-30   -1.990179e-35
   84  206    4.160066e-28   -1.531859e-35
   84  207    1.178197e-28   -1.666110e-34
   84  208    1.177216e-26   -9.699120e-38
   84  209    4.291862e-26   -3.931822e-36
   84  210    2.323061e-25    6.057992e-27
    0    1    8.063358e-21   -1.483527e-21
    1    1    1.155723e-16   -1.543644e-17
    2    4    1.555132e-11   -2.422339e-13
