2.2254e-04
2.9027e-05
1.3357e+00
1.2317e+05
    1    2    7.943773e-25   -1.563985e-27
    4    8    2.497334e-26    5.876583e-27
    5   10    6.683476e-29    8.527560e-30
    5   11    3.191469e-26    7.509540e-27
    6   11    2.638031e-20    3.274250e-21
    6   12    7.736613e-04   -1.561846e-13
    6   13    2.411443e-13    3.129469e-14
    6   14    1.525376e-21    3.703348e-22
    7   13    7.667567e-14   -7.527238e-17
    7   14    1.843833e-19    2.311844e-20
    7   15    1.149024e-20    2.787047e-21
    8   14    2.500440e-14   -4.909664e-17
    8   15    7.326354e-24    9.109334e-25
    8   16    4.583193e-02   -9.853229e-16
    8   17    1.476010e-14    1.916095e-15
    8   18    3.870409e-15    5.024420e-16
    8   19    1.682233e-25    4.084117e-26
    9   17    1.129432e-16   -1.107532e-19
    9   18    9.273170e-20    2.132847e-20
    9   19    2.941090e-22    5.737846e-23
    9   20    1.119665e-28    2.719148e-29
   10   18    4.916597e-27    4.950634e-28
   10   19    2.517084e-30    8.205621e-31
   10   20    8.353541e-03   -2.363143e-12
   10   21    3.015559e-05   -7.060029e-12
   10   22    3.692468e-06   -8.544888e-13
   10   23    3.163442e-16    4.106700e-17
   10   24    3.278620e-27    7.959947e-28
   11   21    5.548117e-13    6.824214e-14
   11   22    3.396604e-15    4.187084e-16
   11   23    1.457139e-04   -3.312473e-12
   11   24    5.129749e-13    6.659337e-14
   11   25    2.038056e-21    3.396547e-22
   12   23    3.712292e-16    4.842096e-17
   12   24    2.013354e-03    4.476133e-12
   12   25    4.441883e-04   -2.170726e-13
   12   26    2.597256e-04    1.856210e-11
   12   27    3.330281e-14    4.323305e-15
   12   28    4.177495e-23    1.014229e-23
   13   24    2.031867e-27    4.783069e-28
   13   25    2.208845e-14    2.719945e-15
   13   26    1.408287e-04   -2.746076e-11
   13   27    2.011964e-04   -1.622803e-13
   13   28    1.583094e-12    2.055802e-13
   13   29    1.259059e-19    1.690424e-20
   13   30    7.558351e-29    1.857229e-29
   14   26    2.494791e-26    5.784024e-27
   14   27    9.273797e-11    1.143183e-11
   14   28    2.358143e-04    5.205101e-12
   14   29    6.520006e-05    1.073474e-12
   14   30    2.844540e-05    5.014574e-13
   14   31    2.728785e-13    3.542456e-14
   14   32    3.492771e-22    8.479891e-23
   15   28    2.239658e-22    5.174510e-23
   15   29    3.990345e-15    5.154306e-16
   15   30    2.314300e-07   -1.860644e-13
   15   31    2.104118e-06    9.817706e-15
   15   32    5.589879e-15    7.256700e-16
   15   33    1.112599e-16    1.444358e-17
   15   34    1.834090e-25    4.452874e-26
   16   30    1.387489e-26    3.254639e-27
   16   31    3.517409e-10   -2.765975e-15
   16   32    1.166120e-06    3.070830e-14
   16   33    2.100893e-08    3.543348e-15
   16   34    2.736454e-07    2.477653e-15
   16   35    1.341157e-15    1.741064e-16
   16   36    2.505954e-23    6.084059e-24
   17   32    2.320600e-25    2.859618e-26
   17   33    8.049649e-25    1.046338e-25
   17   34    2.043285e-17    2.518892e-18
   17   35    1.020433e-08    4.131050e-16
   17   36    1.552281e-16    2.015141e-17
   17   37    9.230020e-22    1.205313e-22
   17   38    1.606561e-30    3.910678e-31
   18   35    1.303219e-23    1.701081e-24
   18   36    8.448026e-10    1.864994e-18
   18   37    1.066754e-17    1.384903e-18
   18   38    2.659022e-10    5.969414e-19
   18   39    1.480449e-18    1.921890e-19
   18   40    1.016114e-19    1.319099e-20
   18   41    1.919917e-28    4.661252e-29
   19   37    6.518580e-20    2.212135e-21
   19   38    2.781149e-27    6.711739e-28
   19   39    3.745179e-12    2.000751e-19
   19   40    6.704183e-20    8.703247e-21
   19   41    8.796871e-26    2.040348e-26
   19   42    1.964349e-28    2.550082e-29
   19   43    6.935142e-24    9.003070e-25
   20   38    2.581224e-29    4.500036e-30
   20   40    2.851209e-14    2.007815e-22
   20   41    2.897069e-22    3.760939e-23
   20   42    4.763924e-08   -1.632585e-16
   20   43    1.463411e-08   -8.486881e-18
   20   44    7.048443e-08   -9.680687e-18
   20   45    9.413969e-16    1.222103e-16
   20   46    2.020422e-10   -3.205576e-19
   20   47    1.651949e-18    2.144528e-19
   20   48    2.292639e-09   -2.617317e-18
   20   49    3.088050e-18    4.008846e-19
   20   50    2.121323e-27    5.150234e-28
   21   41    2.659826e-28    3.208351e-29
   21   43    1.382729e-16    1.704529e-17
   21   44    6.398536e-17    7.887658e-18
   21   45    6.669493e-09   -8.570013e-17
   21   46    9.080294e-16    1.178786e-16
   21   47    9.403286e-19    1.164472e-19
   21   48    1.543638e-17    1.902889e-18
   21   49    2.542520e-18    3.134240e-19
   21   50    4.259076e-27    9.912832e-28
   22   44    5.115637e-26    1.174988e-26
   22   45    4.931609e-22    6.080269e-23
   22   46    2.020422e-08   -1.054310e-16
   22   47    7.854394e-09    4.652659e-18
   22   48    1.436025e-08    1.052952e-17
   22   49    1.733388e-08    8.470531e-18
   22   50    5.602375e-08    2.321594e-17
   22   51    3.390040e-16    4.400883e-17
   22   52    1.166615e-24    2.715789e-25
   23   47    1.853052e-17    2.284309e-18
   23   48    9.500457e-18    1.171150e-18
   23   49    2.234592e-17    2.754650e-18
   23   50    2.018332e-15    2.401975e-18
   23   51    4.904040e-09   -3.287734e-17
   23   52    3.115291e-16    4.044209e-17
   23   53    2.799568e-24    6.796900e-25
   24   48    1.011300e-27    2.345943e-28
   24   49    9.053058e-26    1.209962e-26
   24   50    9.383977e-13   -9.639027e-21
   24   51    7.425836e-19    9.202734e-20
   24   52    5.579288e-08   -1.089944e-16
   24   53    1.074040e-08   -1.553376e-17
   24   54    1.369099e-07   -6.750024e-17
   24   55    1.386664e-15    1.800140e-16
   24   56    8.886806e-24    2.157574e-24
   25   51    2.262858e-22    2.789486e-23
   25   52    1.491214e-28    3.442462e-29
   25   53    1.754052e-17    2.162272e-18
   25   54    4.472644e-18    5.514478e-19
   25   55    3.456010e-08   -2.606436e-16
   25   56    2.068614e-15    2.685434e-16
   25   57    4.491688e-23    1.090152e-23
   26   54    4.446329e-09   -2.542855e-17
   26   55    2.049267e-16    2.654219e-17
   26   56    1.766820e-06   -4.562415e-15
   26   57    9.986690e-07   -2.340621e-15
   26   58    5.174607e-06   -6.489887e-15
   26   59    1.016260e-13    1.319288e-14
   26   60    1.308930e-21    3.177874e-22
   26   61    3.725769e-30    1.270800e-30
   27   55    2.698569e-19    3.326601e-20
   27   56    2.164099e-26    5.069371e-27
   27   57    2.187599e-16    2.696718e-17
   27   58    1.657531e-16    2.043294e-17
   27   59    2.034761e-06   -1.503882e-14
   27   60    1.167941e-13    1.516198e-14
   27   61    7.284948e-21    1.586290e-21
   27   62    1.005152e-28    3.130330e-29
   28   57    1.105761e-30    1.437362e-31
   28   58    6.192280e-10   -4.593754e-18
   28   59    4.512038e-17    5.793573e-18
   28   60    2.667798e-06   -1.598832e-14
   28   61    1.015184e-06   -3.666717e-16
   28   62    2.259022e-06    6.382969e-16
   28   63    1.211378e-13    1.572588e-14
   28   64    1.389652e-06   -2.826718e-15
   28   65    2.181691e-14    2.832229e-15
   28   66    2.453828e-22    5.957503e-23
   29   59    1.301124e-20    1.603927e-21
   29   60    9.416563e-28    2.253062e-28
   29   61    1.047292e-16    1.291027e-17
   29   62    7.798020e-17    9.612840e-18
   29   63    8.717980e-07   -1.588111e-14
   29   64    1.224071e-13    1.589064e-14
   29   65    1.075841e-06   -1.116447e-14
   29   66    8.606786e-14    1.117316e-14
   29   67    7.147109e-20    1.012009e-20
   29   68    1.983655e-27    4.444515e-28
   29   69    4.863726e-29    1.180835e-29
   30   62    3.180318e-27    5.957430e-28
   30   63    1.199932e-24    1.481283e-25
   30   64    8.425446e-07   -9.755591e-15
   30   65    7.504162e-14    9.741737e-15
   30   66    1.302067e-06   -8.925764e-15
   30   67    2.837024e-07    3.968264e-16
   30   68    1.322620e-06    3.518234e-15
   30   69    3.831914e-14    4.974515e-15
   30   70    1.327706e-10   -4.615108e-19
   30   71    3.575200e-18    4.641254e-19
   30   72    9.718720e-26    2.359550e-26
   31   65    2.256440e-17    2.781575e-18
   31   66    2.824438e-24    6.755257e-25
   31   67    6.541374e-17    8.063746e-18
   31   68    1.531051e-17    1.887373e-18
   31   69    1.594879e-07   -4.550618e-15
   31   70    3.512961e-14    4.560456e-15
   31   71    1.407639e-07   -3.446673e-15
   31   72    2.654288e-14    3.445744e-15
   31   73    3.933197e-21    9.548737e-22
   31   74    9.450126e-29    3.223155e-29
   32   66    1.916334e-28    4.445376e-29
   32   68    6.550691e-25    8.526716e-26
   32   69    1.369249e-21    1.687914e-22
   32   70    2.286683e-07   -3.882441e-15
   32   71    2.991459e-14    3.883414e-15
   32   72    2.362112e-07   -2.940767e-15
   32   73    4.522467e-08    1.845301e-15
   32   74    1.757502e-07   -7.778907e-16
   32   75    1.441749e-14    1.871651e-15
   32   76    1.249214e-11   -3.900412e-20
   32   77    3.013684e-19    3.912306e-20
   32   78    8.791080e-27    2.134334e-27
   33   71    5.493585e-18    6.772102e-19
   33   72    2.206962e-24    5.184222e-25
   33   73    8.374703e-18    1.032374e-18
   33   74    6.181067e-19    7.619606e-20
   33   75    2.000846e-08   -2.255282e-15
   33   76    1.737851e-14    2.256043e-15
   33   77    4.327604e-21    9.682830e-22
   33   78    2.371184e-28    7.553390e-29
   34   72    5.054423e-29    1.172490e-29
   34   74    1.506898e-24    2.583073e-27
   34   75    1.368478e-19    1.686963e-20
   34   76    4.988956e-08   -1.228289e-15
   34   77    1.818953e-08    4.643315e-16
   34   78    7.041446e-08   -3.096239e-16
   34   79    8.268325e-15    1.073378e-15
   34   80    4.239297e-09   -3.650248e-17
   34   81    2.811339e-16    3.649625e-17
   34   82    3.172076e-12   -1.178974e-20
   34   83    9.082374e-20    1.179056e-20
   34   84    1.587274e-27    3.853649e-28
   35   76    1.847235e-30    3.396483e-31
   35   77    6.499741e-19    8.012422e-20
   35   78    2.150587e-19    2.651093e-20
   35   79    8.345302e-09   -1.038478e-15
   35   80    8.000286e-15    1.038581e-15
   35   81    7.274685e-09   -4.511995e-16
   35   82    3.475641e-15    4.512007e-16
   35   83    1.004719e-21    2.433331e-22
   35   84    4.593862e-29    1.563430e-29
   36   78    3.857783e-30    8.949020e-31
   36   79    1.122242e-21    1.383420e-22
   36   80    2.125901e-08   -9.357688e-16
   36   81    7.208323e-15    9.357698e-16
   36   82    5.111922e-08   -1.256369e-15
   36   83    1.566930e-08    5.247229e-16
   36   84    5.823898e-08   -1.099352e-17
   36   85    5.720082e-15    7.425699e-16
   36   86    4.641503e-10   -7.345986e-19
   36   87    5.658109e-18    7.345246e-19
   36   88    6.266098e-26    1.521309e-26
   37   81    8.906098e-20    1.097880e-20
   37   82    8.944409e-26    2.100283e-26
   37   83    2.580203e-19    3.180692e-20
   37   84    4.867643e-20    6.000498e-21
   37   85    8.462406e-09   -6.487364e-16
   37   86    4.997515e-15    6.487672e-16
   37   87    5.853056e-11   -4.723958e-19
   37   88    3.643365e-18    4.729745e-19
   37   89    1.982904e-25    4.814174e-26
   38   84    2.620181e-24    3.051300e-30
   38   85    2.520469e-21    3.107056e-22
   38   86    1.977582e-08   -8.353755e-16
   38   87    1.264904e-08    7.416899e-17
   38   88    3.410537e-08    6.553205e-16
   38   89    8.155734e-16    1.058762e-16
   38   90    2.952932e-23    6.523526e-24
   38   91    1.560845e-30    2.747238e-31
   39   87    3.362857e-20    4.145491e-21
   39   88    2.337665e-20    2.881710e-21
   39   89    5.047083e-09   -8.347575e-17
   39   90    6.430652e-16    8.348145e-17
   39   91    1.041321e-22    2.528153e-23
   39   92    5.020778e-30    1.712547e-30
   40   89    4.316383e-26    5.320936e-27
   40   90    2.223165e-09   -2.183005e-17
   40   91    5.705716e-10    8.103136e-18
   40   92    6.513631e-10    5.015574e-18
   40   93    1.936305e-10    3.267847e-18
   40   94    4.140053e-10   -2.908219e-19
   40   95    4.416828e-17    5.733840e-18
   40   96    7.701181e-13   -2.500529e-21
   40   97    1.926783e-20    2.501312e-21
   40   98    2.485342e-28    6.034015e-29
   41   91    1.269127e-21    1.564490e-22
   41   92    2.810494e-22    3.464583e-23
   41   93    7.196595e-14   -5.271283e-21
   41   94    4.103980e-20    5.327400e-21
   41   95    9.535025e-23    1.175624e-23
   41   96    6.823888e-25    8.765982e-26
   41   97    2.370046e-26    2.924813e-27
   42   92    3.795086e-17   -9.524799e-25
   42   93    7.345118e-24    9.534757e-25
   42   94    1.277137e-13   -3.583299e-21
   42   95    3.569933e-11   -2.369209e-18
   42   96    8.222236e-11   -1.809018e-20
   42   97    2.578413e-11    7.544533e-19
   42   98    7.544015e-11    2.661322e-19
   42   99    1.055369e-17    1.370059e-18
   42  100    1.700721e-15   -1.896105e-23
   42  101    1.504078e-22    1.952564e-23
   42  102    1.057130e-29    2.566545e-30
   43   93    8.254270e-30    1.017529e-30
   43   95    1.473761e-25    1.816749e-26
   43   96    6.338834e-24    7.814065e-25
   43   97    1.631903e-23    2.011696e-24
   43   98    6.591780e-25    8.125984e-26
   43   99    2.728427e-13   -2.546251e-20
   43  100    1.961471e-19    2.546318e-20
   43  101    1.198403e-25    2.909353e-26
   44   96    3.532748e-26    3.352487e-35
   44   98    6.640785e-24    2.025294e-27
   44   99    8.074124e-12   -8.370737e-19
   44  100    3.391437e-11   -5.082391e-19
   44  101    7.022785e-12    7.476757e-19
   44  102    1.442248e-14    5.971665e-19
   44  103    3.049386e-21    3.959240e-22
   44  104    1.540606e-23    3.748529e-24
   45   99    3.894655e-27    4.801053e-28
   45  100    2.210686e-25    2.725174e-26
   45  101    1.167358e-24    1.439037e-25
   45  102    4.308131e-26    5.310850e-27
   45  103    7.469178e-12   -1.023031e-18
   45  104    7.880465e-18    1.023022e-18
   45  105    7.620448e-24    1.850035e-24
   45  106    3.172532e-30    9.287583e-31
   46  103    1.086650e-25    1.339545e-26
   46  104    2.116281e-11   -1.307154e-18
   46  105    4.944957e-12    4.953128e-19
   46  106    2.265111e-11   -2.102801e-19
   46  107    7.873493e-18    1.022121e-18
   46  108    2.501060e-11   -7.934947e-19
   46  109    6.112375e-18    7.934964e-19
   46  110    1.000424e-14   -2.065757e-22
   46  111    1.651132e-21    2.143467e-22
   46  112    4.154053e-28    1.008538e-28
   47  105    2.280373e-25    2.811081e-26
   47  106    3.202478e-26    3.947817e-27
   47  107    4.291532e-12   -9.195009e-19
   47  108    7.082988e-18    9.194974e-19
   47  109    6.599119e-12   -1.162942e-18
   47  110    8.958232e-18    1.162935e-18
   47  111    1.036303e-23    2.515969e-24
   47  112    3.961842e-30    1.353030e-30
   48  107    4.788198e-27    5.902547e-28
   48  108    3.603377e-13   -2.866927e-20
   48  109    2.208419e-19    2.866923e-20
   48  110    1.909900e-11   -1.269665e-18
   48  111    4.587534e-12    5.116977e-19
   48  112    2.054442e-11   -2.521204e-19
   48  113    7.780794e-18    1.010087e-18
   48  114    3.413727e-11   -1.076889e-18
   48  115    8.295410e-18    1.076894e-18
   48  116    2.673547e-15   -5.378816e-23
   48  117    4.198914e-22    5.450947e-23
   48  118    8.578083e-29    2.082622e-29
   49  109    1.288405e-27    1.588255e-28
   49  111    8.507304e-26    1.048721e-26
   49  112    1.296823e-26    1.598630e-27
   49  113    6.099917e-12   -1.822611e-18
   49  114    1.403971e-17    1.822602e-18
   49  115    2.207425e-23    5.342527e-24
   49  116    3.981041e-29    8.123200e-30
   49  117    4.850369e-30    5.987581e-31
   50  112    1.518500e-24   -1.260327e-31
   50  113    5.336564e-27    6.578594e-28
   50  114    1.053078e-13   -5.915686e-21
   50  115    5.384887e-12   -6.510766e-19
   50  116    3.958574e-11   -7.402773e-19
   50  117    8.542088e-12    6.355473e-19
   50  118    4.908860e-11   -2.932238e-19
   50  119    1.176970e-11    2.759150e-19
   50  120    6.577788e-11   -7.688274e-20
   50  121    6.593198e-18    8.559161e-19
   50  122    5.075922e-13   -3.962647e-21
   50  123    3.052712e-20    3.962971e-21
   50  124    5.881525e-14   -2.479268e-22
   50  125    1.909807e-21    2.479274e-22
   50  126    6.457061e-29    1.567671e-29
   51  115    1.348362e-28    1.662166e-29
   51  116    7.202787e-27    8.879088e-28
   51  117    5.408706e-26    6.667475e-27
   51  118    1.192041e-26    1.469464e-27
   51  119    8.689278e-26    1.071154e-26
   51  120    1.007027e-26    1.241392e-27
   51  121    3.464275e-12   -5.039527e-19
   51  122    3.881990e-18    5.039516e-19
   51  123    8.946875e-14   -8.854424e-21
   51  124    6.821533e-20    8.855575e-21
   51  125    3.125460e-26    7.584666e-27
   52  120    1.000424e-30    7.420706e-39
   52  121    1.312043e-27    1.617393e-28
   52  122    9.020212e-12   -7.575906e-19
   52  123    3.001274e-12    1.878173e-19
   52  124    1.532908e-11   -1.768291e-19
   52  125    5.674406e-12    1.174660e-19
   52  126    2.620158e-11   -6.932779e-20
   52  127    5.380310e-18    6.984612e-19
   52  128    5.697727e-13   -6.580884e-21
   52  129    5.069595e-20    6.581249e-21
   52  130    1.846937e-12   -9.341922e-21
   52  131    7.196166e-20    9.341922e-21
   52  132    2.390449e-27    5.803627e-28
   53  123    1.033122e-26    1.273560e-27
   53  124    1.962257e-27    2.418934e-28
   53  125    2.272866e-26    2.801831e-27
   53  126    1.990542e-27    2.453831e-28
   53  127    3.615702e-12   -4.742962e-19
   53  128    3.653545e-18    4.742957e-19
   53  129    2.090603e-24    5.074216e-25
   53  130    2.690228e-27    3.317649e-28
   53  131    9.177135e-29    1.132012e-29
   54  126    1.587975e-27    5.311033e-40
   54  127    2.758696e-27    3.400726e-28
   54  128    9.378970e-12   -7.554557e-19
   54  129    4.878037e-12    6.605040e-20
   54  130    1.462158e-11    1.028436e-19
   54  131    6.636401e-12    4.193545e-20
   54  132    4.009275e-11   -1.142974e-19
   54  133    5.075746e-18    6.589234e-19
   54  134    1.269195e-13   -9.290138e-22
   54  135    7.157548e-21    9.291789e-22
   54  136    8.091666e-12   -2.901809e-21
   54  137    2.235443e-20    2.901809e-21
   54  138    8.756825e-29    2.125969e-29
   55  129    6.749397e-27    8.320184e-28
   55  130    1.511331e-27    1.863064e-28
   55  131    1.287364e-26    1.586973e-27
   55  132    1.177769e-27    1.451978e-28
   55  133    4.580886e-12   -4.997752e-19
   55  134    3.849813e-18    4.997748e-19
   55  135    1.869073e-24    4.537554e-25
   55  136    5.286103e-27    6.519057e-28
   55  137    5.125965e-29    6.939740e-30
   56  132    1.667374e-27    4.340662e-41
   56  133    1.672825e-27    2.062151e-28
   56  134    1.045219e-11   -6.443239e-19
   56  135    5.105869e-12    6.788068e-20
   56  136    3.449992e-11   -2.772226e-19
   56  137    4.228070e-11   -1.085206e-19
   56  138    3.979948e-10    3.988793e-19
   56  139    4.339207e-18    5.633071e-19
   56  140    8.606986e-26    2.089638e-26
   57  135    1.563041e-27    1.926808e-28
   57  136    1.901381e-28    2.343890e-29
   57  137    1.264239e-26    1.558466e-27
   57  138    3.280686e-26    4.133312e-27
   57  139    3.735396e-11   -4.241510e-19
   57  140    3.267273e-18    4.241509e-19
   57  141    3.235248e-25    7.854666e-26
   58  138    2.102340e-25   -1.230116e-32
   58  139    1.843278e-25    2.390259e-26
   58  140    9.289652e-11   -5.169267e-19
   58  141    3.983082e-18    5.170760e-19
   58  142    9.158812e-14   -8.991715e-22
   58  143    6.936179e-21    9.004411e-22
   58  144    4.971748e-28    1.198810e-28
   59  140    1.254949e-30    1.553563e-31
   59  141    7.804724e-12   -3.587837e-19
   59  142    2.763742e-18    3.587834e-19
   59  143    1.033224e-24    2.508503e-25
   60  141    4.995059e-29    6.157769e-30
   60  142    1.831762e-11   -3.917897e-19
   60  143    3.281112e-12    8.593834e-20
   60  144    6.940443e-12    8.133864e-20
   60  145    1.586880e-12    9.496395e-20
   60  146    4.721179e-12   -6.672120e-21
   60  147    1.048668e-18    1.361360e-19
   60  148    1.554713e-15   -3.493567e-23
   60  149    2.695291e-22    3.498972e-23
   60  150    2.527738e-21   -4.249888e-29
   60  151    4.361960e-28    5.662611e-29
   61  143    2.278410e-28    2.808665e-29
   61  144    2.018733e-29    2.488554e-30
   61  145    1.641002e-28    2.022913e-29
   61  146    2.631517e-28    3.243943e-29
   61  147    1.697165e-24    2.213695e-25
   61  148    2.274025e-25    2.952103e-26
   61  149    4.891580e-30    9.662985e-31
   61  150    1.850728e-29    2.402577e-30
   62  144    3.536220e-20   -2.198483e-27
   62  145    1.693507e-26    2.198475e-27
   62  146    3.648609e-23    4.759071e-24
   62  147    7.486151e-13   -2.031400e-19
   62  148    2.697089e-12   -2.951894e-20
   62  149    4.961846e-13    1.438577e-19
   62  150    1.600678e-12   -2.663335e-20
   62  151    8.886881e-19    1.153677e-19
   62  152    2.626112e-13   -1.988294e-20
   62  153    1.531612e-19    1.988307e-20
   62  154    1.429177e-15   -7.487496e-23
   62  155    5.769348e-22    7.489652e-23
   62  156    8.736786e-29    2.121152e-29
   63  147    6.629433e-30    8.172296e-31
   63  148    3.112427e-30    3.836779e-31
   63  149    4.364384e-29    5.380111e-30
   63  150    4.410575e-28    5.748917e-29
   63  151    1.722580e-13   -6.259108e-20
   63  152    4.821421e-19    6.259053e-20
   63  153    2.282009e-13   -5.914782e-20
   63  154    4.556227e-19    5.914790e-20
   63  155    8.680727e-25    2.107539e-25
   63  156    2.515197e-29    3.359430e-30
   64  151    5.644675e-29    7.320241e-30
   64  152    5.982791e-13   -1.116828e-19
   64  153    8.602724e-19    1.116786e-19
   64  154    7.795501e-13   -1.456319e-19
   64  155    2.575290e-13    5.974427e-20
   64  156    1.090205e-12   -7.588410e-20
   64  157    4.772730e-13    7.510650e-20
   64  158    2.906294e-12   -1.316048e-19
   64  159    1.681355e-18    2.182702e-19
   64  160    8.753708e-17   -4.227806e-24
   64  161    3.363700e-23    4.366688e-24
   64  162    6.114969e-30    1.484630e-30
   65  153    2.042666e-30    2.518060e-31
   65  155    8.513199e-30    1.049448e-30
   65  157    1.138892e-29    1.403947e-30
   65  158    6.943065e-28    9.029038e-29
   65  159    3.705967e-13   -9.084155e-20
   65  160    6.997601e-19    9.084130e-20
   65  161    1.037744e-24    2.519475e-25
   65  162    1.461230e-29    1.994814e-30
   66  156    1.026076e-30   -1.304959e-43
   66  158    8.864497e-14   -2.701362e-20
   66  159    2.080882e-19    2.701353e-20
   66  160    8.753698e-13   -1.687577e-19
   66  161    3.287115e-13    9.045755e-20
   66  162    1.358600e-12   -9.627278e-20
   66  163    2.448901e-13    1.359180e-19
   66  164    6.033046e-13    8.659536e-21
   66  165    2.310578e-19    2.999547e-20
   66  166    5.080412e-26    1.233443e-26
   67  161    3.309631e-30    4.079884e-31
   67  163    2.695187e-30    3.322442e-31
   67  164    1.720668e-27    2.244136e-28
   67  165    4.844470e-13   -1.095340e-19
   67  166    8.437496e-19    1.095337e-19
   67  167    1.546850e-24    3.755501e-25
   68  163    6.053685e-30    7.896129e-31
   68  164    6.710148e-13   -1.744306e-19
   68  165    1.343654e-18    1.744301e-19
   68  166    1.024530e-12   -1.512923e-19
   68  167    4.067598e-13    6.343457e-20
   68  168    1.667373e-12   -3.764547e-20
   68  169    9.667666e-19    1.255037e-19
   68  170    3.289629e-15   -1.443305e-22
   68  171    1.112325e-21    1.443998e-22
   68  172    1.956990e-28    4.751249e-29
   69  167    1.026816e-30    1.265788e-31
   69  168    2.170892e-27    2.831500e-28
   69  169    5.321775e-13   -1.051295e-19
   69  170    8.098216e-19    1.051293e-19
   69  171    8.725530e-25    2.117906e-25
   69  172    2.380954e-27    3.091576e-28
   69  173    4.412645e-29    5.730641e-30
   70  168    1.012334e-30   -1.184097e-43
   70  169    1.407375e-28    1.834994e-29
   70  170    8.238774e-13   -1.602530e-19
   70  171    4.206467e-13    7.257104e-20
   70  172    1.395940e-12   -7.402404e-20
   70  173    6.939362e-13    5.583473e-20
   70  174    3.156510e-12   -4.896663e-20
   70  175    1.192731e-18    1.548379e-19
   70  176    1.591583e-15   -4.777380e-23
   70  177    3.687475e-22    4.787007e-23
   70  178    6.128166e-29    1.487821e-29
   71  174    1.579861e-26    2.060679e-27
   71  175    4.567644e-13   -9.293303e-20
   71  176    8.533481e-16    9.267938e-20
   71  177    1.953163e-21    2.536545e-22
   71  178    1.143914e-27    2.604722e-28
   72  175    1.483379e-27    1.934827e-28
   72  176    1.193686e-12   -1.886597e-19
   72  177    3.950835e-13    9.338402e-20
   72  178    1.686107e-12   -7.898264e-20
   72  179    4.800925e-13    9.341807e-20
   72  180    2.773398e-12   -5.843110e-20
   72  181    1.072818e-18    1.392711e-19
   72  182    2.120925e-25    5.149265e-26
   73  179    4.284172e-25    5.588063e-26
   73  180    3.440337e-15   -1.380416e-21
   73  181    7.185358e-13   -1.117561e-19
   73  182    8.715003e-19    1.131363e-19
   73  183    6.561580e-25    1.593045e-25
   74  179    1.128116e-29    1.471459e-30
   74  180    5.385607e-14   -1.228827e-20
   74  181    9.465755e-20    1.228823e-20
   74  182    1.813954e-12   -2.157454e-19
   74  183    9.293564e-13    9.004979e-20
   74  184    2.060656e-12   -1.812409e-20
   74  185    1.107857e-18    1.438198e-19
   74  186    8.067934e-14   -2.991222e-21
   74  187    2.304222e-20    2.991295e-21
   74  188    4.798945e-27    1.165107e-27
   75  184    1.040696e-26    1.357431e-27
   75  185    3.076974e-13   -7.736492e-20
   75  186    5.959485e-19    7.736472e-20
   75  187    6.954812e-15   -1.081968e-21
   75  188    8.336029e-21    1.082165e-21
   75  189    1.331325e-26    3.232241e-27
   76  185    8.416662e-28    1.097826e-28
   76  186    1.075723e-12   -1.963423e-19
   76  187    5.077024e-13    6.879977e-20
   76  188    1.117495e-12    1.566871e-20
   76  189    3.858782e-13    4.054326e-20
   76  190    1.474309e-12   -1.357943e-20
   76  191    6.540674e-19    8.490972e-20
   76  192    3.121114e-14   -8.565823e-22
   76  193    6.598936e-21    8.566608e-22
   76  194    8.825627e-28    2.142721e-28
   77  190    1.803980e-27    2.353021e-28
   77  191    3.294584e-13   -7.783646e-20
   77  192    5.995807e-19    7.783622e-20
   77  193    3.208611e-13   -4.529194e-20
   77  194    3.488897e-19    4.529214e-20
   77  195    1.800159e-25    4.370496e-26
   78  190    1.000424e-30   -6.220014e-43
   78  191    1.118718e-28    1.459191e-29
   78  192    1.094212e-12   -1.970996e-19
   78  193    1.518275e-18    1.970992e-19
   78  194    1.340774e-12   -1.235493e-19
   78  195    3.996573e-13    8.355113e-20
   78  196    2.342829e-12   -6.093458e-20
   78  197    7.774971e-19    1.009331e-19
   78  198    4.390750e-15   -6.886690e-23
   78  199    5.307199e-22    6.889702e-23
   78  200    3.164873e-29    7.683806e-30
   79  196    1.866726e-27    2.434863e-28
   79  197    7.109607e-13   -7.626051e-20
   79  198    5.874414e-19    7.626044e-20
   79  199    2.822506e-25    6.852591e-26
   80  196    1.378134e-17   -1.782116e-24
   80  197    1.372793e-23    1.782131e-24
   80  198    2.319164e-12   -1.397596e-19
   80  199    1.055724e-12    7.097621e-20
   80  200    3.396440e-12   -1.777343e-20
   80  201    1.493171e-12    6.289542e-20
   80  202    5.447854e-12   -3.564663e-20
   80  203    4.568551e-19    5.930804e-20
   80  204    8.827271e-14   -2.726770e-22
   80  205    2.100482e-21    2.726805e-22
   80  206    1.540515e-29    3.740125e-30
   81  202    1.036777e-26    1.352323e-27
   81  203    3.296964e-12   -8.040387e-20
   81  204    6.193581e-19    8.040385e-20
   81  205    2.532781e-13   -2.049467e-21
   81  206    1.578734e-20    2.049481e-21
   81  207    3.026575e-28    7.348040e-29
   82  203    1.580085e-28    2.060965e-29
   82  204    4.899135e-12   -8.418708e-20
   82  205    9.272223e-12   -3.044208e-20
   82  206    4.705878e-11   -1.676193e-19
   82  207    6.282857e-11    1.492132e-19
   82  208    1.298627e-10    1.168263e-19
   82  209    1.248642e-19    1.620896e-20
   82  210    2.555605e-28    6.204515e-29
   83  208    2.326712e-26    3.034856e-27
   83  209    3.106580e-12   -4.299555e-21
   83  210    3.312046e-20    4.299551e-21
   83  211    3.109315e-28    7.548871e-29
    0    1    3.753449e-16   -3.705155e-19
    1    1    5.078942e-13   -4.980179e-16
    2    4    2.052794e-08   -2.025568e-11
