1.8223e+00
4.1095e-02
1.2074e+00
3.7731e+04
    1    3    3.339640e-25    4.153259e-34
    2    3    5.012473e-23   -6.418140e-34
    4   10    3.688956e-29   -6.795177e-40
    5   10    4.458456e-26   -4.963996e-36
    5   11    3.468311e-19    2.326154e-23
    6   11    9.963264e-19   -2.326242e-23
    6   12    2.855201e-06   -7.634139e-17
    6   13    9.340667e-17    6.136735e-24
    6   14    2.754369e-15    1.193192e-26
    7   13    4.586868e-23   -3.249702e-24
    7   14    2.144410e-11   -9.887393e-25
    7   15    2.950314e-14    8.936286e-16
    8   14    1.406493e-28   -5.677081e-32
    8   15    3.827381e-12   -8.936286e-16
    8   16    4.677009e-02   -4.163336e-17
    8   17    9.777906e-15    1.569175e-19
    8   18    1.654924e-18    4.889231e-22
    9   17    5.390259e-24   -1.513476e-24
    9   18    1.131127e-16   -4.886313e-22
    9   19    2.075331e-19    1.606202e-22
    9   20    1.923423e-25   -4.935878e-28
    9   21    3.634580e-27   -2.488710e-29
   10   19    9.697845e-20   -1.606316e-22
   10   20    1.564659e-06    4.599071e-17
   10   21    6.880627e-12    2.369420e-23
   10   22    7.052814e-13    1.837757e-21
   10   23    2.790290e-22   -2.136543e-25
   10   24    1.421278e-24   -1.994322e-28
   11   21    5.744838e-21   -2.936257e-23
   11   22    5.295708e-12   -1.835196e-21
   11   23    2.141715e-09    1.519609e-12
   11   24    3.198906e-15   -1.687091e-21
   11   25    2.421918e-19   -1.167309e-22
   11   26    7.986532e-29   -2.126113e-30
   12   22    2.481795e-22   -1.821994e-24
   12   23    6.028301e-10   -1.519595e-12
   12   24    2.424035e-05    5.339696e-18
   12   25    4.302013e-09    1.026118e-20
   12   26    7.811326e-09    2.564687e-14
   12   27    1.606946e-15   -8.072910e-20
   12   28    1.539998e-19   -5.825883e-26
   13   24    4.705840e-27   -3.961392e-28
   13   25    2.559348e-20   -6.415252e-22
   13   26    6.030372e-10   -2.564679e-14
   13   27    1.002577e-06    2.846659e-10
   13   28    1.467104e-11   -3.118675e-15
   13   29    6.813045e-14   -4.925599e-18
   13   30    1.009973e-22   -7.947174e-25
   13   31    1.172492e-28   -5.186078e-30
   14   26    5.922726e-18   -7.565407e-20
   14   27    4.147332e-08   -2.846659e-10
   14   28    5.913970e-03    3.118165e-15
   14   29    2.104197e-05    5.871632e-18
   14   30    3.438544e-05    7.051053e-13
   14   31    3.376429e-11   -1.018818e-16
   14   32    2.219940e-13   -8.314468e-25
   14   33    3.773702e-25   -1.756285e-27
   14   34    3.719378e-29   -3.824762e-31
   15   28    1.322536e-24   -8.694289e-26
   15   29    1.724670e-16   -7.443765e-19
   15   30    3.713080e-09   -7.051063e-13
   15   31    1.994649e-05    7.808833e-11
   15   32    4.517429e-09   -1.046184e-16
   15   33    2.323132e-09   -3.021488e-17
   15   34    1.459431e-16   -3.352542e-19
   15   35    2.211283e-20   -1.331672e-23
   16   30    2.541132e-19   -6.134209e-21
   16   31    7.045399e-09   -7.808823e-11
   16   32    1.565978e-03    1.045171e-16
   16   33    1.890457e-05    3.046608e-17
   16   34    4.314502e-04    1.644206e-12
   16   35    3.706799e-09   -1.397254e-17
   16   36    5.203057e-10    1.944908e-22
   16   37    4.659552e-22   -4.099405e-26
   16   38    7.182492e-25   -2.005797e-30
   17   32    3.456451e-27   -4.866114e-28
   17   33    1.137716e-18   -2.681545e-20
   17   34    8.831578e-11   -1.644219e-12
   17   35    9.507379e-06    9.354344e-16
   17   36    2.626012e-08    2.226770e-21
   17   37    3.463432e-08    1.696376e-14
   17   38    6.495280e-16   -8.294617e-21
   17   39    2.196144e-19   -1.856286e-24
   17   40    7.982161e-28   -2.806789e-31
   18   34    1.053744e-23   -3.552154e-25
   18   35    5.675770e-14   -9.082773e-16
   18   36    1.275995e-04    2.710505e-20
   18   37    1.804502e-06   -1.696377e-14
   18   38    2.518525e-04    1.858810e-15
   18   39    5.262003e-10    3.474520e-20
   18   40    4.368629e-11    3.489668e-25
   18   41    6.955791e-18   -3.010527e-23
   18   42    1.670523e-19   -4.576298e-30
   18   43    6.834642e-28   -6.044339e-32
   18   44    3.625931e-30   -1.450618e-34
   19   37    1.643312e-21   -1.354278e-22
   19   38    2.994060e-11   -1.862117e-15
   19   39    5.877460e-06    6.104566e-17
   19   40    1.972427e-09    2.872798e-21
   19   41    3.212984e-10    2.298890e-21
   19   42    2.743100e-14   -1.759807e-20
   19   43    1.329315e-15   -4.715656e-22
   19   44    1.892348e-20   -4.052851e-25
   19   45    1.854142e-23   -4.935953e-28
   19   46    2.413623e-29   -6.547783e-33
   20   38    1.036592e-26   -6.710733e-28
   20   39    1.744775e-15   -5.779019e-17
   20   40    3.100370e-05   -6.776264e-21
   20   41    2.386808e-07    6.882143e-21
   20   42    5.255806e-06    5.304120e-18
   20   43    8.620296e-09    1.946433e-16
   20   44    3.724757e-09    7.729856e-16
   20   45    6.275521e-13   -1.275267e-21
   20   46    4.524869e-14    4.264714e-20
   20   47    2.554865e-18   -1.856471e-25
   20   48    2.762342e-20    1.089354e-33
   20   49    3.884459e-30   -2.103836e-34
   21   41    4.760836e-25   -9.537312e-26
   21   42    1.270524e-16   -5.314268e-18
   21   43    9.566357e-11   -1.946146e-16
   21   44    3.880569e-10   -7.728673e-16
   21   45    2.521519e-09    4.445825e-15
   21   46    1.083917e-11   -8.528762e-20
   21   47    2.338098e-12   -2.304492e-19
   21   48    2.577077e-15   -4.675675e-22
   21   49    1.476474e-17   -1.226149e-22
   21   50    2.438562e-25   -6.809812e-29
   22   43    1.138796e-22   -6.372951e-24
   22   44    7.847697e-09   -1.183083e-19
   22   45    1.732450e-09   -4.445824e-15
   22   46    6.877922e-07    2.353386e-17
   22   47    3.653440e-08    1.262031e-15
   22   48    2.425981e-08    4.456808e-17
   22   49    6.887556e-11    9.301351e-18
   22   50    2.377682e-11    8.401053e-26
   22   51    6.190917e-18   -5.096703e-22
   22   52    2.975474e-22   -8.309353e-26
   23   45    3.620901e-26   -3.856722e-27
   23   46    3.488716e-16   -2.349305e-17
   23   47    8.682236e-11   -1.261799e-15
   23   48    2.159138e-09    2.921409e-17
   23   49    9.305908e-09    7.063405e-15
   23   50    1.938578e-10    2.422088e-23
   23   51    1.560428e-09    7.619744e-16
   23   52    4.208894e-14   -5.328430e-18
   23   53    3.076478e-17   -9.463603e-21
   23   54    3.238398e-25   -1.852231e-28
   23   55    5.225796e-30   -2.276086e-32
   24   46    1.289034e-29   -1.412225e-30
   24   47    2.063343e-21   -1.175474e-22
   24   48    2.009931e-10   -7.378164e-17
   24   49    6.306748e-10   -7.072706e-15
   24   50    4.199484e-07    4.598860e-19
   24   51    6.393179e-08   -5.174103e-17
   24   52    2.476273e-06    8.975458e-17
   24   53    1.842876e-09    1.101267e-20
   24   54    1.310926e-10    7.675377e-18
   24   55    1.888726e-17   -2.561853e-21
   24   56    6.942991e-21   -5.555350e-25
   24   57    3.245994e-30   -4.380878e-33
   25   49    3.491976e-26   -1.940595e-27
   25   50    4.577704e-18   -4.607590e-19
   25   51    6.906689e-11   -7.102322e-16
   25   52    1.431615e-09   -7.774969e-17
   25   53    3.131341e-07    7.458680e-15
   25   54    7.275567e-09   -7.674520e-18
   25   55    6.487398e-09    3.391030e-16
   25   56    1.030730e-13   -3.163706e-19
   25   57    1.798715e-16   -5.999530e-20
   25   58    1.010374e-23   -9.593461e-26
   25   59    9.124834e-28   -5.662745e-30
   26   51    2.977507e-23   -2.780772e-24
   26   52    6.986974e-12   -6.678446e-18
   26   53    1.338034e-10   -7.458680e-15
   26   54    5.389226e-06    5.929231e-21
   26   55    1.030914e-06   -1.915902e-16
   26   56    1.411197e-05    6.659373e-18
   26   57    6.112768e-09    1.551412e-16
   26   58    1.243529e-09    7.480041e-18
   26   59    1.201299e-15   -8.004979e-24
   26   60    4.987429e-18    1.016891e-30
   26   61    1.121381e-26   -8.885006e-31
   26   62    6.118726e-30   -2.563088e-33
   27   53    1.723998e-29   -1.888593e-30
   27   54    9.644912e-20   -1.423486e-20
   27   55    3.267608e-10   -1.475057e-16
   27   56    1.487117e-09   -4.398331e-18
   27   57    1.279315e-07   -1.199116e-16
   27   58    1.607111e-09   -7.568024e-18
   27   59    4.032572e-09    4.458504e-22
   27   60    2.480924e-13   -3.918551e-23
   27   61    6.634141e-15   -3.181338e-20
   27   62    2.753491e-21   -8.714680e-25
   27   63    5.493382e-24   -5.710840e-27
   28   55    1.136002e-25   -1.578476e-26
   28   56    3.599427e-11   -1.952874e-18
   28   57    1.579917e-10   -3.515901e-17
   28   58    3.096360e-07    8.782673e-20
   28   59    3.167913e-08    8.265189e-21
   28   60    1.787201e-06    1.325607e-19
   28   61    1.700418e-09    2.252562e-17
   28   62    2.118133e-09    5.729305e-17
   28   63    1.384223e-14    1.181578e-24
   28   64    3.897583e-14    2.540014e-21
   28   65    4.032819e-21   -1.266136e-26
   28   66    4.895374e-23   -7.078172e-30
   29   58    8.812005e-24   -7.864783e-26
   29   59    2.328777e-17   -8.145397e-21
   29   60    6.758516e-15   -1.355713e-19
   29   61    9.474846e-12   -2.249046e-17
   29   62    1.166587e-12   -5.722944e-17
   29   63    1.605542e-11    2.597592e-19
   29   64    6.626198e-15   -4.129989e-21
   29   65    2.646909e-13    6.235672e-23
   29   66    1.189019e-18   -1.103219e-22
   29   67    3.098626e-19   -3.958176e-26
   29   68    2.012009e-26   -1.854699e-29
   29   69    7.611586e-28   -1.267917e-31
   30   60    5.804201e-21   -1.156161e-24
   30   61    4.259852e-19   -1.361856e-22
   30   62    7.390557e-14   -6.360076e-20
   30   63    2.106550e-14   -2.597590e-19
   30   64    8.113653e-12    1.590040e-21
   30   65    4.618151e-14   -5.740801e-23
   30   66    8.526339e-11    1.104674e-22
   30   67    2.162169e-15    1.108705e-21
   30   68    1.953023e-12    1.451938e-21
   30   69    7.025672e-19   -5.919076e-24
   30   70    1.395824e-19    1.105720e-24
   30   71    2.544413e-27   -4.928890e-31
   30   72    2.550007e-27   -4.349328e-34
   31   63    3.181252e-27   -3.476446e-30
   31   64    4.085516e-23   -7.365599e-27
   31   65    1.572282e-19   -4.911002e-24
   31   66    3.774232e-19   -3.090577e-25
   31   67    1.097439e-14   -1.108227e-21
   31   68    2.069480e-16   -1.411656e-21
   31   69    2.847890e-13    4.454332e-22
   31   70    1.202343e-17   -2.696726e-22
   31   71    1.217859e-16    1.548477e-22
   31   72    7.739008e-23   -4.270181e-29
   31   73    2.407045e-23   -3.917834e-29
   31   74    5.669499e-30   -3.315579e-34
   31   75    4.064494e-29   -9.188549e-33
   32   64    2.938391e-29   -1.313960e-32
   32   65    8.892972e-28   -8.197880e-31
   32   66    1.511505e-21   -5.289290e-27
   32   67    1.053118e-20   -2.654667e-25
   32   68    3.309384e-14   -4.028381e-23
   32   69    2.175536e-15   -4.395137e-22
   32   70    3.006880e-11    2.684460e-22
   32   71    5.370643e-15   -1.392681e-22
   32   72    3.493281e-11    1.466953e-24
   32   73    4.996629e-16    4.251532e-22
   32   74    4.229164e-15    9.167408e-25
   32   75    6.318783e-21   -3.620388e-26
   32   76    2.994565e-22    1.291631e-25
   32   77    3.084848e-29   -2.109696e-35
   32   78    7.477315e-30   -4.033902e-35
   33   69    8.046311e-24   -2.524675e-28
   33   70    5.672644e-22   -5.108721e-27
   33   71    1.274721e-16   -1.541901e-23
   33   72    5.262884e-18    5.563013e-22
   33   73    1.035492e-13    7.057551e-21
   33   74    7.509387e-17   -1.387582e-24
   33   75    1.124798e-14    8.420818e-22
   33   76    4.222668e-19   -2.561511e-25
   33   77    2.113051e-19   -4.299315e-26
   33   78    2.345771e-25   -1.227235e-30
   33   79    1.205249e-26   -6.345924e-31
   33   80    3.013147e-30   -5.646627e-33
   34   69    1.078555e-30   -1.121252e-33
   34   70    4.047445e-25   -4.667615e-30
   34   71    3.253816e-22   -3.263519e-26
   34   72    1.421917e-14   -5.579031e-22
   34   73    6.751320e-15   -7.482573e-21
   34   74    7.189187e-11   -5.169879e-25
   34   75    3.044908e-13   -6.630894e-22
   34   76    1.049743e-10    1.189072e-23
   34   77    1.976680e-14    9.201292e-21
   34   78    3.370093e-13    9.750814e-21
   34   79    7.553303e-18    1.002012e-27
   34   80    1.178113e-18    7.164475e-23
   34   81    3.722565e-24   -9.552601e-29
   34   82    1.548821e-25    2.429712e-27
   35   73    1.971457e-25   -2.785679e-29
   35   74    4.063756e-22   -7.614740e-27
   35   75    3.623655e-17   -1.779477e-22
   35   76    2.608250e-17    7.671668e-22
   35   77    6.621415e-14    2.107897e-20
   35   78    1.324904e-16   -9.751788e-21
   35   79    6.613936e-14    9.580233e-20
   35   80    3.212169e-17   -8.631833e-22
   35   81    8.500547e-17    8.332220e-28
   35   82    1.083989e-20   -4.859642e-27
   35   83    8.264415e-22   -2.724656e-27
   35   84    1.265629e-27   -1.887163e-32
   35   85    1.426953e-26   -2.336001e-30
   36   74    1.710690e-26   -7.062189e-31
   36   75    1.562425e-22   -1.731726e-26
   36   76    1.459340e-15   -7.799102e-22
   36   77    4.740968e-15   -3.027924e-20
   36   78    2.880628e-11    4.006656e-25
   36   79    4.237522e-13   -9.574738e-20
   36   80    9.447042e-11    1.719851e-21
   36   81    1.873042e-13    8.150494e-21
   36   82    8.942700e-12    8.882303e-20
   36   83    3.210745e-15    6.453167e-22
   36   84    1.412898e-14    7.709893e-24
   36   85    4.661054e-19   -1.621344e-29
   36   86    5.639299e-20    2.609418e-28
   36   87    1.251144e-28   -7.704169e-34
   37   77    3.056906e-26   -3.872805e-30
   37   78    7.117234e-24   -1.911900e-28
   37   79    2.616424e-18   -5.440042e-23
   37   80    1.089970e-18   -8.938753e-22
   37   81    4.720355e-15   -5.627957e-21
   37   82    2.354297e-16   -4.410504e-20
   37   83    1.687597e-13    1.084689e-19
   37   84    7.998829e-16   -8.017857e-24
   37   85    8.090476e-14    2.436549e-20
   37   86    2.836224e-16   -5.016760e-24
   37   87    1.256866e-16    2.761013e-30
   37   88    4.784808e-24   -1.272751e-28
   37   89    1.258840e-29   -3.944571e-34
   38   78    3.939784e-28   -7.013982e-32
   38   79    6.190426e-25   -1.306167e-28
   38   80    7.994507e-18   -3.569284e-23
   38   81    1.186071e-16   -2.521264e-21
   38   82    3.437980e-12   -4.471813e-20
   38   83    4.481623e-13   -1.091131e-19
   38   84    1.799625e-10   -1.912855e-24
   38   85    4.790209e-12   -2.193873e-20
   38   86    1.249432e-10    4.912419e-22
   38   87    1.855744e-12    2.357809e-20
   38   88    5.679367e-11    4.173643e-22
   38   89    1.997655e-17   -1.141523e-25
   38   90    5.547922e-22   -3.365958e-33
   38   91    7.811469e-30   -5.836098e-36
   39   81    2.924798e-30   -1.206089e-33
   39   82    5.005275e-26   -1.717761e-28
   39   83    1.621776e-20   -1.087013e-24
   39   84    8.045944e-21   -8.474696e-26
   39   85    8.214035e-16   -2.423597e-21
   39   86    9.066834e-16    4.365134e-22
   39   87    2.375705e-13   -8.913157e-21
   39   88    1.349484e-13    2.179382e-20
   39   89    2.212039e-11    2.470433e-19
   39   90    7.341498e-17   -9.034006e-24
   39   91    5.426552e-21   -2.979166e-29
   39   92    1.965942e-27   -4.387127e-33
   39   93    1.709724e-30   -1.330657e-36
   40   82    3.052351e-29   -5.605194e-45
   40   83    2.467548e-29   -1.689607e-32
   40   84    6.505974e-22   -1.195625e-26
   40   85    1.666460e-20   -1.005700e-24
   40   86    1.924545e-15   -9.228652e-22
   40   87    3.114700e-15   -1.466463e-20
   40   88    5.622075e-12   -2.221131e-20
   40   89    2.445790e-12   -2.470038e-19
   40   90    4.343012e-10    7.672100e-23
   40   91    1.307038e-14    6.147199e-25
   40   92    1.155491e-17    3.332167e-29
   40   93    3.374641e-23    1.888036e-32
   40   94    4.628697e-27    1.113663e-37
   41   87    3.338027e-25   -4.226930e-29
   41   88    1.780178e-22   -5.807966e-27
   41   89    1.008746e-17   -3.930737e-23
   41   90    1.256249e-16   -6.769075e-23
   41   91    1.191921e-13    7.178771e-23
   41   92    4.044631e-17   -2.346969e-20
   41   93    2.151901e-19    9.986428e-30
   41   94    4.625008e-24    2.166732e-33
   41   95    2.872003e-27   -2.701451e-35
   41   96    1.906933e-30   -6.458646e-37
   42   88    8.583667e-27   -5.093846e-31
   42   89    1.724484e-24   -3.867841e-28
   42   90    2.377669e-19   -3.386376e-25
   42   91    2.346478e-18   -7.194731e-23
   42   92    2.132005e-14    2.346969e-20
   42   93    3.985207e-17    2.479445e-26
   42   94    2.138131e-18    5.108198e-28
   42   95    1.855276e-22    7.497043e-29
   42   96    1.168961e-24    1.217729e-32
   42   97    5.199888e-30    5.986184e-39
   43   91    3.540790e-29   -5.365698e-33
   43   92    6.561524e-26   -7.329520e-30
   43   93    8.594539e-21   -2.472874e-26
   43   94    3.151945e-22   -2.879781e-28
   43   95    1.894644e-22   -6.084896e-29
   43   96    1.581428e-25   -1.275791e-32
   43   97    6.187183e-27    6.879053e-39
   43   98    1.090907e-29    0.000000e+00
   43   99    4.698093e-26    0.000000e+00
   44   93    3.903558e-29   -1.862529e-32
   44   94    2.425259e-23   -2.221320e-28
   44   95    2.927505e-24   -1.410991e-29
   44   96    1.262550e-23    5.914382e-34
   44   97    4.330854e-26    1.161317e-37
   44   98    1.784846e-26    0.000000e+00
   44   99    5.635850e-29    0.000000e+00
   44  100    5.332219e-26    0.000000e+00
   45   97    1.158077e-30   -1.198215e-41
   45   99    8.303077e-30    0.000000e+00
   45  100    8.989357e-29    0.000000e+00
    0    1    2.240714e-25   -1.257971e-25
    1    1    3.842244e-20   -1.385410e-20
    2    4    2.181616e-17   -5.463433e-18
