2.6170e-01
1.5574e-04
3.4084e+00
7.7472e+05
    1    2    4.156492e-18    2.035115e-19
    1    3    1.113900e-17    2.515095e-19
    2    3    4.769747e-16    2.281934e-17
    3    6    3.896550e-19    1.777526e-20
    3    7    9.861085e-22    2.587551e-23
    4    7    5.439523e-21    3.160178e-22
    4    9    2.572333e-21    1.152657e-22
    4   10    3.369291e-21    2.546063e-23
    5   10    4.568090e-17    1.761181e-18
    5   11    9.845359e-14   -5.234370e-16
    5   12    1.701124e-23    7.845455e-26
    6   11    9.351885e-14    2.189424e-15
    6   12    2.425725e-05    2.866907e-07
    6   13    1.996904e-10    2.658453e-12
    6   14    2.516209e-11   -2.504332e-13
    6   15    9.295170e-24    6.125822e-26
    7   12    9.091379e-25    5.249775e-26
    7   13    6.098877e-14    2.627082e-15
    7   14    6.485629e-09    6.519363e-11
    7   15    3.776018e-11    4.422647e-14
    7   16    1.177068e-21    1.940214e-23
    7   17    5.495823e-28    1.078618e-29
    8   14    3.540361e-19    2.340526e-20
    8   15    8.770066e-12    2.788161e-13
    8   16    5.131631e-02   -3.848646e-05
    8   17    9.715876e-10    7.090704e-12
    8   18    1.221425e-14   -8.521414e-17
    8   19    1.783672e-22    9.283915e-26
    8   20    4.050290e-26    5.363578e-28
    9   16    4.982509e-24    3.462865e-25
    9   17    4.043386e-12    1.394455e-13
    9   18    1.466354e-13    4.582336e-15
    9   19    5.677725e-14    2.335960e-15
    9   20    3.057261e-18    1.159571e-19
    9   21    2.141081e-20    3.137294e-23
    9   22    2.058773e-27   -5.179458e-29
   10   18    6.496037e-19    3.886828e-20
   10   19    4.236955e-17    2.392185e-18
   10   20    2.717207e-06    5.750137e-08
   10   21    2.639260e-10    1.824082e-12
   10   22    1.000418e-10   -4.640567e-12
   10   23    7.058428e-17   -1.979761e-18
   10   24    3.212387e-19   -6.189304e-21
   10   25    2.224863e-27   -2.525539e-29
   11   19    3.001343e-30    2.870922e-31
   11   20    1.282142e-25    1.090170e-26
   11   21    9.953487e-14    5.078553e-15
   11   22    1.182245e-11    2.061139e-13
   11   23    1.546097e-08    3.070110e-10
   11   24    7.377576e-13   -3.885581e-15
   11   25    1.206800e-14   -7.531764e-16
   11   26    5.735602e-21   -3.396729e-22
   11   27    3.871628e-26   -2.360099e-27
   12   22    3.933422e-18    2.776117e-19
   12   23    4.651609e-10    8.124197e-12
   12   24    2.109687e-04   -1.124772e-05
   12   25    1.937198e-07   -1.054076e-08
   12   26    3.536276e-07   -2.160061e-08
   12   27    8.720068e-12   -4.891333e-13
   12   28    1.091717e-14   -8.534382e-16
   12   29    3.517825e-23   -2.396190e-24
   12   30    3.128685e-29   -2.138988e-30
   13   23    5.930654e-29    6.179658e-30
   13   24    8.222689e-19    3.994812e-20
   13   25    4.761716e-12   -9.977482e-14
   13   26    2.459411e-09   -2.330248e-11
   13   27    1.480334e-05   -7.375484e-07
   13   28    3.049972e-09   -1.896925e-10
   13   29    3.807525e-11   -1.496487e-12
   13   30    3.601406e-17   -1.283495e-18
   13   31    1.052195e-21   -3.885604e-23
   13   32    3.411110e-30   -9.733708e-32
   14   25    9.468795e-26    7.080408e-27
   14   26    1.999579e-15    8.551329e-17
   14   27    1.792576e-08    1.412230e-10
   14   28    4.774247e-03    2.742274e-05
   14   29    7.201554e-05   -2.020257e-07
   14   30    2.562918e-04   -3.705536e-06
   14   31    1.230102e-08   -1.454240e-10
   14   32    2.140802e-10   -5.317263e-12
   14   33    9.180086e-18   -1.619955e-19
   14   34    5.113573e-22   -9.299868e-24
   15   27    2.138605e-25    1.628863e-26
   15   28    5.177020e-17    2.016423e-18
   15   29    1.746016e-10    6.124287e-12
   15   30    4.145614e-08    5.493032e-10
   15   31    4.437585e-05    3.001630e-07
   15   32    1.591021e-07   -7.818455e-10
   15   33    6.938752e-08   -7.725499e-10
   15   34    6.075816e-13   -5.362628e-15
   15   35    9.979962e-16   -4.022936e-18
   15   36    1.136995e-24    7.136023e-27
   15   37    8.590036e-30    5.204672e-32
   16   29    3.685977e-24    2.424022e-25
   16   30    4.160443e-15    1.744457e-16
   16   31    1.771504e-08    1.488216e-11
   16   32    3.494598e-04    2.589348e-06
   16   33    1.596086e-05    1.288264e-07
   16   34    3.890968e-04    2.734378e-06
   16   35    7.397080e-08    5.164504e-10
   16   36    1.305345e-08   -9.056655e-11
   16   37    5.657337e-16    4.310962e-19
   16   38    9.564605e-20   -9.738543e-24
   16   39    2.747937e-27    2.007718e-29
   17   31    8.235926e-26    6.307298e-27
   17   32    1.710914e-17    5.739431e-19
   17   33    5.172023e-12    1.963143e-13
   17   34    1.475287e-09    4.665727e-11
   17   35    6.354206e-06    1.665301e-07
   17   36    7.752865e-08    1.169355e-09
   17   37    1.449549e-07    1.867287e-09
   17   38    5.819632e-13    9.252345e-15
   17   39    5.898034e-16    8.027168e-18
   17   40    8.603926e-22    1.461822e-23
   17   41    2.899744e-25    4.047621e-27
   18   33    1.268630e-24    7.688914e-26
   18   34    1.664894e-17    9.825564e-19
   18   35    7.510237e-13    3.872885e-14
   18   36    7.313321e-06    2.323908e-07
   18   37    4.669809e-07    1.588860e-08
   18   38    3.458923e-05    1.198972e-06
   18   39    3.507925e-09    1.256367e-10
   18   40    3.423113e-10    7.289569e-12
   18   41    9.241961e-15    2.205321e-16
   18   42    1.049529e-16    2.155128e-18
   18   43    2.635846e-22    6.414566e-24
   18   44    7.146808e-25    1.509024e-26
   19   35    1.545611e-28    1.446750e-29
   19   36    5.783873e-22    4.772422e-23
   19   37    2.539910e-14    1.590176e-15
   19   38    5.565904e-11    3.149519e-12
   19   39    5.756857e-07    3.081866e-08
   19   40    1.615398e-09    7.883449e-11
   19   41    5.050865e-10    2.040548e-11
   19   42    6.334473e-13    2.511992e-14
   19   43    5.562491e-14    2.018778e-15
   19   44    1.268774e-17    4.392903e-19
   19   45    7.841695e-20    1.578865e-21
   19   46    3.735625e-24    7.512109e-26
   19   47    2.611291e-27    6.597555e-30
   20   37    1.650755e-29    1.795712e-30
   20   38    4.998480e-20    4.275919e-21
   20   39    1.361574e-14    1.043570e-15
   20   40    2.285811e-07    1.333545e-08
   20   41    9.997746e-09    6.012696e-10
   20   42    2.314449e-07    1.233054e-08
   20   43    2.658718e-09    1.353654e-10
   20   44    3.345621e-09    1.043217e-10
   20   45    6.685479e-12    1.945204e-13
   20   46    1.056833e-12    8.826313e-15
   20   47    7.832225e-16    9.223675e-19
   20   48    1.509469e-17   -7.065286e-19
   20   49    5.377036e-24   -2.223955e-25
   20   50    9.097512e-30   -3.536244e-31
   21   40    3.592568e-25    3.934605e-26
   21   41    1.120170e-16    1.010863e-17
   21   42    1.334166e-14    1.136077e-15
   21   43    8.204028e-11    6.220739e-12
   21   44    6.138923e-11    4.204545e-12
   21   45    9.346874e-10    4.416874e-11
   21   46    2.437137e-11    8.074906e-13
   21   47    6.319789e-12   -1.222979e-13
   21   48    4.814013e-14   -1.414939e-15
   21   49    8.135399e-15   -4.842515e-16
   21   50    3.226204e-20   -1.817776e-21
   21   51    3.698749e-25   -2.060386e-26
   22   42    7.724973e-24    8.856356e-25
   22   43    2.240876e-19    2.391401e-20
   22   44    4.601697e-11    3.956145e-12
   22   45    5.717085e-11    4.210010e-12
   22   46    1.451296e-08    8.725282e-11
   22   47    2.552593e-09   -1.255515e-11
   22   48    2.254768e-08   -9.095324e-10
   22   49    3.534385e-10   -1.578770e-11
   22   50    2.719579e-10   -1.046067e-11
   22   51    6.315763e-15   -2.307487e-16
   22   52    1.314294e-18   -5.042085e-20
   22   53    1.236178e-24   -4.181595e-26
   22   54    7.730984e-30   -2.579856e-31
   23   44    5.623378e-28    7.586687e-29
   23   45    2.744417e-19    3.169930e-20
   23   46    8.570762e-16    8.179530e-17
   23   47    1.230882e-11    3.508068e-13
   23   48    6.073668e-11    6.949834e-13
   23   49    4.050130e-09   -8.952737e-11
   23   50    3.742441e-10   -1.017320e-11
   23   51    1.983427e-09   -4.720437e-12
   23   52    8.715180e-13   -2.538664e-15
   23   53    2.653567e-15   -7.901485e-18
   23   54    6.397779e-21    1.088974e-25
   23   55    7.488139e-25   -4.048682e-28
   24   46    3.791677e-25    5.161750e-26
   24   47    4.089660e-20    4.734119e-21
   24   48    7.460882e-13    2.635604e-14
   24   49    1.573261e-11    1.134135e-13
   24   50    1.597318e-08    9.048361e-11
   24   51    6.428526e-09    1.283161e-10
   24   52    5.572193e-07    3.041574e-08
   24   53    3.076133e-09    1.585152e-10
   24   54    9.341983e-10    2.375552e-11
   24   55    1.881881e-14    5.193214e-16
   24   56    1.180338e-17    2.723764e-19
   24   57    1.025904e-23    2.854855e-25
   24   58    2.952050e-28    7.811236e-30
   25   48    1.191292e-28    1.706791e-29
   25   49    9.292559e-21    6.054974e-22
   25   50    1.132990e-16    3.621850e-18
   25   51    1.046732e-11    3.041698e-13
   25   52    8.203975e-11    4.095322e-12
   25   53    4.634467e-08    3.136188e-09
   25   54    7.218368e-09    3.412431e-10
   25   55    2.839336e-08    6.095745e-10
   25   56    9.101395e-12    1.931704e-13
   25   57    4.792209e-14    7.709665e-16
   25   58    3.910437e-19    7.027324e-21
   25   59    1.756708e-22    2.018858e-24
   25   60    1.073085e-28    1.689347e-30
   26   50    2.200168e-27    1.958040e-28
   26   51    3.346076e-21    1.819491e-22
   26   52    8.506656e-14    6.243458e-15
   26   53    5.969706e-12    5.541408e-13
   26   54    2.830039e-07    1.424507e-08
   26   55    2.716471e-07    1.078602e-08
   26   56    8.392252e-06    2.152350e-07
   26   57    3.661466e-08    7.446736e-10
   26   58    5.946910e-08   -1.523210e-09
   26   59    3.881265e-12   -9.390026e-14
   26   60    2.472694e-14   -7.093517e-16
   26   61    4.197771e-20   -1.029218e-21
   26   62    1.596421e-23   -4.314768e-25
   26   63    3.715551e-30   -7.717195e-32
   27   53    1.967773e-22    2.026765e-23
   27   54    2.711797e-17    3.075916e-18
   27   55    1.072754e-10    7.674204e-12
   27   56    6.525347e-10    3.858685e-11
   27   57    7.543551e-08    3.011113e-09
   27   58    1.068923e-08    6.111118e-11
   27   59    1.726554e-07   -3.440754e-09
   27   60    1.600529e-10   -3.260516e-12
   27   61    9.403760e-12   -2.582227e-13
   27   62    2.977641e-16   -7.682762e-18
   27   63    9.935977e-19   -3.702998e-20
   27   64    2.425938e-24   -8.238482e-26
   27   65    7.130909e-28   -3.900839e-29
   28   54    1.849036e-29    2.343418e-30
   28   55    2.726553e-22    3.591380e-23
   28   56    1.364779e-12    1.123352e-13
   28   57    3.196991e-11    1.942670e-12
   28   58    2.087354e-07    2.801640e-10
   28   59    1.834611e-07   -5.689843e-10
   28   60    1.404116e-05   -2.367689e-07
   28   61    1.140127e-07   -2.309252e-09
   28   62    2.130298e-07   -2.147123e-08
   28   63    5.468920e-11   -5.481956e-12
   28   64    4.432544e-11   -6.983638e-12
   28   65    9.418385e-16   -1.452553e-16
   28   66    6.915703e-18   -1.090918e-18
   28   67    1.525564e-23   -2.337710e-24
   28   68    4.641562e-27   -7.115938e-28
   29   57    8.786131e-23    1.005153e-23
   29   58    1.019637e-18    8.967116e-20
   29   59    1.642565e-13    4.783731e-15
   29   60    2.759004e-12    6.087684e-14
   29   61    1.212844e-09    9.223808e-12
   29   62    1.541212e-10   -6.354746e-13
   29   63    1.625186e-09   -1.330262e-10
   29   64    9.082694e-12   -9.481574e-13
   29   65    2.767639e-10   -4.167782e-11
   29   66    4.861312e-14   -7.266297e-15
   29   67    3.783136e-15   -5.454855e-16
   29   68    4.415681e-20   -6.148223e-21
   29   69    2.804992e-22   -3.499041e-23
   29   70    2.782292e-28   -3.283814e-29
   29   71    1.553142e-29   -2.102836e-30
   29   73    2.372974e-29   -8.407791e-44
   30   59    2.325001e-26    2.655435e-27
   30   60    2.808403e-18    1.472821e-19
   30   61    2.145791e-16    9.378274e-18
   30   62    1.612402e-12    4.076802e-14
   30   63    1.355727e-12   -4.438508e-14
   30   64    1.569487e-09   -2.083101e-10
   30   65    1.716964e-10   -2.321872e-11
   30   66    2.553151e-08   -3.717753e-09
   30   67    2.189010e-11   -3.080024e-12
   30   68    5.537060e-10   -7.203308e-11
   30   69    2.808081e-14   -3.572793e-15
   30   70    7.755461e-16   -1.031824e-16
   30   71    7.354214e-21   -9.485201e-22
   30   72    6.386440e-23   -8.262805e-24
   30   73    1.331427e-28   -1.652845e-29
   30   74    2.474468e-29   -3.412592e-30
   31   61    2.882242e-29    2.488305e-30
   31   62    7.548228e-24    5.443197e-25
   31   63    1.397437e-19    7.586825e-21
   31   64    2.654977e-18   -1.699436e-20
   31   65    1.381162e-14   -1.419558e-15
   31   66    2.021806e-14   -2.175463e-15
   31   67    1.859707e-11   -2.199099e-12
   31   68    2.269679e-12   -2.573851e-13
   31   69    2.251096e-10   -2.730886e-11
   31   70    1.241386e-13   -1.514750e-14
   31   71    1.712475e-13   -2.177953e-14
   31   72    9.548447e-18   -1.192415e-18
   31   73    2.367410e-18   -2.998656e-19
   31   74    5.301855e-23   -6.595798e-24
   31   75    2.976178e-25   -3.725600e-26
   31   77    2.539757e-30   -1.184368e-30
   31   79    1.004012e-29   -3.422737e-37
   32   64    1.084442e-24    6.951983e-26
   32   65    4.536880e-23   -4.094490e-25
   32   66    9.622695e-18   -8.191847e-19
   32   67    7.899878e-16   -7.746304e-17
   32   68    5.670414e-11   -6.649524e-12
   32   69    1.652587e-11   -1.909434e-12
   32   70    8.413307e-09   -1.068890e-09
   32   71    4.368717e-11   -5.395669e-12
   32   72    6.274521e-09   -8.118424e-10
   32   73    3.552669e-12   -4.575201e-13
   32   74    2.048100e-12   -2.718796e-13
   32   75    2.402281e-16   -3.152206e-17
   32   76    6.469198e-18   -8.758459e-19
   32   77    1.230709e-22   -1.632728e-23
   32   78    2.468657e-25   -3.313965e-26
   32   79    1.044016e-30   -1.361102e-31
   33   66    2.753853e-30    5.337439e-32
   33   67    1.841375e-25   -9.601098e-27
   33   68    3.130249e-22   -2.113228e-23
   33   69    1.194059e-16   -1.027348e-17
   33   70    3.207085e-16   -2.794957e-17
   33   71    1.095600e-12   -1.092953e-13
   33   72    1.975977e-13   -2.005903e-14
   33   73    9.876673e-11   -1.103716e-11
   33   74    6.722298e-13   -7.765778e-14
   33   75    9.890861e-12   -1.240044e-12
   33   76    5.883765e-15   -7.417216e-16
   33   77    2.571054e-15   -3.095562e-16
   33   78    8.465514e-20   -1.010317e-20
   33   79    4.402793e-21   -4.772005e-22
   33   80    1.042153e-25   -1.106404e-26
   33   81    3.019632e-28   -3.261353e-29
   34   68    1.736994e-29   -5.096356e-31
   34   69    4.142426e-27   -1.797102e-28
   34   70    1.502941e-19   -1.301781e-20
   34   71    7.400304e-17   -7.086498e-18
   34   72    1.361614e-11   -1.524130e-12
   34   73    1.672088e-11   -1.857788e-12
   34   74    1.296627e-08   -1.597430e-09
   34   75    3.471925e-10   -4.283155e-11
   34   76    1.190320e-08   -1.354227e-09
   34   77    3.314208e-11   -3.785115e-12
   34   78    6.555333e-11   -5.365770e-12
   34   79    4.225454e-14   -3.447526e-15
   34   80    3.292050e-15   -2.792703e-16
   34   81    5.652244e-19   -4.729205e-20
   34   82    8.222856e-21   -6.998044e-22
   34   83    6.548852e-26   -5.347705e-27
   34   84    1.595994e-27    1.817007e-28
   35   71    1.416308e-27   -7.368225e-29
   35   72    9.756006e-24   -6.293959e-25
   35   73    1.194029e-17   -9.543000e-19
   35   74    1.226892e-16   -1.014652e-17
   35   75    5.329940e-13   -5.018565e-14
   35   76    1.614923e-13   -1.365122e-14
   35   77    4.383802e-11   -3.025842e-12
   35   78    5.382726e-13   -3.432510e-14
   35   79    4.387887e-11   -2.581218e-12
   35   80    1.552451e-13   -9.465465e-15
   35   81    1.580415e-13   -9.697346e-15
   35   82    1.865299e-16   -1.169984e-17
   35   83    1.667505e-17   -8.999996e-19
   35   84    1.350153e-21   -7.086032e-23
   35   85    1.567627e-23   -7.093037e-25
   35   86    4.654324e-30   -1.805552e-31
   35   87    4.494026e-30   -5.349252e-31
   36   73    4.741059e-28   -1.743300e-29
   36   74    3.855130e-21   -1.670000e-22
   36   75    5.151250e-18   -1.788830e-19
   36   76    5.939520e-13   -2.680739e-14
   36   77    2.558862e-12   -1.209911e-13
   36   78    2.776792e-09   -1.640844e-10
   36   79    2.117037e-10   -1.240346e-11
   36   80    7.496265e-09   -4.194024e-10
   36   81    1.090312e-10   -5.960728e-12
   36   82    9.052606e-10   -1.811848e-11
   36   83    3.699082e-12   -7.845857e-14
   36   84    5.956526e-12   -1.216477e-13
   36   85    3.943444e-15   -8.162391e-17
   36   86    4.494667e-16   -1.192045e-17
   36   87    8.825526e-22   -1.950361e-23
   36   88    1.110323e-26   -2.394519e-28
   37   75    4.901248e-29   -5.416267e-31
   37   76    8.427528e-25   -4.835839e-27
   37   77    3.012476e-19   -4.727724e-21
   37   78    2.367460e-18   -4.688624e-20
   37   79    4.213163e-14   -1.326416e-15
   37   80    8.589433e-15   -2.605265e-16
   37   81    4.423632e-12   -5.260385e-14
   37   82    7.853580e-13    3.737571e-15
   37   83    1.035647e-10    3.732411e-13
   37   84    2.123851e-12   -2.036741e-15
   37   85    6.120481e-11   -7.954517e-13
   37   86    8.416555e-13   -1.417075e-14
   37   87    5.826395e-13   -1.540945e-14
   37   88    5.962082e-18   -1.386765e-19
   37   89    2.373349e-22   -5.590042e-24
   37   90    2.976635e-28   -5.800373e-30
   38   77    1.652819e-29    3.768370e-31
   38   78    5.608435e-23    1.440455e-24
   38   79    5.387286e-20    1.918799e-21
   38   80    7.522326e-15    1.974225e-16
   38   81    8.344283e-14    1.976803e-15
   38   82    2.653930e-10    2.878764e-12
   38   83    1.081390e-10    7.402140e-13
   38   84    1.218760e-08   -3.439989e-11
   38   85    1.368158e-09   -9.915761e-12
   38   86    2.353637e-08   -4.714019e-10
   38   87    1.546195e-09   -4.075228e-11
   38   88    1.510073e-08   -8.031721e-10
   38   89    5.018928e-13   -2.567092e-14
   38   90    8.387234e-17   -4.425651e-18
   38   91    5.177763e-22   -2.546369e-23
   38   92    8.184367e-27   -4.076310e-28
   39   79    1.499198e-30    8.348917e-32
   39   80    3.131200e-27    1.984420e-28
   39   81    6.561645e-22    3.585610e-23
   39   82    5.530342e-20    2.790657e-21
   39   83    1.072607e-15    4.026196e-17
   39   84    4.769136e-16    1.594831e-17
   39   85    1.168905e-12    2.583499e-14
   39   86    8.335963e-13    1.279375e-14
   39   87    7.687383e-11   -4.584192e-14
   39   88    5.524846e-11   -7.006651e-13
   39   89    1.616022e-09   -5.107751e-11
   39   90    2.569958e-13   -7.777302e-15
   39   91    1.014152e-16   -3.335882e-18
   39   92    1.898650e-21   -6.097410e-23
   39   93    2.365645e-25   -7.531002e-27
   39   94    3.703894e-30   -1.088225e-31
   40   82    1.007940e-25    7.737698e-27
   40   83    3.794967e-24    2.712028e-25
   40   84    4.521606e-19    2.549145e-20
   40   85    5.091490e-18    2.511080e-19
   40   86    2.605070e-14    6.916303e-16
   40   87    9.573256e-14    1.801918e-15
   40   88    3.594361e-11    1.032004e-13
   40   89    4.508253e-11   -1.538543e-13
   40   90    4.991760e-09   -8.414002e-11
   40   91    2.846087e-12   -4.902958e-14
   40   92    7.674777e-15   -1.615000e-16
   40   93    9.290373e-19   -1.909310e-20
   40   94    4.745625e-22   -1.110321e-23
   40   95    2.260635e-26   -4.942275e-28
   40   96    1.862787e-29   -3.078330e-36
   41   84    1.566362e-30    1.541276e-31
   41   85    7.925762e-27    6.770364e-28
   41   86    1.390227e-24    1.062827e-25
   41   87    2.276710e-20    1.227253e-21
   41   88    7.215165e-19    3.224800e-20
   41   89    1.888242e-15    5.332926e-17
   41   90    1.251213e-14    2.560152e-16
   41   91    3.944110e-12    2.648823e-14
   41   92    1.063002e-14    5.136298e-17
   41   93    1.247097e-16    5.570266e-21
   41   94    5.333858e-20   -2.403902e-23
   41   95    8.557765e-23   -3.899704e-25
   41   96    1.061226e-26   -3.992746e-29
   41   97    2.899852e-26   -6.196608e-28
   42   87    2.424856e-29    2.341437e-30
   42   88    2.627600e-24    1.896724e-25
   42   89    4.265338e-22    2.659043e-23
   42   90    2.480206e-18    1.143100e-19
   42   91    4.473703e-17    1.709223e-18
   42   92    5.057735e-14    1.171921e-15
   42   93    5.722084e-16    1.173516e-17
   42   94    5.177133e-17    7.151010e-19
   42   95    6.928018e-20    9.020898e-22
   42   96    7.436114e-22    5.521755e-24
   42   97    1.492727e-25    1.242265e-27
   42   98    2.648375e-28    9.837803e-31
   43   90    9.503767e-30    8.602893e-31
   43   91    1.607759e-24    1.176442e-25
   43   92    2.021178e-22    1.290049e-23
   43   93    9.484114e-19    4.601251e-20
   43   94    4.882151e-20    2.174398e-21
   43   95    1.949680e-20    6.973358e-22
   43   96    1.091213e-22    3.638937e-24
   43   97    5.150469e-24    1.244482e-25
   43   98    2.530359e-27    5.993363e-29
   43   99    5.961640e-26   -8.816035e-28
   43  100    4.076522e-28   -2.445117e-33
   44   92    4.352066e-29    4.067975e-30
   44   93    1.419885e-26    1.121341e-27
   44   94    2.433922e-22   -2.211690e-23
   44   95    9.275008e-23   -8.512079e-23
   44   96    6.478384e-22   -1.141743e-21
   44   97    1.653189e-23   -3.083214e-23
   44   98    2.213505e-23   -4.867239e-23
   44   99    5.946194e-26   -1.317602e-25
   44  100    2.970541e-27   -1.184455e-26
   44  101    1.563819e-28   -8.560541e-32
   45   95    1.180314e-28   -8.604173e-30
   45   96    1.154894e-28   -1.081564e-28
   45   97    5.847385e-26   -1.274489e-25
   45   98    2.451683e-26   -5.483473e-26
   45   99    2.766024e-24   -6.293410e-24
   45  100    1.954958e-26   -4.681385e-26
   45  101    6.309756e-25    5.354158e-25
   45  102    9.141289e-28    8.359230e-28
   45  103    4.671355e-26   -2.559514e-28
   46   97    1.590093e-27   -3.465860e-27
   46   98    5.506257e-25   -1.238789e-24
   46   99    3.400368e-24   -7.665654e-24
   46  100    7.333736e-23   -1.674217e-22
   46  101    3.487958e-24   -8.002609e-24
   46  102    6.381659e-24   -1.473544e-23
   46  103    3.436791e-26   -7.433401e-26
   46  104    1.230008e-26   -1.857122e-28
   46  105    5.226255e-28    4.637482e-28
   47  101    1.350907e-28   -2.963233e-28
   47  102    2.249700e-29   -3.420340e-28
   47  103    1.359174e-26   -3.894192e-26
   47  104    2.179593e-26    2.031411e-26
   47  105    3.806878e-26   -6.137926e-25
   47  106    1.177359e-28   -3.168493e-27
   48  101    8.748572e-30   -7.934071e-30
   48  102    9.341041e-27   -1.066069e-26
   48  103    1.828828e-26   -1.477807e-26
   48  104    2.706716e-25   -7.440664e-25
   48  105    4.880846e-26   -1.426006e-25
   48  106    4.369952e-25   -1.384161e-24
   48  107    6.235373e-27   -2.568894e-26
   48  108    7.491041e-26   -2.042577e-32
   49  107    1.471988e-30   -7.330499e-30
   49  108    3.173988e-29   -1.308347e-30
   49  109    3.286679e-25    3.093354e-25
   49  110    1.220111e-26    2.939184e-27
   50  107    2.664547e-28   -2.398070e-28
   50  108    4.053263e-27   -9.614815e-27
   50  109    1.695191e-26   -2.595788e-26
   50  110    2.084557e-25   -4.221495e-25
   50  111    7.394196e-27   -1.564441e-26
    0    1    3.438502e-10    6.438754e-12
    1    1    2.382432e-07    8.626234e-09
    2    4    2.415381e-06    8.237358e-08
