2.4645e-01
1.1046e-04
2.8674e+00
4.7606e+05
    1    2    3.818069e-19   -4.892815e-20
    1    3    9.562983e-19   -1.327708e-19
    2    3    3.522401e-17   -5.088915e-18
    3    6    1.794612e-21   -4.689124e-23
    3    7    1.077155e-23   -1.056785e-24
    4    7    3.689780e-23   -4.261405e-24
    4    9    2.196562e-22   -5.781968e-24
    4   10    1.183603e-22   -4.031727e-24
    5   10    1.270492e-18   -5.953670e-20
    5   11    2.716337e-14   -1.615648e-15
    5   12    4.868763e-24   -6.688894e-25
    6   11    1.693977e-15   -6.422258e-17
    6   12    4.955533e-04   -6.889445e-06
    6   13    1.973937e-10   -1.498259e-11
    6   14    2.231459e-11   -1.622620e-12
    6   15    2.001141e-24   -2.704430e-25
    7   12    3.540722e-27   -3.551985e-28
    7   13    6.268574e-13   -5.328811e-14
    7   14    4.594898e-09   -3.396500e-10
    7   15    4.607321e-11    2.506968e-13
    7   16    7.633825e-22   -4.794349e-23
    7   17    1.995138e-27   -3.318129e-28
    8   14    1.020770e-17   -1.868915e-18
    8   15    2.252345e-11   -2.910374e-12
    8   16    5.229223e-02    1.670202e-05
    8   17    1.691908e-09   -1.365624e-10
    8   18    2.228157e-13   -2.517532e-14
    8   19    4.479075e-21   -8.759740e-22
    8   20    2.864762e-26   -3.526506e-27
    9   16    1.115937e-24   -2.070729e-25
    9   17    8.748878e-13   -5.212280e-14
    9   18    1.384451e-12   -2.374159e-13
    9   19    2.823207e-13   -4.109187e-14
    9   20    1.608831e-17   -2.628527e-18
    9   21    4.251494e-20   -2.818020e-21
    9   22    2.001283e-27   -1.591233e-28
   10   18    2.571228e-19   -3.867089e-20
   10   19    5.133711e-16   -1.169247e-16
   10   20    1.314976e-04   -1.644506e-05
   10   21    1.212700e-08   -1.494942e-09
   10   22    7.654580e-10   -3.461220e-11
   10   23    1.442666e-15   -1.528512e-16
   10   24    1.307038e-17   -6.157769e-19
   10   25    1.585609e-25   -2.084199e-26
   11   20    9.692355e-25   -3.072222e-25
   11   21    3.166015e-12   -6.565164e-13
   11   22    4.408449e-10   -3.102341e-11
   11   23    1.327342e-06   -7.000242e-08
   11   24    1.101150e-10   -7.178227e-12
   11   25    6.092518e-14   -1.854870e-15
   11   26    1.070780e-19   -1.156964e-20
   11   27    1.045146e-24   -1.227641e-25
   12   22    5.375305e-16   -1.632037e-16
   12   23    6.274417e-08    3.307115e-09
   12   24    1.006727e-03   -1.166510e-05
   12   25    7.852455e-06   -4.295883e-07
   12   26    5.004253e-06   -2.643487e-07
   12   27    1.948250e-10   -1.405099e-11
   12   28    1.602977e-13   -4.519871e-15
   12   29    6.419805e-22   -6.887809e-23
   12   30    2.777116e-27   -4.718712e-28
   13   23    1.313657e-27   -4.961486e-28
   13   24    5.470954e-17   -7.292771e-19
   13   25    1.414789e-11   -1.201320e-12
   13   26    3.442821e-07   -3.551366e-08
   13   27    1.509065e-04   -1.724789e-06
   13   28    1.020793e-07   -3.885594e-09
   13   29    4.370634e-10   -2.061319e-11
   13   30    1.746485e-15   -2.337020e-16
   13   31    9.297025e-20   -1.342695e-20
   13   32    5.076482e-28   -1.201139e-28
   14   25    8.403960e-24   -8.039750e-25
   14   26    5.039911e-13    6.586316e-15
   14   27    7.316655e-08    4.627331e-09
   14   28    2.861295e-03    1.215762e-05
   14   29    1.777211e-04   -1.343498e-06
   14   30    4.000302e-04   -3.422221e-07
   14   31    3.234771e-08   -3.765775e-10
   14   32    4.022959e-10    1.934444e-12
   14   33    3.692665e-17   -2.874776e-18
   14   34    1.548719e-21   -1.085574e-22
   15   27    1.247635e-23   -5.896353e-25
   15   28    1.134533e-16   -3.389559e-19
   15   29    8.776801e-11   -6.284477e-12
   15   30    4.399904e-07   -2.900998e-08
   15   31    7.662107e-05   -5.365373e-08
   15   32    2.451717e-07    9.867791e-10
   15   33    1.604531e-07    1.434629e-09
   15   34    7.656794e-12   -5.394971e-13
   15   35    2.469919e-15   -1.618377e-16
   15   36    2.863758e-24   -4.155487e-25
   15   37    1.539317e-28   -3.435084e-29
   16   29    9.886814e-24   -8.273070e-25
   16   30    2.497037e-14   -1.648348e-16
   16   31    3.406005e-09    1.658400e-10
   16   32    6.019629e-04    3.864279e-06
   16   33    3.308132e-05    2.449137e-07
   16   34    9.030229e-05    2.755619e-06
   16   35    2.266163e-07   -1.215188e-08
   16   36    7.900691e-08   -8.441520e-10
   16   37    6.386182e-15   -5.950265e-16
   16   38    1.340642e-18   -1.284586e-19
   16   39    7.537034e-26   -1.401046e-26
   16   40    1.421652e-29   -1.634872e-29
   17   31    8.406072e-26   -5.419146e-27
   17   32    1.264980e-18   -1.891958e-20
   17   33    5.508635e-12   -3.614761e-13
   17   34    8.922929e-09   -5.767270e-10
   17   35    1.602564e-05   -8.968758e-07
   17   36    2.395402e-07   -2.148758e-09
   17   37    1.323461e-07    1.180587e-09
   17   38    2.778549e-12   -2.225189e-13
   17   39    7.121447e-15   -6.228182e-16
   17   40    5.110286e-20   -9.609900e-21
   17   41    1.136005e-22   -2.451137e-23
   17   42    5.781521e-28   -1.896265e-28
   18   33    1.128082e-25   -1.087626e-26
   18   34    4.758260e-17   -7.669122e-18
   18   35    2.393524e-11   -3.316538e-12
   18   36    1.890605e-05    1.687957e-07
   18   37    2.881469e-07    3.586450e-09
   18   38    3.610631e-06    1.232642e-07
   18   39    3.476888e-09   -2.107957e-10
   18   40    1.717252e-09   -2.709077e-11
   18   41    2.568367e-13   -2.727385e-14
   18   42    2.088241e-15   -1.454254e-16
   18   43    2.333027e-20   -3.904554e-21
   18   44    7.647454e-23   -1.128586e-23
   18   45    5.761688e-29   -1.431058e-29
   19   35    6.503826e-29   -1.471112e-29
   19   36    7.382753e-21   -1.589588e-21
   19   37    3.128230e-14   -1.870947e-15
   19   38    9.745078e-11   -4.778716e-12
   19   39    7.413786e-07   -3.414199e-08
   19   40    1.142875e-08   -5.407266e-10
   19   41    7.013488e-10   -8.905371e-12
   19   42    7.342732e-12   -5.008269e-13
   19   43    2.068889e-13   -8.974605e-15
   19   44    5.316853e-16   -6.697095e-17
   19   45    1.021571e-17   -1.079558e-18
   19   46    4.339012e-21   -8.788394e-22
   19   47    1.236103e-23   -2.083102e-24
   19   48    1.515132e-30   -4.041394e-31
   20   37    2.158003e-28   -6.700915e-29
   20   38    1.697770e-19   -2.624601e-20
   20   39    1.078056e-13   -1.293423e-14
   20   40    1.507975e-07    2.189312e-09
   20   41    7.451838e-09    1.400536e-11
   20   42    5.382797e-08    1.182169e-09
   20   43    4.956558e-09    7.275859e-12
   20   44    4.774279e-09    1.819638e-11
   20   45    7.901731e-11   -2.545049e-12
   20   46    9.626294e-11   -3.462034e-12
   20   47    5.150380e-13   -3.770366e-14
   20   48    7.491497e-15   -4.728109e-16
   20   49    8.740956e-21   -1.372382e-21
   20   50    9.557709e-26   -2.567315e-26
   21   40    5.550597e-25   -1.033645e-25
   21   41    2.170769e-17   -1.048082e-18
   21   42    1.691570e-14   -1.386655e-15
   21   43    6.159114e-11   -4.038643e-12
   21   44    2.900909e-10   -3.609572e-12
   21   45    5.088310e-09   -6.946962e-11
   21   46    6.678369e-10   -1.694322e-11
   21   47    1.534529e-10   -5.047525e-12
   21   48    9.844177e-12   -5.775729e-13
   21   49    3.710254e-13   -2.155415e-14
   21   50    8.074513e-18   -1.275832e-18
   21   51    8.839448e-22   -2.427178e-22
   21   52    4.102235e-28   -1.587337e-28
   22   42    2.389535e-24   -3.247544e-25
   22   43    9.405051e-19   -1.689852e-19
   22   44    1.339673e-10    6.067617e-13
   22   45    6.898586e-11    1.024272e-14
   22   46    2.605151e-08   -7.109783e-11
   22   47    1.512670e-08   -1.850171e-10
   22   48    2.604224e-08    2.864884e-11
   22   49    4.716891e-09   -7.285064e-11
   22   50    7.044974e-09   -1.128680e-10
   22   51    1.182127e-12   -1.359107e-13
   22   52    6.110259e-15   -1.400651e-15
   22   53    2.284725e-20   -7.783759e-21
   22   54    1.471823e-24   -7.021719e-25
   23   44    1.220291e-27   -3.206972e-28
   23   45    3.361402e-19   -2.117638e-20
   23   46    3.172093e-15   -2.503742e-16
   23   47    7.390696e-11   -5.596666e-12
   23   48    4.292259e-10   -6.792556e-12
   23   49    2.128263e-08   -1.146829e-10
   23   50    4.812691e-09   -3.632813e-11
   23   51    1.572443e-08   -1.142548e-10
   23   52    9.184246e-11   -1.033923e-11
   23   53    1.599102e-11   -1.464899e-12
   23   54    2.167932e-16   -4.232272e-17
   23   55    3.963535e-19   -1.277130e-19
   23   56    6.345875e-26   -2.768532e-26
   23   57    1.033918e-30   -1.930069e-31
   24   46    1.466019e-24   -2.173878e-25
   24   47    5.181493e-19   -8.271590e-20
   24   48    1.583345e-12   -1.718165e-14
   24   49    1.455827e-11    9.030990e-14
   24   50    2.056048e-08    2.001627e-10
   24   51    1.653313e-08    3.489221e-11
   24   52    5.432216e-08    4.531571e-10
   24   53    4.949113e-09   -1.305513e-10
   24   54    9.913314e-09   -2.525299e-10
   24   55    1.293610e-12   -1.607681e-13
   24   56    5.813054e-14   -1.167742e-14
   24   57    1.790401e-19   -5.514772e-20
   24   58    8.395483e-23   -3.764575e-23
   24   59    2.774637e-30   -1.562934e-30
   25   48    8.447462e-28   -2.044782e-28
   25   49    1.152544e-20   -9.588000e-22
   25   50    2.334283e-16   -1.615913e-17
   25   51    3.509021e-11   -1.288036e-12
   25   52    2.391848e-10   -7.996407e-13
   25   53    1.802027e-08   -4.972817e-12
   25   54    1.205931e-08   -1.496043e-10
   25   55    1.746741e-08   -2.636934e-10
   25   56    6.836211e-11   -8.248735e-12
   25   57    4.605682e-11   -4.538477e-12
   25   58    2.540058e-15   -5.214139e-16
   25   59    2.229368e-17   -7.841945e-18
   25   60    5.522102e-23   -2.621667e-23
   25   61    1.187491e-26   -7.425646e-27
   26   50    5.980011e-27   -1.061784e-27
   26   51    2.216794e-20   -3.296395e-21
   26   52    5.420391e-14    3.320227e-17
   26   53    8.416388e-13    4.423113e-15
   26   54    2.284141e-08    1.517374e-10
   26   55    3.543584e-08   -5.699159e-11
   26   56    6.875665e-07    9.334708e-09
   26   57    8.892978e-08   -3.577447e-09
   26   58    1.775401e-06   -2.343036e-08
   26   59    9.318667e-10   -1.056825e-10
   26   60    9.417010e-10   -8.279030e-11
   26   61    6.870277e-15   -1.289155e-15
   26   62    3.355893e-16   -1.334636e-16
   26   63    2.068327e-22   -1.070242e-22
   26   64    7.231579e-26   -4.923683e-26
   26   66    5.726497e-30   -3.848548e-31
   27   53    5.674959e-23   -3.852272e-24
   27   54    6.878796e-18   -4.867530e-19
   27   55    1.924807e-11   -8.079074e-13
   27   56    1.187040e-10   -2.194518e-12
   27   57    7.051126e-08   -1.647951e-09
   27   58    1.103205e-07   -1.397764e-09
   27   59    2.375627e-06   -6.952035e-09
   27   60    3.368381e-08   -3.555614e-09
   27   61    1.015303e-07   -4.129215e-09
   27   62    2.455681e-11   -3.528011e-12
   27   63    6.065416e-11   -1.178170e-11
   27   64    7.048458e-16   -2.151999e-16
   27   65    3.256025e-18   -1.463768e-18
   27   66    4.152976e-24   -2.396277e-24
   27   67    8.985653e-28   -6.659082e-28
   28   54    9.250278e-30   -1.460620e-30
   28   55    1.605063e-22   -2.335570e-23
   28   56    5.720786e-14   -1.472523e-16
   28   57    2.659681e-12   -9.701210e-16
   28   58    6.292261e-08    9.705386e-10
   28   59    4.410927e-07    3.304199e-09
   28   60    2.286075e-06    4.687117e-08
   28   61    4.703065e-07   -2.301830e-08
   28   62    5.767080e-06    5.679072e-08
   28   63    1.492546e-08   -1.303989e-09
   28   64    7.108333e-07   -1.318760e-08
   28   65    8.676902e-11   -9.992977e-12
   28   66    4.986155e-10   -3.060915e-11
   28   67    5.020966e-15   -8.013099e-16
   28   68    1.846490e-16   -7.704909e-17
   28   69    5.558646e-23   -2.981147e-23
   28   70    1.171308e-26   -8.196069e-27
   29   57    8.292304e-25   -5.256782e-26
   29   58    7.188793e-20   -5.499920e-21
   29   59    6.205760e-14   -3.966096e-15
   29   60    1.542014e-11   -1.197357e-12
   29   61    6.297633e-10   -4.286318e-11
   29   62    2.343826e-09   -2.207431e-10
   29   63    5.836730e-07   -2.745417e-08
   29   64    5.240890e-08   -6.850309e-09
   29   65    1.322049e-06   -1.350712e-08
   29   66    2.378744e-09   -2.460495e-10
   29   67    1.302040e-07   -5.528205e-09
   29   68    8.596142e-12   -1.225005e-12
   29   69    1.933439e-12   -7.940538e-13
   29   70    5.407328e-18   -2.883287e-18
   29   71    3.686014e-20   -2.624721e-20
   29   72    2.325278e-26   -2.002067e-26
   29   73    9.555303e-29   -1.151722e-30
   29   75    3.080679e-29   -6.465494e-31
   30   59    1.540873e-27   -2.459672e-28
   30   60    2.575504e-18   -2.624840e-19
   30   61    3.520420e-15   -5.049372e-16
   30   62    8.189123e-12   -7.381472e-13
   30   63    4.998421e-11   -1.566043e-12
   30   64    3.069955e-07    8.027349e-09
   30   65    1.638909e-07   -4.024298e-09
   30   66    2.073309e-06    2.334936e-08
   30   67    1.759674e-08   -1.471917e-09
   30   68    1.625284e-06   -1.226837e-09
   30   69    5.383163e-10   -5.004065e-11
   30   70    3.249646e-08   -1.365447e-09
   30   71    1.480174e-12   -2.046246e-13
   30   72    2.800465e-11   -2.500448e-12
   30   73    2.252313e-16   -4.228563e-17
   30   74    8.332051e-17   -2.852766e-17
   30   75    5.388853e-23   -2.473061e-23
   30   76    2.837450e-25   -1.881971e-25
   30   78    4.086518e-29   -5.694858e-31
   31   61    4.757760e-30   -7.874121e-31
   31   62    1.005803e-22   -2.314409e-23
   31   63    5.536799e-19   -9.519619e-20
   31   64    1.629245e-16   -1.916954e-17
   31   65    4.747585e-12   -2.666592e-13
   31   66    4.885741e-11   -5.476856e-12
   31   67    5.857157e-09   -4.487805e-10
   31   68    2.579815e-09   -1.335506e-10
   31   69    8.259683e-07   -3.633862e-09
   31   70    6.642539e-09   -6.782665e-10
   31   71    2.975467e-07   -7.589235e-09
   31   72    1.278109e-10   -1.555445e-11
   31   73    1.521850e-08   -8.829554e-10
   31   74    2.503900e-12   -4.091189e-13
   31   75    1.577120e-11   -4.158186e-12
   31   76    7.374625e-17   -2.826160e-17
   31   77    2.010954e-18   -1.106975e-18
   31   78    5.592405e-24   -3.892615e-24
   31   79    3.137528e-27   -2.728205e-27
   31   81    3.426358e-29   -3.213132e-31
   32   64    9.650269e-24   -1.860991e-24
   32   65    6.738451e-21   -1.291709e-21
   32   66    1.540836e-14   -1.852887e-15
   32   67    9.869480e-14   -1.089631e-14
   32   68    2.713414e-09    1.587702e-10
   32   69    3.633217e-09   -5.625737e-12
   32   70    4.446561e-07    1.006414e-08
   32   71    1.951036e-08   -1.602536e-09
   32   72    4.412487e-07    4.876202e-09
   32   73    2.760763e-09   -2.132509e-10
   32   74    3.449468e-07   -3.436766e-09
   32   75    3.374155e-10   -3.532656e-11
   32   76    2.321763e-08   -6.231486e-10
   32   77    2.796053e-12   -3.519854e-13
   32   78    1.285688e-11   -2.575485e-12
   32   79    2.650326e-16   -8.257368e-17
   32   80    1.102940e-17   -6.372539e-18
   32   81    6.814425e-24   -4.872170e-24
   32   82    8.094311e-28   -7.236001e-28
   33   66    3.009102e-28   -8.450105e-29
   33   67    1.928898e-22   -3.892466e-23
   33   68    4.859782e-20   -9.748045e-21
   33   69    6.928566e-15   -1.179878e-16
   33   70    1.535354e-13   -1.351202e-14
   33   71    1.323813e-10   -8.642665e-12
   33   72    5.600681e-11   -8.213245e-12
   33   73    1.670200e-08   -6.506405e-10
   33   74    1.995932e-09   -1.532520e-10
   33   75    2.089938e-07    1.190646e-09
   33   76    1.662354e-09   -1.605400e-10
   33   77    7.787002e-08   -8.421877e-10
   33   78    2.741581e-11   -2.929642e-12
   33   79    3.740062e-09   -2.309221e-10
   33   80    6.428704e-13   -1.075572e-13
   33   81    9.586612e-13   -3.663983e-13
   33   82    3.198988e-18   -1.625169e-18
   33   83    1.652803e-20   -1.113414e-20
   33   84    1.685760e-28   -1.360354e-28
   34   68    1.859333e-27   -4.543258e-28
   34   69    9.888684e-25   -2.999012e-25
   34   70    1.041561e-17   -9.913763e-19
   34   71    1.668139e-16   -1.440681e-17
   34   72    7.144594e-12   -2.218596e-13
   34   73    1.576220e-11   -3.065788e-13
   34   74    8.127910e-09    6.051547e-10
   34   75    6.391041e-09   -9.903269e-11
   34   76    4.615465e-08    1.406326e-09
   34   77    2.000279e-09   -1.343720e-10
   34   78    5.452271e-08    1.220647e-09
   34   79    6.738263e-10   -2.724522e-11
   34   80    7.563733e-08   -1.112818e-09
   34   81    1.433101e-10   -1.371293e-11
   34   82    1.044697e-08   -3.870046e-10
   34   83    4.397446e-13   -5.925507e-14
   34   84    1.060269e-12   -2.233150e-13
   34   85    2.276349e-19   -7.069972e-20
   34   86    4.453748e-25   -1.950992e-25
   35   71    4.647952e-26   -7.950154e-27
   35   72    2.383154e-23   -4.110281e-24
   35   73    6.159924e-18   -6.840029e-19
   35   74    2.465834e-16   -2.630619e-17
   35   75    7.362654e-13   -4.932778e-15
   35   76    6.005929e-12   -4.407500e-13
   35   77    3.636860e-10   -1.119282e-11
   35   78    5.040346e-11   -4.185830e-12
   35   79    7.719473e-09    3.073988e-10
   35   80    5.564714e-10   -3.177865e-11
   35   81    2.258524e-08    6.376352e-10
   35   82    5.401816e-10   -3.405352e-11
   35   83    2.133769e-08   -4.804139e-10
   35   84    1.706188e-11   -2.037124e-12
   35   85    9.528313e-10   -1.004731e-10
   35   86    7.652734e-16   -1.538418e-16
   35   87    9.571034e-21   -3.065017e-21
   35   88    2.773532e-27   -1.195184e-27
   36   73    7.483112e-28   -1.940134e-28
   36   74    2.990057e-21   -3.974744e-22
   36   75    1.967713e-19   -1.259579e-20
   36   76    2.060067e-14   -7.973863e-16
   36   77    4.829351e-14   -9.916764e-16
   36   78    1.966529e-11    1.873186e-12
   36   79    4.024737e-11    1.641934e-12
   36   80    6.577004e-10    5.310458e-11
   36   81    2.349636e-10   -6.913723e-13
   36   82    3.889682e-09    1.876527e-10
   36   83    4.295876e-10   -1.392143e-11
   36   84    5.903791e-08    1.420860e-10
   36   85    6.375948e-10   -4.854601e-11
   36   86    6.889350e-08   -3.976508e-10
   36   87    5.512451e-13   -5.362676e-14
   36   88    6.992161e-17   -1.465446e-17
   36   89    5.276372e-23   -1.661744e-23
   36   90    6.032316e-28   -2.673632e-28
   37   75    2.356253e-29   -5.062800e-30
   37   76    3.990982e-26   -5.981149e-27
   37   77    1.175531e-20   -1.418368e-21
   37   78    8.033621e-20   -8.566570e-21
   37   79    5.776410e-16    1.108900e-17
   37   80    4.179149e-15   -1.461863e-16
   37   81    7.397005e-13    8.749575e-15
   37   82    5.957706e-13   -1.177279e-14
   37   83    7.649820e-11    5.528212e-12
   37   84    3.071617e-11    2.737634e-13
   37   85    3.405044e-09    1.718000e-10
   37   86    1.572026e-09   -3.850157e-11
   37   87    2.328961e-08    6.109863e-11
   37   88    1.289288e-12   -1.180902e-13
   37   89    6.127270e-16   -1.257740e-16
   37   90    3.375103e-21   -1.066534e-21
   37   91    1.510881e-25   -6.747370e-26
   37   93    1.056517e-29   -1.925319e-36
   38   78    7.086030e-25   -8.823784e-26
   38   79    2.449350e-23   -1.882112e-24
   38   80    2.513436e-18   -2.483330e-20
   38   81    8.965351e-18    5.670381e-20
   38   82    6.325996e-15    4.532958e-16
   38   83    4.177640e-14    3.303937e-15
   38   84    2.455795e-12    2.645390e-13
   38   85    1.038346e-11    5.605143e-13
   38   86    2.716967e-10    1.047241e-11
   38   87    7.205426e-10    2.648797e-12
   38   88    6.288090e-08   -2.346626e-11
   38   89    1.487192e-11   -1.463673e-12
   38   90    4.435822e-14   -9.937094e-15
   38   91    1.359964e-18   -4.600017e-19
   38   92    2.747238e-22   -1.314670e-22
   38   93    9.813115e-28   -5.990815e-28
   38   94    5.791454e-30   -5.690296e-33
   39   80    1.411946e-30   -2.268385e-31
   39   81    1.957126e-25   -1.704543e-26
   39   82    8.380479e-24   -6.303700e-25
   39   83    3.761352e-20   -1.194509e-22
   39   84    3.004583e-19    8.541918e-22
   39   85    5.604567e-16    2.479913e-17
   39   86    8.014554e-15    2.819933e-16
   39   87    7.566562e-13    3.242030e-14
   39   88    4.187682e-12    2.304094e-13
   39   89    9.391397e-09    4.351886e-11
   39   90    1.279989e-11   -1.225428e-12
   39   91    1.018405e-13   -2.217486e-14
   39   92    1.740252e-17   -5.919037e-18
   39   93    2.513620e-20   -1.207708e-20
   39   94    2.348774e-24   -1.458735e-24
   39   95    1.683520e-28   -1.331254e-28
   40   82    2.273156e-29   -2.244041e-30
   40   83    8.511413e-28   -9.592457e-29
   40   84    4.581125e-23    2.959034e-25
   40   85    1.805733e-22    6.351142e-24
   40   86    5.360840e-18    2.678612e-19
   40   87    1.868233e-17    1.077126e-18
   40   88    1.732165e-14    1.918917e-15
   40   89    1.161034e-12    3.990436e-14
   40   90    4.300306e-09    2.793313e-11
   40   91    4.077963e-11   -6.131467e-12
   40   92    3.670434e-11   -1.222295e-11
   40   93    4.410325e-14   -2.061938e-14
   40   94    6.509715e-16   -4.137575e-16
   40   95    2.416648e-19   -1.924196e-19
   40   96    6.101061e-22   -6.066608e-22
   40   97    2.096700e-27   -2.466050e-27
   40   98    2.496051e-30   -1.536084e-33
   41   86    5.200600e-29   -2.113728e-30
   41   87    5.409698e-24   -1.354155e-25
   41   88    2.346466e-22   -3.659093e-24
   41   89    1.919001e-18    1.004535e-19
   41   90    6.541246e-16    1.328526e-17
   41   91    4.463088e-11   -2.054287e-12
   41   92    2.683542e-12   -4.635451e-13
   41   93    4.713382e-12   -1.240493e-12
   41   94    2.524962e-14   -9.960075e-15
   41   95    1.514425e-15   -8.433144e-16
   41   96    1.761551e-18   -1.257624e-18
   41   97    1.906203e-20   -1.725470e-20
   41   98    3.676647e-25   -3.971230e-25
   41   99    7.849804e-29   -1.015824e-28
   41  101    1.157456e-27   -7.081864e-31
   42   88    7.628323e-28   -2.040945e-29
   42   89    3.204558e-26    6.597653e-28
   42   90    1.401358e-20    1.759380e-21
   42   91    2.106117e-17    1.673083e-18
   42   92    1.023057e-11    1.743202e-12
   42   93    1.385372e-11    1.271804e-12
   42   94    1.661549e-10    1.537741e-12
   42   95    4.436530e-12   -5.392808e-13
   42   96    2.083537e-11   -4.196759e-12
   42   97    3.817942e-14   -1.230794e-14
   42   98    2.802922e-15   -1.351978e-15
   42   99    2.298213e-19   -1.424632e-19
   42  100    2.838338e-21   -2.286736e-21
   42  101    5.127335e-26   -4.964606e-26
   42  102    2.730862e-28   -3.244292e-28
   43   91    9.843559e-27    5.783214e-28
   43   92    1.619220e-22    3.843425e-24
   43   93    7.254940e-16    7.131661e-17
   43   94    8.201656e-15    5.626402e-16
   43   95    7.341915e-13    2.054896e-14
   43   96    1.206207e-13   -7.088684e-15
   43   97    1.375680e-12   -9.830143e-14
   43   98    8.359349e-15   -1.552002e-15
   43   99    9.440906e-15   -3.510645e-15
   43  100    4.794108e-18   -2.434165e-18
   43  101    6.270971e-19   -4.425000e-19
   43  102    2.408776e-23   -2.086214e-23
   43  103    1.278097e-24   -1.396588e-24
   43  104    3.299933e-29   -4.252641e-29
   43  105    1.757696e-27   -5.173243e-31
   43  106    1.112911e-30   -4.148819e-34
   44   92    1.741629e-30    2.254961e-31
   44   93    1.832152e-25    4.059295e-26
   44   94    1.145596e-17    3.571811e-18
   44   95    3.236948e-16    9.096684e-17
   44   96    1.957868e-13    4.649986e-14
   44   97    3.158645e-13    5.173895e-14
   44   98    1.848209e-11    1.579368e-12
   44   99    1.561308e-12   -2.322875e-14
   44  100    2.871019e-11   -1.513969e-12
   44  101    8.469383e-14   -1.359905e-14
   44  102    5.468961e-14   -1.962203e-14
   44  103    2.530197e-17   -1.242838e-17
   44  104    5.863718e-18   -5.447907e-18
   44  105    5.923318e-22   -6.582198e-22
   44  106    1.939097e-23   -2.802953e-23
   44  107    2.436750e-28   -4.070676e-28
   44  108    5.571973e-28   -1.298338e-31
   45   95    6.228601e-24    1.611623e-24
   45   96    5.705955e-22    1.272654e-22
   45   97    8.745573e-18    1.561250e-18
   45   98    8.223462e-17    1.295279e-17
   45   99    2.513137e-13    3.046242e-14
   45  100    6.582047e-14    3.164889e-15
   45  101    5.235717e-12    9.746467e-14
   45  102    6.281876e-14   -5.748344e-15
   45  103    1.421734e-12   -2.317651e-13
   45  104    2.530530e-15   -7.138831e-16
   45  105    4.931505e-15   -2.629899e-15
   45  106    1.540989e-18   -1.053280e-18
   45  107    2.077504e-19   -1.847623e-19
   45  108    2.002391e-23   -2.144191e-23
   45  109    1.953382e-25   -2.541555e-25
   45  110    6.012012e-30   -9.103758e-30
   45  111    1.560425e-28   -3.658955e-32
   45  112    2.130754e-30   -6.165174e-34
   46   96    1.139771e-27    4.611018e-28
   46   97    2.381220e-24    9.762808e-25
   46   98    2.268682e-19    8.637922e-20
   46   99    1.113136e-17    3.728416e-18
   46  100    2.338773e-14    6.880778e-15
   46  101    5.729716e-14    1.259228e-14
   46  102    1.081545e-11    1.500932e-12
   46  103    1.591915e-12    6.943987e-14
   46  104    5.746730e-11   -2.449074e-13
   46  105    6.303336e-13   -7.879447e-14
   46  106    3.986145e-12   -1.084320e-12
   46  107    4.735377e-15   -1.884015e-15
   46  108    2.555162e-15   -1.484759e-15
   46  109    8.582612e-19   -6.291169e-19
   46  110    1.170606e-19   -1.334672e-19
   46  111    5.236551e-24   -7.009927e-24
   46  112    7.068296e-26   -1.153602e-25
   46  114    3.678085e-28    3.088070e-37
   47   99    3.220782e-26    1.074945e-26
   47  100    2.991665e-24    8.425087e-25
   47  101    1.242997e-19    2.971055e-20
   47  102    1.304996e-17    2.871828e-18
   47  103    3.485380e-14    6.179732e-15
   47  104    4.174084e-14    5.264037e-15
   47  105    4.550233e-12    3.398349e-13
   47  106    2.884938e-13   -8.339333e-15
   47  107    4.960805e-12   -4.536877e-13
   47  108    3.375729e-14   -7.020655e-15
   47  109    1.718555e-13   -6.222071e-14
   47  110    1.787909e-16   -8.899044e-17
   47  111    5.963625e-17   -4.050833e-17
   47  112    1.788752e-20   -1.508749e-20
   47  113    1.293736e-21   -1.365905e-21
   47  114    4.139893e-26   -5.166164e-26
   47  115    1.151933e-27    1.388115e-30
   47  117    1.521594e-27   -2.407001e-31
   48  101    1.563848e-27    6.544523e-28
   48  102    5.516338e-22    2.206440e-22
   48  103    4.792855e-20    1.763363e-20
   48  104    2.581651e-16    9.720504e-17
   48  105    1.366575e-15    4.333163e-16
   48  106    6.026079e-13    1.497894e-13
   48  107    3.889401e-13    6.593608e-14
   48  108    2.869689e-11    2.801743e-12
   48  109    1.435110e-12   -6.758681e-15
   48  110    4.607939e-11   -2.325357e-12
   48  111    2.527666e-13   -4.331810e-14
   48  112    1.610134e-12   -5.463034e-13
   48  113    1.523816e-15   -7.156794e-16
   48  114    4.530407e-16   -2.983186e-16
   48  115    1.170739e-19   -9.543289e-20
   48  116    4.970646e-21   -5.133781e-21
   48  117    3.295303e-25   -4.020213e-25
   48  118    2.967032e-27   -4.360399e-27
   48  119    1.205780e-30    5.442378e-34
   48  120    1.503520e-27    1.903838e-36
   48  121    2.137148e-30    1.069541e-41
   49  103    1.140625e-29    4.065095e-30
   49  104    3.180379e-27    1.019949e-27
   49  105    7.935041e-23    2.585777e-23
   49  106    2.710038e-21    7.258009e-22
   49  107    9.916235e-17    2.414472e-17
   49  108    9.772565e-16    2.129306e-16
   49  109    2.916020e-13    4.453205e-14
   49  110    7.319515e-14    5.234942e-15
   49  111    3.985722e-12    9.688466e-14
   49  112    1.281462e-13   -1.038607e-14
   49  113    1.288547e-12   -2.265489e-13
   49  114    8.879895e-15   -2.625177e-15
   49  115    7.448271e-15   -3.567470e-15
   49  116    9.115885e-18   -5.685631e-18
   49  117    1.538031e-18   -1.278729e-18
   49  118    4.709252e-22   -4.733723e-22
   49  119    1.911104e-23   -2.353471e-23
   49  120    1.625924e-27   -2.338838e-27
   49  121    2.036930e-27    2.154010e-29
   49  122    3.257792e-30    2.073182e-33
   49  123    1.725577e-27   -1.349915e-31
   49  124    2.363487e-30   -2.448968e-34
   50  106    1.944780e-26    8.380755e-27
   50  107    5.394239e-24    2.183815e-24
   50  108    1.030241e-19    4.461573e-20
   50  109    6.921932e-19    2.766922e-19
   50  110    2.445375e-15    9.452484e-16
   50  111    3.889342e-15    1.260430e-15
   50  112    1.346440e-12    3.431255e-13
   50  113    4.696708e-13    8.445044e-14
   50  114    3.907166e-11    4.644939e-12
   50  115    1.936837e-12    5.063747e-14
   50  116    1.190473e-10   -2.031778e-13
   50  117    6.873413e-13   -8.438571e-14
   50  118    2.313892e-11   -4.094279e-12
   50  119    2.249069e-14   -6.816324e-15
   50  120    4.862661e-14   -2.998111e-14
   50  121    1.618063e-17   -1.250038e-17
   50  122    3.013506e-18   -3.412931e-18
   50  123    3.941275e-22   -5.254925e-22
   50  124    9.636404e-24   -1.571480e-23
   50  125    5.126302e-28   -9.606307e-28
   50  126    7.729437e-28   -2.798864e-32
   51  109    5.347853e-29    2.114991e-29
   51  110    1.902626e-26    6.820003e-27
   51  111    3.392245e-23    1.159618e-23
   51  112    9.793647e-22    2.462749e-22
   51  113    1.454669e-18    1.040542e-19
   51  114    1.745671e-17   -1.129631e-19
   51  115    1.761423e-14   -9.685685e-16
   51  116    7.972197e-15   -7.791934e-16
   51  117    7.602626e-13   -8.800606e-14
   51  118    3.197704e-14   -7.454839e-15
   51  119    2.903590e-13   -8.584631e-14
   51  120    1.700330e-15   -7.282631e-16
   51  121    1.350731e-14   -7.037654e-15
   51  122    1.948960e-17   -1.307927e-17
   51  123    7.633460e-18   -6.742568e-18
   51  124    4.809168e-21   -5.126236e-21
   51  125    3.352113e-22   -4.392149e-22
   51  126    5.873940e-26   -8.990449e-26
   51  127    1.338511e-27   -2.425207e-27
   51  128    4.809510e-30    5.728424e-33
   51  129    9.865582e-26   -3.960953e-30
   52  112    3.576100e-27    1.325064e-27
   52  113    1.723430e-24    6.067543e-25
   52  114    2.126029e-19    6.842126e-20
   52  115    1.443377e-18    4.299217e-19
   52  116    1.663349e-14    4.272467e-15
   52  117    6.785574e-15    1.347534e-15
   52  118    3.425268e-12    5.612110e-13
   52  119    3.189181e-13    2.624169e-14
   52  120    3.175279e-11    1.607943e-12
   52  121    7.309289e-13   -3.810554e-14
   52  122    2.297264e-11   -2.423976e-12
   52  123    1.051776e-13   -2.362975e-14
   52  124    2.974093e-13   -1.328043e-13
   52  125    3.990074e-16   -2.355299e-16
   52  126    1.338255e-16   -1.111557e-16
   52  127    6.112340e-20   -6.163281e-20
   52  128    6.170072e-21   -8.581595e-21
   52  129    1.125669e-24   -1.822230e-24
   52  130    2.702402e-26   -5.633973e-26
   52  131    6.345267e-30    3.085252e-32
   52  132    4.397814e-27   -1.250246e-31
   52  133    3.550829e-30    4.427191e-36
   53  115    6.057624e-28    1.666331e-28
   53  116    5.770987e-26    1.425079e-26
   53  117    1.402528e-21    2.962025e-22
   53  118    1.342218e-19    2.921124e-20
   53  119    2.667900e-16    4.711041e-17
   53  120    4.860566e-16    7.285311e-17
   53  121    2.519541e-13    2.922829e-14
   53  122    2.969976e-14    9.129720e-16
   53  123    2.312026e-12    1.275371e-14
   53  124    3.781585e-14   -3.905433e-15
   53  125    5.581123e-13   -1.124575e-13
   53  126    2.591491e-15   -8.489991e-16
   53  127    1.173953e-14   -5.926856e-15
   53  128    1.575277e-17   -1.034663e-17
   53  129    9.123436e-18   -8.617473e-18
   53  130    3.334672e-21   -3.785605e-21
   53  131    3.409752e-22   -4.891533e-22
   53  132    4.743243e-26   -7.927120e-26
   53  133    7.004489e-27   -1.736455e-26
   53  134    7.704781e-30    4.456334e-33
   53  135    8.837428e-26   -2.143363e-30
   54  117    1.615246e-26    9.164031e-27
   54  118    3.272783e-21    1.720430e-21
   54  119    8.198481e-20    4.018011e-20
   54  120    4.150891e-16    1.779705e-16
   54  121    9.878485e-16    3.639852e-16
   54  122    5.766080e-13    1.697719e-13
   54  123    2.332726e-13    5.040112e-14
   54  124    2.159281e-11    3.061691e-12
   54  125    1.695335e-12    7.770054e-14
   54  126    5.276906e-11   -9.674159e-13
   54  127    9.201899e-13   -1.254052e-13
   54  128    7.993644e-12   -1.928823e-12
   54  129    3.518609e-14   -1.300076e-14
   54  130    2.342819e-14   -1.367906e-14
   54  131    3.049740e-17   -2.266890e-17
   54  132    7.611477e-18   -8.563067e-18
   54  133    3.743614e-21   -5.048870e-21
   54  134    2.727682e-21   -5.521272e-21
   54  135    2.520933e-24   -5.559688e-24
   54  136    4.083380e-23   -9.103473e-23
   54  137    1.054427e-30   -2.621650e-30
   55  119    3.773883e-30    1.863435e-30
   55  120    3.138037e-29    1.416325e-29
   55  121    4.015010e-24    1.559977e-24
   55  122    9.834559e-23    3.277991e-23
   55  123    1.262207e-18    3.262767e-19
   55  124    1.559415e-17    3.081797e-18
   55  125    1.855577e-14    2.720103e-15
   55  126    1.346862e-14    1.214084e-15
   55  127    1.566453e-12    8.225475e-14
   55  128    8.504151e-14   -4.339801e-15
   55  129    1.738571e-12   -1.881483e-13
   55  130    2.152265e-14   -4.899426e-15
   55  131    5.072790e-14   -1.991997e-14
   55  132    1.691508e-16   -9.084414e-17
   55  133    1.760683e-16   -1.349740e-16
   55  134    3.223155e-19   -2.986615e-19
   55  135    2.142827e-19   -4.566225e-20
   55  136    2.631835e-22   -7.064466e-23
   55  137    1.618175e-22   -1.588223e-22
   55  138    9.755481e-30   -1.114781e-29
   56  121    6.649662e-28    4.294175e-28
   56  122    6.849468e-23    4.071894e-23
   56  123    3.351824e-21    1.848462e-21
   56  124    3.090807e-17    1.522498e-17
   56  125    1.310189e-16    5.730863e-17
   56  126    3.009258e-13    1.103062e-13
   56  127    2.280251e-13    6.715641e-14
   56  128    3.196556e-11    6.956731e-12
   56  129    5.295708e-12    6.913777e-13
   56  130    2.892417e-10    1.748527e-11
   56  131    9.508426e-12   -4.674372e-13
   56  132    1.449986e-10   -2.035075e-11
   56  133    1.683159e-12   -4.571172e-13
   56  134    8.077714e-12   -3.502694e-12
   56  135    4.181205e-14   -2.481599e-14
   56  136    2.313854e-13   -1.576175e-13
   56  137    3.741587e-15   -2.496581e-15
   56  138    7.956893e-14   -5.288683e-14
   56  139    3.428740e-20   -2.762874e-20
   56  140    3.175605e-25   -3.113307e-25
   56  142    1.629053e-30   -1.765044e-40
   57  124    3.863998e-30    2.011806e-30
   57  125    1.093744e-25    4.999176e-26
   57  126    4.105298e-24    1.623561e-24
   57  127    1.308839e-20    4.192034e-21
   57  128    7.462585e-20    1.826973e-20
   57  129    3.581944e-16    7.334393e-17
   57  130    1.173036e-15    2.098532e-16
   57  131    3.198313e-13    4.417293e-14
   57  132    3.969694e-14    2.711712e-15
   57  133    4.343637e-12    2.797988e-13
   57  134    1.948505e-13   -6.426473e-15
   57  135    2.301571e-12   -1.263646e-13
   57  136    5.931971e-14   -6.960966e-15
   57  137    7.310469e-13   -2.647861e-14
   57  138    2.570984e-14   -1.089369e-15
   57  139    2.716850e-11   -6.050476e-13
   57  140    5.897152e-17   -6.559212e-18
   57  141    1.671116e-21   -3.715476e-22
   57  142    1.631617e-27   -5.358115e-28
   57  143    4.428550e-30   -6.017907e-35
   58  126    7.027385e-27    7.027253e-27
   58  127    4.751345e-25    2.912895e-25
   58  128    2.132781e-20    1.235477e-20
   58  129    2.506114e-19    1.348657e-19
   58  130    4.643907e-16    2.233531e-16
   58  131    1.040103e-15    4.418498e-16
   58  132    2.539158e-13    9.021440e-14
   58  133    1.174907e-13    3.333671e-14
   58  134    9.916355e-12    2.118037e-12
   58  135    1.490643e-12    1.888612e-13
   58  136    3.465764e-11    2.440319e-12
   58  137    1.660905e-12   -4.522706e-14
   58  138    3.147032e-11   -2.114696e-12
   58  139    7.786284e-13   -1.262205e-13
   58  140    1.485249e-11   -2.316850e-12
   58  141    1.112473e-16   -2.893156e-17
   58  142    1.957147e-20   -7.615500e-21
   58  143    7.804126e-26   -3.996360e-26
   58  144    2.930013e-30   -1.948280e-30
   59  129    1.393377e-29    7.679257e-30
   59  130    1.119775e-27    5.657346e-28
   59  131    4.661294e-24    2.071175e-24
   59  132    4.333245e-23    1.594019e-23
   59  133    4.339560e-19    1.036755e-19
   59  134    1.274860e-17    2.708211e-18
   59  135    1.005580e-14    1.744638e-15
   59  136    8.548748e-15    1.086149e-15
   59  137    7.651694e-13    7.527729e-14
   59  138    1.101654e-13    1.263482e-15
   59  139    3.075610e-12   -5.057055e-14
   59  140    2.719080e-13   -3.413544e-14
   59  141    1.764052e-12   -3.026011e-13
   59  142    8.292551e-17   -2.316764e-17
   59  143    4.777084e-20   -1.976952e-20
   59  144    4.436517e-25   -2.408084e-25
   59  145    8.137988e-29   -5.709936e-29
   60  131    1.465062e-28    9.371213e-29
   60  132    5.524591e-24    3.342671e-24
   60  133    2.157176e-22    1.243229e-22
   60  134    8.337847e-19    4.399527e-19
   60  135    5.482557e-18    2.626804e-18
   60  136    3.024152e-15    1.252128e-15
   60  137    5.030235e-15    1.759965e-15
   60  138    4.985002e-13    1.358159e-13
   60  139    2.146277e-13    4.148662e-14
   60  140    7.929429e-12    9.107818e-13
   60  141    1.485461e-12    3.048841e-14
   60  142    2.978399e-11   -1.106810e-12
   60  143    3.874115e-15   -5.254426e-16
   60  144    8.570003e-18   -2.214339e-18
   60  145    4.040061e-22   -1.516404e-22
   60  146    2.296234e-25   -1.195854e-25
   60  147    1.658269e-30   -1.090510e-30
   61  135    2.012074e-27    9.972081e-28
   61  136    3.461292e-26    1.529458e-26
   61  137    6.672093e-23    2.551011e-23
   61  138    1.209755e-21    3.778201e-22
   61  139    2.115207e-18    4.952153e-19
   61  140    1.830857e-17    3.557370e-18
   61  141    9.120890e-15    1.320708e-15
   61  142    1.145748e-14    7.467324e-16
   61  143    2.895350e-13   -3.015999e-15
   61  144    2.032820e-16   -2.201825e-17
   61  145    9.915052e-19   -2.262505e-19
   61  146    1.879452e-22   -6.493957e-23
   61  147    2.482053e-25   -1.204587e-25
   61  148    8.156128e-30   -5.088123e-30
   61  149    8.872020e-28    6.979754e-32
   62  137    7.676497e-26    4.405861e-26
   62  138    1.041816e-21    5.400700e-22
   62  139    2.053145e-20    9.757968e-21
   62  140    2.120162e-17    8.737305e-18
   62  141    9.506598e-17    3.341017e-17
   62  142    5.897646e-14    1.599658e-14
   62  143    1.246123e-13    2.453602e-14
   62  144    1.883005e-11    2.143479e-12
   62  145    3.127330e-14    8.033863e-16
   62  146    8.868523e-16   -4.376965e-17
   62  147    4.367419e-19   -6.453492e-20
   62  148    6.192967e-21   -3.782367e-22
   62  149    6.151983e-25   -9.405693e-26
   62  150    1.770470e-27   -4.830143e-28
   62  151    7.454229e-28    2.129063e-29
   62  152    4.701048e-26    7.591797e-32
   63  140    2.788730e-29    1.229571e-29
   63  141    5.267972e-25    2.689239e-25
   63  142    4.355637e-22    2.088620e-22
   63  143    7.434072e-18    3.124616e-18
   63  144    3.773515e-16    1.442695e-16
   63  145    1.651527e-13    5.235157e-14
   63  146    1.472792e-15    3.653532e-16
   63  147    4.188350e-16    9.692220e-17
   63  148    8.064731e-19    1.232362e-19
   63  149    2.224682e-18    2.772763e-19
   63  150    4.102481e-22    1.660519e-23
   63  151    4.095515e-23   -2.347763e-24
   63  152    6.651151e-27   -1.063101e-27
   63  153    9.590755e-28   -1.025774e-25
   63  155    4.417912e-26    4.207710e-33
   64  141    1.547485e-26    8.955344e-27
   64  142    1.258571e-22    6.647190e-23
   64  143    1.756628e-20    8.656997e-21
   64  144    1.432796e-16    6.262201e-17
   64  145    4.379054e-15    1.656970e-15
   64  146    1.305644e-11    3.967184e-12
   64  147    3.309193e-13    7.958334e-14
   64  148    4.585281e-13    1.077856e-13
   64  149    2.955479e-15    4.815227e-16
   64  150    4.494441e-15    7.222132e-16
   64  151    5.674500e-18    4.553164e-19
   64  152    5.497507e-18    4.607268e-19
   64  153    4.741264e-21   -2.681815e-23
   64  154    4.944239e-22   -5.839896e-23
   64  155    3.223025e-25   -7.343210e-26
   64  156    1.014482e-26   -3.713679e-27
   64  157    1.522545e-27    9.750939e-29
   64  158    2.089553e-26    2.589752e-31
   65  144    6.231589e-30    2.874582e-30
   65  145    2.471944e-24    1.092807e-24
   65  146    9.471429e-21    4.042456e-21
   65  147    6.904937e-17    2.701263e-17
   65  148    6.336490e-17    2.108176e-17
   65  149    5.280503e-16    1.564664e-16
   65  150    1.412013e-17    3.681256e-18
   65  151    2.720370e-15    7.123804e-16
   65  152    2.167307e-18    3.852871e-19
   65  153    5.224028e-16    7.255908e-17
   65  154    1.049407e-18    5.357271e-20
   65  155    1.512768e-18   -7.249308e-20
   65  156    2.385827e-21   -3.668043e-22
   65  157    4.149007e-22   -1.182332e-22
   65  158    2.620183e-25   -1.082686e-25
   65  159    4.576262e-27   -2.608831e-27
   65  160    6.634438e-29    3.431805e-30
   65  161    1.401625e-27    4.865121e-34
   66  145    1.599278e-28    8.115955e-29
   66  146    5.998486e-23    2.607677e-23
   66  147    6.584895e-20    2.750222e-20
   66  148    7.575639e-15    2.948365e-15
   66  149    2.572405e-15    8.873877e-16
   66  150    1.686994e-14    5.301659e-15
   66  151    1.774040e-14    5.022563e-15
   66  152    4.535404e-13    1.155702e-13
   66  153    1.781882e-14    3.356577e-15
   66  154    2.221154e-13    3.937138e-14
   66  155    2.005348e-15    1.910902e-16
   66  156    1.648243e-14    1.263775e-15
   66  157    8.231244e-17   -1.478127e-18
   66  158    3.436186e-17   -4.213944e-18
   66  159    6.648979e-20   -1.566730e-20
   66  160    3.653002e-21   -1.372262e-21
   66  161    1.886878e-24   -9.645257e-25
   66  162    1.479727e-26   -1.006024e-26
   66  163    3.316511e-29    4.537685e-30
   67  148    2.850179e-29    1.101830e-29
   67  149    2.319525e-23    1.003203e-23
   67  150    1.300130e-22    5.565467e-23
   67  151    7.512244e-20    2.625106e-20
   67  152    3.211532e-19    1.065490e-19
   67  153    2.121921e-16    6.496697e-17
   67  154    5.975529e-16    1.763984e-16
   67  155    3.322136e-14    8.977799e-15
   67  156    1.106119e-16    2.093289e-17
   67  157    4.587186e-14    7.320058e-15
   67  158    4.718481e-16    3.477263e-17
   67  159    1.846979e-15   -3.793213e-17
   67  160    3.402167e-18   -4.232758e-19
   67  161    2.492466e-18   -6.521605e-19
   67  162    1.047781e-21   -4.074043e-22
   67  163    1.277267e-22   -6.961839e-23
   67  164    4.104310e-26   -2.864847e-26
   67  165    1.382936e-27    6.340508e-28
   67  166    1.049874e-29    4.807285e-32
   68  149    2.449509e-27    1.244522e-27
   68  150    6.311723e-22    2.753746e-22
   68  151    1.506436e-20    6.521585e-21
   68  152    1.237941e-18    4.663425e-19
   68  153    4.586731e-17    1.615980e-17
   68  154    4.726867e-14    1.520150e-14
   68  155    1.221483e-13    3.617218e-14
   68  156    3.703815e-12    9.812012e-13
   68  157    1.314125e-13    2.639644e-14
   68  158    1.339878e-11    2.575220e-12
   68  159    2.260675e-13    2.373801e-14
   68  160    1.342482e-12    6.946345e-14
   68  161    1.691573e-14   -7.878781e-16
   68  162    1.164686e-14   -1.557481e-15
   68  163    4.386105e-17   -1.091563e-17
   68  164    4.861978e-18   -1.857295e-18
   68  165    5.743069e-21   -2.984853e-21
   68  166    1.538095e-22   -1.052116e-22
   68  167    3.895624e-26   -3.306779e-26
   68  168    3.807070e-28    1.837598e-28
   68  169    7.580110e-30    8.899945e-33
   69  153    1.159821e-27    4.994492e-28
   69  154    6.469438e-25    2.795218e-25
   69  155    1.264079e-20    4.831679e-21
   69  156    7.124440e-19    2.640215e-19
   69  157    4.432621e-16    1.531151e-16
   69  158    2.851528e-14    9.623025e-15
   69  159    3.611792e-14    9.588817e-15
   69  160    1.152601e-14    2.453714e-15
   69  161    4.580658e-13    9.031867e-14
   69  162    1.000605e-14    1.123428e-15
   69  163    1.115432e-13    7.185287e-15
   69  164    4.886557e-16   -1.582223e-17
   69  165    6.005462e-16   -8.878041e-17
   69  166    1.095455e-18   -2.893279e-19
   69  167    2.080665e-19   -7.788050e-20
   69  168    1.639544e-22   -8.395005e-23
   69  169    2.026390e-24   -1.364881e-24
   69  170    3.422690e-28   -2.872277e-28
   69  171    7.589041e-26    1.962165e-27
   69  172    9.259486e-30    1.706127e-31
   70  154    4.367487e-26    1.985847e-26
   70  155    1.464175e-22    6.377263e-23
   70  156    1.077433e-18    4.340384e-19
   70  157    2.426982e-17    9.288746e-18
   70  158    1.703150e-14    5.910103e-15
   70  159    3.308962e-14    1.043298e-14
   70  160    3.573591e-12    1.005960e-12
   70  161    1.047810e-12    2.297870e-13
   70  162    2.846980e-11    5.408208e-12
   70  163    1.882118e-12    1.969712e-13
   70  164    1.854155e-11    1.056218e-12
   70  165    4.675155e-13   -1.942135e-14
   70  166    6.174106e-13   -7.584445e-14
   70  167    5.348441e-15   -1.274339e-15
   70  168    1.393319e-15   -4.964695e-16
   70  169    3.142492e-18   -1.551479e-18
   70  170    9.814937e-20   -5.954364e-20
   70  171    6.726531e-23   -5.146918e-23
   70  172    3.682596e-25   -3.512408e-25
   70  173    5.159513e-29   -5.900882e-29
   70  174    7.073149e-27    2.533231e-29
   70  175    4.230594e-29    4.425312e-33
   71  157    3.620020e-29    1.332946e-29
   71  158    1.784916e-27    6.149645e-28
   71  159    2.660308e-23    9.947102e-24
   71  160    2.124558e-21    7.702812e-22
   71  161    9.134379e-18    3.007138e-18
   71  162    5.321336e-17    1.569403e-17
   71  163    1.280858e-14    3.236835e-15
   71  164    2.818187e-15    5.293159e-16
   71  165    1.213813e-13    2.029203e-14
   71  166    5.893915e-15    5.299818e-16
   71  167    7.604295e-13    6.065383e-14
   71  168    1.330527e-14   -2.589603e-16
   71  169    4.134276e-14   -5.034867e-15
   71  170    1.109205e-16   -2.623388e-17
   71  171    1.717012e-16   -4.893818e-17
   71  172    2.007167e-19   -8.338950e-20
   71  173    6.054183e-21   -3.481827e-21
   71  174    3.043776e-24   -2.391740e-24
   71  175    1.056350e-23   -9.547671e-24
   71  176    5.502407e-28   -5.985352e-28
   71  177    9.116975e-27    4.060733e-29
   71  178    6.605210e-28    6.778865e-34
   72  159    5.438863e-26    2.212968e-26
   72  160    1.895001e-21    7.067408e-22
   72  161    1.609982e-19    5.783584e-20
   72  162    2.610679e-16    8.487590e-17
   72  163    1.542211e-15    4.616971e-16
   72  164    4.401012e-13    1.117967e-13
   72  165    8.361454e-14    1.582614e-14
   72  166    2.258847e-11    3.958404e-12
   72  167    2.192843e-12    1.913212e-13
   72  168    5.574663e-11    2.330120e-12
   72  169    2.482621e-12   -1.515094e-13
   72  170    7.527635e-12   -1.187253e-12
   72  171    1.143298e-13   -3.172182e-14
   72  172    3.252173e-14   -1.250369e-14
   72  173    1.557013e-16   -8.141578e-17
   72  174    1.711880e-17   -6.755865e-18
   72  175    1.845590e-20   -9.828072e-21
   72  176    1.886371e-22   -1.284867e-22
   72  177    3.596597e-26   -3.703917e-26
   72  178    3.263799e-23    3.262946e-23
   72  179    6.833220e-26    2.069670e-27
   72  180    6.505163e-26    1.048107e-30
   72  181    2.168023e-30    1.041633e-35
   73  162    2.039286e-30    6.534541e-31
   73  163    1.187286e-26    2.535249e-27
   73  164    7.077926e-25    1.952307e-25
   73  165    1.705787e-20    4.354410e-21
   73  166    1.358042e-19    3.285624e-20
   73  167    3.427154e-16    6.817819e-17
   73  168    1.527767e-16    2.191356e-17
   73  169    5.601904e-15    3.862551e-16
   73  170    7.432927e-15    1.955566e-16
   73  171    4.517964e-13   -1.709699e-16
   73  172    1.574162e-15   -1.732881e-16
   73  173    1.723957e-13   -1.903513e-14
   73  174    8.198312e-17   -1.812797e-17
   73  175    3.284516e-14   -8.198213e-15
   73  176    3.103742e-17   -1.166336e-17
   73  177    3.145934e-18   -1.696664e-18
   73  178    1.745578e-23   -1.360116e-23
   73  179    6.016710e-19   -5.391571e-19
   73  180    1.126076e-22   -1.219988e-22
   73  181    3.057271e-25   -4.005746e-25
   73  182    9.212474e-30   -1.407818e-29
   74  163    2.168265e-29   -1.135647e-30
   74  164    2.160389e-25    1.386705e-25
   74  165    3.149053e-23    8.695427e-24
   74  166    3.142534e-19    7.707775e-20
   74  167    6.533007e-18    1.525558e-18
   74  168    1.541873e-14    2.948768e-15
   74  169    2.289995e-14    3.297910e-15
   74  170    2.912046e-12    2.747490e-13
   74  171    8.952578e-13    1.009039e-14
   74  172    2.776137e-11   -9.626655e-13
   74  173    3.282341e-12   -4.603532e-13
   74  174    1.374675e-11   -2.775287e-12
   74  175    4.404959e-13   -1.430202e-13
   74  176    3.371895e-13   -1.286321e-13
   74  177    2.141976e-15   -1.117352e-15
   74  178    2.933182e-16   -1.843588e-16
   74  179    7.137040e-19   -5.650000e-19
   74  180    2.556167e-20   -2.431894e-20
   74  181    2.131481e-23   -2.438694e-23
   74  182    1.529437e-25   -2.088127e-25
   74  183    1.479902e-29   -2.353565e-29
   74  184    3.100257e-28    3.206624e-32
   75  167    3.063719e-30    6.230512e-31
   75  168    1.667898e-28    3.114833e-29
   75  169    6.933783e-25    9.835194e-26
   75  170    4.259824e-24    4.467129e-25
   75  171    3.998939e-20    3.445085e-21
   75  172    8.050536e-19    3.511022e-20
   75  173    1.127860e-15   -1.433532e-18
   75  174    1.473972e-15   -7.412681e-17
   75  175    1.383586e-13   -1.145945e-14
   75  176    8.762014e-15   -1.501972e-15
   75  177    1.577077e-13   -2.568217e-14
   75  178    1.668930e-15   -4.728010e-16
   75  179    4.278903e-15   -1.261296e-15
   75  180    2.634681e-17   -1.130277e-17
   75  181    9.357790e-18   -5.039416e-18
   75  182    1.457550e-20   -1.012518e-20
   75  183    6.892940e-22   -6.001982e-22
   75  184    1.400388e-25   -1.472790e-25
   75  185    3.802351e-28   -4.832513e-28
   75  186    3.643778e-29    1.517957e-31
   75  187    4.982395e-28    1.536243e-35
   76  170    1.078826e-25    1.600608e-26
   76  171    1.337314e-23    1.806918e-24
   76  172    9.053485e-19    9.385989e-20
   76  173    1.907012e-17    1.466519e-18
   76  174    1.803208e-14    5.241077e-16
   76  175    6.163588e-14   -1.059882e-15
   76  176    1.759748e-12   -1.384628e-13
   76  177    7.624247e-13   -1.136509e-13
   76  178    1.193741e-11   -2.107256e-12
   76  179    7.747674e-13   -2.217236e-13
   76  180    3.266404e-12   -9.465311e-13
   76  181    5.851079e-14   -2.467821e-14
   76  182    3.836274e-14   -1.868453e-14
   76  183    2.897741e-16   -1.846806e-16
   76  184    2.268293e-17   -1.774469e-17
   76  185    2.111100e-20   -2.022770e-20
   76  186    2.288757e-22   -2.658647e-22
   76  187    5.264542e-26   -7.215719e-26
   76  188    1.830446e-28   -2.983854e-28
   76  189    4.979250e-29    7.398859e-32
   77  173    9.656887e-30    5.106570e-31
   77  174    3.803713e-28    8.410467e-30
   77  175    1.006423e-24   -9.831619e-27
   77  176    1.839823e-23   -5.230824e-25
   77  177    9.531895e-19   -5.739777e-20
   77  178    9.790600e-18   -8.257577e-19
   77  179    2.476375e-15   -2.756170e-16
   77  180    3.449627e-15   -4.659419e-16
   77  181    1.451776e-13   -2.304778e-14
   77  182    7.678924e-15   -1.963281e-15
   77  183    5.844188e-14   -1.392042e-14
   77  184    7.649690e-16   -2.807711e-16
   77  185    3.980039e-16   -1.766081e-16
   77  186    3.035054e-19   -1.782539e-19
   77  187    2.989557e-20   -2.216253e-20
   77  188    1.689799e-23   -1.540415e-23
   77  189    6.895387e-25   -7.549938e-25
   77  190    1.443693e-28   -1.874577e-28
   77  191    8.027159e-27    9.364396e-30
   77  192    8.797867e-29    9.157937e-34
   78  175    1.440209e-29    1.972279e-30
   78  176    2.919695e-24    2.435674e-25
   78  177    8.051910e-22    4.930431e-23
   78  178    2.370507e-18    2.739366e-20
   78  179    4.739490e-17   -8.632738e-19
   78  180    2.600452e-14   -1.753510e-15
   78  181    4.255745e-14   -4.924693e-15
   78  182    1.584327e-12   -2.499234e-13
   78  183    3.126129e-13   -7.218720e-14
   78  184    5.377860e-12   -1.279363e-12
   78  185    1.681763e-13   -6.124257e-14
   78  186    2.941293e-13   -1.176023e-13
   78  187    1.131152e-15   -6.156265e-16
   78  188    9.477589e-16   -6.161913e-16
   78  189    2.416015e-18   -1.980726e-18
   78  190    1.502463e-19   -1.526039e-19
   78  191    1.683256e-22   -2.042911e-22
   78  192    3.980175e-24   -5.768749e-24
   78  193    1.855379e-27   -3.131473e-27
   78  194    2.790035e-27    7.139308e-29
   78  195    7.991566e-29    1.512945e-32
   78  196    1.996794e-27    2.090928e-35
   79  179    2.825190e-29   -1.195942e-30
   79  180    7.679979e-26   -2.054536e-27
   79  181    1.186323e-21   -6.046406e-23
   79  182    1.788427e-19   -1.144614e-20
   79  183    8.164930e-17   -7.365466e-18
   79  184    2.260041e-16   -2.381410e-17
   79  185    1.854562e-14   -2.514916e-15
   79  186    3.278528e-15   -6.441573e-16
   79  187    6.712102e-14   -1.320501e-14
   79  188    1.006731e-15   -3.230104e-16
   79  189    4.011779e-15   -1.427170e-15
   79  190    5.205294e-17   -2.584673e-17
   79  191    2.216519e-17   -1.401671e-17
   79  192    4.458021e-20   -3.550254e-20
   79  193    1.233062e-20   -1.199175e-20
   79  194    1.079941e-23   -1.267389e-23
   79  195    6.447847e-25   -9.062760e-25
   79  196    3.052931e-28   -5.023382e-28
   79  197    2.571572e-27    9.694080e-30
   79  198    9.630799e-29    2.698638e-33
   79  199    1.049752e-27   -1.219437e-35
   80  181    5.403617e-27    4.147311e-28
   80  182    1.545635e-22    3.959661e-24
   80  183    2.220605e-20   -1.593900e-22
   80  184    5.186580e-17   -2.962093e-18
   80  185    2.911716e-16   -2.609719e-17
   80  186    1.790548e-13   -2.451452e-14
   80  187    1.025713e-13   -1.949250e-14
   80  188    6.120705e-12   -1.343622e-12
   80  189    9.320188e-13   -2.993288e-13
   80  190    6.801372e-12   -2.324294e-12
   80  191    3.149170e-13   -1.509639e-13
   80  192    2.696001e-13   -1.663534e-13
   80  193    3.463308e-15   -2.711747e-15
   80  194    1.365764e-15   -1.291949e-15
   80  195    6.905191e-18   -7.873707e-18
   80  196    7.491610e-19   -1.012668e-18
   80  197    1.728001e-21   -2.740856e-21
   80  198    4.246519e-23   -7.865761e-23
   80  199    3.735517e-26   -7.956700e-26
   80  200    2.422995e-28   -5.933304e-28
   80  201    5.163675e-29    2.675308e-31
   80  202    3.755125e-28    2.799975e-34
   81  184    3.366410e-30    1.090474e-31
   81  185    1.013456e-24    1.062090e-26
   81  186    1.018720e-23   -3.210728e-25
   81  187    6.743492e-20   -6.228924e-21
   81  188    1.143095e-18   -1.319904e-19
   81  189    8.845249e-16   -1.390523e-16
   81  190    4.242340e-15   -7.106165e-16
   81  191    1.132437e-13   -2.430291e-14
   81  192    2.067941e-14   -6.931492e-15
   81  193    2.582415e-14   -1.139717e-14
   81  194    5.005094e-15   -2.602662e-15
   81  195    1.610613e-14   -8.777587e-15
   81  196    2.453160e-16   -1.735572e-16
   81  197    3.669604e-17   -3.316662e-17
   81  198    2.429925e-19   -2.669641e-19
   81  199    2.165877e-20   -2.855373e-20
   81  200    5.703885e-23   -8.856585e-23
   81  201    1.353745e-24   -2.453786e-24
   81  202    1.443381e-27   -3.020108e-27
   81  203    9.353112e-28    2.275067e-29
   81  204    8.653916e-29    1.682073e-32
   81  205    4.711640e-28    2.680372e-35
   82  185    6.140294e-29    1.785099e-29
   82  186    1.043569e-25   -8.771993e-28
   82  187    3.466286e-23   -2.933741e-26
   82  188    1.030059e-19   -2.694500e-21
   82  189    6.158213e-19   -2.307455e-20
   82  190    1.795799e-15   -1.601657e-16
   82  191    6.034938e-15   -7.467524e-16
   82  192    9.756441e-13   -1.708533e-13
   82  193    2.042872e-13   -5.175661e-14
   82  194    1.711968e-11   -4.563951e-12
   82  195    1.539030e-12   -6.216842e-13
   82  196    7.050257e-12   -3.668915e-12
   82  197    2.653420e-13   -1.814301e-13
   82  198    2.990951e-13   -2.556451e-13
   82  199    3.815427e-15   -3.980628e-15
   82  200    2.065146e-15   -2.580957e-15
   82  201    1.669747e-17   -2.466621e-17
   82  202    1.524667e-18   -2.626100e-18
   82  203    5.905705e-21   -1.175686e-20
   82  204    1.757344e-22   -3.963959e-22
   82  205    2.984007e-25   -7.665368e-25
   82  206    2.214148e-27   -6.406253e-27
   83  190    4.835055e-30   -4.576098e-31
   83  191    2.440563e-26   -3.738125e-27
   83  192    3.361129e-25   -1.288814e-25
   83  193    2.506597e-22   -2.864323e-22
   83  194    6.132579e-21   -9.011087e-21
   83  195    4.973581e-19   -7.792805e-19
   83  196    1.046061e-18   -1.794247e-18
   83  197    3.946819e-18   -7.612765e-18
   83  198    1.420081e-18   -2.906492e-18
   83  199    9.607369e-18   -1.994343e-17
   83  200    6.260949e-19   -1.495576e-18
   83  201    5.165197e-19   -1.356750e-18
   83  202    4.984492e-21   -1.500305e-20
   83  203    2.974601e-21   -9.605721e-21
   83  204    1.741605e-23   -6.376790e-23
   83  205    1.308964e-24   -5.233491e-24
   83  206    2.987114e-27   -1.342152e-26
   83  207    1.852706e-27   -7.644588e-40
   83  208    6.913529e-29   -1.550397e-41
   84  196    5.716403e-29   -9.386549e-29
   84  197    3.585093e-29   -6.410607e-29
   84  198    1.402784e-27   -2.804434e-27
   84  199    8.526961e-28   -1.774531e-27
   84  200    1.336816e-27   -4.517974e-27
   84  201    3.681462e-27   -7.012774e-27
   84  202    1.366439e-26   -1.964118e-26
   84  203    2.166311e-27   -8.943709e-28
   84  204    4.501813e-27   -3.095662e-27
   84  205    2.980933e-28   -1.291290e-28
   84  206    2.066935e-27   -8.476534e-28
   84  207    1.174794e-29   -6.462756e-30
   84  208    6.640518e-28   -2.111105e-28
   84  209    1.110643e-30   -5.957103e-31
    0    1    5.181765e-11   -2.702529e-12
    1    1    4.372058e-08   -2.534353e-09
    2    4    3.010853e-06   -2.202468e-07
