2.3784e-01
6.8936e-05
2.4864e+00
3.3345e+05
    1    2    2.938317e-18    1.258733e-19
    1    3    2.965606e-17    1.820120e-18
    2    3    1.798217e-16    1.195494e-17
    3    6    3.185979e-22    1.546700e-23
    3    7    2.158080e-22    1.212009e-23
    4    7    6.991404e-23    3.964653e-24
    4    9    3.396157e-23    1.855551e-24
    4   10    5.190880e-22    1.455528e-23
    5   10    1.328791e-18    4.414958e-20
    5   11    1.898961e-12    3.083439e-14
    5   12    6.755081e-21    1.660558e-22
    5   13    5.026013e-26    1.417091e-27
    6   11    3.815131e-15    1.382874e-16
    6   12    7.548818e-04   -4.741465e-07
    6   13    4.122884e-09    1.187638e-11
    6   14    4.168811e-09    3.229188e-11
    6   15    1.959105e-21    5.636559e-23
    6   16    2.647392e-28    8.643561e-30
    7   12    7.548534e-27    4.591193e-28
    7   13    2.078561e-12    3.654816e-14
    7   14    1.471413e-07    1.670529e-09
    7   15    2.645580e-10   -1.267306e-13
    7   16    6.172979e-20    9.464314e-22
    7   17    2.141927e-22    1.280106e-23
    8   14    3.882223e-16    8.146772e-18
    8   15    4.343234e-10    4.830783e-12
    8   16    4.661824e-02    2.556440e-05
    8   17    5.371712e-08    3.073919e-10
    8   18    2.122456e-10   -2.269727e-13
    8   19    1.028595e-16    2.947356e-19
    8   20    7.945652e-22    1.136258e-24
    8   21    5.511106e-29    4.232673e-31
    9   16    8.698652e-24    3.791769e-25
    9   17    7.267501e-13    1.898989e-14
    9   18    2.687012e-10    1.903314e-12
    9   19    5.082532e-10   -2.327447e-13
    9   20    2.131255e-13   -1.023690e-15
    9   21    3.086087e-17   -2.163502e-19
    9   22    8.493988e-24   -6.716745e-26
    9   23    9.730442e-30    1.902928e-31
   10   18    1.686745e-18    5.679729e-20
   10   19    7.150213e-14    7.883221e-16
   10   20    7.356649e-03   -3.541581e-05
   10   21    4.301857e-06   -1.469286e-08
   10   22    1.909295e-07    7.091023e-10
   10   23    5.259887e-12    2.502142e-15
   10   24    2.386756e-15    4.161835e-18
   10   25    9.667579e-22    6.005962e-24
   10   26    2.025761e-27    6.816665e-30
   11   20    3.675834e-22    9.956750e-24
   11   21    4.962834e-10    5.564110e-12
   11   22    3.514206e-08    2.199916e-12
   11   23    2.081361e-05   -3.942914e-08
   11   24    1.380436e-08   -9.848881e-11
   11   25    6.207649e-12   -4.622888e-14
   11   26    3.256537e-16   -3.833396e-18
   11   27    2.547057e-20   -4.247124e-22
   11   28    1.551516e-28   -1.272700e-30
   12   21    1.510268e-28    5.726184e-30
   12   22    9.477223e-14    1.338733e-15
   12   23    3.693783e-09   -1.995969e-11
   12   24    2.137639e-03    1.012246e-06
   12   25    2.950411e-04   -2.397784e-06
   12   26    2.377344e-04   -3.243931e-06
   12   27    7.434667e-08   -1.347699e-09
   12   28    3.746586e-11   -7.358518e-13
   12   29    3.694608e-18   -4.408902e-20
   12   30    2.695037e-22   -4.218793e-24
   13   23    1.660639e-25    6.916277e-27
   13   24    6.793500e-18    8.920167e-20
   13   25    7.958419e-11    1.346540e-12
   13   26    5.631407e-06   -9.038187e-08
   13   27    2.559815e-04    2.527211e-07
   13   28    1.922856e-06   -1.202587e-08
   13   29    1.134606e-08   -1.011826e-10
   13   30    1.921292e-12   -2.566025e-14
   13   31    8.540746e-16   -1.439807e-17
   13   32    1.552024e-22   -1.852474e-24
   13   33    1.008625e-26   -1.436449e-28
   14   25    5.570097e-24    1.280617e-25
   14   26    7.135925e-15    1.005014e-16
   14   27    1.199794e-08   -1.541281e-10
   14   28    4.998459e-04    7.767066e-06
   14   29    2.106127e-04    3.525678e-06
   14   30    9.161866e-05    2.217602e-06
   14   31    5.031483e-08    1.036025e-09
   14   32    1.016718e-09    3.094299e-11
   14   33    3.827981e-15    1.269670e-16
   14   34    8.547512e-19    3.065776e-20
   14   35    3.665272e-28    1.810609e-29
   15   27    1.832055e-25    7.032577e-27
   15   28    4.252884e-17    2.178656e-19
   15   29    5.600253e-11    1.595853e-12
   15   30    2.252058e-07    3.838811e-09
   15   31    1.145286e-05    3.233990e-07
   15   32    1.080249e-07    3.169669e-09
   15   33    1.867047e-08    7.232322e-10
   15   34    3.022044e-11    1.175136e-12
   15   35    6.102728e-14    2.818521e-15
   15   36    1.464226e-21    8.019084e-23
   15   37    1.534567e-24    1.073100e-25
   16   29    1.885666e-23    2.968493e-25
   16   30    2.775454e-15    2.459808e-17
   16   31    9.878741e-11    1.709751e-12
   16   32    1.619253e-05    6.894493e-07
   16   33    7.560829e-07    2.823296e-08
   16   34    1.112648e-06    4.184841e-08
   16   35    1.363865e-08    7.750731e-10
   16   36    3.001979e-09    2.681785e-10
   16   37    8.797370e-15    8.187269e-16
   16   38    9.371973e-18    1.015257e-18
   16   39    1.997838e-23    2.230690e-24
   16   40    3.059277e-26    4.125390e-27
   17   31    7.108571e-27    2.559489e-28
   17   32    6.133540e-20    2.296571e-21
   17   33    3.935951e-13    2.295476e-14
   17   34    1.800353e-10    7.238615e-12
   17   35    1.900770e-07    1.023039e-08
   17   36    3.390583e-09    2.071939e-10
   17   37    8.576045e-10    7.935033e-11
   17   38    9.416712e-13    9.070805e-14
   17   39    1.178532e-14    1.352236e-15
   17   40    6.806369e-18    7.818833e-19
   17   41    7.343984e-20    1.040270e-20
   17   42    3.014579e-23    4.268362e-24
   17   43    1.018652e-25    1.745930e-26
   18   33    2.684588e-26    1.274085e-27
   18   34    2.747459e-17    1.691729e-18
   18   35    2.951126e-13    1.269406e-14
   18   36    1.203255e-08    8.356933e-10
   18   37    2.281460e-10    1.584836e-11
   18   38    2.075166e-09    1.159130e-10
   18   39    2.651173e-11    1.911580e-12
   18   40    1.052897e-11    6.369182e-13
   18   41    6.856906e-14    4.784299e-15
   18   42    7.930143e-16    7.608098e-17
   18   43    6.488856e-19    6.325116e-20
   18   44    4.561751e-21    6.010871e-22
   18   45    2.062533e-25    2.718553e-26
   18   46    5.765793e-28    1.647324e-28
   19   35    2.531586e-29    2.234498e-30
   19   36    1.586329e-22    9.876627e-24
   19   37    4.077456e-17    3.541416e-18
   19   38    4.098585e-14    2.982036e-15
   19   39    2.163496e-10    1.501313e-11
   19   40    9.242128e-12    5.620275e-13
   19   41    4.450700e-12    1.709390e-13
   19   42    3.942775e-13    2.350092e-14
   19   43    1.688731e-13    7.814035e-15
   19   44    5.633622e-15    4.219126e-16
   19   45    2.236995e-16    2.415057e-17
   19   46    1.422863e-18    1.963786e-19
   19   47    5.275894e-21    8.914362e-22
   19   48    2.872261e-26    4.908484e-27
   20   37    1.981498e-29    1.460015e-30
   20   38    1.803253e-21    1.633128e-22
   20   39    2.500134e-17    1.903402e-18
   20   40    2.586162e-11    8.054671e-13
   20   41    2.191949e-12    5.932723e-14
   20   42    3.654264e-08   -3.941816e-10
   20   43    1.582511e-08   -4.579172e-12
   20   44    5.875374e-08   -3.348563e-10
   20   45    4.076470e-09    1.042352e-10
   20   46    9.231721e-10    5.650703e-11
   20   47    1.498096e-11    1.214920e-12
   20   48    8.471547e-10   -3.076357e-11
   20   49    6.202991e-14   -2.292423e-15
   20   50    8.539272e-17   -2.870994e-18
   20   51    1.469747e-22   -4.430021e-24
   20   52    8.604273e-29   -2.434693e-30
   21   40    1.129021e-28    1.132103e-29
   21   41    4.755766e-21    2.535267e-22
   21   42    2.789921e-17    9.253782e-19
   21   43    1.367303e-10   -8.523646e-13
   21   44    1.703083e-10    7.235635e-13
   21   45    1.493505e-08    1.696916e-10
   21   46    4.375424e-09    1.655313e-10
   21   47    6.769834e-10    4.966791e-11
   21   48    9.284249e-10    1.225029e-11
   21   49    1.940891e-10    3.764756e-12
   21   50    4.001834e-13    8.015522e-15
   21   51    3.114475e-15    1.631838e-16
   21   52    8.890553e-20    4.623031e-21
   21   53    3.174292e-24    1.590833e-25
   21   54    7.153841e-30    3.805478e-31
   22   42    3.434942e-27    2.100021e-28
   22   43    8.217517e-21    3.009532e-22
   22   44    1.144916e-11   -7.747604e-14
   22   45    7.949462e-12    1.792532e-13
   22   46    1.607974e-08   -1.008567e-10
   22   47    9.460708e-09    3.224552e-11
   22   48    1.526178e-08    5.598855e-11
   22   49    1.342782e-08   -8.695825e-11
   22   50    5.207903e-08   -1.013615e-10
   22   51    8.851422e-10    9.548372e-12
   22   52    2.236235e-11    1.283266e-12
   22   53    6.184514e-15    3.476902e-16
   22   54    2.887006e-17    2.498048e-18
   22   55    1.076664e-23    9.821058e-25
   22   56    2.170376e-28    1.954462e-29
   23   44    2.401905e-29    1.292836e-30
   23   45    5.115293e-20    6.864432e-22
   23   46    4.020343e-16    1.067797e-17
   23   47    2.698428e-11   -1.022833e-14
   23   48    3.564537e-11    3.418962e-13
   23   49    3.231485e-09    5.888991e-11
   23   50    1.334970e-09    4.395953e-11
   23   51    8.734984e-09    1.211048e-10
   23   52    1.907220e-09    8.098545e-11
   23   53    8.864183e-11    7.176072e-12
   23   54    1.205566e-13    9.547531e-15
   23   55    3.757291e-15    4.408817e-16
   23   56    3.198936e-20    3.772760e-21
   23   57    4.427306e-23    5.165635e-24
   23   58    7.901389e-30    9.585529e-31
   24   46    2.601130e-25    4.678320e-27
   24   47    5.178859e-20    1.607103e-21
   24   48    1.806862e-14    9.451000e-17
   24   49    9.036478e-14    2.462712e-15
   24   50    1.778310e-10    1.041142e-11
   24   51    5.555305e-10    1.537584e-11
   24   52    4.674809e-08   -3.251030e-10
   24   53    1.262815e-08    4.918388e-11
   24   54    1.247896e-07   -3.070738e-10
   24   55    1.879868e-09   -6.651921e-12
   24   56    9.350419e-11    4.462956e-12
   24   57    1.920881e-14    9.001739e-16
   24   58    3.154987e-16    2.831642e-17
   24   59    3.162508e-22    2.999461e-23
   24   60    8.865526e-25    9.122868e-26
   25   48    1.990820e-28    9.542325e-30
   25   49    3.184058e-22    7.156601e-24
   25   50    1.522304e-18    4.891524e-20
   25   51    7.659329e-14    5.056751e-15
   25   52    1.056146e-12    3.591893e-14
   25   53    2.132712e-09    4.817686e-11
   25   54    5.246388e-09    1.378338e-10
   25   55    3.163224e-08   -3.352440e-11
   25   56    7.081153e-09    1.939167e-10
   25   57    7.799916e-10    5.436702e-11
   25   58    4.770824e-12    3.380477e-13
   25   59    3.620570e-13    4.141931e-14
   25   60    6.902468e-17    7.764407e-18
   25   61    1.416532e-18    1.880917e-19
   25   62    2.035134e-24    2.756901e-25
   25   63    2.635975e-26    4.303352e-27
   26   50    1.186294e-27    3.313533e-29
   26   51    9.413390e-23    3.600363e-24
   26   52    1.113364e-17    6.647166e-19
   26   53    6.198765e-16    2.742530e-17
   26   54    3.221638e-09   -3.759686e-11
   26   55    3.881457e-09    7.625885e-11
   26   56    1.473938e-06   -1.120494e-08
   26   57    8.241910e-07   -5.924609e-09
   26   58    4.959226e-06    8.141940e-10
   26   59    3.137523e-07    2.736072e-09
   26   60    2.935643e-08    1.728171e-09
   26   61    1.725971e-11    9.821851e-13
   26   62    5.803930e-13    6.059351e-14
   26   63    1.796852e-17    1.896740e-18
   26   64    2.179520e-19    3.160890e-20
   26   65    2.546884e-25    3.797810e-26
   26   66    1.916300e-27    4.672016e-28
   27   53    2.192174e-26    1.712492e-27
   27   54    5.697615e-21    2.834536e-22
   27   55    7.112755e-13   -3.115967e-15
   27   56    1.840119e-12    5.098413e-14
   27   57    4.219644e-08    3.590100e-10
   27   58    2.709337e-08    4.771459e-10
   27   59    1.883471e-06   -5.418426e-09
   27   60    2.534839e-07    7.403644e-09
   27   61    7.118809e-08    5.119310e-09
   27   62    1.854341e-09    1.436130e-10
   27   63    2.950025e-10    3.616264e-11
   27   64    3.106953e-13    3.727452e-14
   27   65    2.668843e-14    4.279086e-15
   27   66    2.070482e-18    3.312592e-19
   27   67    4.528028e-20    8.191367e-21
   27   68    2.469037e-25    4.524369e-26
   27   69    1.678363e-28    3.098239e-29
   28   55    7.459720e-26    4.172177e-27
   28   56    7.376295e-17    6.235939e-19
   28   57    2.862350e-14    9.125019e-16
   28   58    1.025442e-09    2.500020e-11
   28   59    2.303892e-08    2.621375e-10
   28   60    1.752636e-06   -3.067998e-08
   28   61    1.173028e-06   -1.999538e-09
   28   62    2.805707e-06    2.478292e-08
   28   63    3.039696e-07    1.081325e-08
   28   64    1.486066e-06    6.964653e-09
   28   65    1.905281e-08    4.429207e-11
   28   66    2.020858e-09    1.091013e-10
   28   67    1.761984e-12    9.140563e-14
   28   68    5.200742e-14    5.230543e-15
   28   69    6.860603e-19    7.054609e-20
   28   70    4.530346e-21    6.469695e-22
   28   71    2.857369e-27    4.189076e-28
   29   57    1.061932e-27    3.534583e-29
   29   58    2.713884e-21    1.216652e-22
   29   59    4.823518e-15    1.652224e-16
   29   60    2.177671e-12    4.160563e-14
   29   61    6.337609e-10   -4.418885e-12
   29   62    1.161362e-09    7.730715e-12
   29   63    2.770724e-07   -1.197901e-08
   29   64    2.470492e-07   -4.178172e-09
   29   65    1.101646e-06    6.209998e-09
   29   66    1.877884e-07    1.977226e-09
   29   67    1.348981e-07    8.093993e-09
   29   68    9.980769e-10    5.604004e-11
   29   69    1.984374e-10    2.071922e-11
   29   70    3.132521e-14    3.273319e-15
   29   71    2.984954e-15    4.407747e-16
   29   72    1.062835e-19    1.570786e-20
   29   73    6.017790e-21    1.090385e-21
   29   74    1.221218e-25    2.212957e-26
   30   59    2.244036e-28    1.283046e-29
   30   60    3.310454e-20    1.357929e-21
   30   61    1.586389e-16    4.265790e-18
   30   62    5.213162e-13    1.577304e-15
   30   63    7.740975e-13   -1.242495e-15
   30   64    3.622481e-07   -1.319807e-08
   30   65    1.394182e-07   -2.780231e-09
   30   66    1.002187e-06   -9.265810e-09
   30   67    3.249034e-07   -1.039364e-09
   30   68    1.639879e-06    1.536414e-08
   30   69    5.386648e-08    3.873035e-10
   30   70    3.019127e-08    1.693608e-09
   30   71    1.190252e-10    6.400773e-12
   30   72    1.514906e-11    1.534444e-12
   30   73    8.880991e-15    8.875498e-16
   30   74    3.744440e-16    5.427568e-17
   30   75    1.332473e-20    1.937956e-21
   30   76    2.266555e-22    4.241344e-23
   30   77    1.609091e-27    3.034747e-28
   31   62    1.587132e-23    6.399237e-25
   31   63    1.143683e-19    2.009463e-21
   31   64    1.382149e-17    8.780360e-20
   31   65    2.509224e-11   -6.984965e-13
   31   66    5.315410e-11   -5.582752e-13
   31   67    6.788537e-09   -1.339390e-11
   31   68    3.053633e-09   -2.638307e-13
   31   69    6.735668e-08   -1.404167e-09
   31   70    3.344960e-08   -7.408113e-10
   31   71    2.146337e-07    3.169686e-09
   31   72    1.139881e-08    1.003930e-10
   31   73    1.268533e-08    7.198786e-10
   31   74    2.518941e-10    1.373385e-11
   31   75    7.230951e-11    7.388274e-12
   31   76    3.449100e-14    3.390529e-15
   31   77    6.951438e-15    9.899129e-16
   31   78    1.844258e-18    2.575580e-19
   31   79    6.182175e-20    1.048086e-20
   31   80    1.789525e-25    3.075968e-26
   31   81    6.661049e-28    2.670269e-28
   32   64    3.533891e-25    7.967925e-27
   32   65    3.336748e-22    4.135447e-24
   32   66    4.717387e-15   -7.514702e-17
   32   67    1.044539e-14   -8.375951e-18
   32   68    4.263497e-11    5.456883e-13
   32   69    2.473533e-11    7.804580e-14
   32   70    7.847124e-08   -3.513601e-09
   32   71    4.828367e-08   -1.094217e-09
   32   72    2.058218e-07   -6.138388e-10
   32   73    6.644701e-08    5.114780e-11
   32   74    2.494936e-07    4.207382e-09
   32   75    2.847236e-08    4.380630e-10
   32   76    8.284798e-09    5.139119e-10
   32   77    1.080074e-10    6.416638e-12
   32   78    1.390350e-11    1.485833e-12
   32   79    2.383610e-14    2.533346e-15
   32   80    8.063210e-16    1.219245e-16
   32   81    2.756487e-20    4.181792e-21
   32   82    1.790824e-22    3.295799e-23
   32   83    2.003949e-29    3.819819e-30
   33   66    4.686626e-29    1.215588e-30
   33   67    1.585871e-22    1.113108e-25
   33   68    2.694374e-20    2.456565e-22
   33   69    4.786954e-16    1.116004e-17
   33   70    3.151443e-15    3.515376e-17
   33   71    6.113284e-11   -1.984240e-12
   33   72    4.566198e-11   -8.327566e-13
   33   73    1.662923e-09    1.296351e-11
   33   74    5.299434e-10    5.607654e-12
   33   75    5.298222e-09   -4.221456e-11
   33   76    6.474682e-09   -1.362741e-10
   33   77    1.305320e-08    4.357533e-10
   33   78    6.246944e-10    1.841814e-11
   33   79    8.548695e-10    7.231515e-11
   33   80    1.717515e-11    1.462518e-12
   33   81    6.134371e-12    8.294116e-13
   33   82    1.597891e-15    2.126931e-16
   33   83    1.659107e-16    2.917029e-17
   33   84    5.281403e-23    9.518734e-24
   33   85    2.564466e-27    4.559934e-28
   34   68    3.219428e-28    2.293407e-30
   34   69    9.672837e-25    1.696956e-26
   34   70    4.773663e-20    1.473091e-21
   34   71    4.003133e-19    6.131573e-21
   34   72    2.306550e-13   -6.154035e-15
   34   73    1.048348e-13   -5.439046e-16
   34   74    6.783227e-12    1.465815e-13
   34   75    2.353895e-11   -1.319301e-13
   34   76    6.243432e-09   -5.474225e-10
   34   77    6.998402e-09   -5.397823e-10
   34   78    7.245504e-08   -8.976174e-10
   34   79    2.028648e-08    6.438100e-11
   34   80    3.140420e-08    1.553499e-09
   34   81    3.683527e-09    2.417067e-10
   34   82    8.882310e-10    9.279497e-11
   34   83    3.339559e-12    3.481679e-13
   34   84    2.339038e-13    3.346562e-14
   34   85    1.987186e-18    2.898695e-19
   34   86    4.745137e-22    6.742093e-23
   34   87    4.169020e-28    6.154902e-29
   35   71    4.295430e-28    2.111488e-29
   35   72    2.612850e-25    6.937599e-27
   35   73    7.389684e-19   -1.028363e-20
   35   74    5.167289e-18    1.521654e-20
   35   75    9.454253e-16    2.845223e-17
   35   76    5.206239e-15    1.841010e-17
   35   77    2.670948e-11   -1.904575e-12
   35   78    1.156771e-11   -7.984262e-13
   35   79    2.182599e-10   -1.154521e-11
   35   80    5.108475e-10   -4.958133e-11
   35   81    2.398503e-09   -1.571252e-10
   35   82    2.978954e-09   -1.373003e-10
   35   83    9.215086e-09    3.267128e-10
   35   84    7.969604e-10    3.144203e-11
   35   85    4.476043e-10    4.357330e-11
   35   86    1.963995e-14    1.918750e-15
   35   87    3.460147e-17    3.256082e-18
   35   88    4.442078e-22    4.268609e-23
   35   89    5.230786e-26    4.826356e-27
   36   73    4.603527e-30    1.622667e-31
   36   74    2.979061e-23   -1.201570e-25
   36   75    2.546780e-22    3.215228e-24
   36   76    1.138525e-18    1.785862e-20
   36   77    5.778453e-17   -2.722774e-18
   36   78    4.724806e-14   -2.707509e-15
   36   79    1.064272e-13   -7.048309e-15
   36   80    6.752397e-10   -1.043122e-10
   36   81    8.704577e-10   -1.225312e-10
   36   82    2.327556e-08   -1.071918e-09
   36   83    1.752943e-08   -4.498254e-10
   36   84    7.757757e-08    5.504959e-10
   36   85    1.953128e-08    6.799636e-10
   36   86    6.798628e-09    4.986628e-10
   36   87    4.101894e-12    2.966469e-13
   36   88    7.938126e-14    6.163798e-15
   36   89    3.356741e-18    2.616834e-19
   36   90    4.948125e-21    3.668393e-22
   36   91    3.278553e-27    2.569877e-28
   37   76    2.502481e-28    5.721121e-30
   37   77    2.487944e-24    6.696044e-26
   37   78    4.603431e-22   -1.744610e-23
   37   79    2.611776e-18   -1.216784e-19
   37   80    7.501890e-18   -4.387805e-19
   37   81    3.549560e-13   -5.081508e-14
   37   82    3.554785e-13   -4.826408e-14
   37   83    2.838654e-11   -9.496943e-13
   37   84    2.041398e-11   -6.343645e-13
   37   85    1.092570e-09   -8.479545e-11
   37   86    1.910112e-09   -9.658640e-11
   37   87    6.000973e-09    2.043225e-10
   37   88    3.370906e-11    1.057046e-12
   37   89    2.983438e-12    1.280133e-13
   37   90    1.369147e-15    5.457482e-17
   37   91    9.120751e-18    3.075660e-19
   37   92    1.158430e-22    4.040643e-24
   37   93    9.003509e-26    2.642088e-27
   38   78    3.081126e-29    3.600672e-31
   38   79    1.038372e-26   -2.799715e-28
   38   80    4.986514e-22   -2.287204e-23
   38   81    2.946432e-20   -3.306334e-21
   38   82    2.494394e-16   -3.517558e-17
   38   83    8.184842e-16   -4.210361e-17
   38   84    4.964134e-14   -1.005905e-15
   38   85    2.788680e-13   -1.884808e-14
   38   86    9.688814e-09   -3.017693e-10
   38   87    1.118791e-08   -1.490211e-10
   38   88    4.431448e-08    4.184149e-10
   38   89    1.116073e-09    2.045497e-11
   38   90    1.240766e-10    7.962456e-12
   38   91    3.491269e-13    2.134723e-14
   38   92    1.345565e-14    8.999424e-16
   38   93    3.234697e-18    2.126632e-19
   38   94    2.068761e-20    1.273487e-21
   38   95    2.457401e-26    1.612798e-27
   39   81    1.360202e-28   -4.311047e-30
   39   82    1.267510e-25   -1.288610e-26
   39   83    4.020689e-21   -5.209476e-22
   39   84    1.634828e-20   -7.152498e-22
   39   85    3.470676e-18   -3.371474e-20
   39   86    3.561675e-17   -1.164540e-18
   39   87    1.409369e-12   -2.534033e-14
   39   88    2.993827e-12   -3.565273e-14
   39   89    4.312062e-09   -2.262841e-11
   39   90    4.004868e-10    5.706773e-12
   39   91    4.316456e-10    2.098589e-11
   39   92    1.166990e-11    5.038534e-13
   39   93    3.624382e-12    1.646985e-13
   39   94    3.574111e-14    1.469295e-15
   39   95    5.801345e-16    1.834532e-17
   39   96    1.102783e-19    3.540451e-21
   39   97    7.633226e-24    2.030184e-25
   39   98    3.729561e-29    1.176325e-30
   40   83    1.667552e-30   -1.487628e-31
   40   84    1.923788e-25   -1.523342e-26
   40   85    4.533510e-25   -1.708794e-26
   40   86    1.648961e-21   -3.785762e-23
   40   87    3.483304e-19    2.079535e-21
   40   88    4.122397e-16   -7.179693e-18
   40   89    1.248782e-14    1.640916e-16
   40   90    1.742325e-09   -1.778163e-11
   40   91    6.165839e-10   -1.058670e-12
   40   92    1.056672e-09    1.436909e-11
   40   93    1.689969e-10    2.011397e-12
   40   94    4.403924e-10    2.230138e-12
   40   95    2.172707e-11    2.786956e-14
   40   96    1.004574e-11    3.347780e-13
   40   97    2.739626e-15    8.416250e-17
   40   98    9.273689e-18    2.287498e-19
   40   99    4.846547e-23    1.436176e-24
   40  100    8.391483e-25    2.864524e-26
   40  101    1.921173e-29    6.697065e-31
   41   87    5.167884e-27   -5.947202e-29
   41   88    3.547082e-24    6.246866e-26
   41   89    7.909719e-21   -5.699767e-23
   41   90    5.787274e-19    1.370385e-20
   41   91    4.072165e-13    5.798139e-17
   41   92    4.002747e-13    2.153871e-15
   41   93    9.752078e-13    3.449175e-14
   41   94    4.209167e-13    1.746192e-14
   41   95    5.690535e-13    4.391005e-14
   41   96    8.826595e-14    6.856121e-15
   41   97    1.178332e-13    1.265573e-14
   41   98    1.939327e-16    2.019359e-17
   41   99    8.050492e-18    7.800846e-19
   41  100    1.240821e-21    1.195385e-22
   41  101    2.129856e-22    2.317891e-23
   41  102    5.525910e-26    5.888232e-27
   42   89    2.497507e-29    7.236800e-31
   42   90    3.820097e-25    2.334261e-27
   42   91    1.284202e-21    3.764779e-23
   42   92    2.110205e-16    6.133948e-18
   42   93    4.386029e-16    3.912095e-18
   42   94    1.464344e-12   -6.240289e-14
   42   95    2.425477e-12   -2.202681e-13
   42   96    7.197259e-11   -1.283251e-12
   42   97    1.460117e-11   -2.292983e-13
   42   98    1.263603e-10    1.710975e-12
   42   99    9.191744e-13    9.286801e-15
   42  100    1.456969e-12    7.204606e-14
   42  101    1.867521e-15    8.927912e-17
   42  102    5.156902e-16    4.778039e-17
   42  103    2.686147e-19    2.433475e-20
   42  104    3.170158e-20    3.541261e-21
   42  105    2.046383e-24    2.278362e-25
   42  106    2.214255e-26    2.380014e-27
   43   92    6.097026e-27    2.498896e-28
   43   93    5.286141e-21    2.150522e-22
   43   94    1.112069e-19   -6.670913e-22
   43   95    1.385117e-16   -7.551737e-18
   43   96    4.516574e-16   -1.731531e-17
   43   97    7.473676e-15   -8.529660e-18
   43   98    4.779201e-15    2.286307e-17
   43   99    2.252402e-13   -4.624681e-16
   43  100    1.634899e-14   -1.609071e-16
   43  101    8.139644e-14    3.260369e-15
   43  102    3.128452e-16    1.105098e-17
   43  103    6.527200e-16    5.392189e-17
   43  104    1.618179e-18    1.272416e-19
   43  105    1.260227e-18    1.421992e-19
   43  106    3.504639e-22    3.884728e-23
   43  107    8.123789e-24    8.402128e-25
   43  108    1.412085e-27    1.450037e-28
   44   94    8.676429e-25    1.497699e-26
   44   95    3.132727e-22   -1.342516e-23
   44   96    6.526426e-20   -1.313687e-21
   44   97    2.304574e-18   -8.679969e-20
   44   98    6.637498e-14   -5.102388e-15
   44   99    7.708489e-14   -1.214424e-14
   44  100    8.870749e-12   -6.141773e-13
   44  101    1.613865e-12   -1.084984e-13
   44  102    3.333967e-11    4.862502e-13
   44  103    1.661735e-12    1.827099e-14
   44  104    3.335896e-12    2.307605e-13
   44  105    3.355893e-14    2.190217e-15
   44  106    1.860758e-14    2.130464e-15
   44  107    1.960363e-17    2.190612e-18
   44  108    7.231049e-18    1.029375e-18
   44  109    8.660733e-22    1.227016e-22
   44  110    7.285241e-23    1.090633e-23
   44  111    1.775560e-27    2.672176e-28
   45   96    7.429843e-28   -2.369807e-29
   45   97    1.176410e-24   -1.335407e-26
   45   98    1.584023e-22   -6.196015e-24
   45   99    1.857881e-18   -1.901781e-19
   45  100    4.030473e-18   -3.259429e-19
   45  101    5.060459e-16   -2.468760e-17
   45  102    6.315255e-16   -2.824625e-17
   45  103    9.120648e-13   -7.301044e-14
   45  104    2.396157e-13   -2.100493e-14
   45  105    5.034229e-12    2.917727e-14
   45  106    2.018210e-13   -1.041760e-16
   45  107    1.054173e-12    6.282007e-14
   45  108    1.173461e-14    6.394097e-16
   45  109    2.058191e-14    1.805804e-15
   45  110    5.608978e-17    4.730845e-18
   45  111    1.273243e-17    1.132107e-18
   45  112    4.268477e-21    3.710319e-22
   45  113    2.442063e-22    2.009859e-23
   45  114    4.174002e-27    3.474793e-28
   46   98    6.291453e-28   -1.872633e-29
   46   99    3.685298e-25   -3.249493e-26
   46  100    1.163608e-22   -1.210168e-23
   46  101    3.222119e-21   -1.346729e-22
   46  102    1.146632e-17   -8.775996e-19
   46  103    1.531477e-16   -1.608325e-17
   46  104    9.151614e-13   -1.292263e-13
   46  105    2.434429e-13   -3.351852e-14
   46  106    1.475986e-11   -7.133255e-13
   46  107    1.318638e-12   -5.984413e-14
   46  108    5.078833e-11    6.903095e-13
   46  109    1.853121e-12    1.639837e-14
   46  110    3.866511e-12    2.267690e-13
   46  111    1.520513e-14    8.421063e-16
   46  112    1.389568e-14    1.344841e-15
   46  113    8.172033e-18    7.784825e-19
   46  114    2.572684e-18    3.199088e-19
   46  115    3.532380e-22    4.392215e-23
   46  116    1.668159e-23    2.168212e-24
   46  117    4.158711e-28    5.466545e-29
   47  101    5.180465e-28   -4.530264e-29
   47  102    9.317604e-27   -3.006903e-28
   47  103    3.452207e-22   -2.863953e-23
   47  104    2.252320e-20   -2.419910e-21
   47  105    8.434158e-18   -1.025249e-18
   47  106    1.524324e-17   -1.435773e-18
   47  107    1.125468e-14   -2.577267e-15
   47  108    8.584281e-15   -1.853563e-15
   47  109    1.460968e-12   -1.162484e-13
   47  110    2.023003e-13   -1.674665e-14
   47  111    7.648748e-12    5.930459e-14
   47  112    2.961779e-13    4.199933e-16
   47  113    1.259035e-12    7.726297e-14
   47  114    3.808162e-15    2.183746e-16
   47  115    4.829364e-15    4.850241e-16
   47  116    1.650740e-18    1.627020e-19
   47  117    1.242269e-18    1.553040e-19
   47  118    2.459576e-22    3.038745e-23
   47  119    2.380189e-23    3.033043e-24
   47  120    8.187042e-28    1.045601e-28
   48  103    3.165590e-30    6.956220e-31
   48  104    8.293135e-26   -8.333849e-27
   48  105    4.442341e-24   -4.662168e-25
   48  106    1.467839e-20   -1.344519e-21
   48  107    6.415095e-19   -6.063225e-20
   48  108    2.753128e-14   -3.158742e-15
   48  109    7.711374e-15   -8.528117e-16
   48  110    2.686001e-12   -2.360445e-13
   48  111    6.960637e-13   -6.108061e-14
   48  112    2.142366e-11   -4.073227e-13
   48  113    1.786989e-12   -3.474464e-14
   48  114    4.717488e-11    5.370168e-13
   48  115    1.172121e-12    8.996829e-15
   48  116    3.715168e-12    1.944557e-13
   48  117    2.049482e-14    1.019080e-15
   48  118    1.705824e-14    1.541691e-15
   48  119    1.042681e-17    9.251713e-19
   48  120    3.596552e-18    4.419117e-19
   48  121    9.165436e-22    1.122144e-22
   48  122    6.518658e-23    9.457360e-24
   48  123    2.172150e-27    3.187733e-28
   49  106    5.195794e-30   -4.085273e-31
   49  107    6.513989e-26   -4.438196e-27
   49  108    1.552527e-23   -1.177815e-24
   49  109    5.058644e-20   -4.829907e-21
   49  110    1.044865e-19   -8.154068e-21
   49  111    1.023773e-17   -8.018751e-19
   49  112    2.493216e-17   -2.290793e-18
   49  113    2.274930e-14   -4.940317e-15
   49  114    1.326392e-14   -2.472277e-15
   49  115    1.783027e-12   -9.481762e-14
   49  116    2.608735e-13   -1.512338e-14
   49  117    3.528325e-12    8.556709e-14
   49  118    1.126032e-13    2.203332e-15
   49  119    3.764729e-13    2.912062e-14
   49  120    2.916333e-15    2.152137e-16
   49  121    3.843969e-15    4.518629e-16
   49  122    6.757120e-18    7.796534e-19
   49  123    3.703989e-18    5.658904e-19
   49  124    1.350178e-21    2.049270e-22
   49  125    2.984376e-22    5.559808e-23
   49  126    2.817327e-26    5.245702e-27
   50  108    7.282587e-29    6.702888e-31
   50  109    3.511578e-28   -2.335945e-29
   50  110    3.589132e-25   -3.019925e-26
   50  111    3.158956e-24   -1.866380e-25
   50  112    1.067118e-19   -2.256715e-21
   50  113    2.648229e-18   -1.047035e-19
   50  114    1.345999e-13   -9.351599e-15
   50  115    1.042768e-13   -1.193264e-14
   50  116    2.119189e-11   -6.902007e-13
   50  117    4.926999e-12   -1.623123e-13
   50  118    6.472559e-11    9.878410e-14
   50  119    5.796333e-12   -2.931837e-15
   50  120    7.690696e-11    5.633514e-13
   50  121    2.565776e-12    9.261633e-15
   50  122    4.335424e-12    2.008081e-13
   50  123    5.126695e-14    2.304049e-15
   50  124    7.728123e-14    2.033062e-15
   50  125    3.457241e-16    7.972965e-18
   50  126    1.186668e-16    6.549477e-18
   50  127    2.007874e-19    1.081217e-20
   50  128    1.486726e-20    1.427918e-21
   50  129    9.085424e-24    8.679204e-25
   50  130    2.182375e-25    2.953630e-26
   50  131    4.126506e-29    5.629984e-30
   51  112    1.340105e-30   -5.702815e-32
   51  113    5.512059e-26   -3.870158e-28
   51  114    3.307116e-24   -7.953252e-26
   51  115    9.043145e-20   -4.921971e-21
   51  116    1.909102e-19   -1.297675e-20
   51  117    2.500099e-17   -3.623752e-19
   51  118    3.077241e-17   -4.489843e-19
   51  119    1.704115e-15   -4.053092e-17
   51  120    1.424034e-15   -4.733804e-17
   51  121    7.369420e-13   -4.484500e-14
   51  122    1.230704e-13   -8.068560e-15
   51  123    2.104021e-12    2.396724e-14
   51  124    1.546537e-13    1.040983e-15
   51  125    4.207675e-13    2.692179e-14
   51  126    8.033327e-15    4.761914e-16
   51  127    7.150454e-15    7.742032e-16
   51  128    2.693186e-17    2.822349e-18
   51  129    8.912704e-18    1.341387e-18
   51  130    7.923150e-21    1.172968e-21
   51  131    8.081840e-22    1.535826e-22
   51  132    4.054644e-25    7.618050e-26
   51  133    4.846655e-27    1.429539e-27
   52  115    1.479857e-29   -2.762232e-31
   52  116    1.264452e-25   -5.527528e-27
   52  117    4.641884e-25   -5.260522e-27
   52  118    1.853579e-22   -4.375800e-24
   52  119    2.092380e-21   -8.657575e-23
   52  120    5.449003e-17   -4.556845e-18
   52  121    1.370762e-16   -1.240214e-17
   52  122    6.150506e-13   -7.415395e-14
   52  123    1.552617e-13   -1.771599e-14
   52  124    1.412691e-11   -3.928178e-13
   52  125    1.743371e-12   -4.849129e-14
   52  126    3.668095e-11    3.079146e-13
   52  127    1.785277e-12    8.480804e-15
   52  128    4.875285e-12    2.232659e-13
   52  129    9.808274e-14    3.849701e-15
   52  130    1.547472e-12   -1.041943e-14
   52  131    1.016828e-14   -1.069050e-16
   52  132    3.845726e-15    1.503485e-16
   52  133    1.109162e-17    4.147358e-19
   52  134    5.154654e-19    4.542141e-20
   52  135    2.271716e-26    2.182037e-27
   53  119    2.157308e-27   -9.179952e-30
   53  120    1.208190e-26   -5.063897e-28
   53  121    2.290110e-22   -1.601896e-23
   53  122    3.931118e-21   -3.352113e-22
   53  123    1.666054e-18   -9.371391e-20
   53  124    3.392623e-18   -9.843654e-20
   53  125    2.756476e-15   -2.947518e-17
   53  126    2.343264e-15   -4.486377e-17
   53  127    1.185542e-12   -4.685364e-14
   53  128    2.335023e-13   -1.100416e-14
   53  129    1.921653e-12    4.360985e-14
   53  130    9.252454e-14    1.504442e-15
   53  131    1.742605e-13    1.250567e-14
   53  132    2.924308e-15    1.955398e-16
   53  133    1.500039e-15    1.751589e-16
   53  134    1.498261e-17    1.712367e-18
   53  135    1.020153e-18    1.635966e-19
   53  136    2.758798e-26    4.589625e-27
   54  121    5.158638e-29   -1.620250e-30
   54  122    2.771589e-27   -1.281831e-28
   54  123    1.321632e-25   -4.031095e-27
   54  124    1.532182e-21   -3.195975e-23
   54  125    2.210329e-20   -7.117633e-22
   54  126    2.891076e-16   -1.838882e-17
   54  127    6.864304e-16   -4.836286e-17
   54  128    1.043992e-12   -1.008765e-13
   54  129    3.536641e-13   -3.071914e-14
   54  130    1.988900e-11   -2.559377e-13
   54  131    2.914388e-12   -4.146924e-14
   54  132    4.551919e-11    2.584174e-13
   54  133    2.542647e-12    3.392897e-15
   54  134    4.311162e-12    2.064970e-13
   54  135    2.025046e-13    5.443227e-15
   54  136    7.047805e-12   -4.472507e-14
   54  137    5.585116e-18   -4.061966e-21
   54  138    1.831217e-22   -6.547417e-25
   54  139    6.374321e-29    1.958883e-31
   55  125    3.018928e-27   -2.726809e-29
   55  126    2.050494e-25   -5.417698e-27
   55  127    1.496762e-21   -7.347466e-23
   55  128    1.688939e-20   -1.067648e-21
   55  129    4.275861e-18   -8.799452e-20
   55  130    8.996064e-18   -7.346411e-20
   55  131    5.786742e-15   -1.769576e-16
   55  132    3.522832e-15   -1.327204e-16
   55  133    9.135662e-13   -4.982597e-14
   55  134    2.232911e-13   -1.226508e-14
   55  135    2.804873e-12    3.794102e-14
   55  136    3.263258e-13    3.333656e-15
   55  137    3.045386e-13    2.117161e-14
   55  138    6.682345e-19    4.893591e-20
   55  139    1.620545e-22    1.117142e-23
   55  140    3.150201e-28    2.271939e-29
   56  127    1.057172e-27    9.026935e-30
   56  128    4.106527e-26    1.292150e-27
   56  129    1.688925e-24    4.242703e-26
   56  130    4.584940e-20    3.003644e-22
   56  131    3.410137e-19   -1.024547e-21
   56  132    1.564239e-15   -4.540566e-17
   56  133    3.099390e-15   -1.062662e-16
   56  134    2.688534e-12   -1.558325e-13
   56  135    9.570565e-13   -4.490824e-14
   56  136    5.906930e-11   -9.749818e-15
   56  137    1.822680e-11   -4.100186e-14
   56  138    4.093752e-10    2.514575e-13
   56  139    8.354562e-15    1.904433e-17
   56  140    9.659878e-18   -4.473425e-20
   56  141    1.375346e-22   -2.999470e-25
   56  142    3.581949e-26   -2.848466e-28
   57  130    2.257857e-29    9.477251e-31
   57  131    7.290706e-26    1.496251e-27
   57  132    1.225504e-24    7.787227e-27
   57  133    4.944121e-21   -5.493416e-23
   57  134    4.156000e-20   -9.624938e-22
   57  135    7.495674e-18    2.838227e-19
   57  136    2.573373e-17    1.346785e-18
   57  137    7.671002e-15    4.684151e-16
   57  138    1.934587e-14    8.935865e-16
   57  139    3.732597e-11   -1.193950e-15
   57  140    4.623160e-15   -3.383007e-19
   57  141    2.133619e-17   -1.999975e-19
   57  142    1.151358e-21   -1.043714e-23
   57  143    2.039629e-24   -3.350767e-26
   57  144    1.157565e-29   -1.652760e-31
   58  132    5.173963e-30    2.574070e-31
   58  133    3.858039e-29    2.383624e-30
   58  134    1.256292e-24    1.592164e-25
   58  135    5.013338e-23    5.719989e-24
   58  136    5.678814e-19    5.016485e-20
   58  137    5.625713e-18    4.036300e-19
   58  138    2.485740e-14    1.108421e-15
   58  139    1.275501e-13    3.269110e-15
   58  140    9.323988e-11   -2.404312e-15
   58  141    5.084453e-14   -1.092252e-16
   58  142    1.787970e-15   -2.201455e-17
   58  143    4.547187e-19   -6.016008e-21
   58  144    2.983436e-21   -6.828967e-23
   58  145    7.948653e-26   -1.652959e-27
   58  146    2.200909e-28    1.724693e-32
   59  135    4.299880e-30    6.458515e-31
   59  136    9.698180e-27    1.017453e-27
   59  137    3.925422e-22    3.104718e-23
   59  138    1.366081e-20    9.030716e-22
   59  139    1.563745e-16    6.169296e-18
   59  140    4.104062e-15    1.032825e-16
   59  141    7.765617e-12    1.575999e-16
   59  142    3.139286e-14   -1.144022e-16
   59  143    4.464151e-15   -7.020095e-17
   59  144    3.294190e-18   -6.163944e-20
   59  145    1.241322e-19   -3.712528e-21
   59  146    4.329417e-24   -1.253407e-25
   59  147    1.852112e-25   -7.481817e-27
   59  148    7.949032e-30   -3.196345e-31
   60  137    5.905157e-29    6.873209e-30
   60  138    9.316375e-24    8.232372e-25
   60  139    1.273011e-21    9.380775e-23
   60  140    5.724922e-17    2.566189e-18
   60  141    3.258925e-15    9.647372e-17
   60  142    3.500080e-11    8.578013e-14
   60  143    5.225508e-13   -5.274560e-15
   60  144    5.194051e-13   -3.712683e-14
   60  145    2.251331e-15   -1.720709e-16
   60  146    3.445080e-16   -3.238836e-17
   60  147    1.765906e-19   -1.695766e-20
   60  148    9.177940e-21   -1.008276e-21
   60  149    1.671078e-24   -1.837106e-25
   60  150    1.541658e-25   -1.950021e-26
   60  151    5.447650e-29   -7.026285e-30
   60  152    9.401727e-27    1.391030e-32
   61  139    9.749501e-30    1.127352e-30
   61  140    1.793286e-26    2.306555e-27
   61  141    4.860563e-21    4.958955e-22
   61  142    2.219776e-18    1.878954e-19
   61  143    5.955814e-14    3.396949e-15
   61  144    5.383530e-15    2.695360e-16
   61  145    1.038276e-14    3.490445e-16
   61  146    2.225406e-16    6.124915e-18
   61  147    1.063899e-16    5.616446e-19
   61  148    3.200431e-19    4.076149e-22
   61  149    5.461944e-20   -6.506393e-22
   61  150    4.248086e-23   -6.428685e-25
   61  151    1.330153e-22   -6.873626e-24
   61  152    1.432494e-25   -8.036080e-27
   61  153    1.559544e-25   -1.097982e-26
   61  154    1.328582e-28   -9.887499e-30
   61  155    3.600724e-29    1.344881e-30
   62  141    1.710129e-27    1.790796e-28
   62  142    2.784813e-21    2.014159e-22
   62  143    2.638382e-18    1.409559e-19
   62  144    6.538278e-13    1.478045e-14
   62  145    2.348277e-13    1.081662e-15
   62  146    2.756610e-12   -4.033014e-14
   62  147    1.703070e-13   -3.636383e-15
   62  148    3.874188e-13   -1.405900e-14
   62  149    3.504061e-15   -1.429127e-16
   62  150    3.518058e-15   -2.035984e-16
   62  151    1.822210e-17   -1.120830e-18
   62  152    4.866935e-17   -3.894276e-18
   62  153    2.869728e-19   -2.450739e-20
   62  154    3.196970e-19   -3.241264e-20
   62  155    7.244547e-22   -7.698227e-23
   62  156    4.460380e-23   -5.082143e-24
   62  157    8.364971e-27   -9.683123e-28
   62  158    2.802028e-28    9.261436e-31
   63  143    2.088017e-25    2.177340e-26
   63  144    1.779165e-21    1.495561e-22
   63  145    1.187918e-15    6.327327e-17
   63  146    1.940967e-15    8.427576e-17
   63  147    5.159147e-14    1.270180e-15
   63  148    1.088638e-14    1.789905e-16
   63  149    1.471476e-13   -4.239742e-16
   63  150    3.318531e-15   -3.410788e-17
   63  151    6.063549e-14   -2.247499e-15
   63  152    1.255939e-15   -5.583200e-17
   63  153    3.778069e-14   -2.410140e-15
   63  154    8.873854e-16   -6.372457e-17
   63  155    6.008315e-15   -5.333401e-16
   63  156    5.628664e-17   -5.425593e-18
   63  157    1.860468e-17   -2.011037e-18
   63  158    1.446732e-20   -1.621927e-21
   63  159    5.070348e-22   -6.308485e-23
   63  160    4.165693e-26   -5.209654e-27
   64  144    2.506647e-29    2.998126e-30
   64  145    4.825586e-25    4.847434e-26
   64  146    3.348007e-18    2.376236e-19
   64  147    1.554786e-17    1.053194e-18
   64  148    2.462302e-15    1.262947e-16
   64  149    2.396633e-15    1.100844e-16
   64  150    8.485055e-14    2.700448e-15
   64  151    1.398830e-14    4.225817e-16
   64  152    3.957732e-13    1.371822e-14
   64  153    4.503087e-14    1.327235e-15
   64  154    2.250582e-12    2.446305e-14
   64  155    2.056478e-13    7.506762e-16
   64  156    2.820536e-12   -3.916820e-14
   64  157    9.480992e-14   -2.004964e-15
   64  158    1.332828e-13   -4.941561e-15
   64  159    5.776476e-16   -2.454313e-17
   64  160    8.993182e-17   -4.822132e-18
   64  161    5.385664e-20   -3.061206e-21
   64  162    7.741530e-22   -5.227663e-23
   64  163    7.819572e-26   -5.332985e-27
   64  164    8.390844e-29   -3.096046e-35
   65  147    4.009510e-26    4.685244e-27
   65  148    8.959743e-25    1.077910e-25
   65  149    4.180161e-22    4.515910e-23
   65  150    5.292893e-22    5.013784e-23
   65  151    3.801010e-19    3.048493e-20
   65  152    6.071658e-20    4.283016e-21
   65  153    6.261090e-17    3.716117e-18
   65  154    2.346990e-17    1.202729e-18
   65  155    8.685315e-15    2.898225e-16
   65  156    2.487391e-15    6.157998e-17
   65  157    1.905582e-13    1.613761e-15
   65  158    1.974985e-14   -5.546018e-18
   65  159    1.443666e-13   -1.839512e-15
   65  160    2.706991e-15   -5.515438e-17
   65  161    1.950217e-15   -6.939679e-17
   65  162    9.315672e-18   -3.964331e-19
   65  163    5.420204e-19   -2.959310e-20
   65  164    2.896026e-22   -1.651847e-23
   65  165    2.154208e-24   -1.436982e-25
   65  166    1.896351e-28   -1.294642e-29
   66  149    3.835796e-30    4.501323e-31
   66  150    8.987988e-27    1.310726e-27
   66  151    3.183575e-25    4.130541e-26
   66  152    6.316846e-22    6.686079e-23
   66  153    2.635320e-21    2.588527e-22
   66  154    1.414638e-18    1.108329e-19
   66  155    2.083401e-18    1.491304e-19
   66  156    1.489328e-15    7.691909e-17
   66  157    1.450762e-15    6.176417e-17
   66  158    2.607893e-13    6.297796e-15
   66  159    8.644069e-14    1.367371e-15
   66  160    2.386856e-12    6.328911e-15
   66  161    1.754292e-13   -9.278005e-16
   66  162    5.728945e-13   -1.271196e-14
   66  163    9.477224e-15   -2.742758e-16
   66  164    4.813195e-15   -2.130626e-16
   66  165    6.080684e-18   -2.941171e-19
   66  166    1.410530e-19   -8.408754e-21
   66  167    2.463699e-23   -1.506025e-24
   66  168    1.355385e-25   -9.642955e-27
   66  169    8.431453e-30   -6.072713e-31
   67  153    4.336889e-30    5.655281e-31
   67  154    5.544910e-27    7.734922e-28
   67  155    2.461484e-23    2.898405e-24
   67  156    1.985791e-23    2.105353e-24
   67  157    1.940590e-19    1.649985e-20
   67  158    3.903342e-19    2.936676e-20
   67  159    5.222778e-16    2.767669e-17
   67  160    1.902339e-16    8.171437e-18
   67  161    7.026961e-14    1.678385e-15
   67  162    5.439105e-15    7.571746e-17
   67  163    3.259987e-13   -1.155354e-16
   67  164    1.578875e-14   -1.439044e-16
   67  165    6.582982e-14   -1.515993e-15
   67  166    3.644021e-16   -1.054574e-17
   67  167    7.196233e-17   -3.054020e-18
   67  168    6.637475e-20   -3.100235e-21
   67  169    1.678374e-21   -9.619619e-23
   67  170    2.851026e-25   -1.708267e-26
   67  171    9.716825e-28   -6.616258e-29
   68  156    2.141977e-26    7.604900e-27
   68  157    1.322744e-25    1.747302e-26
   68  158    2.058923e-21    2.108009e-22
   68  159    9.799901e-21    8.946103e-22
   68  160    2.183914e-17    1.517932e-18
   68  161    6.122129e-17    3.684177e-18
   68  162    2.236569e-14    8.870915e-16
   68  163    1.552727e-14    4.698810e-16
   68  164    9.730527e-13    1.321229e-14
   68  165    1.815418e-13    9.539880e-16
   68  166    2.430506e-12   -1.245640e-14
   68  167    8.396077e-14   -1.081752e-15
   68  168    6.714378e-14   -1.917484e-15
   68  169    3.032889e-16   -1.033800e-17
   68  170    2.222197e-17   -1.047921e-18
   68  171    1.723666e-20   -8.774635e-22
   68  172    1.882469e-22   -1.168417e-23
   68  173    2.185101e-26   -1.363826e-27
   68  174    5.806311e-29    1.201754e-34
   69  159    7.653472e-27    9.880110e-28
   69  160    2.462738e-25    2.922635e-26
   69  161    1.700230e-21    1.606028e-22
   69  162    8.324495e-21    7.013212e-22
   69  163    2.054231e-17    1.276987e-18
   69  164    1.926995e-17    1.016312e-18
   69  165    1.112798e-14    3.649750e-16
   69  166    3.758481e-15    9.087038e-17
   69  167    2.912426e-13    2.278078e-15
   69  168    3.918538e-14   -4.984919e-17
   69  169    1.804462e-13   -2.500559e-15
   69  170    4.550693e-15   -1.028759e-16
   69  171    2.010117e-15   -7.446546e-17
   69  172    6.834757e-18   -2.977720e-19
   69  173    4.357923e-19   -2.400585e-20
   69  174    3.457183e-22   -2.024792e-23
   69  175    4.413784e-25   -2.996872e-26
   69  176    4.651322e-29   -3.173377e-30
   70  161    5.909057e-28    8.405011e-29
   70  162    8.421173e-24    1.000431e-24
   70  163    1.454008e-22    1.565746e-23
   70  164    6.631816e-19    5.617843e-20
   70  165    3.959563e-18    2.952265e-19
   70  166    2.813337e-15    1.493404e-16
   70  167    5.134023e-15    2.251651e-16
   70  168    7.405862e-13    1.810869e-14
   70  169    3.032258e-13    4.539556e-15
   70  170    4.109014e-12    3.050379e-15
   70  171    4.299392e-13   -3.348375e-15
   70  172    8.941341e-13   -2.150718e-14
   70  173    1.624811e-14   -5.114820e-16
   70  174    4.260268e-15   -1.947222e-16
   70  175    5.840173e-18   -2.933399e-19
   70  176    9.449479e-20   -5.768315e-21
   70  177    4.991679e-23   -3.225894e-24
   70  178    3.984637e-25   -2.980398e-26
   70  179    3.756525e-30   -2.718092e-31
   71  164    5.875100e-28    7.822878e-29
   71  165    4.866146e-24    5.332422e-25
   71  166    3.569731e-23    3.538446e-24
   71  167    3.850974e-19    2.934604e-20
   71  168    1.752740e-18    1.132059e-19
   71  169    1.765439e-15    7.634066e-17
   71  170    9.216811e-16    3.134209e-17
   71  171    1.113316e-13    1.924425e-15
   71  172    2.443025e-14    1.920668e-16
   71  173    2.865805e-13   -1.502804e-15
   71  174    1.493555e-14   -2.126348e-16
   71  175    1.786441e-14   -4.879307e-16
   71  176    1.148861e-16   -3.957479e-18
   71  177    9.363023e-18   -4.380098e-19
   71  178    1.475426e-20   -7.791771e-22
   71  179    3.793451e-22   -2.415059e-23
   71  180    1.825676e-25   -1.213305e-26
   71  181    1.545564e-28   -1.137150e-29
   72  166    5.708722e-26    7.629255e-27
   72  167    1.654570e-24    2.002933e-25
   72  168    1.834954e-20    1.799230e-21
   72  169    2.106351e-19    1.830956e-20
   72  170    3.427386e-16    2.207785e-17
   72  171    1.172740e-15    6.340530e-17
   72  172    1.783670e-13    6.074317e-15
   72  173    1.676682e-13    4.115402e-15
   72  174    3.335077e-12    2.433884e-14
   72  175    5.643607e-13   -8.408001e-16
   72  176    2.198464e-12   -3.205319e-14
   72  177    5.240432e-14   -1.138405e-15
   72  178    2.259039e-14   -8.386689e-16
   72  179    1.783975e-16   -7.682498e-18
   72  180    2.116941e-17   -1.211628e-18
   72  181    1.987494e-20   -1.216936e-21
   72  182    1.353273e-22   -9.637475e-24
   72  183    1.135111e-26   -8.331555e-28
   72  184    1.003233e-28    1.378264e-33
   72  185    1.128880e-30   -1.954381e-37
   73  169    2.116162e-27    2.023412e-27
   73  170    1.262994e-25    1.933117e-26
   73  171    1.374382e-21    1.833328e-22
   73  172    1.737984e-21    2.069245e-22
   73  173    8.409773e-18    8.425568e-19
   73  174    7.575842e-19    6.753804e-20
   73  175    5.880976e-15    4.071676e-16
   73  176    1.027017e-15    6.074148e-17
   73  177    6.443210e-14    2.540028e-15
   73  178    5.575837e-17    1.345631e-18
   73  179    6.178090e-13   -2.401214e-15
   73  180    1.697383e-14   -2.104498e-16
   73  181    1.534302e-14   -4.162903e-16
   73  182    4.713930e-17   -1.528892e-18
   73  183    1.418057e-18   -6.209960e-20
   73  184    2.352240e-22   -1.084556e-23
   73  185    2.647780e-24   -1.485372e-25
   73  186    2.810605e-28   -1.618424e-29
   74  171    2.997245e-27    4.297942e-28
   74  172    5.375223e-23    6.402168e-24
   74  173    1.481392e-21    1.600554e-22
   74  174    2.794478e-18    2.390477e-19
   74  175    2.060291e-17    1.548692e-18
   74  176    5.494006e-15    3.022608e-16
   74  177    7.039582e-15    3.221201e-16
   74  178    4.262141e-13    1.144658e-14
   74  179    1.917895e-13    3.458093e-15
   74  180    2.865223e-12    7.589035e-15
   74  181    3.739839e-13   -2.188453e-15
   74  182    1.058324e-12   -2.053703e-14
   74  183    1.135407e-14   -2.885209e-16
   74  184    1.650871e-15   -6.496790e-17
   74  185    3.231026e-18   -1.409066e-19
   74  186    1.215074e-19   -6.827299e-21
   74  187    4.163351e-23   -2.446406e-24
   74  188    3.725857e-25   -2.590265e-26
   74  189    7.544363e-30   -5.150932e-31
   75  174    1.181318e-27    1.624860e-28
   75  175    1.436139e-23    1.687227e-24
   75  176    1.652950e-22    1.749375e-23
   75  177    2.575281e-19    2.185737e-20
   75  178    6.549140e-19    4.840568e-20
   75  179    2.440640e-16    1.320370e-17
   75  180    3.372585e-16    1.463571e-17
   75  181    4.071153e-14    9.807714e-16
   75  182    1.213414e-14    1.740492e-16
   75  183    2.561921e-13   -5.863859e-16
   75  184    6.536014e-15   -6.108287e-17
   75  185    5.826355e-15   -1.393007e-16
   75  186    4.729773e-17   -1.435744e-18
   75  187    7.942108e-18   -3.506560e-19
   75  188    1.083098e-20   -5.259512e-22
   75  189    6.471642e-22   -3.920243e-23
   75  190    1.849145e-25   -1.176452e-26
   75  191    3.890164e-27   -2.968267e-28
   75  192    1.575740e-29    2.135896e-31
   76  176    2.458233e-26    3.358693e-27
   76  177    1.539349e-24    1.915951e-25
   76  178    6.203232e-21    6.317649e-22
   76  179    8.509243e-20    7.714321e-21
   76  180    6.296258e-17    4.316741e-18
   76  181    2.442553e-16    1.424795e-17
   76  182    4.947445e-14    1.839726e-15
   76  183    7.430346e-14    2.028323e-15
   76  184    2.448844e-12    2.028498e-14
   76  185    3.446097e-13    8.529714e-17
   76  186    1.572660e-12   -2.097076e-14
   76  187    4.556381e-14   -9.259201e-16
   76  188    5.789485e-14   -2.133441e-15
   76  189    3.539759e-16   -1.493395e-17
   76  190    1.432842e-16   -8.314933e-18
   76  191    3.700031e-19   -2.326056e-20
   76  192    6.080028e-20   -4.711501e-21
   76  193    3.222830e-23   -2.639554e-24
   76  194    1.124495e-24   -1.031248e-25
   76  195    2.951715e-28   -2.777666e-29
   76  196    1.632719e-28    1.811658e-34
   77  179    4.696556e-26    6.655019e-27
   77  180    2.625948e-24    3.370019e-25
   77  181    1.279613e-20    1.349209e-21
   77  182    1.261424e-19    1.179364e-20
   77  183    9.137392e-17    6.529183e-18
   77  184    2.782182e-16    1.667395e-17
   77  185    4.073333e-14    1.597219e-15
   77  186    5.106684e-15    1.547720e-16
   77  187    2.214485e-13    2.932274e-15
   77  188    1.834340e-14    8.581583e-17
   77  189    3.229670e-13   -4.125185e-15
   77  190    8.805437e-15   -1.771659e-16
   77  191    2.449300e-14   -8.721111e-16
   77  192    2.000627e-16   -8.381814e-18
   77  193    2.557885e-16   -1.506746e-17
   77  194    6.101785e-19   -3.928020e-20
   77  195    7.565584e-20   -5.843798e-21
   77  196    5.108732e-23   -4.140457e-24
   77  197    1.489959e-24   -1.381170e-25
   77  198    3.956278e-28   -3.814246e-29
   78  181    3.606325e-28    5.598014e-29
   78  182    2.878692e-24    3.815798e-25
   78  183    7.640632e-23    9.212447e-24
   78  184    1.595434e-19    1.573339e-20
   78  185    1.164871e-18    1.025618e-19
   78  186    4.380341e-16    2.969486e-17
   78  187    3.631482e-16    2.136795e-17
   78  188    7.794584e-14    3.263852e-15
   78  189    3.946823e-14    1.314328e-15
   78  190    1.415946e-12    2.207851e-14
   78  191    2.250597e-13    1.902175e-15
   78  192    2.763163e-12   -1.242280e-14
   78  193    1.681117e-13   -1.955213e-15
   78  194    4.662042e-13   -1.419300e-14
   78  195    8.992350e-15   -3.273820e-16
   78  196    4.939871e-15   -2.632278e-16
   78  197    2.571174e-17   -1.498479e-18
   78  198    2.913067e-18   -1.974076e-19
   78  199    4.640372e-21   -3.344619e-22
   78  200    1.132543e-22   -9.098451e-24
   78  201    1.350690e-26   -1.109235e-27
   78  202    7.425225e-28    9.943950e-34
   79  185    6.571233e-26    9.576229e-27
   79  186    1.290952e-24    1.730670e-25
   79  187    2.144557e-21    2.410692e-22
   79  188    7.367838e-21    7.530041e-22
   79  189    4.766999e-18    3.854550e-19
   79  190    1.362266e-17    9.627673e-19
   79  191    2.563006e-15    1.273540e-16
   79  192    9.181261e-16    3.749965e-17
   79  193    1.003999e-13    2.431631e-15
   79  194    1.716252e-14    2.471604e-16
   79  195    4.464816e-13   -1.397556e-19
   79  196    3.388675e-14   -2.967251e-16
   79  197    1.046378e-13   -2.377080e-15
   79  198    3.398507e-15   -1.050410e-16
   79  199    1.477888e-15   -6.605947e-17
   79  200    7.822563e-18   -4.021446e-19
   79  201    8.363505e-19   -5.252613e-20
   79  202    1.494779e-21   -1.021435e-22
   79  203    4.755026e-23   -3.718739e-24
   79  204    1.674996e-26   -1.361882e-27
   80  187    1.735315e-29    3.546849e-30
   80  188    1.909259e-25    3.092033e-26
   80  189    5.092103e-24    7.700679e-25
   80  190    1.033337e-20    1.322724e-21
   80  191    9.848037e-20    1.166169e-20
   80  192    5.122623e-17    4.908382e-18
   80  193    1.442807e-16    1.236130e-17
   80  194    2.965506e-14    1.917855e-15
   80  195    2.671022e-14    1.487949e-15
   80  196    1.499007e-12    5.338204e-14
   80  197    5.835254e-13    1.532725e-14
   80  198    7.383776e-12    4.240424e-14
   80  199    1.054269e-12   -6.651568e-15
   80  200    3.100594e-12   -1.016272e-13
   80  201    8.932910e-14   -3.694441e-15
   80  202    3.282967e-14   -2.419835e-15
   80  203    2.655657e-16   -2.413008e-17
   80  204    5.033764e-16   -1.175050e-16
   80  205    2.137779e-19   -5.088731e-20
   80  206    3.479889e-21   -8.114627e-22
   80  207    1.626444e-28   -3.601039e-29
   81  191    3.554020e-26    5.990564e-27
   81  192    1.327349e-24    2.090842e-25
   81  193    8.069702e-22    1.091427e-22
   81  194    1.935109e-20    2.415255e-21
   81  195    1.251680e-17    1.288157e-18
   81  196    4.936623e-17    4.512227e-18
   81  197    5.141113e-15    3.608791e-16
   81  198    7.303702e-15    4.329806e-16
   81  199    3.324146e-13    1.287929e-14
   81  200    1.804191e-13    4.845044e-15
   81  201    1.755972e-12    1.211060e-14
   81  202    3.738754e-13   -2.527743e-15
   81  203    7.910446e-13   -2.332072e-14
   81  204    6.691153e-14   -2.672608e-15
   81  205    3.677859e-14   -2.083616e-15
   81  206    3.808880e-16   -2.428704e-17
   81  207    1.766864e-17   -1.055025e-18
   81  208    1.021355e-24   -5.193301e-26
   81  209    6.151187e-30   -3.157244e-31
   82  194    4.586692e-26    9.798041e-27
   82  195    1.019189e-24    2.063889e-25
   82  196    2.673424e-21    4.817516e-22
   82  197    2.859473e-20    4.812749e-21
   82  198    1.905395e-17    2.800832e-18
   82  199    5.496676e-17    7.456021e-18
   82  200    1.646793e-14    1.865737e-15
   82  201    3.335214e-14    3.333123e-15
   82  202    1.682856e-12    1.301174e-13
   82  203    1.762360e-12    1.084485e-13
   82  204    3.127776e-11    1.198102e-12
   82  205    1.637929e-11    3.613763e-13
   82  206    1.008224e-10    6.414162e-14
   82  207    1.752558e-11   -2.409026e-13
   82  208    8.442128e-11   -1.626488e-12
   82  209    5.527883e-17   -7.204207e-19
   82  210    1.444193e-22   -1.871823e-24
   82  211    4.615413e-29   -3.403502e-31
   83  197    7.387334e-26    1.462412e-26
   83  198    2.399447e-24    4.500408e-25
   83  199    3.556477e-21    5.853237e-22
   83  200    5.100549e-20    7.816989e-21
   83  201    1.698819e-17    2.235591e-18
   83  202    4.699691e-17    5.567143e-18
   83  203    7.671331e-15    7.563616e-16
   83  204    1.135617e-14    9.589949e-16
   83  205    3.043918e-13    1.882997e-14
   83  206    1.665586e-13    7.268939e-15
   83  207    1.638549e-12    1.930770e-14
   83  208    2.510051e-13   -3.053436e-15
   83  209    7.268323e-13   -4.408714e-14
   83  210    2.035931e-18   -1.146761e-19
   83  211    2.118274e-23   -1.225505e-24
   83  212    9.958208e-30   -5.182372e-31
   84  201    3.803288e-30    7.360984e-31
   84  202    1.435739e-27    2.528554e-28
   84  203    2.148939e-27    3.446410e-28
   84  204    3.746503e-25    5.251888e-26
   84  205    7.770481e-25    1.018258e-25
   84  206    2.460044e-23    2.754049e-24
   84  207    1.247997e-23    1.254670e-24
   84  208    1.550664e-22    1.213790e-23
   84  209    2.540110e-23    1.728153e-24
   84  210    3.949404e-23    4.293742e-25
   84  211    2.337949e-28    4.773414e-30
    0    1    1.540082e-10    4.098267e-12
    1    1    3.286926e-08    9.175264e-10
    2    4    4.422961e-06    8.279421e-08
