1.0264e+01
3.5187e-01
5.4151e-01
3.8325e+03
    1    3    3.339641e-25    5.118676e-35
    2    3    5.012473e-23   -5.135735e-35
    4   10    3.688956e-29    0.000000e+00
    5   10    4.458456e-26    0.000000e+00
    5   11    3.515982e-19    1.982313e-22
    6   11    9.915593e-19   -1.982313e-22
    6   12    2.855201e-06    0.000000e+00
    6   13    9.340668e-17    9.899120e-27
    6   14    2.754369e-15   -3.732495e-27
    7   13    2.427080e-23   -9.878203e-27
    7   14    2.144410e-11    3.231174e-27
    7   15    2.086552e-13    7.293533e-15
    8   14    1.294716e-28   -4.472854e-31
    8   15    3.648229e-12   -7.293533e-15
    8   16    4.677009e-02    0.000000e+00
    8   17    9.778209e-15    1.577722e-30
    8   18    1.755318e-18    4.182687e-21
    9   17    3.535986e-28   -1.337093e-30
    9   18    1.130123e-16   -4.182687e-21
    9   19    2.354117e-19    9.798573e-22
    9   20    1.138812e-25   -2.502316e-27
    9   21    9.096036e-28   -5.333014e-29
   10   19    6.909986e-20   -9.798573e-22
   10   20    1.564659e-06    0.000000e+00
   10   21    6.880627e-12    4.795628e-23
   10   22    7.052818e-13    1.573177e-20
   10   23    2.384805e-22   -1.563593e-24
   10   24    1.380907e-24   -1.659132e-27
   11   21    4.424011e-21   -4.795642e-23
   11   22    5.295707e-12   -1.572823e-20
   11   23    2.384317e-09    7.775209e-12
   11   24    3.198559e-15   -1.444614e-20
   11   25    2.193845e-19   -9.053843e-22
   12   22    5.629253e-23   -3.538606e-24
   12   23    3.602290e-10   -7.775209e-12
   12   24    2.424035e-05    1.355253e-20
   12   25    4.302013e-09    1.337551e-21
   12   26    7.812753e-09    1.507632e-14
   12   27    1.590449e-15   -6.841475e-19
   12   28    1.539879e-19   -4.987993e-25
   13   24    1.662142e-28   -1.977521e-29
   13   25    1.272648e-20   -4.323127e-22
   13   26    6.016104e-10   -1.507627e-14
   13   27    1.033705e-06    6.080010e-10
   13   28    1.404446e-11   -2.556317e-14
   13   29    6.712623e-14   -4.155377e-17
   13   30    2.063080e-23   -1.390020e-24
   14   26    4.619479e-19   -5.052474e-20
   14   27    1.034516e-08   -6.080010e-10
   14   28    5.913970e-03    2.556289e-14
   14   29    2.104197e-05    4.411009e-17
   14   30    3.438558e-05    5.806585e-12
   14   31    3.374336e-11   -8.718299e-16
   14   32    2.219940e-13   -1.121031e-23
   14   33    1.462801e-25   -5.839274e-27
   14   34    4.717751e-30   -4.154029e-31
   15   29    4.339540e-17   -2.556568e-18
   15   30    3.571079e-09   -5.806585e-12
   15   31    1.995277e-05    7.250092e-11
   15   32    4.517408e-09   -8.958072e-16
   15   33    2.323125e-09   -2.587333e-16
   15   34    9.126433e-17   -1.795116e-18
   15   35    1.954294e-20   -1.007728e-22
   16   30    2.292605e-21   -4.738718e-22
   16   31    7.639376e-10   -7.250005e-11
   16   32    1.565978e-03    8.957678e-16
   16   33    1.890457e-05    2.587448e-16
   16   34    4.314503e-04    3.577381e-13
   16   35    3.706796e-09   -1.197436e-16
   16   36    5.203057e-10    1.282130e-23
   16   37    4.570499e-22   -3.679034e-25
   16   38    7.178373e-25   -1.716478e-29
   17   33    1.297822e-19   -1.261110e-20
   17   34    2.244094e-12   -3.577363e-13
   17   35    9.507379e-06    4.450531e-16
   17   36    2.626012e-08   -6.749794e-22
   17   37    3.463780e-08    1.452516e-13
   17   38    6.478259e-16   -7.085437e-20
   17   39    2.192334e-19   -1.586687e-23
   17   40    7.426276e-28   -2.236148e-30
   18   34    1.664991e-26   -4.805838e-27
   18   35    2.374114e-15   -3.253087e-16
   18   36    1.275995e-04    0.000000e+00
   18   37    1.804498e-06   -1.452516e-13
   18   38    2.518525e-04    1.574207e-14
   18   39    5.262003e-10   -1.510039e-20
   18   40    4.368629e-11    0.000000e+00
   18   41    6.949608e-18   -2.576025e-22
   18   42    1.670523e-19   -3.917715e-29
   18   43    6.711584e-28   -5.083755e-31
   18   44    3.596256e-30   -1.231926e-33
   19   37    1.278971e-23   -2.536108e-24
   19   38    2.956055e-11   -1.574201e-14
   19   39    5.877460e-06    8.834554e-19
   19   40    1.972427e-09    0.000000e+00
   19   41    3.212984e-10    1.833689e-20
   19   42    2.742738e-14   -1.506667e-19
   19   43    1.329218e-15   -4.037485e-21
   19   44    1.884041e-20   -3.455025e-24
   19   45    1.844030e-23   -4.203359e-27
   19   46    2.282869e-29   -5.302817e-32
   20   39    3.062724e-18   -8.686064e-19
   20   40    3.100370e-05    0.000000e+00
   20   41    2.386808e-07   -1.810533e-20
   20   42    5.255806e-06    1.677125e-19
   20   43    8.620336e-09    1.665904e-15
   20   44    3.724915e-09    6.615980e-15
   20   45    6.275519e-13   -1.093269e-20
   20   46    4.525745e-14    3.651654e-19
   20   47    2.554827e-18   -1.589656e-24
   20   48    2.762342e-20    0.000000e+00
   20   49    3.841246e-30   -1.791366e-33
   21   41    9.874639e-30   -4.041003e-30
   21   42    4.807382e-20   -1.721775e-20
   21   43    9.562360e-11   -1.665900e-15
   21   44    3.878982e-10   -6.614967e-15
   21   45    2.522432e-09    3.804730e-14
   21   46    1.083915e-11   -7.303307e-19
   21   47    2.338050e-12   -1.973181e-18
   21   48    2.576981e-15   -4.003420e-21
   21   49    1.473957e-17   -1.048100e-21
   21   50    2.302686e-25   -5.506127e-28
   22   43    3.942622e-27   -1.889210e-27
   22   44    7.847697e-09   -1.012686e-18
   22   45    1.731536e-09   -3.804729e-14
   22   46    6.877922e-07    3.662359e-19
   22   47    3.653465e-08    1.077393e-14
   22   48    2.425982e-08    3.816134e-16
   22   49    6.887747e-11    7.965489e-17
   22   50    2.377682e-11    0.000000e+00
   22   51    6.087114e-18   -4.290916e-21
   22   52    2.809682e-22   -6.718443e-25
   23   45    1.720624e-30   -7.672069e-31
   23   46    1.912138e-21   -1.102538e-21
   23   47    8.656354e-11   -1.077195e-14
   23   48    2.159144e-09    2.500980e-16
   23   49    9.307357e-09    6.034102e-14
   23   50    1.938578e-10    0.000000e+00
   23   51    1.560585e-09    6.524402e-15
   23   52    4.100874e-14   -4.445375e-17
   23   53    2.888210e-17   -7.607325e-20
   23   54    2.879824e-25   -1.410424e-27
   23   55    2.154583e-30   -8.035261e-32
   24   47    6.050867e-26   -2.951616e-26
   24   48    2.009780e-10   -6.317074e-16
   24   49    6.292236e-10   -6.042067e-14
   24   50    4.199484e-07    0.000000e+00
   24   51    6.393178e-08   -4.558674e-16
   24   52    2.476273e-06    7.673610e-16
   24   53    1.842876e-09    7.672059e-20
   24   54    1.310942e-10    6.572028e-17
   24   55    1.836839e-17   -2.133365e-20
   24   56    6.829820e-21   -4.679232e-24
   24   57    2.461925e-30   -2.845795e-32
   25   50    1.635978e-25   -1.409951e-25
   25   51    6.892114e-11   -6.068530e-15
   25   52    1.431599e-09   -6.657343e-16
   25   53    3.131356e-07    6.313785e-14
   25   54    7.275565e-09   -6.572047e-17
   25   55    6.487468e-09    2.903567e-15
   25   56    1.030080e-13   -2.707298e-18
   25   57    1.679682e-16   -4.797139e-19
   25   58    1.496498e-24   -1.216663e-25
   25   59    2.595426e-28   -1.379149e-29
   26   51    3.054692e-30   -2.442758e-30
   26   52    6.985602e-12   -5.717294e-17
   26   53    1.322801e-10   -6.313785e-14
   26   54    5.389226e-06    0.000000e+00
   26   55    1.030914e-06   -1.640643e-15
   26   56    1.411197e-05    5.708833e-17
   26   57    6.112800e-09    1.328281e-15
   26   58    1.243531e-09    6.404756e-17
   26   59    1.201297e-15   -7.630100e-23
   26   60    4.987429e-18   -1.463707e-32
   26   61    1.103255e-26   -7.495355e-30
   26   62    5.614670e-30   -2.013851e-32
   27   54    6.100721e-30   -7.709688e-30
   27   55    3.267305e-10   -1.262903e-15
   27   56    1.487116e-09   -3.766045e-17
   27   57    1.279315e-07   -1.026767e-15
   27   58    1.607110e-09   -6.480518e-17
   27   59    4.032572e-09    3.295488e-21
   27   60    2.480924e-13   -3.645220e-22
   27   61    6.627609e-15   -2.721338e-19
   27   62    2.580280e-21   -6.992603e-24
   27   63    4.439252e-24   -3.951577e-26
   28   56    3.599387e-11   -1.672128e-17
   28   57    1.579845e-10   -3.010351e-16
   28   58    3.096360e-07    7.576180e-19
   28   59    3.167913e-08    6.164812e-20
   28   60    1.787201e-06    1.156412e-18
   28   61    1.700423e-09    1.927544e-16
   28   62    2.118145e-09    4.856530e-16
   28   63    1.384223e-14   -1.018836e-24
   28   64    3.897635e-14    2.174608e-20
   28   65    4.030215e-21   -1.084957e-25
   28   66    4.895228e-23   -6.060505e-29
   29   58    1.467244e-24   -1.118323e-25
   29   59    2.167558e-17   -6.486719e-20
   29   60    6.730724e-15   -1.156062e-18
   29   61    9.470227e-12   -1.924812e-16
   29   62    1.154891e-12   -4.851085e-16
   29   63    1.605547e-11    2.218560e-18
   29   64    6.625350e-15   -3.535920e-20
   29   65    2.646909e-13    5.339327e-22
   29   66    1.166575e-18   -9.268049e-22
   29   67    3.098544e-19   -3.389099e-25
   29   68    1.665553e-26   -1.314658e-28
   29   69    7.355619e-28   -1.049145e-30
   30   60    5.571588e-21   -9.502884e-24
   30   61    3.989266e-19   -1.092019e-21
   30   62    7.389250e-14   -5.444851e-19
   30   63    2.101221e-14   -2.218559e-18
   30   64    8.113653e-12    1.361318e-20
   30   65    4.618150e-14   -4.920446e-22
   30   66    8.526339e-11    9.294925e-22
   30   67    2.162397e-15    9.491635e-21
   30   68    1.953023e-12    1.241482e-20
   30   69    7.013519e-19   -5.060982e-23
   30   70    1.398090e-19    9.424206e-24
   30   71    2.445160e-27   -4.056973e-30
   30   72    2.549917e-27   -3.723980e-33
   31   63    2.656288e-27   -1.999609e-29
   31   64    3.937035e-23   -6.077491e-26
   31   65    1.562227e-19   -4.177958e-23
   31   66    3.773597e-19   -2.645903e-24
   31   67    1.097416e-14   -9.489035e-21
   31   68    2.066582e-16   -1.206989e-20
   31   69    2.847891e-13    3.813793e-21
   31   70    1.196816e-17   -2.298474e-21
   31   71    1.218177e-16    1.325876e-21
   31   72    7.738117e-23   -3.715044e-28
   31   73    2.406241e-23   -3.353523e-28
   31   74    5.601792e-30   -2.805509e-33
   31   75    3.880143e-29   -7.510842e-32
   32   64    2.680741e-29   -1.026427e-31
   32   65    7.361721e-28   -5.810199e-30
   32   66    1.510419e-21   -4.525699e-26
   32   67    1.047679e-20   -2.261319e-24
   32   68    3.309383e-14   -3.449273e-22
   32   69    2.175446e-15   -3.763181e-21
   32   70    3.006880e-11    2.289093e-21
   32   71    5.370615e-15   -1.193572e-21
   32   72    3.493281e-11    1.401037e-23
   32   73    4.997502e-16    3.639301e-21
   32   74    4.229164e-15    7.849615e-24
   32   75    6.311348e-21   -3.097267e-25
   32   76    3.259888e-22    1.105821e-24
   32   77    3.084405e-29   -1.848373e-34
   32   78    7.469033e-30   -3.450202e-34
   33   69    7.994852e-24   -2.138104e-27
   33   70    5.662159e-22   -4.366279e-26
   33   71    1.274689e-16   -1.320303e-22
   33   72    5.377160e-18    4.762992e-21
   33   73    1.035507e-13    6.041562e-20
   33   74    7.509359e-17   -1.189334e-23
   33   75    1.124815e-14    7.210322e-21
   33   76    4.222141e-19   -2.195505e-24
   33   77    2.112962e-19   -3.681134e-25
   33   78    2.343249e-25   -1.050549e-29
   33   79    1.192284e-26   -5.375247e-30
   33   80    2.053698e-30   -3.295382e-32
   34   70    4.037868e-25   -3.987187e-29
   34   71    3.187474e-22   -2.737413e-25
   34   72    1.421906e-14   -4.777004e-21
   34   73    6.749783e-15   -6.405492e-20
   34   74    7.189187e-11    4.110054e-24
   34   75    3.044907e-13   -5.687734e-21
   34   76    1.049743e-10    1.108681e-22
   34   77    1.976869e-14    7.878277e-20
   34   78    3.370113e-13    8.223861e-20
   34   79    7.553303e-18    5.176900e-30
   34   80    1.192790e-18    6.100810e-22
   34   81    3.702994e-24   -8.136600e-28
   34   82    6.539942e-25    2.080249e-26
   35   73    1.915724e-25   -2.290426e-28
   35   74    4.048143e-22   -6.495088e-26
   35   75    3.620001e-17   -1.522133e-21
   35   76    2.624009e-17    6.567472e-21
   35   77    6.621847e-14    1.801436e-19
   35   78    1.305024e-16   -8.224683e-20
   35   79    6.615904e-14    8.202692e-19
   35   80    3.194487e-17   -7.350334e-21
   35   81    8.500547e-17    7.132178e-27
   35   82    1.083889e-20   -4.161744e-26
   35   83    8.258820e-22   -2.331407e-26
   35   84    1.261757e-27   -1.611228e-31
   35   85    1.379779e-26   -1.934076e-29
   36   74    1.696245e-26   -5.995936e-30
   36   75    1.527261e-22   -1.449418e-25
   36   76    1.459180e-15   -6.677246e-21
   36   77    4.734752e-15   -2.589260e-19
   36   78    2.880628e-11    8.226570e-24
   36   79    4.237325e-13   -8.198053e-19
   36   80    9.447042e-11    1.347180e-20
   36   81    1.873058e-13    6.976058e-20
   36   82    8.942718e-12    7.324064e-19
   36   83    3.210877e-15    5.525878e-21
   36   84    1.412898e-14    6.601570e-23
   36   85    4.661054e-19   -3.160170e-28
   36   86    5.639304e-20    2.234295e-27
   36   87    1.249547e-28   -6.654265e-33
   37   77    2.978792e-26   -3.214733e-29
   37   78    7.078069e-24   -1.628048e-27
   37   79    2.605273e-18   -4.638149e-22
   37   80    9.218230e-19   -6.426202e-21
   37   81    4.719198e-15   -4.826633e-20
   37   82    2.267186e-16   -3.495095e-19
   37   83    1.687820e-13    9.287177e-19
   37   84    7.998812e-16   -6.869484e-23
   37   85    8.090977e-14    2.086292e-19
   37   86    2.836214e-16   -4.296231e-23
   37   87    1.256866e-16    0.000000e+00
   37   88    4.758714e-24   -1.084721e-27
   37   89    1.250763e-29   -3.356012e-33
   38   78    3.798356e-28   -5.790130e-31
   38   79    5.927956e-25   -1.070986e-27
   38   80    7.987178e-18   -3.053397e-22
   38   81    1.180904e-16   -2.149426e-20
   38   82    3.437971e-12   -3.828969e-19
   38   83    4.481399e-13   -9.342343e-19
   38   84    1.799625e-10    3.515518e-24
   38   85    4.790204e-12   -1.878812e-19
   38   86    1.249432e-10    4.207764e-21
   38   87    1.855749e-12    2.018831e-19
   38   88    5.679367e-11    3.573898e-21
   38   89    1.997652e-17   -1.114928e-24
   38   90    5.547922e-22   -1.483369e-31
   38   91    7.810153e-30   -5.489687e-35
   39   81    2.691699e-30   -9.325363e-33
   39   82    2.486609e-26   -7.307056e-28
   39   83    1.599603e-20   -9.179910e-24
   39   84    8.028552e-21   -7.242429e-25
   39   85    8.209058e-16   -2.073956e-20
   39   86    9.067731e-16    3.736455e-21
   39   87    2.375687e-13   -7.643862e-20
   39   88    1.349529e-13    1.866092e-19
   39   89    2.212044e-11    2.115264e-18
   39   90    7.341312e-17   -7.751218e-23
   39   91    5.426546e-21   -2.615661e-28
   39   92    1.965037e-27   -3.773814e-32
   39   93    1.709451e-30   -1.139193e-35
   40   82    3.052351e-29    0.000000e+00
   40   83    2.144228e-29   -1.257162e-31
   40   84    6.481459e-22   -1.019896e-25
   40   85    1.645931e-20   -8.505219e-24
   40   86    1.924355e-15   -7.901252e-21
   40   87    3.111689e-15   -1.254444e-19
   40   88    5.622071e-12   -1.901830e-19
   40   89    2.445739e-12   -2.114926e-18
   40   90    4.343012e-10    6.599350e-22
   40   91    1.307038e-14    1.352447e-24
   40   92    1.155491e-17    4.622232e-32
   40   93    3.374641e-23    1.123185e-35
   40   94    4.628697e-27    0.000000e+00
   41   87    3.252357e-25   -3.525574e-28
   41   88    1.768288e-22   -4.939852e-26
   41   89    1.007939e-17   -3.363000e-22
   41   90    1.256110e-16   -5.795381e-22
   41   91    1.191921e-13    6.108285e-22
   41   92    3.590685e-17   -1.784047e-19
   41   93    2.151901e-19    7.713951e-29
   41   94    4.625008e-24   -1.759568e-36
   41   95    2.871998e-27   -2.319431e-34
   41   96    1.906800e-30   -5.529829e-36
   42   88    8.479674e-27   -4.308763e-30
   42   89    1.646869e-24   -3.162778e-27
   42   90    2.376974e-19   -2.898735e-24
   42   91    2.331745e-18   -6.121807e-22
   42   92    2.132459e-14    1.784047e-19
   42   93    3.985208e-17    2.115375e-25
   42   94    2.138131e-18    4.366998e-27
   42   95    1.855430e-22    6.417930e-28
   42   96    1.168964e-24    1.042474e-31
   42   97    5.199888e-30    0.000000e+00
   43   91    3.432314e-29   -4.452919e-32
   43   92    6.412705e-26   -6.133558e-29
   43   93    8.589461e-21   -2.116145e-25
   43   94    3.151353e-22   -2.468569e-27
   43   95    1.894519e-22   -5.210963e-28
   43   96    1.581402e-25   -1.093037e-31
   43   97    6.187183e-27    0.000000e+00
   43   98    1.090907e-29    0.000000e+00
   43   99    4.698093e-26    0.000000e+00
   44   93    3.539469e-29   -1.446042e-31
   44   94    2.420700e-23   -1.898430e-27
   44   95    2.924608e-24   -1.206965e-28
   44   96    1.262550e-23    5.064112e-33
   44   97    4.330854e-26    0.000000e+00
   44   98    1.784846e-26    0.000000e+00
   44   99    5.635850e-29    0.000000e+00
   44  100    5.332219e-26    0.000000e+00
   45   97    1.158077e-30    0.000000e+00
   45   99    8.303077e-30    0.000000e+00
   45  100    8.989357e-29    0.000000e+00
    1    1    1.473537e-28   -8.777846e-29
    2    4    4.110803e-19   -1.939300e-23
