5.5717e-09
8.1371e-10
9.2960e-01
4.5248e+04
    1    2    2.779655e-24    1.252281e-25
    6   11    2.606549e-26    3.401278e-27
    6   12    7.736613e-04   -2.168404e-17
    6   13    2.737353e-16    1.227272e-17
    6   14    1.126689e-27    9.516649e-29
    7   13    9.392633e-21    1.004690e-25
    7   14    1.195592e-24    1.546555e-25
    7   15    7.272910e-29    1.501165e-29
    8   14    6.436230e-17    9.428821e-18
    8   15    7.514531e-30    9.805689e-31
    8   16    4.583193e-02   -2.775558e-17
    8   17    1.606101e-17    7.200832e-19
    8   18    9.765918e-19    4.378473e-20
    9   17    1.765428e-16    2.557649e-17
    9   18    7.556055e-28    9.808042e-29
    9   19    2.240449e-30    3.070104e-31
   10   20    8.353541e-03   -9.141993e-16
   10   21    3.015564e-05    9.089612e-16
   10   22    3.692474e-06    3.456318e-18
   10   23    2.842296e-19    1.274322e-20
   11   21    7.546683e-18    1.105398e-18
   11   22    4.121793e-20    6.037382e-21
   11   23    1.457139e-04    3.249625e-16
   11   24    5.818844e-16    2.608835e-17
   11   25    9.389772e-28    7.931129e-29
   12   24    2.013354e-03   -6.418477e-16
   12   25    4.441883e-04    4.175805e-16
   12   26    2.597255e-04    2.848904e-15
   12   27    3.778960e-17    1.694268e-18
   12   28    5.807258e-29    4.905135e-30
   13   25    2.137674e-19    3.131151e-20
   13   26    1.408289e-04   -3.079839e-15
   13   27    2.011964e-04   -5.930586e-17
   13   28    1.323333e-15    5.933074e-17
   13   29    5.349521e-27    4.519612e-28
   14   27    7.000891e-16    1.025453e-16
   14   28    2.358143e-04   -5.255670e-17
   14   29    6.520005e-05    1.366095e-17
   14   30    2.844539e-05    8.004800e-17
   14   31    3.096407e-16    1.388250e-17
   14   32    5.039244e-28    4.256428e-29
   15   29    1.554613e-21    2.276982e-22
   15   30    2.314314e-07   -5.443640e-17
   15   31    2.104118e-06   -6.013934e-20
   15   32    6.322554e-18    2.834669e-19
   15   33    5.726614e-20    2.567484e-21
   16   31    3.517620e-10   -1.639041e-19
   16   32    1.166119e-06   -4.188578e-19
   16   33    2.100891e-08    1.797563e-19
   16   34    2.736454e-07   -5.648651e-20
   16   35    1.480760e-18    6.638875e-20
   16   36    3.015365e-29    2.546947e-30
   17   32    1.906043e-29    2.791869e-30
   17   34    3.496845e-22    5.121991e-23
   17   35    1.020433e-08   -5.770412e-21
   17   36    1.759186e-19    7.887177e-21
   17   37    5.971441e-30    5.046746e-31
   18   36    8.448026e-10   -5.032360e-22
   18   37    1.164614e-20    5.221463e-22
   18   38    2.659022e-10   -7.635911e-23
   18   39    1.655512e-21    7.422362e-23
   18   40    4.757753e-23    2.133102e-24
   19   37    3.859825e-24    5.653664e-25
   19   39    3.745177e-12   -1.276314e-24
   19   40    7.607335e-23    3.410691e-24
   19   43    5.847824e-30    2.621827e-31
   20   40    2.851209e-14   -1.175718e-26
   20   41    3.287359e-25    1.473863e-26
   20   42    4.763924e-08   -5.742619e-20
   20   43    1.463411e-08   -2.762783e-22
   20   44    7.048443e-08    9.542356e-21
   20   45    1.066719e-18    4.782554e-20
   20   46    2.020422e-10   -8.452752e-23
   20   47    1.874511e-21    8.404226e-23
   20   48    2.292639e-09   -1.641954e-22
   20   49    3.504095e-21    1.571034e-22
   21   43    8.218726e-22    1.203835e-22
   21   44    3.092775e-22    4.530131e-23
   21   45    6.669494e-09   -4.604335e-20
   21   46    1.030365e-18    4.619561e-20
   21   47    9.840301e-24    7.867581e-25
   21   48    2.857415e-23    4.185389e-24
   21   49    1.994628e-23    2.921625e-24
   22   46    2.020422e-08   -4.124323e-20
   22   47    7.854394e-09    2.281364e-21
   22   48    1.436025e-08    4.891946e-21
   22   49    1.733388e-08    4.556111e-21
   22   50    5.602375e-08    1.220919e-20
   22   51    3.846760e-19    1.724666e-20
   22   52    1.479391e-30    1.250227e-31
   23   47    7.607061e-23    1.114242e-23
   23   48    3.250759e-23    4.761539e-24
   23   49    5.581158e-23    8.174981e-24
   23   50    1.998847e-15    9.749951e-24
   23   51    4.904040e-09   -1.582066e-20
   23   52    3.535007e-19    1.584893e-20
   23   53    4.407752e-30    3.723034e-31
   24   50    9.383978e-13   -3.777243e-24
   24   51    8.440322e-23    3.800103e-24
   24   52    5.579288e-08   -4.207371e-20
   24   53    1.074040e-08   -5.849821e-21
   24   54    1.369099e-07   -2.265813e-20
   24   55    1.573486e-18    7.054606e-20
   24   56    1.341628e-29    1.133214e-30
   25   51    6.972144e-28    1.021242e-28
   25   53    4.436622e-23    6.498527e-24
   25   54    1.049147e-23    1.505991e-24
   25   55    3.456011e-08   -1.052174e-19
   25   56    2.347312e-18    1.052400e-19
   25   57    7.445268e-29    6.288672e-30
   26   54    4.446329e-09   -9.951810e-21
   26   55    2.219712e-19    9.952828e-21
   26   56    1.766820e-06   -1.779616e-18
   26   57    9.986690e-07   -9.075958e-19
   26   58    5.174607e-06   -2.483501e-18
   26   59    1.153177e-16    5.170182e-18
   26   60    1.946023e-27    1.643720e-28
   27   55    6.771897e-25    9.919113e-26
   27   57    3.739742e-22    5.477774e-23
   27   58    3.531279e-22    5.166258e-23
   27   59    2.034761e-06   -5.941513e-18
   27   60    1.325295e-16    5.941857e-18
   27   61    1.196198e-26    8.689585e-28
   28   58    6.192280e-10   -1.799118e-21
   28   59    4.012732e-20    1.799131e-21
   28   60    2.667798e-06   -6.272702e-18
   28   61    1.015184e-06   -1.431486e-19
   28   62    2.259022e-06    2.579215e-19
   28   63    1.374165e-16    6.160964e-18
   28   64    1.389652e-06   -1.101143e-18
   28   65    2.475624e-17    1.109927e-18
   28   66    3.618647e-28    3.056512e-29
   29   59    2.530075e-26    3.705919e-27
   29   61    1.653073e-22    2.421333e-23
   29   62    1.088442e-22    1.594291e-23
   29   63    8.717982e-07   -6.227598e-18
   29   64    1.388965e-16    6.227321e-18
   29   65    1.075841e-06   -4.378737e-18
   29   66    9.766357e-17    4.378672e-18
   29   67    2.093985e-24    9.429209e-26
   30   64    8.425447e-07   -3.820860e-18
   30   65    8.514860e-17    3.817573e-18
   30   66    1.302067e-06   -3.499093e-18
   30   67    2.837024e-07    1.577069e-19
   30   68    1.322620e-06    1.382993e-18
   30   69    4.348176e-17    1.949472e-18
   30   70    1.327706e-10   -1.769908e-22
   30   71    3.962434e-21    1.776527e-22
   31   65    2.898662e-23    4.245805e-24
   31   67    7.367537e-23    1.079157e-23
   31   68    1.835409e-23    2.688409e-24
   31   69    1.594879e-07   -1.787187e-18
   31   70    3.986254e-17    1.787207e-18
   31   71    1.407639e-07   -1.350356e-18
   31   72    3.011893e-17    1.350359e-18
   31   73    5.897737e-27    4.981492e-28
   32   69    1.251681e-30    1.833395e-31
   32   70    2.286684e-07   -1.521589e-18
   32   71    3.393819e-17    1.521593e-18
   32   72    2.362112e-07   -1.092461e-18
   32   73    4.522465e-08    5.953318e-19
   32   74    1.757502e-07   -2.363487e-19
   32   75    1.635992e-17    7.334846e-19
   32   76    1.249214e-11   -1.533192e-23
   32   77    3.419709e-22    1.533201e-23
   33   71    5.283136e-24    7.738455e-25
   33   73    7.347474e-24    1.076219e-24
   33   74    9.547459e-25    1.398461e-25
   33   75    2.000848e-08   -8.841237e-19
   33   76    1.971988e-17    8.841259e-19
   33   77    1.499177e-26    9.516992e-28
   34   74    1.487117e-24   -2.378999e-35
   34   75    1.818218e-26    2.663228e-27
   34   76    4.988957e-08   -4.640219e-19
   34   77    1.818953e-08    1.119010e-19
   34   78    7.041447e-08   -5.733354e-20
   34   79    9.132512e-18    4.094492e-19
   34   80    4.239297e-09   -1.430278e-20
   34   81    3.190103e-19    1.430258e-20
   34   82    3.172076e-12   -4.620579e-24
   34   83    1.030602e-22    4.620624e-24
   35   77    4.974174e-25    7.285904e-26
   35   78    1.879445e-25    2.738088e-26
   35   79    8.345310e-09   -4.070126e-19
   35   80    9.078150e-18    4.070120e-19
   35   81    7.274689e-09   -1.768223e-19
   35   82    3.943906e-18    1.768220e-19
   35   83    1.449482e-27    1.222860e-28
   36   79    9.817532e-30    1.438020e-30
   36   80    2.125901e-08   -3.530407e-19
   36   81    7.874371e-18    3.530415e-19
   36   82    5.111923e-08   -4.688658e-19
   36   83    1.566929e-08    1.611116e-19
   36   84    5.823898e-08    3.227328e-20
   36   85    6.144420e-18    2.754804e-19
   36   86    4.641503e-10   -2.778293e-22
   36   87    6.197018e-21    2.778386e-22
   37   81    5.242707e-26    7.679237e-27
   37   83    1.457116e-25    2.134305e-26
   37   84    3.937229e-26    5.767043e-27
   37   85    8.462411e-09   -2.683308e-19
   37   86    5.984960e-18    2.683311e-19
   37   87    5.853056e-11   -1.923453e-22
   37   88    4.290173e-21    1.923466e-22
   38   84    2.620158e-24   -7.460422e-35
   38   85    1.273205e-28    1.864906e-29
   38   86    1.977583e-08   -3.132732e-19
   38   87    1.264904e-08    1.753623e-20
   38   88    3.410537e-08    2.559562e-19
   38   89    8.873144e-19    3.978207e-20
   38   90    3.646903e-27    1.647119e-28
   39   87    1.705180e-26    2.497656e-27
   39   88    1.145772e-26    1.678266e-27
   39   89    5.047083e-09   -3.101514e-20
   39   90    6.917723e-19    3.101509e-20
   39   91    1.337330e-28    1.129585e-29
   40   90    2.223165e-09   -8.192810e-21
   40   91    5.705716e-10    2.752340e-21
   40   92    6.513631e-10    2.248897e-21
   40   93    1.936305e-10    9.766935e-22
   40   94    4.140053e-10    2.204953e-22
   40   95    4.447532e-20    1.994017e-21
   40   96    7.701181e-13   -8.418219e-25
   40   97    1.877653e-23    8.418315e-25
   41   91    5.787222e-28    8.476813e-29
   41   92    1.325433e-28    1.941424e-29
   41   93    7.196599e-14   -2.120244e-24
   41   94    4.729137e-23    2.120273e-24
   41   95    5.985951e-29    8.765640e-30
   41   96    1.246692e-29    1.816063e-30
   42   92    3.795087e-17   -3.590488e-28
   42   93    8.008406e-27    3.590510e-28
   42   94    1.277137e-13   -1.341619e-24
   42   95    3.569934e-11   -1.027442e-21
   42   96    8.222236e-11    1.373249e-22
   42   97    2.578413e-11    2.093769e-22
   42   98    7.544014e-11    1.837246e-22
   42   99    1.111349e-20    4.982650e-22
   42  100    1.700721e-15   -7.424364e-27
   42  101    1.656003e-25    7.424564e-27
   43   96    2.320134e-30    3.398408e-31
   43   97    4.740098e-30    6.943042e-31
   43   99    2.728429e-13   -1.126721e-23
   43  100    2.513082e-22    1.126721e-23
   44   96    3.532748e-26    0.000000e+00
   44   98    6.625258e-24   -1.223469e-34
   44   99    8.074130e-12   -3.750521e-22
   44  100    3.391438e-11   -1.360260e-22
   44  101    7.022779e-12    2.333005e-22
   44  102    1.441788e-14    2.775962e-22
   44  103    3.383358e-24    1.516903e-25
   45  103    7.469186e-12   -4.292163e-22
   45  104    9.573408e-21    4.292165e-22
   45  105    1.202487e-29    1.015487e-30
   46  104    2.116282e-11   -4.819943e-22
   46  105    4.944953e-12    1.327827e-22
   46  106    2.265111e-11   -2.701585e-23
   46  107    8.391470e-21    3.762252e-22
   46  108    2.501060e-11   -2.952776e-22
   46  109    6.585978e-21    2.952773e-22
   46  110    1.000424e-14   -7.972544e-26
   46  111    1.778226e-24    7.972540e-26
   47  107    4.291539e-12   -3.464546e-22
   47  108    7.727449e-21    3.464543e-22
   47  109    6.599128e-12   -4.672609e-22
   47  110    1.042197e-20    4.672612e-22
   47  111    1.524985e-29    1.288089e-30
   48  108    3.603379e-13   -1.046330e-23
   48  109    2.333769e-22    1.046328e-23
   48  110    1.909901e-11   -4.490686e-22
   48  111    4.587530e-12    1.499055e-22
   48  112    2.054442e-11   -5.606087e-23
   48  113    7.922996e-21    3.552215e-22
   48  114    3.413728e-11   -3.787712e-22
   48  115    8.448224e-21    3.787697e-22
   48  116    2.673547e-15   -1.910345e-26
   48  117    4.261015e-25    1.910394e-26
   49  113    6.099931e-12   -6.351285e-22
   49  114    1.416615e-20    6.351287e-22
   49  115    2.625190e-29    2.219156e-30
   50  112    1.518501e-24   -4.581030e-35
   50  114    1.053078e-13   -2.128839e-24
   50  115    5.384892e-12   -2.259988e-22
   50  116    3.958575e-11   -2.683426e-22
   50  117    8.542083e-12    2.242290e-22
   50  118    4.908861e-11   -1.000889e-22
   50  119    1.176970e-11    8.887345e-23
   50  120    6.577789e-11   -1.887006e-23
   50  121    6.743047e-21    3.023194e-22
   50  122    5.075922e-13   -1.433733e-24
   50  123    3.197952e-23    1.433778e-24
   50  124    5.881526e-14   -9.115446e-26
   50  125    2.033144e-24    9.115448e-26
   51  121    3.464279e-12   -1.845287e-22
   51  122    4.115796e-21    1.845286e-22
   51  123    8.946882e-14   -3.382307e-24
   51  124    7.544030e-23    3.382309e-24
   52  120    1.000424e-30    0.000000e+00
   52  122    9.020217e-12   -2.562677e-22
   52  123    3.001272e-12    4.984046e-23
   52  124    1.532908e-11   -4.792478e-23
   52  125    5.674406e-12    2.121831e-23
   52  126    2.620158e-11   -7.741894e-24
   52  127    5.372524e-21    2.408730e-22
   52  128    5.697728e-13   -2.343207e-24
   52  129    5.226401e-23    2.343217e-24
   52  130    1.846937e-12   -3.395964e-24
   52  131    7.574582e-23    3.396006e-24
   53  127    3.615706e-12   -1.873176e-22
   53  128    4.178004e-21    1.873176e-22
   53  129    3.138003e-30    2.643986e-31
   54  126    1.587975e-27    0.000000e+00
   54  128    9.378976e-12   -2.547280e-22
   54  129    4.878037e-12   -5.326591e-24
   54  130    1.462158e-11    5.981550e-23
   54  131    6.636401e-12   -1.836680e-23
   54  132    4.009275e-11   -1.385528e-23
   54  133    5.184955e-21    2.324635e-22
   54  134    1.269195e-13   -3.384150e-25
   54  135    7.547940e-24    3.384061e-25
   54  136    8.091666e-12   -1.040438e-24
   54  137    2.322180e-23    1.041132e-24
   55  133    4.580889e-12   -2.021253e-22
   55  134    4.508280e-21    2.021253e-22
   55  135    2.966875e-30    2.505361e-31
   56  132    1.667374e-27    0.000000e+00
   56  134    1.045219e-11   -2.130556e-22
   56  135    5.105868e-12    6.214356e-24
   56  136    3.449992e-11   -8.463092e-23
   56  137    4.228070e-11   -6.636186e-23
   56  138    3.979948e-10    1.629029e-22
   56  139    4.347582e-21    1.949205e-22
   57  138    8.249318e-30    3.243665e-31
   57  139    3.735397e-11   -1.724478e-22
   57  140    3.846371e-21    1.724491e-22
   58  138    2.102341e-25   -5.226542e-36
   58  139    1.112127e-28    4.986165e-30
   58  140    9.289652e-11   -1.741086e-22
   58  141    3.883905e-21    1.741319e-22
   58  142    9.158812e-14   -2.950340e-25
   58  143    6.590336e-24    2.954727e-25
   59  141    7.804727e-12   -1.370083e-22
   59  142    3.055878e-21    1.370080e-22
   59  143    1.508690e-30    1.274324e-31
   60  142    1.831762e-11   -1.296153e-22
   60  143    3.281111e-12    2.024371e-23
   60  144    6.940442e-12    3.860849e-23
   60  145    1.586880e-12    2.124598e-23
   60  146    4.721180e-12    4.556764e-24
   60  147    1.002543e-21    4.494826e-23
   60  148    1.554713e-15   -1.237131e-26
   60  149    2.759361e-25    1.237139e-26
   60  150    2.527738e-21   -2.109495e-32
   61  148    2.143727e-28    9.611236e-30
   62  144    3.536221e-20   -7.022904e-31
   62  145    1.566417e-29    7.022912e-31
   62  147    7.486167e-13   -7.587979e-23
   62  148    2.697089e-12    4.105611e-24
   62  149    4.961835e-13    3.575143e-23
   62  150    1.600679e-12   -2.214566e-24
   62  151    8.527026e-22    3.823027e-23
   62  152    2.626113e-13   -6.882098e-24
   62  153    1.535012e-22    6.882109e-24
   62  154    1.429177e-15   -2.619196e-26
   62  155    5.841962e-25    2.619199e-26
   63  151    1.722585e-13   -2.650421e-23
   63  152    5.911598e-22    2.650420e-23
   63  153    2.282013e-13   -2.654677e-23
   63  154    5.921098e-22    2.654679e-23
   63  155    1.457630e-30    1.231195e-31
   64  152    5.982799e-13   -3.562248e-23
   64  153    7.945360e-22    3.562242e-23
   64  154    7.795513e-13   -4.769294e-23
   64  155    2.575285e-13    1.218299e-23
   64  156    1.090206e-12   -1.796775e-23
   64  157    4.772724e-13    1.834853e-23
   64  158    2.906295e-12   -3.855033e-23
   64  159    1.643379e-21    7.367965e-23
   64  160    8.753711e-17   -1.508056e-27
   64  161    3.363773e-26    1.508122e-27
   65  159    3.705974e-13   -3.571260e-23
   65  160    7.965480e-22    3.571262e-23
   65  161    1.489167e-30    1.257834e-31
   66  156    1.026076e-30    0.000000e+00
   66  158    8.864517e-14   -9.190962e-24
   66  159    2.049988e-22    9.190967e-24
   66  160    8.753711e-13   -5.483121e-23
   66  161    3.287108e-13    2.328596e-23
   66  162    1.358601e-12   -2.607800e-23
   66  163    2.448891e-13    4.152973e-23
   66  164    6.033045e-13    5.687473e-24
   66  165    2.321019e-22    1.040611e-23
   67  165    4.844478e-13   -4.169326e-23
   67  166    9.299429e-22    4.169328e-23
   67  167    2.380892e-30    2.011035e-31
   68  164    6.710162e-13   -5.885039e-23
   68  165    1.312621e-21    5.885035e-23
   68  166    1.024531e-12   -4.860231e-23
   68  167    4.067593e-13    1.337403e-23
   68  168    1.667374e-12   -6.915521e-24
   68  169    9.399930e-22    4.214387e-23
   68  170    3.289630e-15   -4.902849e-26
   68  171    1.093564e-24    4.902910e-26
   69  169    5.321783e-13   -3.967175e-23
   69  170    8.848528e-22    3.967170e-23
   69  171    1.107732e-30    9.356526e-32
   69  172    1.944053e-30    8.716015e-32
   70  168    1.012334e-30    0.000000e+00
   70  170    8.238787e-13   -5.369192e-23
   70  171    4.206462e-13    2.103792e-23
   70  172    1.395941e-12   -1.962716e-23
   70  173    6.939358e-13    1.122732e-23
   70  174    3.156511e-12   -9.397870e-24
   70  175    1.125299e-21    5.045191e-23
   70  176    1.591584e-15   -1.603715e-26
   70  177    3.577171e-25    1.603798e-26
   71  175    4.567651e-13   -3.702996e-23
   71  176    8.526350e-16    3.692752e-23
   71  177    2.285667e-24    1.024762e-25
   72  176    1.193688e-12   -6.107364e-23
   72  177    3.950827e-13    2.478195e-23
   72  178    1.686108e-12   -1.925356e-23
   72  179    4.800918e-13    2.299364e-23
   72  180    2.773398e-12   -1.303779e-23
   72  181    1.016847e-21    4.558955e-23
   73  180    3.440347e-15   -5.199879e-25
   73  181    7.185367e-13   -4.315556e-23
   73  182    9.741568e-22    4.367558e-23
   74  180    5.385616e-14   -3.778656e-24
   74  181    8.428059e-23    3.778656e-24
   74  182    1.813956e-12   -6.826845e-23
   74  183    9.293557e-13    2.076958e-23
   74  184    2.060656e-12    6.801622e-25
   74  185    1.044268e-21    4.681895e-23
   74  186    8.067936e-14   -1.003116e-24
   74  187    2.237398e-23    1.003121e-24
   75  185    3.076980e-13   -2.796768e-23
   75  186    6.238024e-22    2.796770e-23
   75  187    6.954820e-15   -4.152800e-25
   75  188    9.262571e-24    4.152803e-25
   76  186    1.075725e-12   -6.387769e-23
   76  187    5.077019e-13    1.980892e-23
   76  188    1.117495e-12    7.665153e-24
   76  189    3.858779e-13    7.655561e-24
   76  190    1.474309e-12    5.656574e-25
   76  191    6.285886e-22    2.818229e-23
   76  192    3.121115e-14   -3.088927e-25
   76  193    6.889700e-24    3.088944e-25
   77  191    3.294590e-13   -2.793825e-23
   77  192    6.231451e-22    2.793824e-23
   77  193    3.208614e-13   -1.764973e-23
   77  194    3.936664e-22    1.764974e-23
   78  190    1.000424e-30    0.000000e+00
   78  192    1.094214e-12   -6.267630e-23
   78  193    1.397955e-21    6.267626e-23
   78  194    1.340775e-12   -4.000537e-23
   78  195    3.996566e-13    2.444050e-23
   78  196    2.342830e-12   -1.868467e-23
   78  197    7.639096e-22    3.424931e-23
   78  198    4.390750e-15   -2.457302e-26
   78  199    5.480935e-25    2.457336e-26
   79  197    7.109613e-13   -2.769106e-23
   79  198    6.176321e-22    2.769106e-23
   80  196    1.378135e-17   -5.579465e-28
   80  197    1.244466e-26    5.579468e-28
   80  198    2.319165e-12   -4.706246e-23
   80  199    1.055724e-12    2.156708e-23
   80  200    3.396440e-12   -5.661017e-24
   80  201    1.493170e-12    2.141400e-23
   80  202    5.447854e-12   -1.266055e-23
   80  203    4.996786e-22    2.240271e-23
   80  204    8.827272e-14   -1.095949e-25
   80  205    2.444451e-24    1.095951e-25
   81  203    3.296964e-12   -3.192360e-23
   81  204    7.120372e-22    3.192365e-23
   81  205    2.532781e-13   -8.786775e-25
   81  206    1.959829e-23    8.786746e-25
   82  204    4.899136e-12   -3.050552e-23
   82  205    9.272223e-12   -1.970370e-23
   82  206    4.705878e-11   -5.947946e-23
   82  207    6.282857e-11    5.163416e-23
   82  208    1.298627e-10    5.257767e-23
   82  209    1.219710e-22    5.468478e-24
   83  209    3.106580e-12   -1.751296e-24
   83  210    3.906374e-23    1.751393e-24
    0    1    1.428350e-14   -4.965676e-15
    1    1    5.448215e-12    2.404925e-15
    2    4    2.068378e-08    3.502354e-16
